======================
   8      16 sdb 38757836 525811 3431616714 82965772 62979187 381770276 17696097624 2493221924 0 22797324 2576283824
======================
   8      16 sdb 38757836 525811 3431616714 82965772 62979187 381770276 17696097624 2493221924 0 22797324 2576283824
======================
   8      16 sdb 38757837 525811 3431616722 82965780 62979196 381770770 17696101648 2493221924 0 22797332 2576283832
======================
   8      16 sdb 38757837 525811 3431616722 82965780 62979196 381770770 17696101648 2493221924 0 22797332 2576283832
======================
   8      16 sdb 38757841 525811 3431616754 82965816 62982114 381771226 17697580160 2493245724 0 22797600 2576307648
======================
   8      16 sdb 38757845 525811 3431616786 82966068 62984086 381771226 17698589824 2493348104 153 22798488 2576414868
======================
   8      16 sdb 38757850 525811 3431616826 82966372 62985956 381771226 17699547264 2493469892 143 22799492 2576534516
======================
   8      16 sdb 38757853 525811 3431616850 82966564 62987514 381771252 17700344160 2493595404 156 22800504 2576659948
======================
   8      16 sdb 38757857 525811 3431616882 82966808 62989600 381771267 17701408784 2493709676 139 22801508 2576781160
======================
   8      16 sdb 38757859 525811 3431616898 82966968 62990614 381771267 17701927952 2493848232 130 22802516 2576915720
======================
   8      16 sdb 38757864 525811 3431616938 82967252 62992863 381771267 17703079440 2493967096 152 22803524 2577033968
======================
   8      16 sdb 38757868 525811 3431616970 82967476 62994473 381771267 17703903760 2494089612 130 22804536 2577159084
======================
   8      16 sdb 38757871 525811 3431616994 82967500 62996419 381771288 17704899776 2494234416 137 22805548 2577303432
======================
   8      16 sdb 38757875 525811 3431617026 82967536 62998522 381771288 17705976512 2494365444 146 22806548 2577446224
======================
   8      16 sdb 38757881 525811 3431617074 82967640 63001067 381771288 17707279552 2494520524 143 22807560 2577588288
======================
   8      16 sdb 38757886 525811 3431617114 82967732 63003406 381771288 17708477120 2494659684 147 22808564 2577728332
======================
   8      16 sdb 38757890 525811 3431617146 82967840 63005354 381771288 17709474496 2494801048 129 22809576 2577869760
======================
   8      16 sdb 38757893 525811 3431617170 82967936 63007285 381771288 17710463168 2494939304 120 22810580 2578008176
======================
   8      16 sdb 38757898 525811 3431617210 82968140 63009211 381771288 17711449792 2495069048 158 22811584 2578138236
======================
   8      16 sdb 38757902 525811 3431617242 82968316 63011073 381771288 17712402624 2495205540 144 22812588 2578274820
======================
   8      16 sdb 38757906 525811 3431617274 82968500 63013022 381771288 17713400512 2495340884 140 22813592 2578408028
======================
   8      16 sdb 38757909 525811 3431617298 82968660 63014946 381771288 17714385600 2495470744 130 22814592 2578540508
======================
   8      16 sdb 38757914 525811 3431617338 82968928 63016873 381771346 17715370672 2495592136 130 22815596 2578662380
======================
   8      16 sdb 38757918 525811 3431617370 82969184 63018797 381771346 17716355760 2495713832 135 22816600 2578784556
======================
   8      16 sdb 38757921 525811 3431617394 82969392 63020648 381771346 17717302968 2495842632 74 22817604 2578911908
======================
   8      16 sdb 38757925 525811 3431617426 82969656 63022654 381771381 17718328304 2495963536 120 22818608 2579034292
======================
   8      16 sdb 38757930 525811 3431617466 82969992 63024564 381771381 17719306224 2496077924 139 22819616 2579148980
======================
   8      16 sdb 38757934 525811 3431617498 82970288 63026480 381771403 17720286384 2496197852 146 22820624 2579269080
======================
   8      16 sdb 38757938 525811 3431617530 82970592 63028413 381771420 17721275208 2496323136 36 22821632 2579389740
======================
   8      16 sdb 38757941 525811 3431617554 82970824 63030230 381771420 17722205512 2496435372 147 22822640 2579516480
======================
   8      16 sdb 38757946 525811 3431617594 82970996 63032018 381771420 17723120968 2496576832 146 22823648 2579645192
======================
   8      16 sdb 38757949 525811 3431617618 82971228 63033939 381771420 17724104520 2496698356 103 22824652 2579770552
======================
   8      16 sdb 38757953 525811 3431617650 82971536 63035866 381771459 17725090320 2496816044 140 22825652 2579888572
======================
   8      16 sdb 38757957 525811 3431617682 82971856 63037769 381771459 17726063272 2496935156 137 22826652 2580007980
======================
   8      16 sdb 38757961 525811 3431617714 82972120 63039667 381771459 17727035048 2497055520 12 22827652 2580124416
======================
   8      16 sdb 38757965 525811 3431617746 82972280 63041522 381771459 17727984808 2497179272 151 22828656 2580253104
======================
   8      16 sdb 38757968 525811 3431617770 82972508 63043057 381771459 17728770728 2497275884 151 22829652 2580380136
======================
   8      16 sdb 38757972 525811 3431617802 82972664 63045286 381771495 17729910248 2497435024 29 22830652 2580505472
======================
   8      16 sdb 38757977 525811 3431617842 82972988 63047209 381771495 17730894824 2497549564 152 22831656 2580623672
======================
   8      16 sdb 38757981 525811 3431617874 82973280 63049135 381771495 17731880936 2497668628 155 22832660 2580743148
======================
   8      16 sdb 38757985 525811 3431617906 82973588 63051044 381771495 17732858344 2497789372 136 22833664 2580863556
======================
   8      16 sdb 38757988 525811 3431617930 82973816 63052809 381771495 17733762024 2497903908 132 22834664 2580988032
======================
   8      16 sdb 38757993 525811 3431617970 82974080 63054870 381771520 17734816448 2498030428 139 22835668 2581105604
======================
   8      16 sdb 38757996 525811 3431617994 82974300 63056332 381771539 17735564136 2498120712 146 22836668 2581231608
======================
   8      16 sdb 38758001 525811 3431618034 82974540 63058630 381771539 17736740712 2498283332 24 22837672 2581353724
======================
   8      16 sdb 38758004 525811 3431618058 82974760 63060476 381771539 17737685864 2498398508 149 22838676 2581479584
======================
   8      16 sdb 38758009 525811 3431618098 82975076 63062481 381771539 17738712424 2498519716 143 22839676 2581595800
======================
   8      16 sdb 38758013 525811 3431618130 82975380 63064383 381771562 17739685424 2498638112 154 22840676 2581714192
======================
   8      16 sdb 38758016 525811 3431618154 82975616 63066047 381771579 17740536016 2498742768 158 22841680 2581839380
======================
   8      16 sdb 38758020 525811 3431618186 82975720 63068211 381771579 17741643984 2498892424 138 22842676 2581969056
======================
   8      16 sdb 38758025 525811 3431618226 82976048 63070134 381771579 17742628560 2499007124 150 22843680 2582084260
======================
   8      16 sdb 38758029 525811 3431618258 82976352 63072054 381771579 17743611600 2499127276 128 22844680 2582204216
======================
   8      16 sdb 38758032 525811 3431618282 82976576 63073979 381771601 17744596368 2499245868 19 22845680 2582319576
======================
   8      16 sdb 38758036 525811 3431618314 82976868 63075808 381771617 17745531936 2499359592 155 22846680 2582442292
======================
   8      16 sdb 38758041 525811 3431618354 82977184 63077806 381771617 17746554912 2499478540 134 22847680 2582556556
======================
   8      16 sdb 38758045 525811 3431618386 82977496 63079704 381771617 17747526688 2499600056 131 22848684 2582676832
======================
   8      16 sdb 38758048 525811 3431618410 82977720 63081629 381771617 17748512288 2499723052 51 22849688 2582799640
======================
   8      16 sdb 38758052 525811 3431618442 82978024 63083556 381771640 17749498088 2499836136 131 22850688 2582915264
======================
   8      16 sdb 38758057 525811 3431618482 82978344 63085477 381771657 17750480768 2499949240 147 22851688 2583028336
======================
   8      16 sdb 38758061 525811 3431618514 82978556 63087398 381771657 17751464320 2500077268 153 22852692 2583155344
======================
   8      16 sdb 38758064 525811 3431618538 82978784 63089269 381771657 17752422272 2500201584 95 22853696 2583280416
======================
   8      16 sdb 38758068 525811 3431618570 82979068 63091225 381771657 17753423744 2500320536 139 22854692 2583400420
======================
   8      16 sdb 38758073 525811 3431618610 82979396 63093132 381771679 17754399296 2500434864 136 22855696 2583515136
======================
   8      16 sdb 38758077 525811 3431618642 82979680 63095062 381771696 17755386080 2500556308 141 22856696 2583634736
======================
   8      16 sdb 38758080 525811 3431618666 82979952 63096926 381771696 17756340448 2500677296 123 22857700 2583757724
======================
   8      16 sdb 38758084 525811 3431618698 82980228 63098906 381771696 17757354208 2500795872 146 22858692 2583876968
======================
   8      16 sdb 38758089 525811 3431618738 82980560 63100830 381771696 17758339296 2500909920 149 22859692 2583991152
======================
   8      16 sdb 38758093 525811 3431618770 82980860 63102756 381771718 17759324576 2501024664 129 22860696 2584104780
======================
   8      16 sdb 38758096 525811 3431618794 82981092 63104678 381771734 17760307760 2501147400 55 22861700 2584227432
======================
   8      16 sdb 38758100 525811 3431618826 82981412 63106579 381771734 17761281072 2501264592 137 22862700 2584346536
======================
   8      16 sdb 38758105 525811 3431618866 82981736 63108415 381771734 17762221104 2501379732 133 22863704 2584460600
======================
   8      16 sdb 38758109 525811 3431618898 82982040 63110402 381771734 17763238448 2501501028 132 22864708 2584580744
======================
   8      16 sdb 38758112 525811 3431618922 82982268 63112328 381771757 17764223736 2501616440 87 22865712 2584698780
======================
   8      16 sdb 38758116 525811 3431618954 82982572 63114254 381771774 17765208976 2501735324 134 22866712 2584818592
======================
   8      16 sdb 38758121 525811 3431618994 82982888 63116138 381771774 17766173584 2501849472 152 22867716 2584932412
======================
   8      16 sdb 38758125 525811 3431619026 82983188 63118097 381771774 17767176592 2501970124 129 22868720 2585051324
======================
   8      16 sdb 38758128 525811 3431619050 82983416 63119998 381771774 17768149904 2502092132 99 22869720 2585175736
======================
   8      16 sdb 38758132 525811 3431619082 82983728 63121911 381771797 17769128536 2502208456 155 22870720 2585292732
======================
   8      16 sdb 38758137 525811 3431619122 82984068 63123816 381771814 17770103024 2502320992 140 22871720 2585405156
======================
   8      16 sdb 38758140 525811 3431619146 82984280 63125664 381771814 17771049200 2502439756 69 22872720 2585526132
======================
   8      16 sdb 38758145 525811 3431619186 82984412 63127661 381771814 17772071664 2502578644 135 22873724 2585663796
======================
   8      16 sdb 38758148 525811 3431619210 82984432 63129589 381771814 17773058800 2502720596 148 22874728 2585805912
======================
   8      16 sdb 38758153 525811 3431619250 82984520 63131450 381771837 17774011312 2502862452 139 22875736 2585947988
======================
   8      16 sdb 38758157 525811 3431619282 82984592 63133435 381771837 17775027632 2503003628 138 22876740 2586089788
======================
   8      16 sdb 38758160 525811 3431619306 82984660 63135336 381771837 17776000944 2503144456 126 22877740 2586230392
======================
   8      16 sdb 38758164 525811 3431619338 82984772 63137155 381771837 17776932272 2503283656 139 22878744 2586369628
======================
   8      16 sdb 38758169 525811 3431619378 82984956 63139155 381771837 17777956272 2503414472 140 22879744 2586500616
======================
   8      16 sdb 38758173 525811 3431619410 82985116 63141079 381771837 17778941360 2503551760 138 22880748 2586636992
======================
   8      16 sdb 38758176 525811 3431619434 82985244 63143008 381771837 17779929008 2503685924 134 22881752 2586772264
======================
   8      16 sdb 38758180 525811 3431619466 82985432 63144932 381771837 17780914096 2503818332 137 22882756 2586905040
======================
   8      16 sdb 38758185 525811 3431619506 82985740 63146779 381771871 17781859024 2503938744 150 22883760 2587024664
======================
   8      16 sdb 38758189 525811 3431619538 82985968 63148789 381771888 17782886768 2504069296 147 22884764 2587152360
======================
   8      16 sdb 38758192 525811 3431619562 82986164 63150686 381771888 17783858032 2504194964 132 22885768 2587282380
======================
   8      16 sdb 38758196 525811 3431619594 82986436 63152613 381771888 17784844152 2504316992 136 22886772 2587404800
======================
   8      16 sdb 38758201 525811 3431619634 82986748 63154541 381771916 17785830504 2504433088 155 22887772 2587520600
======================
   8      16 sdb 38758204 525811 3431619658 82986964 63156195 381771941 17786676544 2504537084 151 22888780 2587647312
======================
   8      16 sdb 38758208 525811 3431619690 82987136 63158277 381771959 17787740656 2504687760 152 22889784 2587776612
======================
   8      16 sdb 38758212 525811 3431619722 82987440 63160203 381771959 17788726768 2504806944 147 22890784 2587895408
======================
   8      16 sdb 38758217 525811 3431619762 82987776 63162103 381771959 17789699568 2504926448 12 22891792 2588010304
======================
   8      16 sdb 38758220 525811 3431619786 82988020 63164012 381771959 17790676976 2505044860 136 22892796 2588134292
======================
   8      16 sdb 38758224 525811 3431619818 82988320 63165857 381771981 17791620784 2505155612 131 22893800 2588247836
======================
   8      16 sdb 38758227 525811 3431619842 82988540 63167450 381771997 17792435520 2505253304 135 22894800 2588371928
======================
   8      16 sdb 38758232 525811 3431619882 82988716 63169783 381771997 17793630016 2505395720 1 22895804 2588480568
======================
   8      16 sdb 38758236 525811 3431619914 82989052 63171666 381771997 17794594112 2505509456 145 22896808 2588599660
======================
   8      16 sdb 38758240 525811 3431619946 82989352 63173632 381771997 17795600704 2505628804 130 22897804 2588719316
======================
   8      16 sdb 38758244 525811 3431619978 82989652 63175536 381772020 17796574728 2505746096 137 22898804 2588836624
======================
   8      16 sdb 38758248 525811 3431620010 82989904 63177441 381772037 17797549216 2505862948 27 22899808 2588950764
======================
   8      16 sdb 38758252 525811 3431620042 82990204 63179363 381772037 17798533280 2505980968 152 22900808 2589072204
======================
   8      16 sdb 38758256 525811 3431620074 82990512 63181286 381772037 17799517856 2506100396 128 22901812 2589192100
======================
   8      16 sdb 38758260 525811 3431620106 82990728 63183206 381772037 17800500896 2506223520 128 22902816 2589315136
======================
   8      16 sdb 38758264 525811 3431620138 82990920 63185131 381772059 17801485664 2506342128 19 22903816 2589430332
======================
   8      16 sdb 38758268 525811 3431620170 82991232 63187058 381772075 17802471408 2506459932 142 22904816 2589552320
======================
   8      16 sdb 38758272 525811 3431620202 82991632 63188873 381772075 17803400688 2506572876 143 22905828 2589662536
======================
   8      16 sdb 38758276 525811 3431620234 82991636 63190677 381772075 17804324336 2506696124 159 22906832 2589806224
======================
   8      16 sdb 38758281 525811 3431620274 82991688 63192771 381772075 17805396464 2506860220 156 22907836 2589953776
======================
   8      16 sdb 38758284 525811 3431620298 82991728 63194697 381772099 17806382264 2507003488 151 22908840 2590096996
======================
   8      16 sdb 38758288 525811 3431620330 82991796 63196616 381772099 17807364792 2507145424 136 22909840 2590238676
======================
   8      16 sdb 38758292 525811 3431620362 82991892 63198541 381772099 17808350392 2507285080 133 22910844 2590378440
======================
   8      16 sdb 38758297 525811 3431620402 82992064 63200463 381772099 17809334456 2507421400 113 22911848 2590513036
======================
   8      16 sdb 38758300 525811 3431620426 82992160 63202387 381772099 17810319544 2507559140 154 22912852 2590653076
======================
   8      16 sdb 38758339 525811 3431620738 82992828 63204239 381772099 17811268280 2507696348 157 22913852 2590789984
======================
   8      16 sdb 38758343 525811 3431620770 82993076 63206185 381772127 17812262832 2507823396 133 22914856 2590914684
======================
   8      16 sdb 38758347 525811 3431620802 82993328 63208109 381772127 17813247920 2507941784 87 22915856 2591035972
======================
   8      16 sdb 38758351 525811 3431620834 82993628 63210026 381772127 17814229936 2508058784 130 22916860 2591154264
======================
   8      16 sdb 38758354 525811 3431620858 82993860 63211765 381772127 17815119792 2508170212 15 22917860 2591262808
======================
   8      16 sdb 38758359 525811 3431620898 82994332 63213876 381772127 17816200624 2508287936 152 22918860 2591381196
======================
   8      16 sdb 38758363 525811 3431620930 82994572 63215798 381772151 17817184376 2508404228 79 22919864 2591499368
======================
   8      16 sdb 38758367 525811 3431620962 82994892 63217696 381772151 17818155648 2508522712 145 22920864 2591619384
======================
   8      16 sdb 38758371 525811 3431620994 82995200 63219597 381772151 17819128960 2508642600 130 22921864 2591738932
======================
   8      16 sdb 38758374 525811 3431621018 82995432 63221465 381772151 17820085376 2508764232 45 22922868 2591859956
======================
   8      16 sdb 38758379 525811 3431621058 82995788 63223446 381772151 17821099648 2508881408 112 22923872 2591978416
======================
   8      16 sdb 38758382 525811 3431621082 82996016 63225109 381772247 17821943800 2508985700 0 22924744 2592077876
======================
   8      16 sdb 38758382 525811 3431621082 82996016 63225110 381772247 17821943800 2508985700 0 22924744 2592077876
======================
   8      16 sdb 38758382 525811 3431621082 82996016 63225110 381772247 17821943800 2508985700 0 22924744 2592077876
======================
   8      16 sdb 38758382 525811 3431621082 82996016 63225110 381772247 17821943800 2508985700 0 22924744 2592077876
======================
   8      16 sdb 38758382 525811 3431621082 82996016 63225110 381772247 17821943800 2508985700 0 22924744 2592077876
======================
   8      16 sdb 38758382 525811 3431621082 82996016 63225110 381772247 17821943800 2508985700 0 22924744 2592077876
started
======================
   8      16 sdb 38758382 525811 3431621082 82996016 63225110 381772247 17821943800 2508985700 0 22924744 2592077876
======================
   8      16 sdb 38758421 525811 3431621394 82996148 63225110 381772247 17821943800 2508985700 0 22924748 2592078008
======================
   8      16 sdb 38758421 525811 3431621394 82996148 63225110 381772247 17821943800 2508985700 0 22924748 2592078008
======================
   8      16 sdb 38758421 525811 3431621394 82996148 63225110 381772247 17821943800 2508985700 0 22924748 2592078008
======================
   8      16 sdb 38758421 525811 3431621394 82996148 63225110 381772247 17821943800 2508985700 0 22924748 2592078008
======================
   8      16 sdb 38758421 525811 3431621394 82996148 63237709 381772247 17822050088 2509010824 130 22924928 2592103112
======================
   8      16 sdb 38758421 525811 3431621394 82996148 63274786 381772248 17822364544 2509149632 127 22925936 2592242384
======================
   8      16 sdb 38758421 525811 3431621394 82996148 63311498 381772248 17822679160 2509289992 129 22926940 2592382704
======================
   8      16 sdb 38758421 525811 3431621394 82996148 63349836 381772248 17823011392 2509432960 128 22927944 2592525112
======================
   8      16 sdb 38758421 525811 3431621394 82996148 63389046 381772248 17823356664 2509575260 149 22928948 2592667388
======================
   8      16 sdb 38758421 525811 3431621394 82996148 63429255 381772248 17823714288 2509717108 156 22929952 2592809436
======================
   8      16 sdb 38758421 525811 3431621394 82996148 63469593 381772249 17824076376 2509858236 156 22930960 2592950488
======================
   8      16 sdb 38758421 525811 3431621394 82996148 63510217 381772249 17824442448 2509999784 139 22931968 2593092172
======================
   8      16 sdb 38758421 525811 3431621394 82996148 63550984 381772249 17824810768 2510140744 142 22932968 2593232652
======================
   8      16 sdb 38758421 525811 3431621394 82996148 63592580 381772249 17825187736 2510280820 130 22933972 2593372924
======================
   8      16 sdb 38758421 525811 3431621394 82996148 63634519 381772249 17825569704 2510420344 125 22934976 2593512612
======================
   8      16 sdb 38758421 525811 3431621394 82996148 63675995 381772250 17825950232 2510559820 129 22935980 2593651980
======================
   8      16 sdb 38758421 525811 3431621394 82996148 63718046 381772250 17826335680 2510698872 146 22936980 2593792048
======================
   8      16 sdb 38758421 525811 3431621394 82996148 63758798 381772250 17826711592 2510839544 149 22937984 2593932080
======================
   8      16 sdb 38758421 525811 3431621394 82996148 63800943 381772250 17827101080 2510979384 148 22938984 2594071388
======================
   8      16 sdb 38758421 525811 3431621394 82996148 63843853 381772250 17827498520 2511119676 149 22939988 2594211812
======================
   8      16 sdb 38758421 525811 3431621394 82996148 63886792 381772251 17827896720 2511259688 151 22940992 2594352164
======================
   8      16 sdb 38758421 525811 3431621394 82996148 63930096 381772251 17828300256 2511400408 128 22941996 2594492688
======================
   8      16 sdb 38758421 525811 3431621394 82996148 63971970 381772252 17828691616 2511536320 140 22943000 2594632492
======================
   8      16 sdb 38758421 525811 3431621394 82996148 64014919 381772252 17829093240 2511681600 159 22944004 2594773856
======================
   8      16 sdb 38758421 525811 3431621394 82996148 64057358 381772252 17829492208 2511819604 146 22945008 2594912780
======================
   8      16 sdb 38758421 525811 3431621394 82996148 64101239 381772254 17829907064 2511958600 156 22946008 2595050544
======================
   8      16 sdb 38758421 525811 3431621394 82996148 64144550 381772254 17830316328 2512098044 142 22947012 2595190096
======================
   8      16 sdb 38758421 525811 3431621394 82996148 64188271 381772255 17830731096 2512237204 135 22948016 2595329400
======================
   8      16 sdb 38758421 525811 3431621394 82996148 64232657 381772255 17831153432 2512377296 153 22949016 2595469016
======================
   8      16 sdb 38758421 525811 3431621394 82996148 64276527 381772255 17831574024 2512518504 133 22950020 2595610344
======================
   8      16 sdb 38758421 525811 3431621394 82996148 64321294 381772256 17832002208 2512658408 128 22951024 2595750296
======================
   8      16 sdb 38758421 525811 3431621394 82996148 64365910 381772256 17832431928 2512797164 137 22952028 2595889476
======================
   8      16 sdb 38758421 525811 3431621394 82996148 64410905 381772256 17832865664 2512935956 147 22953028 2596027892
======================
   8      16 sdb 38758421 525811 3431621394 82996148 64455217 381772256 17833293776 2513075348 131 22954032 2596167316
======================
   8      16 sdb 38758421 525811 3431621394 82996148 64499779 381772256 17833729224 2513215368 146 22955036 2596307576
======================
   8      16 sdb 38758421 525811 3431621394 82996148 64544578 381772257 17834164504 2513355408 133 22956040 2596447324
======================
   8      16 sdb 38758421 525811 3431621394 82996148 64589480 381772257 17834602792 2513496048 136 22957044 2596588472
======================
   8      16 sdb 38758421 525811 3431621394 82996148 64635447 381772257 17835054672 2513635652 141 22958052 2596728136
======================
   8      16 sdb 38758421 525811 3431621394 82996148 64681255 381772258 17835507352 2513775004 139 22959052 2596867088
======================
   8      16 sdb 38758421 525811 3431621394 82996148 64727120 381772258 17835961392 2513913764 135 22960056 2597005900
======================
   8      16 sdb 38758421 525811 3431621394 82996148 64772172 381772259 17836409208 2514053132 157 22961056 2597144868
======================
   8      16 sdb 38758421 525811 3431621394 82996148 64817632 381772260 17836862120 2514191052 151 22962060 2597282792
======================
   8      16 sdb 38758421 525811 3431621394 82996148 64863450 381772261 17837319240 2514330512 131 22963072 2597422372
======================
   8      16 sdb 38758421 525811 3431621394 82996148 64909328 381772261 17837779584 2514468032 158 22964080 2597559604
======================
   8      16 sdb 38758421 525811 3431621394 82996148 64956309 381772262 17838255688 2514604912 131 22965092 2597696660
======================
   8      16 sdb 38758421 525811 3431621394 82996148 65002855 381772263 17838727128 2514742244 149 22966096 2597833584
======================
   8      16 sdb 38758421 525811 3431621394 82996148 65049381 381772264 17839201232 2514878868 134 22967100 2597970256
======================
   8      16 sdb 38758421 525811 3431621394 82996148 65095065 381772264 17839668096 2515016228 146 22968104 2598107728
======================
   8      16 sdb 38758421 525811 3431621394 82996148 65139045 381772265 17840105776 2515155580 158 22969104 2598246656
======================
   8      16 sdb 38758421 525811 3431621394 82996148 65183645 381772265 17840541232 2515294508 150 22970108 2598386168
======================
   8      16 sdb 38758421 525811 3431621394 82996148 65228255 381772266 17840976768 2515433968 132 22971120 2598526616
======================
   8      16 sdb 38758421 525811 3431621394 82996148 65273021 381772266 17841414288 2515573012 129 22972120 2598665292
======================
   8      16 sdb 38758421 525811 3431621394 82996148 65318264 381772267 17841855440 2515711228 131 22973124 2598803708
======================
   8      16 sdb 38758421 525811 3431621394 82996148 65363465 381772267 17842294168 2515850676 125 22974128 2598943044
======================
   8      16 sdb 38758421 525811 3431621394 82996148 65407989 381772267 17842724824 2515989804 146 22975132 2599082348
======================
   8      16 sdb 38758421 525811 3431621394 82996148 65452258 381772268 17843151784 2516129592 151 22976132 2599221584
======================
   8      16 sdb 38758421 525811 3431621394 82996148 65496509 381772268 17843576864 2516270752 159 22977140 2599362944
======================
   8      16 sdb 38758421 525811 3431621394 82996148 65540936 381772268 17844002456 2516409676 136 22978140 2599501520
======================
   8      16 sdb 38758421 525811 3431621394 82996148 65585274 381772268 17844425280 2516550428 155 22979144 2599642308
======================
   8      16 sdb 38758421 525811 3431621394 82996148 65628929 381772268 17844840600 2516690036 127 22980148 2599781960
======================
   8      16 sdb 38758421 525811 3431621394 82996148 65667653 381772269 17845208960 2516812440 153 22981148 2599922648
======================
   8      16 sdb 38758421 525811 3431621394 82996148 65708906 381772269 17845601032 2516973128 129 22982152 2600064948
