======================
   8      16 sdb 38763162 525811 3431659322 83112448 70321598 381780339 18543261904 2614750360 0 23734164 2697984140
======================
   8      16 sdb 38763162 525811 3431659322 83112448 70321598 381780339 18543261904 2614750360 0 23734164 2697984140
======================
   8      16 sdb 38763163 525811 3431659330 83112448 70321598 381780339 18543261904 2614750360 0 23734164 2697984140
======================
   8      16 sdb 38763163 525811 3431659330 83112448 70321598 381780339 18543261904 2614750360 0 23734164 2697984140
======================
   8      16 sdb 38763169 525811 3431659378 83112560 70324806 381780339 18544903896 2614791376 130 23734700 2698031772
======================
   8      16 sdb 38763171 525811 3431659394 83112728 70325814 381781308 18545418992 2614916180 146 23735704 2698161148
======================
   8      16 sdb 38763174 525811 3431659418 83112876 70327183 381781308 18546102464 2615051160 69 23736712 2698289756
======================
   8      16 sdb 38763178 525811 3431659450 83113204 70329085 381781308 18547076288 2615167804 129 23737716 2698408016
======================
   8      16 sdb 38763182 525811 3431659482 83113512 70331007 381781308 18548060352 2615287340 140 23738720 2698527824
======================
   8      16 sdb 38763185 525811 3431659506 83113692 70332662 381781308 18548907712 2615406348 146 23739728 2698656268
======================
   8      16 sdb 38763190 525811 3431659546 83113984 70334871 381781329 18550037880 2615528104 63 23740728 2698769156
======================
   8      16 sdb 38763193 525811 3431659570 83114160 70336471 381781344 18550856192 2615631504 1 23741740 2698870512
======================
   8      16 sdb 38763199 525811 3431659618 83114592 70339167 381781344 18552236544 2615769048 153 23742752 2699011608
======================
   8      16 sdb 38763203 525811 3431659650 83114652 70341416 381781344 18553388032 2615912012 143 23743768 2699156296
======================
   8      16 sdb 38763208 525811 3431659690 83114744 70343328 381781344 18554366976 2616054588 151 23744772 2699298936
======================
   8      16 sdb 38763212 525811 3431659722 83114812 70345256 381781369 18555353808 2616196628 141 23745780 2699441324
======================
   8      16 sdb 38763215 525811 3431659746 83114876 70347105 381781369 18556300496 2616338492 120 23746784 2699581576
======================
   8      16 sdb 38763219 525811 3431659778 83114976 70349110 381781369 18557327056 2616476040 152 23747788 2699720700
======================
   8      16 sdb 38763224 525811 3431659818 83115168 70350980 381781369 18558284496 2616603740 128 23748792 2699852064
======================
   8      16 sdb 38763228 525811 3431659850 83115316 70352955 381781369 18559295696 2616743356 134 23749792 2699988508
======================
   8      16 sdb 38763231 525811 3431659874 83115460 70354860 381781369 18560271056 2616879800 45 23750796 2700122864
======================
   8      16 sdb 38763235 525811 3431659906 83115656 70356756 381781369 18561241808 2617011808 136 23751800 2700257536
======================
   8      16 sdb 38763240 525811 3431659946 83115916 70358676 381781399 18562224080 2617136964 150 23752804 2700383464
======================
   8      16 sdb 38763244 525811 3431659978 83116160 70360535 381781416 18563174008 2617265072 159 23753804 2700511916
======================
   8      16 sdb 38763247 525811 3431660002 83116340 70362528 381781416 18564194424 2617394440 63 23754808 2700639168
======================
   8      16 sdb 38763250 525811 3431660026 83116548 70363999 381781416 18564947576 2617489668 128 23755808 2700765972
======================
   8      16 sdb 38763256 525811 3431660074 83117152 70366245 381781416 18566097528 2617654756 143 23756812 2700901932
======================
   8      16 sdb 38763260 525811 3431660106 83117180 70368143 381781416 18567069304 2617797212 129 23757816 2701044444
======================
   8      16 sdb 38763263 525811 3431660130 83117212 70370045 381781416 18568043640 2617939328 144 23758816 2701186532
======================
   8      16 sdb 38763267 525811 3431660162 83117268 70371943 381781416 18569014904 2618081004 140 23759820 2701327936
======================
   8      16 sdb 38763272 525811 3431660202 83117400 70373869 381781416 18570001016 2618218400 153 23760824 2701465804
======================
   8      16 sdb 38763275 525811 3431660226 83117480 70375717 381781416 18570947192 2618357624 132 23761828 2701606080
======================
   8      16 sdb 38763279 525811 3431660258 83117600 70377688 381781416 18571956344 2618497088 156 23762832 2701744832
======================
   8      16 sdb 38763283 525811 3431660290 83117752 70379639 381781416 18572955256 2618634340 156 23763832 2701882076
======================
   8      16 sdb 38763288 525811 3431660330 83117980 70381560 381781466 18573938200 2618763684 137 23764836 2702009996
======================
   8      16 sdb 38763291 525811 3431660354 83118120 70383465 381781490 18574912744 2618898324 122 23765836 2702146256
======================
   8      16 sdb 38763295 525811 3431660386 83118324 70385292 381781490 18575848168 2619029868 145 23766840 2702278044
======================
   8      16 sdb 38763299 525811 3431660418 83118544 70387291 381781490 18576871656 2619159276 133 23767840 2702407560
======================
   8      16 sdb 38763303 525811 3431660450 83118752 70388953 381781490 18577722096 2619265432 128 23768844 2702531564
======================
   8      16 sdb 38763307 525811 3431660482 83118964 70391145 381781554 18578842392 2619407192 128 23769848 2702656076
======================
   8      16 sdb 38763311 525811 3431660514 83119248 70393056 381781554 18579820320 2619526288 157 23770852 2702776836
======================
   8      16 sdb 38763315 525811 3431660546 83119536 70394884 381781571 18580755384 2619644488 145 23771852 2702898012
======================
   8      16 sdb 38763319 525811 3431660578 83119696 70396893 381781571 18581783992 2619773736 15 23772856 2703019232
======================
   8      16 sdb 38763323 525811 3431660610 83120000 70398741 381781571 18582730168 2619891668 129 23773860 2703141272
======================
   8      16 sdb 38763327 525811 3431660642 83120300 70400719 381781593 18583742072 2620005940 137 23774864 2703256216
======================
   8      16 sdb 38763331 525811 3431660674 83120612 70402642 381781609 18584725768 2620126504 135 23775864 2703376184
======================
   8      16 sdb 38763335 525811 3431660706 83120864 70404486 381781609 18585669896 2620247352 106 23776868 2703498100
======================
   8      16 sdb 38763339 525811 3431660738 83121132 70406492 381781609 18586696968 2620366420 148 23777872 2703617372
======================
   8      16 sdb 38763343 525811 3431660770 83121436 70408414 381781609 18587681032 2620486048 156 23778876 2703737456
======================
   8      16 sdb 38763347 525811 3431660802 83121744 70410313 381781633 18588652504 2620600296 147 23779868 2703850668
======================
   8      16 sdb 38763351 525811 3431660834 83121992 70412217 381781650 18589625976 2620721032 60 23780872 2703971180
======================
   8      16 sdb 38763355 525811 3431660866 83122292 70414149 381781650 18590615160 2620840212 154 23781884 2704092640
======================
   8      16 sdb 38763359 525811 3431660898 83122584 70416083 381781650 18591605368 2620960964 147 23782896 2704213980
======================
   8      16 sdb 38763363 525811 3431660930 83122892 70418011 381781650 18592592504 2621081592 131 23783900 2704334252
======================
   8      16 sdb 38763367 525811 3431660962 83123144 70419934 381781673 18593576256 2621201948 25 23784904 2704451896
======================
   8      16 sdb 38763371 525811 3431660994 83123448 70421854 381781690 18594558424 2621318988 142 23785904 2704573184
======================
   8      16 sdb 38763375 525811 3431661026 83123756 70423593 381781690 18595448792 2621428096 153 23786908 2704693540
======================
   8      16 sdb 38763379 525811 3431661058 83124028 70425674 381781690 18596514264 2621561532 122 23787912 2704814788
======================
   8      16 sdb 38763383 525811 3431661090 83124280 70427544 381781690 18597471704 2621682744 97 23788920 2704937096
======================
   8      16 sdb 38763387 525811 3431661122 83124568 70429527 381781712 18598486168 2621801552 152 23789920 2705056432
======================
   8      16 sdb 38763391 525811 3431661154 83124868 70431453 381781729 18599471408 2621921264 137 23790920 2705176576
======================
   8      16 sdb 38763394 525811 3431661178 83125100 70433106 381781729 18600317744 2622026804 148 23791924 2705303252
======================
   8      16 sdb 38763399 525811 3431661218 83125284 70435017 381781729 18601296176 2622172900 143 23792924 2705428356
======================
   8      16 sdb 38763403 525811 3431661250 83125580 70436906 381781729 18602263344 2622290860 157 23793928 2705546568
======================
   8      16 sdb 38763406 525811 3431661274 83125796 70438844 381781752 18603254776 2622413700 67 23794928 2705668472
======================
   8      16 sdb 38763410 525811 3431661306 83126104 70440687 381781768 18604197008 2622534324 154 23795940 2705791744
======================
   8      16 sdb 38763415 525811 3431661346 83126416 70442683 381781768 18605218960 2622651988 127 23796936 2705908416
======================
   8      16 sdb 38763419 525811 3431661378 83126720 70444619 381781768 18606210192 2622771948 135 23797948 2706027240
======================
   8      16 sdb 38763422 525811 3431661402 83126948 70446522 381781768 18607184528 2622893908 72 23798952 2706150788
======================
   8      16 sdb 38763426 525811 3431661434 83127292 70448462 381781790 18608176976 2623011996 136 23799952 2706269576
======================
   8      16 sdb 38763431 525811 3431661474 83127620 70450387 381781807 18609161704 2623127664 139 23800956 2706385824
======================
   8      16 sdb 38763434 525811 3431661498 83127860 70452204 381781807 18610092008 2623251228 26 23801956 2706505856
======================
   8      16 sdb 38763437 525811 3431661522 83128080 70453763 381781807 18610890216 2623344812 3 23802956 2706598828
======================
   8      16 sdb 38763442 525811 3431661562 83128572 70456117 381781807 18612095464 2623454380 151 23803960 2706713080
======================
   8      16 sdb 38763446 525811 3431661594 83128612 70457675 381781829 18612892832 2623594968 129 23804964 2706854984
======================
   8      16 sdb 38763450 525811 3431661626 83128672 70459284 381781829 18613716640 2623723976 146 23805964 2706998136
======================
   8      16 sdb 38763453 525811 3431661650 83128692 70460985 381781829 18614587552 2623881140 157 23806968 2707142028
======================
   8      16 sdb 38763457 525811 3431661682 83128812 70462913 381781829 18615574688 2624021272 142 23807976 2707282352
======================
   8      16 sdb 38763460 525811 3431661706 83128892 70464874 381781829 18616578720 2624161708 148 23808980 2707421688
======================
   8      16 sdb 38763465 525811 3431661746 83129072 70466770 381781829 18617549472 2624294188 136 23809980 2707554020
======================
   8      16 sdb 38763469 525811 3431661778 83129228 70468694 381781829 18618534560 2624430304 137 23810984 2707690236
======================
   8      16 sdb 38763473 525811 3431661810 83129396 70470620 381781829 18619520672 2624567048 142 23811988 2707825640
======================
   8      16 sdb 38763476 525811 3431661834 83129544 70472545 381781829 18620506272 2624702100 150 23812992 2707962472
======================
   8      16 sdb 38763481 525811 3431661874 83130236 70474213 381781829 18621360288 2624765480 155 23813996 2708026348
======================
   8      16 sdb 38763484 525811 3431661898 83130248 70476141 381781829 18622347424 2624907244 144 23815000 2708168304
======================
   8      16 sdb 38763488 525811 3431661930 83130288 70478042 381781829 18623320736 2625048148 127 23816004 2708309376
======================
   8      16 sdb 38763492 525811 3431661962 83130348 70479878 381781829 18624260768 2625191636 147 23817008 2708452096
======================
   8      16 sdb 38763497 525811 3431662002 83130468 70481865 381781829 18625278112 2625329268 125 23818012 2708589772
======================
   8      16 sdb 38763500 525811 3431662026 83130544 70483792 381781829 18626264736 2625468636 146 23819016 2708729848
======================
   8      16 sdb 38763504 525811 3431662058 83130660 70485709 381781829 18627246752 2625605928 145 23820020 2708867696
======================
   8      16 sdb 38763508 525811 3431662090 83130800 70487629 381781829 18628229280 2625742444 154 23821020 2709003820
======================
   8      16 sdb 38763513 525811 3431662130 83131016 70489551 381781829 18629213344 2625873924 87 23822024 2709133696
======================
   8      16 sdb 38763516 525811 3431662154 83131140 70491452 381781829 18630186656 2626009708 149 23823028 2709271648
======================
   8      16 sdb 38763520 525811 3431662186 83131344 70493327 381781829 18631146656 2626142000 138 23824032 2709404060
======================
   8      16 sdb 38763524 525811 3431662218 83131560 70495229 381781829 18632120480 2626274144 150 23825032 2709532388
======================
   8      16 sdb 38763528 525811 3431662250 83131804 70497165 381781912 18633110864 2626392948 125 23826036 2709654940
======================
   8      16 sdb 38763532 525811 3431662282 83132060 70499121 381781928 18634111456 2626516104 137 23827040 2709779024
======================
   8      16 sdb 38763536 525811 3431662314 83132340 70501045 381781928 18635096040 2626636888 130 23828040 2709900264
======================
   8      16 sdb 38763540 525811 3431662346 83132640 70502975 381781999 18636080232 2626759740 129 23829044 2710020656
======================
   8      16 sdb 38763544 525811 3431662378 83132904 70504870 381781999 18637050472 2626876480 112 23830048 2710140612
======================
   8      16 sdb 38763548 525811 3431662410 83133216 70506650 381782021 18637961000 2626985952 141 23831044 2710258912
======================
   8      16 sdb 38763552 525811 3431662442 83133520 70508674 381782038 18638996416 2627115364 131 23832044 2710379124
======================
   8      16 sdb 38763556 525811 3431662474 83133824 70510617 381782038 18639991232 2627239248 8 23833044 2710499072
======================
   8      16 sdb 38763560 525811 3431662506 83134084 70512536 381782038 18640973760 2627352712 130 23834044 2710617816
======================
   8      16 sdb 38763564 525811 3431662538 83134380 70514456 381782038 18641956800 2627472112 142 23835048 2710737760
======================
   8      16 sdb 38763568 525811 3431662570 83134680 70516382 381782060 18642942080 2627585532 145 23836052 2710851144
======================
   8      16 sdb 38763571 525811 3431662594 83134900 70518279 381782076 18643912464 2627709932 23 23837052 2710972356
======================
   8      16 sdb 38763576 525811 3431662634 83135212 70520178 381782076 18644884752 2627823108 146 23838048 2711089316
======================
   8      16 sdb 38763580 525811 3431662666 83135520 70522102 381782076 18645869840 2627942064 152 23839052 2711208712
======================
   8      16 sdb 38763584 525811 3431662698 83135820 70524026 381782076 18646854928 2628062172 142 23840056 2711328256
======================
   8      16 sdb 38763587 525811 3431662722 83136048 70525954 381782099 18647841240 2628180912 30 23841056 2711444824
======================
   8      16 sdb 38763592 525811 3431662762 83136380 70527883 381782116 18648828016 2628295816 144 23842060 2711563252
======================
   8      16 sdb 38763596 525811 3431662794 83136668 70529810 381782116 18649814640 2628415484 143 23843064 2711682932
======================
   8      16 sdb 38763600 525811 3431662826 83136968 70531729 381782116 18650797168 2628534984 156 23844064 2711802552
======================
   8      16 sdb 38763603 525811 3431662850 83137192 70533626 381782116 18651768432 2628658596 40 23845064 2711924196
======================
   8      16 sdb 38763608 525811 3431662890 83137464 70535527 381782139 18652740920 2628770268 148 23846068 2712039116
======================
   8      16 sdb 38763612 525811 3431662922 83137768 70537426 381782155 18653711824 2628890120 132 23847068 2712158764
======================
   8      16 sdb 38763616 525811 3431662954 83138064 70539317 381782155 18654680016 2629014832 153 23848072 2712279256
======================
   8      16 sdb 38763619 525811 3431662978 83138280 70541269 381782155 18655679440 2629134464 82 23849076 2712402940
======================
   8      16 sdb 38763624 525811 3431663018 83138600 70543192 381782155 18656664016 2629248056 136 23850072 2712517648
======================
   8      16 sdb 38763628 525811 3431663050 83138936 70545039 381782178 18657609368 2629359316 133 23851076 2712628328
======================
   8      16 sdb 38763641 525837 3431663362 83139456 70547002 381782194 18658612528 2629480988 153 23852084 2712746500
======================
   8      16 sdb 38763644 525837 3431663386 83139704 70548944 381782194 18659606832 2629597876 92 23853088 2712867616
======================
   8      16 sdb 38763649 525837 3431663426 83140040 70550842 381782194 18660578608 2629713996 141 23854092 2712984776
======================
   8      16 sdb 38763653 525837 3431663458 83140336 70552773 381782194 18661567280 2629833588 144 23855096 2713105212
======================
   8      16 sdb 38763657 525837 3431663490 83140640 70554698 381782217 18662552056 2629954788 141 23856096 2713222548
======================
   8      16 sdb 38763660 525837 3431663514 83140864 70556618 381782217 18663535096 2630076272 100 23857100 2713347700
======================
   8      16 sdb 38763665 525837 3431663554 83141204 70558541 381782217 18664519672 2630191140 155 23858100 2713463408
======================
   8      16 sdb 38763669 525837 3431663586 83141492 70560405 381782217 18665474040 2630311496 131 23859104 2713583136
======================
   8      16 sdb 38763673 525837 3431663618 83141796 70562369 381782217 18666479608 2630435196 150 23860104 2713703460
======================
   8      16 sdb 38763676 525837 3431663642 83142016 70564269 381782240 18667451584 2630555820 131 23861108 2713828524
======================
   8      16 sdb 38763681 525837 3431663682 83142356 70566194 381782240 18668437184 2630670000 128 23862112 2713943168
======================
   8      16 sdb 38763684 525837 3431663706 83142592 70567515 381782296 18669107928 2630753788 0 23862800 2714022068
======================
   8      16 sdb 38763684 525837 3431663706 83142592 70567516 381782296 18669107928 2630753788 0 23862800 2714022068
======================
   8      16 sdb 38763684 525837 3431663706 83142592 70567516 381782296 18669107928 2630753788 0 23862800 2714022068
======================
   8      16 sdb 38763684 525837 3431663706 83142592 70567516 381782296 18669107928 2630753788 0 23862800 2714022068
======================
   8      16 sdb 38763684 525837 3431663706 83142592 70567516 381782296 18669107928 2630753788 0 23862800 2714022068
======================
   8      16 sdb 38763684 525837 3431663706 83142592 70567516 381782296 18669107928 2630753788 0 23862800 2714022068
======================
started
   8      16 sdb 38763684 525837 3431663706 83142592 70567516 381782296 18669107928 2630753788 0 23862800 2714022068
======================
   8      16 sdb 38763684 525837 3431663706 83142592 70567516 381782296 18669107928 2630753788 0 23862800 2714022068
======================
   8      16 sdb 38763723 525837 3431664018 83142732 70567516 381782296 18669107928 2630753788 0 23862812 2714022208
======================
   8      16 sdb 38763723 525837 3431664018 83142732 70567516 381782296 18669107928 2630753788 0 23862812 2714022208
======================
   8      16 sdb 38763723 525837 3431664018 83142732 70577267 381782296 18669764184 2630764432 126 23862984 2714032928
======================
   8      16 sdb 38763723 525837 3431664018 83142732 70592335 381782296 18670793240 2630904604 133 23863988 2714173520
======================
   8      16 sdb 38763723 525837 3431664018 83142732 70605805 381782296 18671732056 2631045472 135 23864992 2714314664
======================
   8      16 sdb 38763723 525837 3431664018 83142732 70617442 381782297 18672559280 2631188264 128 23866000 2714457092
======================
   8      16 sdb 38763723 525837 3431664018 83142732 70627525 381782297 18673289904 2631329428 141 23867004 2714598800
======================
   8      16 sdb 38763723 525837 3431664018 83142732 70637534 381782297 18674019312 2631472048 132 23868008 2714741404
======================
   8      16 sdb 38763723 525837 3431664018 83142732 70648011 381782297 18674797312 2631614464 134 23869012 2714883684
======================
   8      16 sdb 38763723 525837 3431664018 83142732 70659076 381782299 18675625344 2631755944 131 23870012 2715025016
======================
   8      16 sdb 38763723 525837 3431664018 83142732 70667622 381782301 18676270552 2631898728 143 23871016 2715167988
======================
   8      16 sdb 38763723 525837 3431664018 83142732 70675835 381782303 18676892056 2632039932 154 23872020 2715309832
======================
   8      16 sdb 38763723 525837 3431664018 83142732 70684571 381782305 18677557592 2632182216 154 23873024 2715451872
======================
   8      16 sdb 38763723 525837 3431664018 83142732 70692487 381782306 18678163480 2632325600 137 23874024 2715594724
======================
   8      16 sdb 38763723 525837 3431664018 83142732 70700972 381782308 18678813816 2632467392 132 23875028 2715736972
======================
   8      16 sdb 38763723 525837 3431664018 83142732 70709162 381782310 18679445584 2632609044 140 23876032 2715878192
======================
   8      16 sdb 38763723 525837 3431664018 83142732 70717669 381782312 18680106832 2632750800 145 23877036 2716020020
======================
   8      16 sdb 38763723 525837 3431664018 83142732 70725475 381782314 18680712144 2632893056 147 23878044 2716162336
======================
   8      16 sdb 38763723 525837 3431664018 83142732 70733234 381782316 18681326352 2633033724 140 23879048 2716303096
======================
   8      16 sdb 38763723 525837 3431664018 83142732 70741186 381782318 18681956048 2633174440 156 23880048 2716443728
======================
   8      16 sdb 38763723 525837 3431664018 83142732 70748419 381782320 18682530152 2633315628 158 23881052 2716585004
======================
   8      16 sdb 38763723 525837 3431664018 83142732 70756527 381782322 18683172968 2633457524 144 23882056 2716726728
======================
   8      16 sdb 38763723 525837 3431664018 83142732 70763501 381782324 18683727656 2633598440 146 23883056 2716867668
======================
   8      16 sdb 38763723 525837 3431664018 83142732 70770170 381782326 18684266792 2633741016 129 23884060 2717010416
======================
   8      16 sdb 38763723 525837 3431664018 83142732 70776395 381782327 18684768680 2633878892 144 23885064 2717153044
======================
   8      16 sdb 38763723 525837 3431664018 83142732 70782605 381782330 18685274112 2634025844 144 23886064 2717295512
======================
   8      16 sdb 38763723 525837 3431664018 83142732 70789130 381782332 18685782016 2634168008 147 23887068 2717437616
======================
   8      16 sdb 38763723 525837 3431664018 83142732 70795641 381782333 18686289472 2634310292 132 23888068 2717579576
======================
   8      16 sdb 38763723 525837 3431664018 83142732 70802370 381782335 18686809792 2634453000 148 23889072 2717722316
======================
   8      16 sdb 38763723 525837 3431664018 83142732 70808696 381782337 18687307456 2634596088 137 23890076 2717865888
======================
   8      16 sdb 38763723 525837 3431664018 83142732 70814893 381782340 18687792536 2634735492 150 23891080 2718008060
======================
   8      16 sdb 38763723 525837 3431664018 83142732 70820826 381782342 18688264344 2634880776 137 23892084 2718150700
======================
   8      16 sdb 38763723 525837 3431664018 83142732 70826675 381782343 18688728856 2635024280 144 23893084 2718293860
======================
   8      16 sdb 38763723 525837 3431664018 83142732 70832485 381782345 18689186392 2635166972 142 23894088 2718436884
======================
   8      16 sdb 38763723 525837 3431664018 83142732 70838148 381782347 18689630744 2635309288 143 23895088 2718578836
======================
   8      16 sdb 38763723 525837 3431664018 83142732 70843671 381782350 18690069232 2635450860 158 23896092 2718721016
======================
   8      16 sdb 38763723 525837 3431664018 83142732 70848938 381782351 18690482928 2635593332 139 23897092 2718863340
======================
   8      16 sdb 38763723 525837 3431664018 83142732 70853778 381782353 18690862256 2635735548 131 23898096 2719005876
======================
   8      16 sdb 38763723 525837 3431664018 83142732 70858728 381782354 18691256496 2635878036 141 23899100 2719148164
======================
   8      16 sdb 38763723 525837 3431664018 83142732 70864200 381782356 18691689200 2636020152 154 23900100 2719290212
======================
   8      16 sdb 38763723 525837 3431664018 83142732 70869037 381782359 18692074632 2636163072 154 23901104 2719432996
======================
   8      16 sdb 38763723 525837 3431664018 83142732 70873634 381782361 18692441352 2636305824 133 23902108 2719576132
======================
   8      16 sdb 38763723 525837 3431664018 83142732 70877918 381782362 18692780424 2636448072 137 23903112 2719718704
======================
   8      16 sdb 38763723 525837 3431664018 83142732 70882013 381782364 18693101832 2636590948 134 23904116 2719861492
======================
   8      16 sdb 38763723 525837 3431664018 83142732 70886093 381782366 18693421192 2636725932 133 23905120 2719998220
======================
   8      16 sdb 38763723 525837 3431664018 83142732 70889970 381782368 18693727776 2636870080 129 23906124 2720140892
======================
   8      16 sdb 38763723 525837 3431664018 83142732 70893859 381782370 18694032096 2637013208 155 23907128 2720283656
======================
   8      16 sdb 38763723 525837 3431664018 83142732 70897935 381782371 18694354016 2637155676 143 23908136 2720426580
======================
   8      16 sdb 38763723 525837 3431664018 83142732 70901804 381782373 18694657120 2637299780 146 23909144 2720570264
======================
   8      16 sdb 38763723 525837 3431664018 83142732 70905706 381782376 18694963104 2637441684 149 23910152 2720711892
======================
   8      16 sdb 38763723 525837 3431664018 83142732 70909424 381782377 18695253112 2637584352 144 23911156 2720854568
======================
   8      16 sdb 38763723 525837 3431664018 83142732 70913228 381782379 18695550072 2637728704 148 23912168 2720999632
======================
   8      16 sdb 38763723 525837 3431664018 83142732 70916888 381782381 18695838200 2637863604 136 23913172 2721142672
======================
   8      16 sdb 38763723 525837 3431664018 83142732 70920623 381782383 18696131768 2638007540 128 23914184 2721284516
======================
   8      16 sdb 38763723 525837 3431664018 83142732 70924464 381782386 18696427016 2638154912 141 23915188 2721425336
======================
   8      16 sdb 38763723 525837 3431664018 83142732 70928123 381782387 18696710288 2638300564 137 23916192 2721571592
======================
   8      16 sdb 38763723 525837 3431664018 83142732 70931823 381782389 18696998160 2638444672 149 23917192 2721714268
======================
   8      16 sdb 38763723 525837 3431664018 83142732 70935557 381782391 18697288464 2638587156 159 23918196 2721857656
======================
   8      16 sdb 38763723 525837 3431664018 83142732 70939269 381782393 18697576256 2638730668 142 23919200 2722001476
======================
   8      16 sdb 38763723 525837 3431664018 83142732 70942635 381782396 18697837888 2638863844 154 23920200 2722144564
======================
   8      16 sdb 38763723 525837 3431664018 83142732 70946504 381782398 18698138840 2639018416 158 23921204 2722288732
