======================
   8      32 sdc 2870539 31519 383386824 31434800 39589852 857369066 15592034576 742186860 0 66359264 775659744
======================
   8      32 sdc 2870539 31519 383386824 31434800 39589852 857369066 15592034576 742186860 0 66359264 775659744
======================
   8      32 sdc 2870541 31519 383386840 31434848 39589852 857369066 15592034576 742186860 1 66359324 775659804
======================
   8      32 sdc 2870542 31519 383386848 31434860 39589852 857369066 15592034576 742186860 0 66359324 775659804
======================
   8      32 sdc 2870543 31519 383386856 31434880 39590716 857369066 15592476944 742199248 145 66359536 775680768
======================
   8      32 sdc 2870543 31519 383386856 31434880 39591128 857369066 15592687888 742273708 149 66360540 775826432
======================
   8      32 sdc 2870543 31519 383386856 31434880 39591146 857369066 15592697104 742301572 131 66361540 775972768
======================
   8      32 sdc 2870543 31519 383386856 31434880 39591765 857369066 15593014032 742624080 153 66362692 776135596
======================
   8      32 sdc 2870543 31519 383386856 31434880 39591988 857369089 15593127384 742779052 155 66363744 776282596
======================
   8      32 sdc 2870543 31519 383386856 31434880 39592032 857369089 15593149912 742812456 143 66364748 776430708
======================
   8      32 sdc 2870543 31519 383386856 31434880 39592341 857369089 15593308632 743094480 154 66365756 776574700
======================
   8      32 sdc 2870543 31519 383386856 31434880 39593324 857369089 15593811416 743209052 131 66366760 776715740
======================
   8      32 sdc 2870543 31519 383386856 31434880 39593336 857369089 15593817560 743218368 151 66367764 776859276
======================
   8      32 sdc 2870543 31519 383386856 31434880 39594593 857369089 15594461144 743523292 142 66368764 777002948
======================
   8      32 sdc 2870543 31519 383386856 31434880 39595436 857369089 15594892760 743657852 131 66369772 777146932
======================
   8      32 sdc 2870543 31519 383386856 31434880 39596073 857369089 15595218904 743801740 134 66370776 777290988
======================
   8      32 sdc 2870543 31519 383386856 31434880 39596721 857369089 15595550680 743946096 158 66371780 777434664
======================
   8      32 sdc 2870544 31519 383386864 31435044 39597376 857369089 15595886040 744088112 138 66372784 777569424
======================
   8      32 sdc 2870544 31519 383386864 31435044 39598019 857369089 15596215256 744229784 135 66373788 777719020
======================
   8      32 sdc 2870544 31519 383386864 31435044 39598652 857369089 15596539352 744371208 142 66374788 777861976
======================
   8      32 sdc 2870544 31519 383386864 31435044 39599301 857369089 15596871640 744515900 133 66375792 778005068
======================
   8      32 sdc 2870544 31519 383386864 31435044 39599934 857369089 15597195736 744658028 140 66376792 778147644
======================
   8      32 sdc 2870544 31519 383386864 31435044 39600591 857369089 15597532120 744801796 155 66377796 778290884
======================
   8      32 sdc 2870544 31519 383386864 31435044 39601232 857369089 15597860312 744945088 154 66378800 778434552
======================
   8      32 sdc 2870544 31519 383386864 31435044 39601891 857369089 15598197720 745089260 135 66379800 778577512
======================
   8      32 sdc 2870544 31519 383386864 31435044 39602567 857369089 15598543832 745233816 131 66380804 778721996
======================
   8      32 sdc 2870544 31519 383386864 31435044 39603200 857369089 15598867928 745375808 138 66381808 778865880
======================
   8      32 sdc 2870544 31519 383386864 31435044 39603824 857369089 15599187416 745519444 154 66382808 779008708
======================
   8      32 sdc 2870544 31519 383386864 31435044 39604336 857369089 15599449560 745662440 154 66383812 779150780
======================
   8      32 sdc 2870545 31519 383386872 31435260 39604961 857369089 15599769560 745796720 159 66384816 779280980
======================
   8      32 sdc 2870545 31519 383386872 31435260 39605662 857369089 15600128472 745941996 130 66385820 779430620
======================
   8      32 sdc 2870545 31519 383386872 31435260 39606316 857369089 15600463320 746084408 148 66386824 779574384
======================
   8      32 sdc 2870545 31519 383386872 31435260 39606919 857369089 15600772056 746223264 153 66387828 779718508
======================
   8      32 sdc 2870545 31519 383386872 31435260 39607581 857369089 15601111000 746376392 131 66388828 779865312
======================
   8      32 sdc 2870545 31519 383386872 31435260 39608235 857369089 15601445848 746519240 149 66389832 780008896
======================
   8      32 sdc 2870545 31519 383386872 31435260 39608880 857369089 15601776088 746663568 144 66390840 780153228
======================
   8      32 sdc 2870545 31519 383386872 31435260 39609538 857369089 15602112984 746808560 158 66391848 780297484
======================
   8      32 sdc 2870545 31519 383386872 31435260 39610204 857369089 15602453976 746952664 132 66392856 780441780
======================
   8      32 sdc 2870545 31519 383386872 31435260 39610845 857369089 15602782680 747096252 131 66393856 780585448
======================
   8      32 sdc 2870545 31519 383386872 31435260 39611487 857369089 15603110872 747239776 129 66394864 780729472
======================
   8      32 sdc 2870545 31519 383386872 31435260 39612119 857369089 15603434456 747376744 128 66395868 780868460
======================
   8      32 sdc 2870546 31519 383386880 31435484 39612762 857369089 15603763672 747506696 146 66396872 780994168
======================
   8      32 sdc 2870546 31519 383386880 31435484 39613422 857369089 15604101592 747649024 158 66397876 781137816
======================
   8      32 sdc 2870546 31519 383386880 31435484 39614071 857369089 15604433880 747791536 149 66398880 781281352
======================
   8      32 sdc 2870546 31519 383386880 31435484 39614712 857369089 15604762072 747934484 148 66399880 781424068
======================
   8      32 sdc 2870546 31519 383386880 31435484 39615347 857369089 15605087192 748074592 153 66400884 781567772
======================
   8      32 sdc 2870546 31519 383386880 31435484 39616000 857369089 15605421528 748223648 140 66401896 781713800
======================
   8      32 sdc 2870546 31519 383386880 31435484 39616631 857369089 15605744600 748368580 149 66402904 781858052
======================
   8      32 sdc 2870546 31519 383386880 31435484 39617311 857369089 15606092760 748513376 141 66403912 782002088
======================
   8      32 sdc 2870546 31519 383386880 31435484 39617981 857369089 15606435800 748656808 143 66404916 782145708
======================
   8      32 sdc 2870546 31519 383386880 31435484 39618602 857369089 15606753752 748789476 130 66405920 782287604
======================
   8      32 sdc 2870546 31519 383386880 31435484 39619288 857369089 15607104984 748932956 148 66406920 782423520
======================
   8      32 sdc 2870546 31519 383386880 31435484 39619912 857369089 15607424472 749076624 132 66407924 782567128
======================
   8      32 sdc 2870547 31519 383386888 31435908 39620412 857369089 15607680472 749182688 132 66408924 782671368
======================
   8      32 sdc 2870547 31519 383386888 31435908 39621087 857369089 15608026072 749325344 129 66409928 782814936
======================
   8      32 sdc 2870547 31519 383386888 31435908 39621732 857369089 15608356312 749468228 156 66410932 782958784
======================
   8      32 sdc 2870547 31519 383386888 31435908 39622381 857369089 15608688600 749613344 147 66411940 783103232
======================
   8      32 sdc 2870547 31519 383386888 31435908 39623033 857369089 15609022424 749758016 135 66412952 783248200
======================
   8      32 sdc 2870547 31519 383386888 31435908 39623680 857369089 15609353688 749902632 128 66413964 783392984
======================
   8      32 sdc 2870547 31519 383386888 31435908 39624322 857369089 15609682392 750046520 158 66414968 783536956
======================
   8      32 sdc 2870547 31519 383386888 31435908 39624965 857369089 15610011608 750190372 155 66415972 783680684
======================
   8      32 sdc 2870547 31519 383386888 31435908 39625618 857369089 15610345944 750334060 142 66416976 783824412
======================
   8      32 sdc 2870547 31519 383386888 31435908 39626283 857369089 15610686424 750477324 149 66417980 783967436
======================
   8      32 sdc 2870547 31519 383386888 31435908 39626930 857369089 15611017688 750619272 142 66418980 784109648
======================
   8      32 sdc 2870547 31519 383386888 31435908 39627572 857369089 15611346392 750762884 140 66419984 784253380
======================
   8      32 sdc 2870548 31519 383386896 31436344 39628072 857369089 15611602392 750873312 153 66420988 784362264
======================
   8      32 sdc 2870548 31519 383386896 31436344 39628748 857369089 15611948504 751015580 149 66421992 784505960
======================
   8      32 sdc 2870548 31519 383386896 31436344 39629366 857369089 15612264920 751157680 139 66422992 784648892
======================
   8      32 sdc 2870548 31519 383386896 31436344 39629956 857369089 15612567000 751288308 157 66423996 784793616
======================
   8      32 sdc 2870548 31519 383386896 31436344 39630681 857369089 15612938200 751449628 136 66425000 784939972
======================
   8      32 sdc 2870548 31519 383386896 31436344 39631340 857369089 15613275608 751589444 149 66426000 785082988
======================
   8      32 sdc 2870548 31519 383386896 31436344 39631973 857369089 15613599704 751736600 156 66427004 785228896
======================
   8      32 sdc 2870548 31519 383386896 31436344 39632566 857369089 15613903320 751873576 140 66428012 785373780
======================
   8      32 sdc 2870548 31519 383386896 31436344 39633292 857369089 15614275032 752027544 149 66429016 785517512
======================
   8      32 sdc 2870548 31519 383386896 31436344 39633951 857369089 15614612440 752170416 130 66430020 785661120
======================
   8      32 sdc 2870548 31519 383386896 31436344 39634581 857369089 15614935000 752312128 140 66431024 785805020
======================
   8      32 sdc 2870548 31519 383386896 31436344 39635245 857369089 15615274968 752457652 148 66432024 785947988
======================
   8      32 sdc 2870549 31519 383386904 31436568 39635873 857369089 15615596504 752586368 128 66433028 786078016
======================
   8      32 sdc 2870549 31519 383386904 31436568 39636514 857369089 15615924696 752722392 148 66434028 786213440
======================
   8      32 sdc 2870549 31519 383386904 31436568 39637159 857369089 15616254936 752866260 154 66435032 786357500
======================
   8      32 sdc 2870549 31519 383386904 31436568 39637801 857369089 15616583640 753009912 153 66436036 786501276
======================
   8      32 sdc 2870549 31519 383386904 31436568 39638440 857369089 15616910808 753154244 153 66437036 786644616
======================
   8      32 sdc 2870549 31519 383386904 31436568 39639090 857369089 15617243608 753296844 143 66438040 786788440
======================
   8      32 sdc 2870549 31519 383386904 31436568 39639691 857369089 15617551320 753432740 150 66439040 786931776
======================
   8      32 sdc 2870549 31519 383386904 31436568 39640382 857369089 15617905112 753587444 131 66440044 787077872
======================
   8      32 sdc 2870549 31519 383386904 31436568 39641056 857369089 15618250200 753730676 129 66441044 787220940
======================
   8      32 sdc 2870549 31519 383386904 31436568 39641679 857369089 15618569176 753872996 146 66442048 787364772
======================
   8      32 sdc 2870549 31519 383386904 31436568 39642312 857369089 15618893272 754017396 153 66443052 787507960
======================
   8      32 sdc 2870549 31519 383386904 31436568 39642988 857369089 15619239384 754160824 149 66444056 787651564
======================
   8      32 sdc 2870550 31519 383386912 31436748 39643647 857369089 15619576792 754292908 134 66445056 787783332
======================
   8      32 sdc 2870550 31519 383386912 31436748 39644324 857369089 15619923416 754436556 129 66446060 787926636
======================
   8      32 sdc 2870550 31519 383386912 31436748 39644957 857369089 15620247512 754578516 136 66447064 788070252
======================
   8      32 sdc 2870550 31519 383386912 31436748 39645550 857369089 15620551128 754714772 151 66448068 788214144
======================
   8      32 sdc 2870550 31519 383386912 31436748 39646236 857369089 15620902360 754869752 137 66449072 788360660
======================
   8      32 sdc 2870550 31519 383386912 31436748 39646878 857369089 15621231064 755012196 135 66450072 788503468
======================
   8      32 sdc 2870550 31519 383386912 31436748 39647524 857369089 15621561816 755156160 129 66451076 788646800
======================
   8      32 sdc 2870550 31519 383386912 31436748 39648187 857369089 15621901272 755298956 138 66452076 788789820
======================
   8      32 sdc 2870550 31519 383386912 31436748 39648842 857369089 15622236632 755441912 155 66453080 788933124
======================
   8      32 sdc 2870550 31519 383386912 31436748 39649462 857369089 15622554072 755580928 143 66454084 789077332
======================
   8      32 sdc 2870550 31519 383386912 31436748 39650125 857369089 15622893528 755729804 152 66455084 789220860
======================
   8      32 sdc 2870550 31519 383386912 31436748 39650766 857369089 15623221720 755872996 151 66456088 789364420
======================
   8      32 sdc 2870551 31519 383386920 31436976 39651399 857369089 15623545816 756003016 128 66457092 789493916
======================
   8      32 sdc 2870551 31519 383386920 31436976 39652052 857369089 15623880152 756145784 147 66458092 789637096
======================
   8      32 sdc 2870551 31519 383386920 31436976 39652693 857369089 15624208344 756289004 146 66459096 789780756
======================
   8      32 sdc 2870551 31519 383386920 31436976 39653343 857369089 15624541144 756432268 136 66460100 789923316
======================
   8      32 sdc 2870551 31519 383386920 31436976 39653997 857369089 15624876504 756574448 154 66461104 790066856
======================
   8      32 sdc 2870551 31519 383386920 31436976 39654623 857369089 15625196504 756718388 136 66462108 790210428
======================
   8      32 sdc 2870551 31519 383386920 31436976 39655264 857369089 15625524696 756863308 135 66463112 790353900
======================
   8      32 sdc 2870551 31519 383386920 31436976 39655934 857369089 15625867736 757006144 137 66464112 790496968
======================
   8      32 sdc 2870551 31519 383386920 31436976 39656605 857369089 15626211288 757148928 138 66465116 790640524
======================
   8      32 sdc 2870551 31519 383386920 31436976 39657263 857369089 15626548184 757286432 152 66466120 790782244
======================
   8      32 sdc 2870551 31519 383386920 31436976 39657904 857369089 15626876376 757433528 151 66467120 790925444
======================
   8      32 sdc 2870551 31519 383386920 31436976 39658553 857369089 15627208664 757581360 102 66468144 791070852
======================
   8      32 sdc 2870552 31519 383386928 31437408 39659061 857369089 15627468760 757687896 146 66469148 791179084
======================
   8      32 sdc 2870552 31519 383386928 31437408 39659717 857369089 15627804632 757828576 130 66470164 791324060
======================
   8      32 sdc 2870552 31519 383386928 31437408 39660370 857369089 15628138968 757969804 149 66471164 791462168
======================
   8      32 sdc 2870552 31519 383386928 31437408 39661023 857369089 15628473304 758114396 136 66472168 791605940
======================
   8      32 sdc 2870552 31519 383386928 31437408 39661660 857369089 15628799448 758256880 139 66473172 791749332
======================
   8      32 sdc 2870552 31519 383386928 31437408 39662302 857369089 15629128152 758400492 137 66474172 791892380
======================
   8      32 sdc 2870552 31519 383386928 31437408 39662943 857369089 15629456344 758543728 136 66475176 792035864
======================
   8      32 sdc 2870552 31519 383386928 31437408 39663547 857369089 15629765592 758678904 140 66476180 792179560
======================
   8      32 sdc 2870552 31519 383386928 31437408 39664243 857369089 15630121944 758829188 148 66477184 792321132
======================
   8      32 sdc 2870552 31519 383386928 31437408 39664904 857369089 15630460376 758972908 150 66478188 792464444
======================
   8      32 sdc 2870552 31519 383386928 31437408 39665541 857369089 15630786520 759116152 130 66479192 792608208
======================
   8      32 sdc 2870552 31519 383386928 31437408 39666153 857369089 15631099864 759252196 158 66480192 792752212
======================
   8      32 sdc 2870553 31519 383386936 31437684 39666693 857369089 15631376856 759371560 136 66481196 792863276
======================
   8      32 sdc 2870553 31519 383386936 31437684 39667353 857369089 15631714264 759513788 148 66482200 793006608
======================
   8      32 sdc 2870553 31519 383386936 31437684 39667978 857369089 15632034264 759657516 131 66483204 793150036
======================
   8      32 sdc 2870553 31519 383386936 31437684 39668626 857369089 15632366040 759801884 155 66484208 793293356
======================
   8      32 sdc 2870553 31519 383386936 31437684 39669285 857369089 15632703448 759945284 136 66485212 793436744
======================
   8      32 sdc 2870553 31519 383386936 31437684 39669954 857369089 15633045976 760086856 139 66486212 793578224
======================
   8      32 sdc 2870553 31519 383386936 31437684 39670585 857369089 15633369048 760228864 148 66487216 793721668
======================
   8      32 sdc 2870553 31519 383386936 31437684 39671208 857369089 15633688024 760372036 133 66488220 793865060
======================
   8      32 sdc 2870553 31519 383386936 31437684 39671884 857369089 15634034136 760516600 129 66489220 794007708
======================
   8      32 sdc 2870553 31519 383386936 31437684 39672552 857369089 15634376152 760659352 133 66490228 794151624
======================
   8      32 sdc 2870553 31519 383386936 31437684 39673189 857369089 15634702296 760801400 136 66491236 794295476
======================
   8      32 sdc 2870553 31519 383386936 31437684 39673846 857369089 15635038680 760944528 151 66492240 794436192
======================
   8      32 sdc 2870554 31519 383386944 31437908 39674449 857369089 15635347416 761066536 155 66493244 794564504
======================
   8      32 sdc 2870554 31519 383386944 31437908 39675128 857369089 15635695064 761221196 148 66494248 794713528
======================
   8      32 sdc 2870554 31519 383386944 31437908 39675770 857369089 15636023768 761364504 146 66495252 794856940
======================
   8      32 sdc 2870554 31519 383386944 31437908 39676411 857369089 15636351960 761507792 145 66496256 795000584
======================
   8      32 sdc 2870554 31519 383386944 31437908 39677061 857369089 15636684760 761651864 135 66497256 795143672
======================
   8      32 sdc 2870554 31519 383386944 31437908 39677722 857369089 15637023192 761794580 146 66498260 795287072
======================
   8      32 sdc 2870554 31519 383386944 31437908 39678349 857369089 15637344216 761935772 128 66499260 795430684
======================
   8      32 sdc 2870554 31519 383386944 31437908 39679015 857369089 15637685208 762082584 133 66500264 795574040
======================
   8      32 sdc 2870554 31519 383386944 31437908 39679691 857369089 15638031320 762226024 129 66501268 795717544
======================
   8      32 sdc 2870554 31519 383386944 31437908 39680340 857369089 15638363608 762368948 152 66502276 795861692
======================
   8      32 sdc 2870554 31519 383386944 31437908 39680966 857369089 15638684120 762512968 134 66503284 796005824
======================
   8      32 sdc 2870554 31519 383386944 31437908 39681623 857369089 15639020504 762656228 72 66504288 796144720
======================
   8      32 sdc 2870555 31519 383386952 31438292 39682282 857369089 15639357912 762774932 155 66505288 796266580
======================
   8      32 sdc 2870555 31519 383386952 31438292 39682952 857369089 15639700952 762917840 157 66506292 796409488
======================
   8      32 sdc 2870555 31519 383386952 31438292 39683603 857369089 15640034264 763059308 146 66507296 796552848
======================
   8      32 sdc 2870555 31519 383386952 31438292 39684216 857369089 15640348120 763201380 141 66508296 796695404
======================
   8      32 sdc 2870555 31519 383386952 31438292 39684891 857369089 15640693720 763346536 138 66509300 796838784
======================
   8      32 sdc 2870555 31519 383386952 31438292 39685547 857369089 15641029592 763488984 154 66510304 796982144
======================
   8      32 sdc 2870555 31519 383386952 31438292 39686189 857369089 15641358296 763632036 152 66511304 797124704
======================
   8      32 sdc 2870555 31519 383386952 31438292 39686825 857369089 15641683928 763770780 156 66512308 797268400
======================
   8      32 sdc 2870555 31519 383386952 31438292 39687510 857369089 15642034648 763921020 143 66513316 797413364
======================
   8      32 sdc 2870555 31519 383386952 31438292 39688155 857369089 15642364888 764064596 138 66514324 797557436
======================
   8      32 sdc 2870555 31519 383386952 31438292 39688798 857369089 15642694104 764208264 135 66515328 797700884
======================
   8      32 sdc 2870556 31519 383386960 31438516 39689418 857369089 15643011544 764341564 155 66516332 797830312
======================
   8      32 sdc 2870556 31519 383386960 31438516 39690068 857369089 15643344344 764481044 145 66517336 797973864
======================
   8      32 sdc 2870556 31519 383386960 31438516 39690733 857369089 15643684824 764625080 152 66518340 798117668
======================
   8      32 sdc 2870556 31519 383386960 31438516 39691384 857369089 15644018136 764767664 141 66519344 798260924
======================
   8      32 sdc 2870556 31519 383386960 31438516 39692023 857369089 15644345304 764911220 142 66520344 798403460
======================
   8      32 sdc 2870556 31519 383386960 31438516 39692700 857369089 15644691928 765054404 137 66521348 798546432
======================
   8      32 sdc 2870556 31519 383386960 31438516 39693330 857369089 15645014488 765195648 147 66522352 798689300
======================
   8      32 sdc 2870556 31519 383386960 31438516 39693955 857369089 15645334488 765339296 130 66523356 798832560
======================
   8      32 sdc 2870556 31519 383386960 31438516 39694631 857369089 15645680600 765483636 158 66524360 798975820
======================
   8      32 sdc 2870556 31519 383386960 31438516 39695306 857369089 15646026200 765626496 155 66525360 799118500
======================
   8      32 sdc 2870556 31519 383386960 31438516 39696003 857369089 15646383064 765774256 130 66526396 799266548
======================
   8      32 sdc 2870556 31519 383386960 31438516 39696662 857369089 15646720472 765921616 143 66527428 799414952
======================
   8      32 sdc 2870557 31519 383386968 31438748 39697286 857369089 15647039960 766055492 152 66528468 799549164
======================
   8      32 sdc 2870557 31519 383386968 31438748 39697977 857369089 15647393752 766205312 140 66529508 799697660
======================
   8      32 sdc 2870557 31519 383386968 31438748 39698652 857369089 15647739352 766349120 137 66530524 799842684
======================
   8      32 sdc 2870557 31519 383386968 31438748 39699297 857369089 15648069592 766493152 132 66531532 799986480
======================
   8      32 sdc 2870557 31519 383386968 31438748 39699878 857369089 15648367064 766623700 159 66532536 800130932
======================
   8      32 sdc 2870557 31519 383386968 31438748 39700594 857369089 15648733656 766787396 147 66533536 800280068
======================
   8      32 sdc 2870557 31519 383386968 31438748 39701237 857369089 15649062872 766930576 144 66534544 800424136
======================
   8      32 sdc 2870557 31519 383386968 31438748 39701880 857369089 15649392088 767074256 141 66535548 800567580
======================
   8      32 sdc 2870557 31519 383386968 31438748 39702523 857369089 15649721304 767217632 138 66536552 800710784
======================
   8      32 sdc 2870557 31519 383386968 31438748 39703184 857369089 15650059736 767361380 149 66537556 800853888
======================
   8      32 sdc 2870557 31519 383386968 31438748 39703822 857369089 15650386392 767499056 151 66538560 800997544
======================
   8      32 sdc 2870557 31519 383386968 31438748 39704488 857369089 15650727384 767650124 157 66539564 801143540
======================
   8      32 sdc 2870558 31519 383386976 31438972 39705116 857369089 15651048920 767780096 138 66540568 801273200
======================
   8      32 sdc 2870558 31519 383386976 31438972 39705791 857369089 15651394520 767923512 135 66541572 801416944
======================
   8      32 sdc 2870558 31519 383386976 31438972 39706440 857369089 15651726808 768065972 158 66542576 801560684
======================
   8      32 sdc 2870558 31519 383386976 31438972 39707063 857369089 15652045784 768209352 143 66543576 801704088
======================
   8      32 sdc 2870558 31519 383386976 31438972 39707714 857369089 15652379096 768355552 132 66544580 801848888
======================
   8      32 sdc 2870558 31519 383386976 31438972 39708380 857369089 15652720088 768498676 138 66545580 801991820
======================
   8      32 sdc 2870558 31519 383386976 31438972 39709050 857369089 15653063128 768641152 140 66546584 802135528
======================
   8      32 sdc 2870558 31519 383386976 31438972 39709674 857369089 15653382616 768784420 156 66547588 802279020
======================
   8      32 sdc 2870558 31519 383386976 31438972 39710252 857369089 15653678552 768916800 154 66548588 802422792
======================
   8      32 sdc 2870558 31519 383386976 31438972 39710985 857369089 15654053848 769075620 157 66549592 802568716
======================
   8      32 sdc 2870558 31519 383386976 31438972 39711637 857369089 15654387672 769217892 147 66550596 802712276
======================
   8      32 sdc 2870558 31519 383386976 31438972 39712273 857369089 15654713304 769361368 110 66551596 802854592
======================
   8      32 sdc 2870559 31519 383386984 31439200 39712908 857369089 15655038424 769489748 138 66552600 802983660
======================
   8      32 sdc 2870559 31519 383386984 31439200 39713563 857369089 15655373784 769631072 144 66553604 803127172
======================
   8      32 sdc 2870559 31519 383386984 31439200 39714216 857369089 15655708120 769776176 131 66554604 803270320
======================
   8      32 sdc 2870559 31519 383386984 31439200 39714810 857369089 15656012248 769908684 145 66555608 803413944
======================
   8      32 sdc 2870559 31519 383386984 31439200 39715344 857369089 15656285656 770063280 139 66556608 803557408
======================
   8      32 sdc 2870559 31519 383386984 31439200 39716001 857369089 15656622040 770207544 154 66557616 803701296
======================
   8      32 sdc 2870559 31519 383386984 31439200 39716658 857369089 15656958424 770350576 137 66558628 803845584
======================
   8      32 sdc 2870559 31519 383386984 31439200 39717301 857369089 15657287640 770494568 134 66559632 803988916
======================
   8      32 sdc 2870559 31519 383386984 31439200 39717931 857369089 15657610200 770633924 144 66560640 804133040
======================
   8      32 sdc 2870559 31519 383386984 31439200 39718633 857369089 15657969624 770782796 132 66561644 804276244
======================
   8      32 sdc 2870559 31519 383386984 31439200 39719278 857369089 15658299864 770924588 159 66562648 804419252
======================
   8      32 sdc 2870559 31519 383386984 31439200 39719903 857369089 15658619864 771067916 142 66563652 804562744
======================
   8      32 sdc 2870560 31519 383386992 31439440 39720537 857369089 15658944472 771195560 151 66564656 804689492
======================
   8      32 sdc 2870560 31519 383386992 31439440 39721209 857369089 15659288536 771339368 151 66565660 804833036
======================
   8      32 sdc 2870560 31519 383386992 31439440 39721837 857369089 15659610072 771478412 131 66566664 804976012
======================
   8      32 sdc 2870560 31519 383386992 31439440 39722484 857369089 15659941336 771611408 156 66567668 805121028
======================
   8      32 sdc 2870560 31519 383386992 31439440 39723161 857369089 15660287960 771771472 151 66568672 805264688
======================
   8      32 sdc 2870560 31519 383386992 31439440 39723845 857369089 15660638168 771914396 139 66569676 805408120
======================
   8      32 sdc 2870560 31519 383386992 31439440 39724502 857369089 15660974552 772057328 154 66570684 805552184
======================
   8      32 sdc 2870560 31519 383386992 31439440 39725139 857369089 15661300696 772200920 157 66571684 805694992
======================
   8      32 sdc 2870560 31519 383386992 31439440 39725799 857369089 15661638616 772344348 137 66572688 805838196
======================
   8      32 sdc 2870560 31519 383386992 31439440 39726444 857369089 15661968856 772483852 132 66573692 805981540
======================
   8      32 sdc 2870560 31519 383386992 31439440 39727104 857369089 15662306776 772629212 144 66574696 806124044
======================
   8      32 sdc 2870560 31519 383386992 31439440 39727706 857369089 15662615000 772763936 37 66575700 806251960
======================
   8      32 sdc 2870561 31519 383387000 31439740 39728367 857369089 15662953432 772892036 135 66576704 806387124
======================
   8      32 sdc 2870561 31519 383387000 31439740 39729017 857369089 15663286232 773036104 157 66577704 806530140
======================
   8      32 sdc 2870561 31519 383387000 31439740 39729677 857369089 15663624152 773179708 137 66578708 806673820
======================
   8      32 sdc 2870561 31519 383387000 31439740 39730210 857369089 15663897048 773296348 148 66579712 806817912
======================
   8      32 sdc 2870561 31519 383387000 31439740 39730828 857369089 15664213464 773467968 138 66580716 806961812
======================
   8      32 sdc 2870561 31519 383387000 31439740 39731505 857369089 15664560088 773610308 133 66581720 807104032
======================
   8      32 sdc 2870561 31519 383387000 31439740 39732146 857369089 15664888280 773752564 133 66582724 807247560
======================
   8      32 sdc 2870561 31519 383387000 31439740 39732770 857369089 15665207768 773896044 148 66583732 807391780
======================
   8      32 sdc 2870561 31519 383387000 31439740 39733435 857369089 15665548248 774040640 155 66584732 807534884
======================
   8      32 sdc 2870561 31519 383387000 31439740 39734046 857369089 15665861080 774170432 152 66585736 807679028
======================
   8      32 sdc 2870561 31519 383387000 31439740 39734771 857369089 15666232280 774329124 138 66586740 807824680
======================
   8      32 sdc 2870561 31519 383387000 31439740 39735411 857369089 15666559960 774467120 12 66587740 807949540
======================
   8      32 sdc 2870562 31519 383387008 31439980 39736034 857369089 15666878936 774594568 157 66588744 808090564
======================
   8      32 sdc 2870562 31519 383387008 31439980 39736689 857369089 15667214296 774739648 142 66589748 808234460
======================
   8      32 sdc 2870562 31519 383387008 31439980 39737367 857369089 15667561432 774883672 136 66590756 808378688
======================
   8      32 sdc 2870562 31519 383387008 31439980 39737998 857369089 15667884504 775025724 145 66591760 808522684
======================
   8      32 sdc 2870562 31519 383387008 31439980 39738659 857369089 15668222936 775172604 156 66592764 808667204
======================
   8      32 sdc 2870562 31519 383387008 31439980 39739316 857369089 15668559320 775314180 139 66593764 808810604
======================
   8      32 sdc 2870562 31519 383387008 31439980 39739957 857369089 15668887512 775458548 138 66594768 808954228
======================
   8      32 sdc 2870562 31519 383387008 31439980 39740599 857369089 15669216216 775602420 136 66595772 809098176
======================
   8      32 sdc 2870562 31519 383387008 31439980 39741241 857369089 15669544920 775746288 134 66596776 809241980
======================
   8      32 sdc 2870562 31519 383387008 31439980 39741859 857369089 15669861336 775882852 156 66597780 809386316
======================
   8      32 sdc 2870562 31519 383387008 31439980 39742558 857369089 15670219224 776039108 133 66598780 809533848
======================
   8      32 sdc 2870563 31519 383387016 31440212 39743157 857369089 15670525912 776164704 143 66599784 809663588
======================
   8      32 sdc 2870563 31519 383387016 31440212 39743794 857369089 15670852056 776305172 146 66600788 809807360
======================
   8      32 sdc 2870563 31519 383387016 31440212 39744487 857369089 15671206872 776455776 157 66601792 809950752
======================
   8      32 sdc 2870563 31519 383387016 31440212 39745149 857369089 15671545816 776598104 135 66602792 810094000
======================
   8      32 sdc 2870563 31519 383387016 31440212 39745627 857369089 15671790552 776721572 137 66603800 810234948
======================
   8      32 sdc 2870563 31519 383387016 31440212 39746301 857369089 15672135640 776884684 135 66604812 810379848
======================
   8      32 sdc 2870563 31519 383387016 31440212 39746992 857369089 15672489432 777031288 148 66605836 810526224
======================
   8      32 sdc 2870563 31519 383387016 31440212 39747677 857369089 15672840152 777177504 135 66606852 810672244
======================
   8      32 sdc 2870563 31519 383387016 31440212 39748324 857369089 15673171416 777320088 128 66607860 810816168
======================
   8      32 sdc 2870563 31519 383387016 31440212 39748951 857369089 15673492440 777464208 141 66608868 810960620
======================
   8      32 sdc 2870563 31519 383387016 31440212 39749567 857369089 15673807832 777600436 133 66609876 811104084
======================
   8      32 sdc 2870563 31519 383387016 31440212 39750257 857369089 15674161112 777745852 147 66610880 811247608
======================
   8      32 sdc 2870564 31519 383387024 31440448 39750910 857369089 15674495448 777881752 138 66611888 811377900
======================
   8      32 sdc 2870564 31519 383387024 31440448 39751559 857369089 15674827736 778026516 129 66612896 811522072
======================
   8      32 sdc 2870564 31519 383387024 31440448 39752227 857369089 15675169752 778170724 133 66613904 811666224
======================
   8      32 sdc 2870564 31519 383387024 31440448 39752881 857369089 15675504600 778313632 151 66614908 811810036
======================
   8      32 sdc 2870564 31519 383387024 31440448 39753502 857369089 15675822552 778455892 138 66615912 811953392
======================
   8      32 sdc 2870564 31519 383387024 31440448 39754146 857369089 15676152280 778600676 134 66616920 812097048
======================
   8      32 sdc 2870564 31519 383387024 31440448 39754802 857369089 15676488152 778744688 150 66617924 812240532
======================
   8      32 sdc 2870564 31519 383387024 31440448 39755468 857369089 15676829144 778888600 156 66618928 812383836
======================
   8      32 sdc 2870564 31519 383387024 31440448 39756113 857369089 15677159384 779030804 151 66619928 812526644
======================
   8      32 sdc 2870564 31519 383387024 31440448 39756747 857369089 15677483992 779174820 157 66620932 812669960
======================
   8      32 sdc 2870564 31519 383387024 31440448 39757422 857369089 15677829592 779316976 154 66621936 812812372
======================
   8      32 sdc 2870564 31519 383387024 31440448 39758078 857369089 15678165464 779458844 138 66622940 812955760
======================
   8      32 sdc 2870565 31519 383387032 31440872 39758562 857369089 15678413272 779566412 134 66623940 813063072
======================
   8      32 sdc 2870565 31519 383387032 31440872 39759201 857369089 15678740440 779710852 135 66624944 813206632
======================
   8      32 sdc 2870565 31519 383387032 31440872 39759818 857369089 15679056344 779842024 158 66625944 813350844
======================
   8      32 sdc 2870565 31519 383387032 31440872 39760514 857369089 15679412696 779996640 134 66626948 813499756
======================
   8      32 sdc 2870565 31519 383387032 31440872 39761188 857369089 15679757784 780146180 132 66627952 813643104
======================
   8      32 sdc 2870565 31519 383387032 31440872 39761810 857369089 15680076248 780289776 150 66628956 813786836
======================
   8      32 sdc 2870565 31519 383387032 31440872 39762486 857369089 15680422360 780434504 146 66629956 813929924
======================
   8      32 sdc 2870565 31519 383387032 31440872 39763146 857369089 15680760280 780577312 158 66630960 814073420
======================
   8      32 sdc 2870565 31519 383387032 31440872 39763785 857369089 15681087448 780720536 149 66631964 814217064
======================
   8      32 sdc 2870565 31519 383387032 31440872 39764442 857369089 15681423832 780864660 142 66632968 814360780
======================
   8      32 sdc 2870565 31519 383387032 31440872 39765103 857369089 15681762264 781007832 153 66633972 814504108
======================
   8      32 sdc 2870565 31519 383387032 31440872 39765746 857369089 15682091480 781151044 150 66634972 814647316
======================
   8      32 sdc 2870565 31519 383387032 31440872 39766044 857369089 15682244056 781217976 35 66635976 814724036
======================
   8      32 sdc 2870565 31519 383387032 31440872 39766044 857369089 15682244056 781217976 35 66636980 814759176
======================
   8      32 sdc 2870566 31519 383387040 31442736 39767503 857369089 15682991064 781387228 142 66637984 814885548
======================
   8      32 sdc 2870566 31519 383387040 31442736 39768167 857369089 15683331032 781530564 150 66638988 815028692
======================
   8      32 sdc 2870566 31519 383387040 31442736 39768810 857369089 15683660248 781673124 147 66639988 815171288
======================
   8      32 sdc 2870566 31519 383387040 31442736 39769466 857369089 15683996120 781816864 131 66640992 815314352
======================
   8      32 sdc 2870566 31519 383387040 31442736 39770134 857369089 15684338136 781957460 135 66641992 815455088
======================
   8      32 sdc 2870566 31519 383387040 31442736 39770779 857369089 15684668376 782099768 130 66642996 815598240
======================
   8      32 sdc 2870566 31519 383387040 31442736 39771339 857369089 15684955096 782228072 146 66644000 815741960
======================
   8      32 sdc 2870566 31519 383387040 31442736 39772048 857369089 15685318104 782383504 141 66645000 815885804
======================
   8      32 sdc 2870566 31519 383387040 31442736 39772741 857369089 15685672920 782531268 152 66646004 816028812
======================
   8      32 sdc 2870566 31519 383387040 31442736 39773416 857369089 15686018520 782674136 149 66647004 816171396
======================
   8      32 sdc 2870567 31519 383387048 31442928 39774038 857369089 15686336984 782800732 152 66648008 816299836
======================
   8      32 sdc 2870567 31519 383387048 31442928 39774662 857369089 15686656472 782944384 136 66649012 816443552
======================
   8      32 sdc 2870567 31519 383387048 31442928 39775319 857369089 15686992856 783089288 151 66650016 816587164
======================
   8      32 sdc 2870567 31519 383387048 31442928 39775995 857369089 15687338968 783233240 147 66651016 816730780
======================
   8      32 sdc 2870567 31519 383387048 31442928 39776484 857369089 15687589336 783375232 138 66652020 816873520
======================
   8      32 sdc 2870567 31519 383387048 31442928 39777141 857369089 15687926232 783519120 153 66653024 817017212
======================
   8      32 sdc 2870567 31519 383387048 31442928 39777792 857369089 15688259032 783659528 142 66654028 817160648
======================
   8      32 sdc 2870567 31519 383387048 31442928 39778450 857369089 15688595928 783805240 156 66655032 817303800
======================
   8      32 sdc 2870567 31519 383387048 31442928 39779091 857369089 15688924120 783948560 155 66656032 817446784
======================
   8      32 sdc 2870567 31519 383387048 31442928 39779733 857369089 15689252824 784092052 153 66657036 817590436
======================
   8      32 sdc 2870567 31519 383387048 31442928 39780310 857369089 15689548248 784220508 152 66658040 817735032
======================
   8      32 sdc 2870567 31519 383387048 31442928 39781041 857369089 15689922520 784381924 149 66659044 817880016
======================
   8      32 sdc 2870568 31519 383387056 31443156 39781667 857369089 15690243032 784509728 134 66660048 818008552
======================
   8      32 sdc 2870568 31519 383387056 31443156 39782265 857369089 15690549208 784646544 133 66661052 818152548
======================
   8      32 sdc 2870568 31519 383387056 31443156 39782974 857369089 15690912216 784797668 139 66662052 818295060
======================
   8      32 sdc 2870568 31519 383387056 31443156 39783649 857369089 15691257816 784940448 136 66663056 818438676
======================
   8      32 sdc 2870568 31519 383387056 31443156 39784259 857369089 15691570136 785082472 134 66664056 818581180
======================
   8      32 sdc 2870568 31519 383387056 31443156 39784931 857369089 15691914200 785226952 134 66665060 818724776
======================
   8      32 sdc 2870568 31519 383387056 31443156 39785601 857369089 15692257240 785370056 136 66666064 818868076
======================
   8      32 sdc 2870568 31519 383387056 31443156 39786271 857369089 15692600280 785514760 138 66667064 819011932
======================
   8      32 sdc 2870568 31519 383387056 31443156 39786916 857369089 15692930520 785656320 133 66668068 819155144
======================
   8      32 sdc 2870568 31519 383387056 31443156 39787540 857369089 15693250008 785799588 149 66669072 819298912
======================
   8      32 sdc 2870568 31519 383387056 31443156 39788202 857369089 15693588952 785944552 148 66670076 819442252
======================
   8      32 sdc 2870568 31519 383387056 31443156 39788877 857369089 15693935064 786087680 156 66671080 819585940
======================
   8      32 sdc 2870569 31519 383387064 31443384 39789437 857369089 15694221272 786202168 141 66672080 819714276
======================
   8      32 sdc 2870569 31519 383387064 31443384 39790138 857369089 15694580184 786359664 144 66673084 819858144
======================
   8      32 sdc 2870569 31519 383387064 31443384 39790797 857369089 15694917592 786503332 157 66674088 820001560
======================
   8      32 sdc 2870569 31519 383387064 31443384 39791442 857369089 15695247832 786646372 152 66675092 820145136
======================
   8      32 sdc 2870569 31519 383387064 31443384 39791929 857369089 15695497176 786788020 145 66676096 820287084
======================
   8      32 sdc 2870569 31519 383387064 31443384 39792563 857369089 15695821784 786929688 151 66677100 820430468
======================
   8      32 sdc 2870569 31519 383387064 31443384 39793232 857369089 15696164312 787076044 154 66678104 820574424
======================
   8      32 sdc 2870569 31519 383387064 31443384 39793893 857369089 15696503256 787218584 133 66679104 820717344
======================
   8      32 sdc 2870569 31519 383387064 31443384 39794535 857369089 15696831448 787361884 131 66680108 820860832
======================
   8      32 sdc 2870569 31519 383387064 31443384 39795187 857369089 15697165272 787505512 152 66681112 821003996
======================
   8      32 sdc 2870569 31519 383387064 31443384 39795862 857369089 15697510872 787649008 148 66682112 821147044
======================
   8      32 sdc 2870569 31519 383387064 31443384 39796508 857369089 15697841624 787791528 142 66683116 821291084
======================
   8      32 sdc 2870570 31519 383387072 31443620 39797111 857369089 15698150360 787918552 150 66684120 821418332
======================
   8      32 sdc 2870570 31519 383387072 31443620 39797769 857369089 15698487256 788062648 132 66685120 821560880
======================
   8      32 sdc 2870570 31519 383387072 31443620 39798444 857369089 15698832856 788205736 129 66686124 821704060
======================
   8      32 sdc 2870570 31519 383387072 31443620 39799114 857369089 15699175896 788348816 131 66687124 821846944
======================
   8      32 sdc 2870570 31519 383387072 31443620 39799576 857369089 15699412440 788484692 149 66688128 821989204
======================
   8      32 sdc 2870570 31519 383387072 31443620 39800221 857369089 15699742680 788633464 144 66689128 822132792
======================
   8      32 sdc 2870570 31519 383387072 31443620 39800897 857369089 15700088792 788777740 140 66690132 822276064
======================
   8      32 sdc 2870570 31519 383387072 31443620 39801561 857369089 15700428760 788919660 148 66691136 822419224
======================
   8      32 sdc 2870570 31519 383387072 31443620 39802203 857369089 15700757464 789063012 146 66692136 822562008
======================
   8      32 sdc 2870570 31519 383387072 31443620 39802855 857369089 15701091288 789206368 134 66693140 822705168
======================
   8      32 sdc 2870570 31519 383387072 31443620 39803520 857369089 15701431768 789350100 141 66694144 822848892
======================
   8      32 sdc 2870570 31519 383387072 31443620 39804167 857369089 15701763032 789492796 134 66695144 822991364
======================
   8      32 sdc 2870571 31519 383387080 31443852 39804788 857369089 15702080984 789619244 156 66696148 823118328
======================
   8      32 sdc 2870571 31519 383387080 31443852 39805431 857369089 15702410200 789762884 153 66697156 823262388
======================
   8      32 sdc 2870571 31519 383387080 31443852 39806078 857369089 15702741464 789907168 146 66698160 823406004
======================
   8      32 sdc 2870571 31519 383387080 31443852 39806701 857369089 15703060440 790041708 131 66699172 823549536
======================
   8      32 sdc 2870571 31519 383387080 31443852 39807383 857369089 15703409624 790189996 153 66700176 823689240
======================
   8      32 sdc 2870571 31519 383387080 31443852 39808039 857369089 15703745496 790334948 137 66701184 823833532
======================
   8      32 sdc 2870571 31519 383387080 31443852 39808719 857369089 15704093656 790479532 129 66702196 823977804
======================
   8      32 sdc 2870571 31519 383387080 31443852 39809299 857369089 15704390616 790608320 157 66703200 824123028
======================
   8      32 sdc 2870571 31519 383387080 31443852 39809984 857369089 15704741336 790769160 144 66704204 824269028
======================
   8      32 sdc 2870571 31519 383387080 31443852 39810651 857369089 15705082840 790914608 149 66705212 824413056
======================
   8      32 sdc 2870571 31519 383387080 31443852 39811233 857369089 15705380824 791038228 143 66706216 824556832
======================
   8      32 sdc 2870571 31519 383387080 31443852 39812006 857369089 15705776600 791202636 153 66707224 824700852
======================
   8      32 sdc 2870572 31519 383387088 31444068 39812582 857369089 15706071512 791319524 153 66708228 824833480
======================
   8      32 sdc 2870572 31519 383387088 31444068 39813262 857369089 15706419672 791476944 145 66709228 824976832
======================
   8      32 sdc 2870572 31519 383387088 31444068 39813914 857369089 15706753496 791621884 133 66710232 825120508
======================
   8      32 sdc 2870572 31519 383387088 31444068 39814584 857369089 15707096536 791762132 261 66711236 825277496
======================
   8      32 sdc 2870572 31519 383387088 31444068 39815215 857369089 15707419608 791905940 238 66712240 825526160
======================
   8      32 sdc 2870572 31519 383387088 31444068 39815876 857369089 15707758040 792062992 249 66713244 825767012
======================
   8      32 sdc 2870572 31519 383387088 31444068 39816504 857369089 15708079576 792217016 229 66714248 826001060
======================
   8      32 sdc 2870572 31519 383387088 31444068 39817168 857369089 15708419544 792390480 226 66715252 826229372
======================
   8      32 sdc 2870572 31519 383387088 31444068 39817810 857369089 15708748248 792577240 224 66716256 826450120
======================
   8      32 sdc 2870572 31519 383387088 31444068 39818451 857369089 15709076440 792772940 191 66717256 826660864
======================
   8      32 sdc 2870572 31519 383387088 31444068 39819108 857369089 15709412824 792970464 206 66718264 826864164
======================
   8      32 sdc 2870572 31519 383387088 31444068 39819775 857369089 15709754328 793168412 64 66719272 827047760
======================
   8      32 sdc 2870573 31519 383387096 31444316 39820406 857369089 15710077400 793392864 175 66720276 827223308
======================
   8      32 sdc 2870573 31519 383387096 31444316 39821046 857369089 15710405080 793632708 175 66721280 827397892
======================
   8      32 sdc 2870573 31519 383387096 31444316 39821722 857369089 15710751192 793852144 171 66722280 827562964
======================
   8      32 sdc 2870573 31519 383387096 31444316 39822308 857369089 15711051224 794047620 161 66723284 827721944
======================
   8      32 sdc 2870573 31519 383387096 31444316 39822988 857369089 15711399384 794369556 153 66724284 827871652
======================
   8      32 sdc 2870573 31519 383387096 31444316 39823672 857369089 15711749592 794515544 141 66725288 828014760
======================
   8      32 sdc 2870573 31519 383387096 31444316 39824348 857369089 15712095704 794658748 137 66726288 828157416
======================
   8      32 sdc 2870573 31519 383387096 31444316 39825023 857369089 15712441304 794801856 134 66727292 828300796
======================
   8      32 sdc 2870573 31519 383387096 31444316 39825654 857369089 15712764376 794943744 143 66728296 828444140
======================
   8      32 sdc 2870573 31519 383387096 31444316 39826277 857369089 15713083352 795086840 128 66729296 828586720
======================
   8      32 sdc 2870573 31519 383387096 31444316 39826952 857369089 15713428952 795230952 157 66730300 828730004
======================
   8      32 sdc 2870574 31519 383387104 31444592 39827592 857369560 15713756128 795355308 131 66731296 828849988
======================
   8      32 sdc 2870574 31519 383387104 31444592 39828234 857369560 15714084568 795493788 129 66732300 828993596
======================
   8      32 sdc 2870574 31519 383387104 31444592 39828886 857369560 15714418392 795637604 149 66733304 829137244
======================
   8      32 sdc 2870574 31519 383387104 31444592 39829550 857369560 15714758872 795781128 157 66734308 829280752
======================
   8      32 sdc 2870574 31519 383387104 31444592 39830189 857369560 15715085528 795924348 158 66735312 829424436
======================
   8      32 sdc 2870574 31519 383387104 31444592 39830831 857369560 15715414232 796067996 156 66736316 829568168
======================
   8      32 sdc 2870574 31519 383387104 31444592 39831474 857369560 15715743448 796212016 153 66737320 829712172
======================
   8      32 sdc 2870574 31519 383387104 31444592 39832130 857369560 15716079320 796356240 137 66738324 829856088
======================
   8      32 sdc 2870574 31519 383387104 31444592 39832756 857369560 15716399832 796499996 151 66739328 830000092
======================
   8      32 sdc 2870574 31519 383387104 31444592 39833398 857369560 15716728536 796643564 149 66740332 830143732
======================
   8      32 sdc 2870574 31519 383387104 31444592 39834065 857369560 15717070040 796787724 154 66741336 830287092
======================
   8      32 sdc 2870574 31519 383387104 31444592 39834739 857369560 15717415128 796930752 152 66742336 830430020
======================
   8      32 sdc 2870574 31519 383387104 31444592 39835208 857369560 15717654752 797037480 1 66743340 830521944
======================
   8      32 sdc 2870574 31519 383387104 31444592 39835208 857369560 15717654752 797037480 1 66744344 830522948
======================
   8      32 sdc 2870575 31519 383387112 31446308 39835679 857370043 15717872032 797039768 0 66744604 830525444
======================
   8      32 sdc 2870575 31519 383387112 31446308 39835679 857370043 15717872032 797039768 0 66744604 830525444
======================
   8      32 sdc 2870575 31519 383387112 31446308 39835679 857370043 15717872032 797039768 0 66744604 830525444
======================
   8      32 sdc 2870575 31519 383387112 31446308 39835679 857370043 15717872032 797039768 0 66744604 830525444
======================
   8      32 sdc 2870575 31519 383387112 31446308 39835679 857370043 15717872032 797039768 0 66744604 830525444
======================
   8      32 sdc 2870777 31519 383388722 31452388 39835692 857370043 15717872080 797039772 33 66745248 830551716
======================
   8      32 sdc 2870813 31519 383389010 31481976 39835692 857370043 15717872080 797039772 0 66746240 830561116
started
======================
   8      32 sdc 2870816 31519 383389034 31481976 39835694 857370043 15717872088 797039896 0 66746364 830561240
======================
   8      32 sdc 2870872 31519 383402130 31483200 39835694 857370043 15717872088 797039896 4 66746728 830562528
======================
   8      32 sdc 2871049 31519 383447442 31486156 39835694 857370043 15717872088 797039896 4 66747732 830566496
======================
   8      32 sdc 2871209 31519 383488402 31491192 39835694 857370043 15717872088 797039896 5 66748732 830571380
======================
   8      32 sdc 2871392 31519 383535250 31497040 39835694 857370043 15717872088 797039896 6 66749736 830576728
======================
   8      32 sdc 2871596 31519 383587474 31503020 39835694 857370043 15717872088 797039896 6 66750740 830582936
======================
   8      32 sdc 2871790 31519 383637138 31510632 39835694 857370043 15717872088 797039896 9 66751744 830590284
======================
   8      32 sdc 2872019 31519 383695762 31518236 39835697 857370045 15717872128 797039896 9 66752744 830599196
======================
   8      32 sdc 2872243 31519 383753106 31528528 39835697 857370045 15717872128 797039896 10 66753748 830608284
======================
   8      32 sdc 2872450 31519 383806098 31538404 39835697 857370045 15717872128 797039896 10 66754752 830618240
======================
   8      32 sdc 2872681 31519 383865234 31548560 39835697 857370045 15717872128 797039896 10 66755756 830628196
======================
   8      32 sdc 2872934 31519 383930002 31558316 39835697 857370045 15717872128 797039896 11 66756760 830639120
======================
   8      32 sdc 2873175 31519 383991698 31569664 39835697 857370045 15717872128 797039896 12 66757760 830650616
======================
   8      32 sdc 2873403 31519 384050066 31581924 39835697 857370045 15717872128 797039896 12 66758764 830662596
======================
   8      32 sdc 2873639 31519 384110482 31594108 39835697 857370045 15717872128 797039896 12 66759768 830674584
======================
   8      32 sdc 2873822 31519 384157330 31606760 39835697 857370045 15717872128 797039896 12 66760768 830686552
======================
   8      32 sdc 2874056 31519 384217234 31618244 39835697 857370045 15717872128 797039896 12 66761772 830698548
======================
   8      32 sdc 2874280 31519 384274578 31630372 39835697 857370045 15717872128 797039896 12 66762772 830710464
======================
   8      32 sdc 2874525 31519 384337298 31642504 39835697 857370045 15717872128 797039896 12 66763776 830722444
======================
   8      32 sdc 2874774 31519 384401042 31654416 39835697 857370045 15717872128 797039896 12 66764776 830734368
======================
   8      32 sdc 2875016 31519 384462994 31666604 39835697 857370045 15717872128 797039896 12 66765780 830746360
======================
   8      32 sdc 2875271 31519 384528274 31678420 39835697 857370045 15717872128 797039896 12 66766780 830758280
======================
   8      32 sdc 2875491 31519 384584594 31690052 39835697 857370045 15717872128 797039896 12 66767784 830770276
======================
   8      32 sdc 2875726 31519 384644754 31702376 39835697 857370045 15717872128 797039896 12 66768784 830782216
======================
   8      32 sdc 2875958 31519 384704146 31714124 39835697 857370045 15717872128 797039896 11 66769788 830794180
======================
   8      32 sdc 2876205 31519 384767378 31726284 39835697 857370045 15717872128 797039896 12 66770792 830806136
======================
   8      32 sdc 2876452 31519 384830610 31738252 39835697 857370045 15717872128 797039896 12 66771792 830818064
======================
   8      32 sdc 2876708 31519 384896146 31750256 39835699 857370045 15717872144 797040008 12 66772796 830830124
======================
   8      32 sdc 2876938 31519 384955026 31762088 39835699 857370045 15717872144 797040008 12 66773796 830842028
======================
   8      32 sdc 2877162 31519 385012370 31774212 39835699 857370045 15717872144 797040008 12 66774800 830854024
======================
   8      32 sdc 2877345 31519 385059218 31785956 39835699 857370045 15717872144 797040008 12 66775800 830865984
======================
   8      32 sdc 2877600 31519 385124498 31798016 39835699 857370045 15717872144 797040008 12 66776804 830877972
======================
   8      32 sdc 2877846 31519 385187474 31809792 39835699 857370045 15717872144 797040008 12 66777812 830890008
======================
   8      32 sdc 2878098 31519 385251986 31822192 39835699 857370045 15717872144 797040008 12 66778816 830901984
======================
   8      32 sdc 2878337 31519 385313170 31833972 39835699 857370045 15717872144 797040008 12 66779820 830913968
======================
   8      32 sdc 2878595 31519 385379218 31845960 39835699 857370045 15717872144 797040008 12 66780824 830925940
======================
   8      32 sdc 2878852 31519 385445010 31858040 39835699 857370045 15717872144 797040008 12 66781836 830938004
======================
   8      32 sdc 2879090 31519 385505938 31870104 39835699 857370045 15717872144 797040008 12 66782840 830949980
======================
   8      32 sdc 2879337 31519 385569170 31882160 39835699 857370045 15717872144 797040008 12 66783848 830962008
======================
   8      32 sdc 2879574 31519 385629842 31894136 39835699 857370045 15717872144 797040008 12 66784852 830974004
======================
   8      32 sdc 2879811 31519 385690514 31905540 39835699 857370045 15717872144 797040008 12 66785856 830986000
======================
   8      32 sdc 2880041 31519 385749394 31917908 39835699 857370045 15717872144 797040008 12 66786860 830998004
======================
   8      32 sdc 2880277 31519 385809810 31929856 39835699 857370045 15717872144 797040008 12 66787864 831009996
======================
   8      32 sdc 2880514 31519 385870482 31941568 39835699 857370045 15717872144 797040008 12 66788864 831021940
======================
   8      32 sdc 2880773 31519 385936786 31953984 39835699 857370045 15717872144 797040008 12 66789868 831033932
======================
   8      32 sdc 2881018 31519 385999506 31965896 39835699 857370045 15717872144 797040008 12 66790872 831045940
======================
   8      32 sdc 2881269 31519 386063762 31977388 39835699 857370045 15717872144 797040008 12 66791876 831057920
======================
   8      32 sdc 2881516 31519 386126994 31989760 39835699 857370045 15717872144 797040008 12 66792880 831069912
======================
   8      32 sdc 2881767 31519 386191250 32001784 39835699 857370045 15717872144 797040008 12 66793880 831081844
======================
   8      32 sdc 2882015 31519 386254738 32013932 39835699 857370045 15717872144 797040008 12 66794884 831093840
======================
   8      32 sdc 2882245 31519 386313618 32025304 39835699 857370045 15717872144 797040008 12 66795884 831105788
======================
   8      32 sdc 2882474 31519 386372242 32037696 39835699 857370045 15717872144 797040008 12 66796888 831117768
======================
   8      32 sdc 2882719 31519 386434962 32049724 39835699 857370045 15717872144 797040008 12 66797892 831129760
======================
   8      32 sdc 2882963 31519 386497426 32060840 39835699 857370045 15717872144 797040008 12 66798892 831141704
======================
   8      32 sdc 2883187 31519 386554770 32072864 39835699 857370045 15717872144 797040008 12 66799896 831153712
======================
   8      32 sdc 2883432 31519 386617490 32085468 39835699 857370045 15717872144 797040008 12 66800896 831165636
======================
   8      32 sdc 2883664 31519 386676882 32097452 39835699 857370045 15717872144 797040008 12 66801900 831177620
======================
   8      32 sdc 2883910 31519 386739858 32109320 39835699 857370045 15717872144 797040008 12 66802900 831189560
======================
   8      32 sdc 2884159 31519 386803602 32121576 39835699 857370045 15717872144 797040008 12 66803904 831201548
======================
   8      32 sdc 2884410 31519 386867634 32133592 39835699 857370045 15717872144 797040008 12 66804908 831213544
======================
   8      32 sdc 2884657 31519 386930866 32145392 39835699 857370045 15717872144 797040008 12 66805908 831225504
======================
   8      32 sdc 2884901 31519 386993330 32157440 39835699 857370045 15717872144 797040008 12 66806912 831237468
