======================
   8      32 sdc 2916726 31522 394153280 33454656 41198142 888454548 16351672960 1158516712 1 69261924 1194131444
======================
   8      32 sdc 2916727 31522 394153288 33458036 41198142 888454548 16351672960 1158516712 1 69262932 1194132452
======================
   8      32 sdc 2916752 31522 394154296 33458460 41198142 888454548 16351672960 1158516712 0 69263208 1194132804
======================
   8      32 sdc 2916752 31522 394154296 33458460 41198142 888454548 16351672960 1158516712 0 69263208 1194132804
======================
   8      32 sdc 2916753 31522 394154304 33458484 41199885 888454548 16352564864 1158524356 18 69263380 1194140544
======================
   8      32 sdc 2916753 31522 394154304 33458484 41201315 888454548 16353297536 1158625716 131 69264264 1194258660
======================
   8      32 sdc 2916753 31522 394154304 33458484 41201935 888454548 16353614976 1158769228 151 69265268 1194401944
======================
   8      32 sdc 2916753 31522 394154304 33458484 41202580 888454548 16353944712 1158913840 147 69266272 1194545352
======================
   8      32 sdc 2916753 31522 394154304 33458484 41203213 888454576 16354268528 1159049016 151 69267276 1194686968
======================
   8      32 sdc 2916753 31522 394154304 33458484 41203653 888454576 16354493808 1159164072 159 69268280 1194825744
======================
   8      32 sdc 2916753 31522 394154304 33458484 41203689 888454576 16354512240 1159187472 155 69269408 1195001064
======================
   8      32 sdc 2916753 31522 394154304 33458484 41204288 888454576 16354818928 1159478428 132 69270412 1195144368
======================
   8      32 sdc 2916753 31522 394154304 33458484 41205230 888454576 16355301232 1159621800 150 69271416 1195289536
======================
   8      32 sdc 2916754 31522 394154312 33458596 41205875 888454576 16355631472 1159805200 135 69272420 1195429224
======================
   8      32 sdc 2916754 31522 394154312 33458596 41206525 888454576 16355964272 1159943012 147 69273424 1195567272
======================
   8      32 sdc 2916754 31522 394154312 33458596 41207224 888454576 16356322160 1160082508 130 69274424 1195706656
======================
   8      32 sdc 2916754 31522 394154312 33458596 41208317 888454576 16356881776 1160220824 157 69275428 1195849804
======================
   8      32 sdc 2916754 31522 394154312 33458596 41208980 888454576 16357221232 1160360792 134 69276432 1195993412
======================
   8      32 sdc 2916754 31522 394154312 33458596 41209622 888454576 16357549936 1160504300 132 69277436 1196136876
======================
   8      32 sdc 2916754 31522 394154312 33458596 41210287 888454576 16357890416 1160652692 143 69278440 1196282020
======================
   8      32 sdc 2916754 31522 394154312 33458596 41210961 888454576 16358235504 1160792828 141 69279444 1196425312
======================
   8      32 sdc 2916754 31522 394154312 33458596 41211589 888454576 16358557040 1160935104 153 69280448 1196568332
======================
   8      32 sdc 2916754 31522 394154312 33458596 41212219 888454576 16358879600 1161079628 131 69281452 1196711808
======================
   8      32 sdc 2916754 31522 394154312 33458596 41212735 888454576 16359143792 1161226124 129 69282456 1196857720
======================
   8      32 sdc 2916755 31522 394154320 33458876 41213382 888454601 16359474248 1161355392 141 69283460 1196982468
======================
   8      32 sdc 2916755 31522 394154320 33458876 41214080 888454612 16359825160 1161492752 147 69284464 1197125468
======================
   8      32 sdc 2916755 31522 394154320 33458876 41214727 888454612 16360156424 1161635392 140 69285468 1197269312
======================
   8      32 sdc 2916755 31522 394154320 33458876 41215351 888454612 16360475912 1161779140 156 69286468 1197412292
======================
   8      32 sdc 2916755 31522 394154320 33458876 41215996 888454612 16360806152 1161923332 151 69287472 1197555332
======================
   8      32 sdc 2916755 31522 394154320 33458876 41216639 888454612 16361135368 1162069692 150 69288476 1197700244
======================
   8      32 sdc 2916755 31522 394154320 33458876 41217280 888454612 16361463560 1162209692 149 69289480 1197843260
======================
   8      32 sdc 2916755 31522 394154320 33458876 41217946 888454612 16361804552 1162354060 155 69290484 1197986764
======================
   8      32 sdc 2916755 31522 394154320 33458876 41218606 888454612 16362142472 1162497772 135 69291488 1198130964
======================
   8      32 sdc 2916755 31522 394154320 33458876 41219248 888454612 16362471176 1162641280 133 69292492 1198274620
======================
   8      32 sdc 2916755 31522 394154320 33458876 41219890 888454612 16362799880 1162784880 131 69293500 1198418708
======================
   8      32 sdc 2916755 31522 394154320 33458876 41220530 888454612 16363127560 1162928064 131 69294500 1198561796
======================
   8      32 sdc 2916756 31522 394154328 33459100 41221160 888454612 16363450120 1163057740 141 69295504 1198692088
======================
   8      32 sdc 2916756 31522 394154328 33459100 41221825 888454612 16363790600 1163201232 148 69296508 1198834416
======================
   8      32 sdc 2916756 31522 394154328 33459100 41222471 888454612 16364121352 1163343924 142 69297512 1198978012
======================
   8      32 sdc 2916756 31522 394154328 33459100 41223113 888454612 16364450056 1163486452 140 69298516 1199120420
======================
   8      32 sdc 2916756 31522 394154328 33459100 41223767 888454612 16364784904 1163630132 158 69299520 1199264372
======================
   8      32 sdc 2916756 31522 394154328 33459100 41224393 888454612 16365105416 1163773380 140 69300524 1199408076
======================
   8      32 sdc 2916756 31522 394154328 33459100 41225021 888454612 16365426952 1163916476 152 69301524 1199551064
======================
   8      32 sdc 2916756 31522 394154328 33459100 41225700 888454612 16365774600 1164061740 145 69302532 1199695080
======================
   8      32 sdc 2916756 31522 394154328 33459100 41226371 888454612 16366118152 1164205196 146 69303536 1199838580
======================
   8      32 sdc 2916756 31522 394154328 33459100 41227030 888454612 16366455560 1164350708 159 69304540 1199982512
======================
   8      32 sdc 2916756 31522 394154328 33459100 41227677 888454612 16366786824 1164491380 152 69305544 1200126292
======================
   8      32 sdc 2916756 31522 394154328 33459100 41228297 888454612 16367104264 1164634028 140 69306548 1200269972
======================
   8      32 sdc 2916757 31522 394154336 33459320 41228945 888454612 16367436040 1164765976 132 69307552 1200399800
======================
   8      32 sdc 2916757 31522 394154336 33459320 41229612 888454612 16367777544 1164908496 137 69308556 1200543308
======================
   8      32 sdc 2916757 31522 394154336 33459320 41230213 888454612 16368085256 1165056588 144 69309560 1200688824
======================
   8      32 sdc 2916757 31522 394154336 33459320 41230900 888454612 16368437000 1165198208 129 69310560 1200831944
======================
   8      32 sdc 2916757 31522 394154336 33459320 41231539 888454612 16368764168 1165340808 130 69311564 1200975324
======================
   8      32 sdc 2916757 31522 394154336 33459320 41232137 888454612 16369070344 1165486948 140 69312568 1201119328
======================
   8      32 sdc 2916757 31522 394154336 33459320 41232780 888454612 16369399560 1165628392 137 69313572 1201263292
======================
   8      32 sdc 2916757 31522 394154336 33459320 41233420 888454612 16369727240 1165771296 137 69314572 1201406160
======================
   8      32 sdc 2916757 31522 394154336 33459320 41234081 888454612 16370065672 1165915652 148 69315576 1201549724
======================
   8      32 sdc 2916757 31522 394154336 33459320 41234740 888454612 16370403080 1166059416 129 69316580 1201693228
======================
   8      32 sdc 2916757 31522 394154336 33459320 41235382 888454612 16370731784 1166202036 145 69317584 1201836516
======================
   8      32 sdc 2916757 31522 394154336 33459320 41236026 888454612 16371061512 1166349756 155 69318588 1201981300
======================
   8      32 sdc 2916758 31522 394154344 33459540 41236682 888454612 16371397384 1166476112 143 69319592 1202111000
======================
   8      32 sdc 2916758 31522 394154344 33459540 41237331 888454612 16371729672 1166619772 134 69320592 1202254712
======================
   8      32 sdc 2916758 31522 394154344 33459540 41237959 888454612 16372051208 1166763928 146 69321596 1202398448
======================
   8      32 sdc 2916758 31522 394154344 33459540 41238635 888454612 16372397320 1166907936 142 69322600 1202542112
======================
   8      32 sdc 2916758 31522 394154344 33459540 41239295 888454612 16372735240 1167052100 154 69323604 1202686188
======================
   8      32 sdc 2916758 31522 394154344 33459540 41239936 888454612 16373063432 1167193876 153 69324608 1202829872
======================
   8      32 sdc 2916758 31522 394154344 33459540 41240563 888454612 16373384456 1167338156 134 69325612 1202973588
======================
   8      32 sdc 2916758 31522 394154344 33459540 41241221 888454612 16373721352 1167482976 148 69326616 1203117352
======================
   8      32 sdc 2916758 31522 394154344 33459540 41241897 888454612 16374067464 1167626568 144 69327620 1203261164
======================
   8      32 sdc 2916758 31522 394154344 33459540 41242541 888454612 16374397192 1167768840 140 69328620 1203403656
======================
   8      32 sdc 2916758 31522 394154344 33459540 41243185 888454612 16374726920 1167912416 136 69329624 1203547428
======================
   8      32 sdc 2916758 31522 394154344 33459540 41243846 888454612 16375065352 1168056648 106 69330628 1203690060
======================
   8      32 sdc 2916759 31522 394154352 33459760 41244474 888454612 16375386888 1168185944 128 69331632 1203820932
======================
   8      32 sdc 2916759 31522 394154352 33459760 41245116 888454612 16375715592 1168329324 158 69332636 1203964504
======================
   8      32 sdc 2916759 31522 394154352 33459760 41245757 888454612 16376043784 1168472696 157 69333636 1204107672
======================
   8      32 sdc 2916759 31522 394154352 33459760 41246398 888454612 16376371976 1168616560 156 69334640 1204251684
======================
   8      32 sdc 2916759 31522 394154352 33459760 41247038 888454612 16376699656 1168759992 156 69335644 1204395136
======================
   8      32 sdc 2916759 31522 394154352 33459760 41247680 888454612 16377028360 1168903560 154 69336648 1204538780
======================
   8      32 sdc 2916759 31522 394154352 33459760 41248324 888454612 16377358088 1169047828 150 69337652 1204682324
======================
   8      32 sdc 2916759 31522 394154352 33459760 41248995 888454612 16377701640 1169191540 151 69338656 1204826052
======================
   8      32 sdc 2916759 31522 394154352 33459760 41249633 888454612 16378028296 1169339456 153 69339660 1204972644
======================
   8      32 sdc 2916759 31522 394154352 33459760 41250269 888454612 16378353928 1169481088 157 69340660 1205116224
======================
   8      32 sdc 2916759 31522 394154352 33459760 41250923 888454612 16378688776 1169627672 143 69341664 1205260592
======================
   8      32 sdc 2916759 31522 394154352 33459760 41251600 888454612 16379035400 1169769196 32 69342668 1205394376
======================
   8      32 sdc 2916760 31522 394154360 33459980 41252256 888454612 16379371272 1169898084 157 69343672 1205532468
======================
   8      32 sdc 2916760 31522 394154360 33459980 41252915 888454612 16379708680 1170043216 138 69344676 1205679752
======================
   8      32 sdc 2916760 31522 394154360 33459980 41253541 888454612 16380029192 1170187072 152 69345676 1205822256
======================
   8      32 sdc 2916760 31522 394154360 33459980 41254169 888454612 16380350728 1170330116 132 69346680 1205966016
======================
   8      32 sdc 2916760 31522 394154360 33459980 41254830 888454612 16380689160 1170474144 143 69347684 1206109588
======================
   8      32 sdc 2916760 31522 394154360 33459980 41255472 888454612 16381017864 1170617800 141 69348688 1206253312
======================
   8      32 sdc 2916760 31522 394154360 33459980 41256126 888454612 16381352712 1170766008 159 69349692 1206398388
======================
   8      32 sdc 2916760 31522 394154360 33459980 41256793 888454612 16381694216 1170907216 132 69350692 1206541548
======================
   8      32 sdc 2916760 31522 394154360 33459980 41257437 888454612 16382023944 1171053504 128 69351696 1206688028
======================
   8      32 sdc 2916760 31522 394154360 33459980 41258079 888454612 16382352648 1171196536 158 69352700 1206831548
======================
   8      32 sdc 2916760 31522 394154360 33459980 41258720 888454612 16382680840 1171340072 157 69353704 1206974848
======================
   8      32 sdc 2916760 31522 394154360 33459980 41259250 888454612 16382952200 1171457748 30 69354708 1207088324
======================
   8      32 sdc 2916760 31522 394154360 33459980 41259250 888454612 16382952200 1171457748 30 69355712 1207118444
======================
   8      32 sdc 2916761 31522 394154368 33461856 41260510 888454612 16383597320 1171565196 157 69356712 1207201892
======================
   8      32 sdc 2916761 31522 394154368 33461856 41261152 888454612 16383926024 1171708476 155 69357716 1207345392
======================
   8      32 sdc 2916761 31522 394154368 33461856 41261804 888454612 16384259848 1171851736 143 69358720 1207489048
======================
   8      32 sdc 2916761 31522 394154368 33461856 41262450 888454612 16384590600 1171994276 137 69359724 1207632552
======================
   8      32 sdc 2916761 31522 394154368 33461856 41263077 888454612 16384911624 1172138292 150 69360728 1207775944
======================
   8      32 sdc 2916761 31522 394154368 33461856 41263736 888454612 16385249032 1172283652 131 69361732 1207919468
======================
   8      32 sdc 2916761 31522 394154368 33461856 41264412 888454612 16385595144 1172426696 147 69362736 1208063056
======================
   8      32 sdc 2916761 31522 394154368 33461856 41265088 888454612 16385941256 1172569976 155 69363736 1208206044
======================
   8      32 sdc 2916761 31522 394154368 33461856 41265744 888454612 16386277128 1172711556 139 69364740 1208349628
======================
   8      32 sdc 2916761 31522 394154368 33461856 41266370 888454612 16386597640 1172855712 153 69365744 1208493344
======================
   8      32 sdc 2916762 31522 394154376 33462024 41266991 888454612 16386915592 1172997060 134 69366748 1208627292
======================
   8      32 sdc 2916762 31522 394154376 33462024 41267667 888454612 16387261704 1173134588 130 69367752 1208771188
======================
   8      32 sdc 2916762 31522 394154376 33462024 41268313 888454612 16387592456 1173277548 156 69368756 1208915072
======================
   8      32 sdc 2916762 31522 394154376 33462024 41268952 888454612 16387919624 1173420636 157 69369760 1209058836
======================
   8      32 sdc 2916762 31522 394154376 33462024 41269603 888454612 16388252936 1173565316 146 69370764 1209202540
======================
   8      32 sdc 2916762 31522 394154376 33462024 41270248 888454612 16388583176 1173708452 141 69371768 1209346032
======================
   8      32 sdc 2916762 31522 394154376 33462024 41270889 888454612 16388911368 1173852660 140 69372772 1209490524
======================
   8      32 sdc 2916762 31522 394154376 33462024 41271531 888454612 16389240072 1173995936 138 69373772 1209633200
======================
   8      32 sdc 2916762 31522 394154376 33462024 41272172 888454612 16389568264 1174139552 137 69374776 1209776752
======================
   8      32 sdc 2916762 31522 394154376 33462024 41272835 888454612 16389907720 1174283916 146 69375780 1209920408
======================
   8      32 sdc 2916762 31522 394154376 33462024 41273487 888454612 16390241544 1174426812 134 69376784 1210064032
======================
   8      32 sdc 2916762 31522 394154376 33462024 41274129 888454612 16390570248 1174570324 132 69377788 1210207476
======================
   8      32 sdc 2916763 31522 394154384 33462244 41274774 888454612 16390900488 1174701460 128 69378792 1210337852
======================
   8      32 sdc 2916763 31522 394154384 33462244 41275447 888454612 16391245064 1174844032 159 69379796 1210481312
======================
   8      32 sdc 2916763 31522 394154384 33462244 41276074 888454612 16391566088 1174986704 140 69380800 1210625004
======================
   8      32 sdc 2916763 31522 394154384 33462244 41276706 888454612 16391889672 1175131236 148 69381804 1210768248
======================
   8      32 sdc 2916763 31522 394154384 33462244 41277361 888454612 16392225032 1175277648 133 69382808 1210912424
======================
   8      32 sdc 2916763 31522 394154384 33462244 41278040 888454612 16392572680 1175419584 151 69383808 1211055820
======================
   8      32 sdc 2916763 31522 394154384 33462244 41278686 888454612 16392903432 1175561224 152 69384812 1211199496
======================
   8      32 sdc 2916763 31522 394154384 33462244 41279313 888454612 16393224456 1175705296 133 69385816 1211343028
======================
   8      32 sdc 2916763 31522 394154384 33462244 41279972 888454612 16393561864 1175849784 146 69386820 1211486396
======================
   8      32 sdc 2916763 31522 394154384 33462244 41280649 888454612 16393908488 1175993156 141 69387824 1211629748
======================
   8      32 sdc 2916763 31522 394154384 33462244 41281291 888454612 16394237192 1176135580 139 69388828 1211773236
======================
   8      32 sdc 2916763 31522 394154384 33462244 41281936 888454612 16394567432 1176278604 134 69389832 1211915800
======================
   8      32 sdc 2916764 31522 394154392 33462464 41282580 888454612 16394897160 1176408320 131 69390836 1212045556
======================
   8      32 sdc 2916764 31522 394154392 33462464 41283237 888454612 16395233544 1176552624 146 69391840 1212189256
======================
   8      32 sdc 2916764 31522 394154392 33462464 41283879 888454612 16395562248 1176695116 144 69392844 1212333032
======================
   8      32 sdc 2916764 31522 394154392 33462464 41284521 888454612 16395890952 1176838668 142 69393848 1212476628
======================
   8      32 sdc 2916764 31522 394154392 33462464 41285019 888454612 16396145928 1176980856 156 69394852 1212618652
======================
   8      32 sdc 2916764 31522 394154392 33462464 41285680 888454612 16396484360 1177125880 135 69395856 1212763492
======================
   8      32 sdc 2916764 31522 394154392 33462464 41286332 888454612 16396818184 1177269036 155 69396860 1212907084
======================
   8      32 sdc 2916764 31522 394154392 33462464 41286974 888454612 16397146888 1177412856 153 69397864 1213051004
======================
   8      32 sdc 2916764 31522 394154392 33462464 41287643 888454612 16397489416 1177558944 156 69398868 1213195948
======================
   8      32 sdc 2916764 31522 394154392 33462464 41288313 888454612 16397832456 1177701236 158 69399868 1213339056
======================
   8      32 sdc 2916764 31522 394154392 33462464 41288940 888454612 16398153480 1177844840 139 69400872 1213482936
======================
   8      32 sdc 2916764 31522 394154392 33462464 41289575 888454612 16398478600 1177989800 144 69401876 1213626708
======================
   8      32 sdc 2916765 31522 394154400 33462684 41290224 888454612 16398810888 1178119268 137 69402880 1213756264
======================
   8      32 sdc 2916765 31522 394154400 33462684 41290890 888454612 16399151880 1178265860 143 69403884 1213900660
======================
   8      32 sdc 2916765 31522 394154400 33462684 41291568 888454612 16399499016 1178406600 137 69404888 1214044328
======================
   8      32 sdc 2916765 31522 394154400 33462684 41292202 888454612 16399823624 1178548940 143 69405892 1214187620
======================
   8      32 sdc 2916765 31522 394154400 33462684 41292841 888454612 16400150792 1178693444 144 69406896 1214331108
======================
   8      32 sdc 2916765 31522 394154400 33462684 41293516 888454612 16400496392 1178836872 141 69407900 1214474628
======================
   8      32 sdc 2916765 31522 394154400 33462684 41294158 888454612 16400825096 1178979832 139 69408904 1214618136
======================
   8      32 sdc 2916765 31522 394154400 33462684 41294798 888454612 16401152776 1179122788 139 69409904 1214761116
======================
   8      32 sdc 2916765 31522 394154400 33462684 41295465 888454612 16401494280 1179265996 144 69410908 1214901748
======================
   8      32 sdc 2916765 31522 394154400 33462684 41296118 888454612 16401829128 1179407368 131 69411912 1215045244
======================
   8      32 sdc 2916765 31522 394154400 33462684 41296761 888454612 16402157832 1179551108 128 69412916 1215188752
======================
   8      32 sdc 2916765 31522 394154400 33462684 41297403 888454612 16402486536 1179694636 158 69413920 1215332236
======================
   8      32 sdc 2916766 31522 394154408 33463124 41297888 888454612 16402734856 1179799304 155 69414928 1215438852
======================
   8      32 sdc 2916766 31522 394154408 33463124 41298542 888454612 16403070216 1179951696 142 69415932 1215586104
======================
   8      32 sdc 2916766 31522 394154408 33463124 41299209 888454612 16403411208 1180090660 147 69416936 1215729960
======================
   8      32 sdc 2916766 31522 394154408 33463124 41299851 888454612 16403739912 1180234056 145 69417940 1215873340
======================
   8      32 sdc 2916766 31522 394154408 33463124 41300501 888454612 16404072712 1180378624 135 69418944 1216016924
======================
   8      32 sdc 2916766 31522 394154408 33463124 41301167 888454612 16404413704 1180520340 141 69419948 1216160428
======================
   8      32 sdc 2916766 31522 394154408 33463124 41301794 888454612 16404734728 1180664328 154 69420948 1216303416
======================
   8      32 sdc 2916766 31522 394154408 33463124 41302421 888454612 16405055752 1180814128 135 69421952 1216449032
======================
   8      32 sdc 2916766 31522 394154408 33463124 41303108 888454612 16405407496 1180954412 152 69422956 1216592456
======================
   8      32 sdc 2916766 31522 394154408 33463124 41303784 888454612 16405753608 1181097656 148 69423960 1216735960
======================
   8      32 sdc 2916766 31522 394154408 33463124 41304452 888454612 16406095624 1181240688 152 69424964 1216879488
======================
   8      32 sdc 2916766 31522 394154408 33463124 41305082 888454612 16406418184 1181383476 130 69425972 1217023516
======================
   8      32 sdc 2916767 31522 394154416 33463584 41305519 888454612 16406641928 1181487404 142 69426976 1217125488
======================
   8      32 sdc 2916767 31522 394154416 33463584 41306213 888454612 16406997256 1181629612 152 69427980 1217268844
======================
   8      32 sdc 2916767 31522 394154416 33463584 41306886 888454612 16407341832 1181772508 151 69428984 1217412364
======================
   8      32 sdc 2916767 31522 394154416 33463584 41307524 888454612 16407668488 1181914896 153 69429988 1217555928
======================
   8      32 sdc 2916767 31522 394154416 33463584 41308167 888454612 16407997704 1182059572 150 69430988 1217698724
======================
   8      32 sdc 2916767 31522 394154416 33463584 41308825 888454612 16408334600 1182202344 132 69431992 1217841976
======================
   8      32 sdc 2916767 31522 394154416 33463584 41309467 888454612 16408663304 1182346676 130 69432996 1217986252
======================
   8      32 sdc 2916767 31522 394154416 33463584 41310109 888454612 16408992008 1182490180 128 69434000 1218129664
======================
   8      32 sdc 2916767 31522 394154416 33463584 41310747 888454612 16409318664 1182632504 130 69435004 1218273012
======================
   8      32 sdc 2916767 31522 394154416 33463584 41311408 888454612 16409657096 1182776756 141 69436008 1218416356
======================
   8      32 sdc 2916767 31522 394154416 33463584 41312073 888454612 16409997576 1182920268 148 69437012 1218559872
======================
   8      32 sdc 2916767 31522 394154416 33463584 41312716 888454612 16410326792 1183067476 145 69438016 1218696904
======================
   8      32 sdc 2916768 31522 394154424 33464052 41313203 888454612 16410576136 1183157832 128 69439016 1218797972
======================
   8      32 sdc 2916768 31522 394154424 33464052 41313867 888454612 16410916104 1183301088 136 69440020 1218941276
======================
   8      32 sdc 2916768 31522 394154424 33464052 41314537 888454612 16411259144 1183444124 138 69441024 1219084940
======================
   8      32 sdc 2916768 31522 394154424 33464052 41315161 888454612 16411578632 1183587504 154 69442028 1219228408
======================
   8      32 sdc 2916768 31522 394154424 33464052 41315795 888454612 16411903240 1183732044 128 69443032 1219371632
======================
   8      32 sdc 2916768 31522 394154424 33464052 41316462 888454612 16412245256 1183877364 133 69444032 1219514356
======================
   8      32 sdc 2916768 31522 394154424 33464052 41317134 888454612 16412588808 1184017688 133 69445036 1219657716
======================
   8      32 sdc 2916768 31522 394154424 33464052 41317773 888454612 16412915976 1184160352 134 69446040 1219801276
======================
   8      32 sdc 2916768 31522 394154424 33464052 41318397 888454612 16413235464 1184304020 150 69447044 1219944976
======================
   8      32 sdc 2916768 31522 394154424 33464052 41319063 888454612 16413576456 1184448808 156 69448048 1220088380
======================
   8      32 sdc 2916768 31522 394154424 33464052 41319713 888454612 16413909256 1184595436 146 69449052 1220233272
======================
   8      32 sdc 2916768 31522 394154424 33464052 41320371 888454612 16414246152 1184735384 128 69450056 1220376444
======================
   8      32 sdc 2916769 31522 394154432 33464280 41320998 888454612 16414567176 1184868836 129 69451060 1220507936
======================
   8      32 sdc 2916769 31522 394154432 33464280 41321662 888454612 16414907144 1185010872 137 69452064 1220651392
======================
   8      32 sdc 2916769 31522 394154432 33464280 41322313 888454612 16415240456 1185153508 158 69453068 1220794516
======================
   8      32 sdc 2916769 31522 394154432 33464280 41322955 888454612 16415569160 1185296872 156 69454072 1220938060
======================
   8      32 sdc 2916769 31522 394154432 33464280 41323439 888454612 16415816968 1185441864 152 69455076 1221083980
======================
   8      32 sdc 2916769 31522 394154432 33464280 41324092 888454612 16416151304 1185590492 139 69456076 1221227680
======================
   8      32 sdc 2916769 31522 394154432 33464280 41324761 888454612 16416493832 1185730672 142 69457080 1221371136
======================
   8      32 sdc 2916769 31522 394154432 33464280 41325408 888454612 16416825096 1185873964 135 69458084 1221515104
======================
   8      32 sdc 2916769 31522 394154432 33464280 41326050 888454612 16417153800 1186017576 133 69459088 1221658616
======================
   8      32 sdc 2916769 31522 394154432 33464280 41326722 888454612 16417497864 1186160928 133 69460092 1221802116
======================
   8      32 sdc 2916769 31522 394154432 33464280 41327367 888454612 16417828104 1186307316 128 69461096 1221944992
======================
   8      32 sdc 2916769 31522 394154432 33464280 41328011 888454612 16418157832 1186447008 156 69462100 1222088388
======================
   8      32 sdc 2916770 31522 394154440 33464520 41328629 888454612 16418474248 1186571460 149 69463100 1222211896
======================
   8      32 sdc 2916770 31522 394154440 33464520 41329305 888454612 16418820360 1186714688 145 69464104 1222355268
======================
   8      32 sdc 2916770 31522 394154440 33464520 41329978 888454612 16419164936 1186857368 144 69465108 1222498596
======================
   8      32 sdc 2916770 31522 394154440 33464520 41330654 888454612 16419511048 1187000844 140 69466112 1222642244
======================
   8      32 sdc 2916770 31522 394154440 33464520 41331134 888454612 16419756808 1187142528 140 69467124 1222785872
======================
   8      32 sdc 2916770 31522 394154440 33464520 41331799 888454612 16420097288 1187287340 147 69468128 1222929380
======================
   8      32 sdc 2916770 31522 394154440 33464520 41332467 888454612 16420439304 1187430312 151 69469132 1223072844
======================
   8      32 sdc 2916770 31522 394154440 33464520 41333100 888454612 16420763400 1187572732 158 69470132 1223215676
======================
   8      32 sdc 2916770 31522 394154440 33464520 41333751 888454612 16421096712 1187717240 147 69471136 1223359456
======================
   8      32 sdc 2916770 31522 394154440 33464520 41334415 888454612 16421436680 1187862140 155 69472140 1223496364
======================
   8      32 sdc 2916770 31522 394154440 33464520 41335069 888454612 16421771528 1187997108 141 69473144 1223639752
======================
   8      32 sdc 2916770 31522 394154440 33464520 41335710 888454612 16422100232 1188136660 140 69474148 1223779664
======================
   8      32 sdc 2916771 31522 394154448 33464752 41336328 888454612 16422416136 1188260620 131 69475148 1223903712
======================
   8      32 sdc 2916771 31522 394154448 33464752 41336973 888454612 16422746376 1188404576 158 69476152 1224047036
======================
   8      32 sdc 2916771 31522 394154448 33464752 41337629 888454612 16423082248 1188548492 142 69477156 1224190652
======================
   8      32 sdc 2916771 31522 394154448 33464752 41338291 888454612 16423421192 1188691112 152 69478160 1224333972
======================
   8      32 sdc 2916771 31522 394154448 33464752 41338917 888454612 16423741704 1188836584 134 69479164 1224476732
======================
   8      32 sdc 2916771 31522 394154448 33464752 41339593 888454612 16424087816 1188977956 130 69480168 1224620520
======================
   8      32 sdc 2916771 31522 394154448 33464752 41340252 888454612 16424425224 1189120076 143 69481168 1224763344
======================
   8      32 sdc 2916771 31522 394154448 33464752 41340876 888454612 16424744712 1189263724 159 69482172 1224906840
======================
   8      32 sdc 2916771 31522 394154448 33464752 41341527 888454612 16425078024 1189408372 148 69483176 1225050192
======================
   8      32 sdc 2916771 31522 394154448 33464752 41342197 888454612 16425421064 1189551196 150 69484180 1225193296
======================
   8      32 sdc 2916771 31522 394154448 33464752 41342865 888454612 16425763080 1189698108 154 69485184 1225338344
======================
   8      32 sdc 2916771 31522 394154448 33464752 41343539 888454612 16426108168 1189841784 152 69486188 1225482660
======================
   8      32 sdc 2916772 31522 394154456 33464988 41344139 888454612 16426415368 1189963568 136 69487188 1225606188
======================
   8      32 sdc 2916772 31522 394154456 33464988 41344776 888454612 16426741512 1190107744 130 69488192 1225749808
======================
   8      32 sdc 2916772 31522 394154456 33464988 41345452 888454612 16427087624 1190251328 158 69489196 1225893392
======================
   8      32 sdc 2916772 31522 394154456 33464988 41346102 888454612 16427420424 1190393652 148 69490200 1226037308
======================
   8      32 sdc 2916772 31522 394154456 33464988 41346597 888454612 16427673864 1190541184 133 69491200 1226183624
======================
   8      32 sdc 2916772 31522 394154456 33464988 41347258 888454612 16428012296 1190686432 144 69492204 1226326968
======================
   8      32 sdc 2916772 31522 394154456 33464988 41347913 888454612 16428347656 1190827312 129 69493208 1226470336
======================
   8      32 sdc 2916772 31522 394154456 33464988 41348555 888454612 16428676360 1190972844 132 69494208 1226615292
======================
   8      32 sdc 2916772 31522 394154456 33464988 41349196 888454612 16429004552 1191115976 158 69495216 1226759316
======================
   8      32 sdc 2916772 31522 394154456 33464988 41349839 888454612 16429333768 1191259540 155 69496220 1226902820
======================
   8      32 sdc 2916772 31522 394154456 33464988 41350497 888454612 16429670664 1191403532 137 69497220 1227045816
======================
   8      32 sdc 2916772 31522 394154456 33464988 41351158 888454612 16430009096 1191546212 148 69498224 1227189196
======================
   8      32 sdc 2916773 31522 394154464 33465220 41351778 888454612 16430326536 1191668380 138 69499232 1227310544
======================
   8      32 sdc 2916773 31522 394154464 33465220 41352429 888454612 16430659848 1191810480 146 69500236 1227453848
======================
   8      32 sdc 2916773 31522 394154464 33465220 41353107 888454612 16431006984 1191954084 153 69501236 1227596744
======================
   8      32 sdc 2916773 31522 394154464 33465220 41353750 888454612 16431336200 1192096216 150 69502240 1227740308
======================
   8      32 sdc 2916773 31522 394154464 33465220 41354389 888454612 16431663368 1192241292 151 69503244 1227884400
======================
   8      32 sdc 2916773 31522 394154464 33465220 41355055 888454612 16432004360 1192388088 157 69504248 1228028808
======================
   8      32 sdc 2916773 31522 394154464 33465220 41355730 888454612 16432349960 1192528176 154 69505256 1228171836
======================
   8      32 sdc 2916773 31522 394154464 33465220 41356395 888454612 16432690440 1192672704 129 69506260 1228317220
======================
   8      32 sdc 2916773 31522 394154464 33465220 41357019 888454612 16433009928 1192815576 145 69507264 1228460704
======================
   8      32 sdc 2916773 31522 394154464 33465220 41357662 888454612 16433339144 1192960012 142 69508264 1228603452
======================
   8      32 sdc 2916773 31522 394154464 33465220 41358338 888454612 16433685256 1193103364 138 69509268 1228746764
======================
   8      32 sdc 2916773 31522 394154464 33465220 41358991 888454612 16434019592 1193245560 97 69510272 1228888168
======================
   8      32 sdc 2916774 31522 394154472 33465444 41359612 888454612 16434337544 1193371584 144 69511276 1229014840
======================
   8      32 sdc 2916774 31522 394154472 33465444 41360267 888454612 16434672904 1193515396 129 69512280 1229160176
======================
   8      32 sdc 2916774 31522 394154472 33465444 41360926 888454612 16435010312 1193658560 142 69513284 1229303808
======================
   8      32 sdc 2916774 31522 394154472 33465444 41361552 888454612 16435330824 1193799124 156 69514288 1229447592
======================
   8      32 sdc 2916774 31522 394154472 33465444 41362193 888454612 16435659016 1193946440 155 69515292 1229591276
======================
   8      32 sdc 2916774 31522 394154472 33465444 41362841 888454612 16435990792 1194091636 147 69516296 1229735156
======================
   8      32 sdc 2916774 31522 394154472 33465444 41363507 888454612 16436331784 1194235028 153 69517300 1229878816
======================
   8      32 sdc 2916774 31522 394154472 33465444 41364156 888454612 16436664072 1194377828 144 69518304 1230022464
======================
   8      32 sdc 2916774 31522 394154472 33465444 41364787 888454612 16436987144 1194521424 153 69519308 1230166128
======================
   8      32 sdc 2916774 31522 394154472 33465444 41365450 888454612 16437326600 1194665332 130 69520312 1230309644
======================
   8      32 sdc 2916774 31522 394154472 33465444 41366123 888454612 16437671176 1194809332 129 69521316 1230452980
======================
   8      32 sdc 2916774 31522 394154472 33465444 41366721 888454612 16437977352 1194950332 15 69522320 1230582312
======================
   8      32 sdc 2916775 31522 394154480 33465856 41367228 888454612 16438236936 1195054852 144 69523324 1230700604
======================
   8      32 sdc 2916775 31522 394154480 33465856 41367898 888454612 16438579976 1195199404 146 69524328 1230843820
======================
   8      32 sdc 2916775 31522 394154480 33465856 41368572 888454612 16438925064 1195342224 144 69525328 1230986780
======================
   8      32 sdc 2916775 31522 394154480 33465856 41369232 888454612 16439262984 1195483080 156 69526332 1231130292
======================
   8      32 sdc 2916775 31522 394154480 33465856 41369854 888454612 16439581448 1195631008 142 69527336 1231274864
======================
   8      32 sdc 2916775 31522 394154480 33465856 41370509 888454612 16439916808 1195774296 138 69528340 1231418296
======================
   8      32 sdc 2916775 31522 394154480 33465856 41371183 888454612 16440261896 1195917600 157 69529344 1231561412
======================
   8      32 sdc 2916775 31522 394154480 33465856 41371824 888454612 16440590088 1196060240 156 69530348 1231705264
======================
   8      32 sdc 2916775 31522 394154480 33465856 41372471 888454612 16440921352 1196204100 149 69531352 1231848616
======================
   8      32 sdc 2916775 31522 394154480 33465856 41373136 888454612 16441261832 1196347636 156 69532356 1231991948
======================
   8      32 sdc 2916775 31522 394154480 33465856 41373786 888454612 16441594632 1196490688 146 69533360 1232135660
======================
   8      32 sdc 2916776 31522 394154488 33466096 41374398 888454612 16441907976 1196626252 143 69534364 1232259488
======================
   8      32 sdc 2916776 31522 394154488 33466096 41375013 888454612 16442222856 1196761468 136 69535368 1232403804
======================
   8      32 sdc 2916776 31522 394154488 33466096 41375683 888454612 16442565896 1196901828 138 69536368 1232546448
======================
   8      32 sdc 2916776 31522 394154488 33466096 41376348 888454612 16442906376 1197045272 145 69537372 1232689744
======================
   8      32 sdc 2916776 31522 394154488 33466096 41376996 888454612 16443238152 1197188320 138 69538376 1232833536
======================
   8      32 sdc 2916776 31522 394154488 33466096 41377646 888454612 16443571464 1197332588 145 69539380 1232976600
======================
   8      32 sdc 2916776 31522 394154488 33466096 41378322 888454612 16443917064 1197475528 155 69540384 1233119704
======================
   8      32 sdc 2916776 31522 394154488 33466096 41378969 888454612 16444248328 1197615504 148 69541388 1233261244
======================
   8      32 sdc 2916776 31522 394154488 33466096 41379593 888454612 16444567816 1197766308 132 69542392 1233409544
======================
   8      32 sdc 2916776 31522 394154488 33466096 41380254 888454612 16444906248 1197908596 143 69543396 1233553236
======================
   8      32 sdc 2916776 31522 394154488 33466096 41380930 888454612 16445252360 1198051920 139 69544396 1233696136
======================
   8      32 sdc 2916776 31522 394154488 33466096 41381604 888454612 16445597448 1198194712 137 69545400 1233839384
======================
   8      32 sdc 2916777 31522 394154496 33466320 41382237 888454612 16445921544 1198317756 143 69546404 1233963620
======================
   8      32 sdc 2916777 31522 394154496 33466320 41382845 888454612 16446232840 1198465184 143 69547408 1234107140
======================
   8      32 sdc 2916777 31522 394154496 33466320 41383504 888454612 16446570248 1198605920 156 69548412 1234250460
======================
   8      32 sdc 2916777 31522 394154496 33466320 41384175 888454612 16446913800 1198749528 157 69549416 1234393876
======================
   8      32 sdc 2916777 31522 394154496 33466320 41384674 888454612 16447169288 1198892500 138 69550420 1234540828
======================
   8      32 sdc 2916777 31522 394154496 33466320 41385330 888454612 16447505160 1199039576 154 69551424 1234684332
======================
   8      32 sdc 2916777 31522 394154496 33466320 41385994 888454612 16447845128 1199182924 130 69552428 1234827868
======================
   8      32 sdc 2916777 31522 394154496 33466320 41386642 888454612 16448176904 1199327396 154 69553428 1234969940
======================
   8      32 sdc 2916777 31522 394154496 33466320 41387284 888454612 16448505608 1199468220 152 69554432 1235113312
======================
   8      32 sdc 2916777 31522 394154496 33466320 41387924 888454612 16448833288 1199612620 145 69555436 1235258352
======================
   8      32 sdc 2916777 31522 394154496 33466320 41388577 888454612 16449167624 1199758340 132 69556448 1235402940
======================
   8      32 sdc 2916777 31522 394154496 33466320 41389248 888454612 16449511176 1199903108 133 69557460 1235547496
======================
   8      32 sdc 2916777 31522 394154496 33466320 41389724 888454612 16449754888 1200006220 20 69558464 1235645176
======================
   8      32 sdc 2916777 31522 394154496 33466320 41389724 888454612 16449754888 1200006220 20 69559468 1235665256
======================
   8      32 sdc 2916778 31522 394154504 33467988 41391158 888454612 16450489096 1200139656 135 69560472 1235783628
======================
   8      32 sdc 2916778 31522 394154504 33467988 41391834 888454612 16450835208 1200280996 131 69561480 1235927460
======================
   8      32 sdc 2916778 31522 394154504 33467988 41392318 888454612 16451083016 1200415608 137 69562484 1236070900
======================
   8      32 sdc 2916778 31522 394154504 33467988 41392964 888454612 16451413768 1200566888 153 69563488 1236214576
======================
   8      32 sdc 2916778 31522 394154504 33467988 41393632 888454612 16451755784 1200709316 157 69564488 1236357512
======================
   8      32 sdc 2916778 31522 394154504 33467988 41394284 888454612 16452089608 1200855968 145 69565492 1236501096
======================
   8      32 sdc 2916778 31522 394154504 33467988 41394981 888454612 16452446472 1200996524 152 69566496 1236644572
======================
   8      32 sdc 2916778 31522 394154504 33467988 41395606 888454612 16452766472 1201140032 135 69567500 1236787956
======================
   8      32 sdc 2916778 31522 394154504 33467988 41396248 888454612 16453095176 1201284636 133 69568504 1236931424
======================
   8      32 sdc 2916778 31522 394154504 33467988 41396911 888454612 16453434632 1201426104 142 69569508 1237075780
======================
   8      32 sdc 2916779 31522 394154512 33468196 41397552 888454612 16453762824 1201558704 128 69570512 1237206348
======================
   8      32 sdc 2916779 31522 394154512 33468196 41398180 888454612 16454084360 1201705424 140 69571516 1237350160
======================
   8      32 sdc 2916779 31522 394154512 33468196 41398843 888454612 16454423816 1201845424 149 69572516 1237492436
======================
   8      32 sdc 2916779 31522 394154512 33468196 41399496 888454612 16454758152 1201988580 136 69573520 1237636264
======================
   8      32 sdc 2916779 31522 394154512 33468196 41400115 888454612 16455075080 1202130464 157 69574524 1237779616
======================
   8      32 sdc 2916779 31522 394154512 33468196 41400763 888454612 16455406856 1202275484 149 69575528 1237923432
======================
   8      32 sdc 2916779 31522 394154512 33468196 41401421 888454612 16455743752 1202419808 131 69576532 1238067024
======================
   8      32 sdc 2916779 31522 394154512 33468196 41402080 888454612 16456081160 1202565664 144 69577536 1238211796
======================
   8      32 sdc 2916779 31522 394154512 33468196 41402724 888454612 16456410888 1202706864 140 69578540 1238354916
======================
   8      32 sdc 2916779 31522 394154512 33468196 41403363 888454612 16456738056 1202849548 141 69579540 1238497952
======================
   8      32 sdc 2916779 31522 394154512 33468196 41404045 888454612 16457087240 1202994832 131 69580544 1238642224
======================
   8      32 sdc 2916779 31522 394154512 33468196 41404701 888454612 16457423112 1203137272 147 69581548 1238786112
======================
   8      32 sdc 2916780 31522 394154520 33468432 41405304 888454612 16457731848 1203267788 152 69582552 1238916996
======================
   8      32 sdc 2916780 31522 394154520 33468432 41405955 888454612 16458065160 1203413076 141 69583556 1239060952
======================
   8      32 sdc 2916780 31522 394154520 33468432 41406619 888454612 16458405128 1203555672 149 69584560 1239205020
======================
   8      32 sdc 2916780 31522 394154520 33468432 41407295 888454612 16458751240 1203700340 145 69585564 1239348592
======================
   8      32 sdc 2916780 31522 394154520 33468432 41407928 888454612 16459075336 1203842340 152 69586564 1239491156
======================
   8      32 sdc 2916780 31522 394154520 33468432 41408551 888454612 16459394312 1203985512 137 69587568 1239634980
======================
   8      32 sdc 2916780 31522 394154520 33468432 41409231 888454612 16459742472 1204130892 129 69588572 1239778532
======================
   8      32 sdc 2916780 31522 394154520 33468432 41409887 888454612 16460078344 1204275280 145 69589576 1239922940
======================
   8      32 sdc 2916780 31522 394154520 33468432 41410537 888454612 16460411144 1204417824 135 69590580 1240066636
======================
   8      32 sdc 2916780 31522 394154520 33468432 41411192 888454612 16460746504 1204562168 152 69591584 1240210416
======================
   8      32 sdc 2916780 31522 394154520 33468432 41411857 888454612 16461086984 1204705868 158 69592588 1240353824
======================
   8      32 sdc 2916780 31522 394154520 33468432 41412504 888454612 16461418248 1204848844 152 69593592 1240497708
======================
   8      32 sdc 2916781 31522 394154528 33468664 41413084 888454612 16461715208 1204983468 148 69594596 1240630200
======================
   8      32 sdc 2916781 31522 394154528 33468664 41413742 888454612 16462052616 1205125764 130 69595596 1240771124
======================
   8      32 sdc 2916781 31522 394154528 33468664 41414401 888454612 16462389512 1205267088 143 69596600 1240915468
======================
   8      32 sdc 2916781 31522 394154528 33468664 41415065 888454612 16462729480 1205410924 151 69597604 1241059220
======================
   8      32 sdc 2916781 31522 394154528 33468664 41415700 888454612 16463054600 1205554008 156 69598608 1241202784
======================
   8      32 sdc 2916781 31522 394154528 33468664 41416343 888454612 16463383816 1205697340 153 69599612 1241346628
======================
   8      32 sdc 2916781 31522 394154528 33468664 41417025 888454612 16463733000 1205843776 143 69600616 1241491528
======================
   8      32 sdc 2916781 31522 394154528 33468664 41417668 888454612 16464062216 1205985628 140 69601620 1241635164
======================
   8      32 sdc 2916781 31522 394154528 33468664 41418292 888454612 16464381704 1206129276 156 69602624 1241778596
======================
   8      32 sdc 2916781 31522 394154528 33468664 41418956 888454612 16464721672 1206273904 132 69603624 1241921704
======================
   8      32 sdc 2916781 31522 394154528 33468664 41419627 888454612 16465065224 1206416444 133 69604628 1242065256
======================
   8      32 sdc 2916781 31522 394154528 33468664 41420308 888454612 16465413896 1206559120 156 69605632 1242206940
======================
   8      32 sdc 2916782 31522 394154536 33468908 41420903 888454612 16465718536 1206687784 138 69606636 1242337064
======================
   8      32 sdc 2916782 31522 394154536 33468908 41421528 888454612 16466038536 1206831120 153 69607640 1242480860
======================
   8      32 sdc 2916782 31522 394154536 33468908 41422177 888454612 16466370824 1206975740 144 69608640 1242623888
======================
   8      32 sdc 2916782 31522 394154536 33468908 41422848 888454612 16466714376 1207112320 238 69609644 1242789396
======================
   8      32 sdc 2916782 31522 394154536 33468908 41423348 888454612 16466970376 1207266680 227 69610648 1243032132
======================
   8      32 sdc 2916782 31522 394154536 33468908 41424002 888454612 16467305224 1207424696 236 69611652 1243262504
======================
   8      32 sdc 2916782 31522 394154536 33468908 41424667 888454612 16467645704 1207587336 211 69612656 1243485352
======================
   8      32 sdc 2916782 31522 394154536 33468908 41425283 888454612 16467961096 1207760824 203 69613660 1243701868
======================
   8      32 sdc 2916782 31522 394154536 33468908 41425869 888454612 16468261128 1207946836 192 69614664 1243909668
======================
   8      32 sdc 2916782 31522 394154536 33468908 41426560 888454612 16468614920 1208134588 205 69615668 1244108212
======================
   8      32 sdc 2916782 31522 394154536 33468908 41427208 888454612 16468946696 1208331564 197 69616672 1244298832
======================
   8      32 sdc 2916782 31522 394154536 33468908 41427873 888454612 16469287176 1208527512 172 69617676 1244482660
======================
   8      32 sdc 2916782 31522 394154536 33468908 41428108 888454612 16469407496 1208595176 36 69618684 1244554000
======================
   8      32 sdc 2916783 31522 394154544 33470596 41429104 888454612 16469917448 1208656448 189 69619688 1244610904
======================
   8      32 sdc 2916783 31522 394154544 33470596 41429765 888454612 16470255880 1208884392 168 69620688 1244781116
======================
   8      32 sdc 2916783 31522 394154544 33470596 41430438 888454612 16470600456 1209107972 167 69621692 1244942796
======================
   8      32 sdc 2916783 31522 394154544 33470596 41431060 888454612 16470918920 1209440832 153 69622696 1245092084
======================
   8      32 sdc 2916783 31522 394154544 33470596 41431726 888454612 16471259912 1209585660 153 69623700 1245235552
======================
   8      32 sdc 2916783 31522 394154544 33470596 41432394 888454612 16471601928 1209727268 131 69624704 1245378744
======================
   8      32 sdc 2916783 31522 394154544 33470596 41433079 888454612 16471952648 1209871964 150 69625708 1245522032
======================
   8      32 sdc 2916783 31522 394154544 33470596 41433730 888454612 16472285960 1210013900 139 69626712 1245665416
======================
   8      32 sdc 2916783 31522 394154544 33470596 41434354 888454612 16472605448 1210157136 155 69627716 1245808540
======================
   8      32 sdc 2916783 31522 394154544 33470596 41435010 888454612 16472941320 1210301172 139 69628716 1245951160
======================
   8      32 sdc 2916783 31522 394154544 33470596 41435680 888454612 16473284360 1210444564 141 69629720 1246094592
======================
   8      32 sdc 2916784 31522 394154552 33470844 41436262 888455057 16473581368 1210560060 153 69630724 1246213648
======================
   8      32 sdc 2916784 31522 394154552 33470844 41436950 888455057 16473933624 1210706156 137 69631728 1246356876
======================
   8      32 sdc 2916784 31522 394154552 33470844 41437614 888455057 16474273592 1210849424 145 69632732 1246500320
======================
   8      32 sdc 2916784 31522 394154552 33470844 41438256 888455057 16474602296 1210989552 143 69633736 1246643616
======================
   8      32 sdc 2916784 31522 394154552 33470844 41438889 888455057 16474926392 1211133492 150 69634736 1246786240
======================
   8      32 sdc 2916784 31522 394154552 33470844 41439523 888455057 16475251000 1211278400 156 69635740 1246929272
======================
   8      32 sdc 2916784 31522 394154552 33470844 41440176 888455057 16475585336 1211422344 143 69636744 1247072884
======================
   8      32 sdc 2916784 31522 394154552 33470844 41440826 888455057 16475918136 1211564432 133 69637748 1247216124
======================
   8      32 sdc 2916784 31522 394154552 33470844 41441468 888455057 16476246840 1211708432 131 69638752 1247359240
======================
   8      32 sdc 2916784 31522 394154552 33470844 41442123 888455057 16476582200 1211852516 148 69639756 1247502644
======================
   8      32 sdc 2916784 31522 394154552 33470844 41442799 888455057 16476928312 1211995664 144 69640760 1247645860
======================
   8      32 sdc 2916784 31522 394154552 33470844 41443441 888455057 16477257016 1212138444 72 69641764 1247785848
======================
   8      32 sdc 2916785 31522 394154560 33471132 41443975 888455528 16477510496 1212237248 0 69642732 1247872556
======================
   8      32 sdc 2916785 31522 394154560 33471132 41443976 888455528 16477510496 1212237248 0 69642732 1247872556
======================
   8      32 sdc 2916785 31522 394154560 33471132 41443976 888455528 16477510496 1212237248 0 69642732 1247872556
======================
   8      32 sdc 2916785 31522 394154560 33471132 41443976 888455528 16477510496 1212237248 0 69642732 1247872556
======================
   8      32 sdc 2916785 31522 394154560 33471132 41443976 888455528 16477510496 1212237248 0 69642732 1247872556
======================
   8      32 sdc 2916785 31522 394154560 33471132 41443976 888455528 16477510496 1212237248 0 69642732 1247872556
======================
   8      32 sdc 2917021 31522 394156442 33514120 41443991 888455528 16477510552 1212237248 1 69643512 1247916036
started
======================
   8      32 sdc 2917026 31522 394156482 33515232 41443993 888455528 16477510560 1212237248 0 69644132 1247916656
======================
   8      32 sdc 2917033 31522 394156538 33515240 41443993 888455528 16477510560 1212237248 0 69644140 1247916664
======================
   8      32 sdc 2917033 31522 394156538 33515240 41443993 888455528 16477510560 1212237248 0 69644140 1247916664
======================
   8      32 sdc 2917033 31522 394156538 33515240 41443993 888455528 16477510560 1212237248 0 69644140 1247916664
======================
   8      32 sdc 2917033 31522 394156538 33515240 41443993 888455528 16477510560 1212237248 0 69644140 1247916664
======================
   8      32 sdc 2917033 31522 394156538 33515240 41443993 888455528 16477510560 1212237248 0 69644140 1247916664
======================
   8      32 sdc 2917033 31522 394156538 33515240 41443996 888455530 16477510600 1212237248 0 69644140 1247916664
======================
   8      32 sdc 2917033 31522 394156538 33515240 41443996 888455530 16477510600 1212237248 0 69644140 1247916664
======================
   8      32 sdc 2917033 31522 394156538 33515240 41443996 888455530 16477510600 1212237248 0 69644140 1247916664
======================
   8      32 sdc 2917033 31522 394156538 33515240 41443996 888455530 16477510600 1212237248 0 69644140 1247916664
======================
   8      32 sdc 2917033 31522 394156538 33515240 41446557 888455530 16478198736 1212237796 0 69644256 1247917196
======================
   8      32 sdc 2917033 31522 394156538 33515240 41448777 888455531 16478804712 1212239628 157 69644372 1247919972
======================
   8      32 sdc 2917033 31522 394156538 33515240 41449055 888455531 16478880488 1212349176 135 69645376 1248064736
======================
   8      32 sdc 2917033 31522 394156538 33515240 41449320 888455531 16478952168 1212506640 158 69646380 1248208532
======================
   8      32 sdc 2917033 31522 394156538 33515240 41449598 888455531 16479029992 1212637912 136 69647384 1248352896
======================
   8      32 sdc 2917033 31522 394156538 33515240 41449892 888455531 16479110120 1212780520 130 69648388 1248495896
======================
   8      32 sdc 2917033 31522 394156538 33515240 41450048 888455532 16479154152 1212898852 135 69649388 1248639084
======================
   8      32 sdc 2917033 31522 394156538 33515240 41450287 888455532 16479219712 1213065120 153 69650392 1248781052
======================
   8      32 sdc 2917033 31522 394156538 33515240 41450571 888455532 16479298560 1213207508 157 69651396 1248925232
======================
   8      32 sdc 2917033 31522 394156538 33515240 41450812 888455532 16479367168 1213345700 140 69652400 1249069656
======================
   8      32 sdc 2917033 31522 394156538 33515240 41451078 888455532 16479442688 1213500264 130 69653404 1249212712
======================
   8      32 sdc 2917033 31522 394156538 33515240 41451376 888455533 16479526400 1213645816 153 69654408 1249357340
======================
   8      32 sdc 2917033 31522 394156538 33515240 41451645 888455534 16479603480 1213777756 141 69655412 1249500544
======================
   8      32 sdc 2917033 31522 394156538 33515240 41451868 888455534 16479666968 1213904684 142 69656416 1249647924
======================
   8      32 sdc 2917033 31522 394156538 33515240 41452108 888455534 16479735832 1214070808 158 69657420 1249791560
======================
   8      32 sdc 2917033 31522 394156538 33515240 41452357 888455535 16479806488 1214214344 133 69658436 1249938128
======================
   8      32 sdc 2917033 31522 394156538 33515240 41452528 888455536 16479854360 1214325464 155 69659440 1250081104
======================
   8      32 sdc 2917033 31522 394156538 33515240 41452775 888455537 16479925808 1214499156 133 69660444 1250226112
======================
   8      32 sdc 2917033 31522 394156538 33515240 41452984 888455537 16479984176 1214650704 148 69661448 1250363940
======================
   8      32 sdc 2917033 31522 394156538 33515240 41453200 888455537 16480043568 1214771364 156 69662448 1250507240
======================
   8      32 sdc 2917033 31522 394156538 33515240 41453494 888455537 16480127792 1214937236 150 69663456 1250651472
======================
   8      32 sdc 2917033 31522 394156538 33515240 41453757 888455538 16480203568 1215069560 144 69664460 1250796372
======================
   8      32 sdc 2917033 31522 394156538 33515240 41453988 888455538 16480268872 1215247332 138 69665464 1250937272
======================
   8      32 sdc 2917033 31522 394156538 33515240 41454249 888455538 16480342856 1215359544 133 69666468 1251080096
======================
   8      32 sdc 2917033 31522 394156538 33515240 41454506 888455538 16480417096 1215509268 132 69667472 1251223816
======================
   8      32 sdc 2917033 31522 394156538 33515240 41454658 888455538 16480460872 1215605372 140 69668500 1251371472
======================
   8      32 sdc 2917033 31522 394156538 33515240 41454856 888455539 16480519240 1215764300 135 69669500 1251513248
======================
   8      32 sdc 2917033 31522 394156538 33515240 41455099 888455539 16480588640 1215940684 149 69670508 1251656584
======================
   8      32 sdc 2917033 31522 394156538 33515240 41455391 888455539 16480670304 1216081104 145 69671508 1251800088
======================
   8      32 sdc 2917033 31522 394156538 33515240 41455688 888455539 16480753248 1216228756 136 69672512 1251943332
======================
   8      32 sdc 2917033 31522 394156538 33515240 41455927 888455540 16480822368 1216380996 133 69673528 1252085492
======================
   8      32 sdc 2917033 31522 394156538 33515240 41456166 888455541 16480892512 1216512444 151 69674528 1252228968
======================
   8      32 sdc 2917033 31522 394156538 33515240 41456441 888455541 16480970616 1216657936 133 69675532 1252372412
======================
   8      32 sdc 2917033 31522 394156538 33515240 41456665 888455541 16481035896 1216813756 133 69676536 1252516308
======================
   8      32 sdc 2917033 31522 394156538 33515240 41456892 888455541 16481101944 1216923584 130 69677540 1252660728
======================
   8      32 sdc 2917033 31522 394156538 33515240 41457058 888455541 16481148792 1217079872 156 69678556 1252807252
======================
   8      32 sdc 2917033 31522 394156538 33515240 41457313 888455542 16481221496 1217238668 158 69679560 1252950984
======================
   8      32 sdc 2917033 31522 394156538 33515240 41457483 888455542 16481269648 1217339428 149 69680564 1253094780
======================
   8      32 sdc 2917033 31522 394156538 33515240 41457779 888455542 16481352336 1217526604 141 69681564 1253238416
======================
   8      32 sdc 2917033 31522 394156538 33515240 41458023 888455542 16481424528 1217677484 153 69682568 1253382408
======================
   8      32 sdc 2917033 31522 394156538 33515240 41458268 888455543 16481495184 1217810432 132 69683584 1253526528
======================
   8      32 sdc 2917033 31522 394156538 33515240 41458459 888455544 16481548432 1217946196 134 69684588 1253671224
======================
   8      32 sdc 2917033 31522 394156538 33515240 41458691 888455544 16481614760 1218091268 159 69685588 1253814572
======================
   8      32 sdc 2917033 31522 394156538 33515240 41458927 888455545 16481683112 1218229752 147 69686592 1253959316
======================
   8      32 sdc 2917033 31522 394156538 33515240 41459069 888455545 16481723560 1218358164 133 69687596 1254103520
======================
   8      32 sdc 2917033 31522 394156538 33515240 41459295 888455545 16481789352 1218541792 131 69688600 1254246912
======================
   8      32 sdc 2917033 31522 394156538 33515240 41459566 888455547 16481867432 1218669556 149 69689604 1254391860
======================
   8      32 sdc 2917033 31522 394156538 33515240 41459753 888455547 16481920960 1218808000 155 69690608 1254536144
======================
   8      32 sdc 2917033 31522 394156538 33515240 41459984 888455547 16481987520 1218951368 148 69691612 1254679560
======================
   8      32 sdc 2917033 31522 394156538 33515240 41460199 888455547 16482049984 1219105308 157 69692616 1254823016
======================
   8      32 sdc 2917033 31522 394156538 33515240 41460461 888455548 16482123968 1219247800 151 69693620 1254966764
======================
   8      32 sdc 2917033 31522 394156538 33515240 41460704 888455549 16482194640 1219404400 134 69694624 1255113392
======================
   8      32 sdc 2917033 31522 394156538 33515240 41460937 888455549 16482262488 1219536380 157 69695624 1255257820
