======================
   8      16 sdb 30754403 514759 2610010282 62934128 56654701 379010218 15115127632 2166571812 0 19214080 2229564060
======================
   8      16 sdb 30754403 514759 2610010282 62934128 56654701 379010218 15115127632 2166571812 0 19214080 2229564060
======================
   8      16 sdb 30761468 514759 2610066802 62938204 56654701 379010218 15115127632 2166571812 27 19214288 2229568136
======================
   8      16 sdb 30791182 514759 2610304514 62949080 56654701 379010218 15115127632 2166571812 0 19214932 2229579000
======================
   8      16 sdb 30795933 514759 2610342522 62949696 56654701 379010218 15115127632 2166571812 0 19215044 2229579612
======================
   8      16 sdb 30796178 514759 2610344482 62949724 56654701 379010218 15115127632 2166571812 0 19215072 2229579640
======================
   8      16 sdb 30796335 514759 2610345738 62949760 56655732 379074959 15115653800 2166572296 0 19215380 2229580152
======================
   8      16 sdb 30796618 514759 2610348002 62949816 56662624 379077450 15115728640 2166584516 143 19215512 2229592420
======================
   8      16 sdb 30796774 514759 2610349250 62950208 56680939 379096350 15116011344 2166677180 31 19216248 2229685608
======================
   8      16 sdb 30796929 514759 2610350490 62950228 56681774 379146838 15116437160 2166679648 0 19216412 2229687920
======================
   8      16 sdb 30797148 514759 2610352242 62950276 56681774 379146838 15116437160 2166679648 0 19216460 2229687968
======================
   8      16 sdb 30797339 514759 2610353770 62950368 56682804 379211578 15116963320 2166680156 0 19216732 2229688568
======================
   8      16 sdb 30797494 514759 2610355010 62950416 56695906 379211581 15117068144 2166711892 0 19217016 2229720320
======================
   8      16 sdb 30797763 514759 2610357162 62950480 56707240 379218549 15117213880 2166743804 126 19217276 2229752268
======================
   8      16 sdb 30797902 514759 2610358274 62950900 56736843 379241319 15117631824 2166882860 132 19218280 2229893360
======================
   8      16 sdb 30798007 514759 2610359114 62951048 56750243 379312197 15118307760 2166953144 0 19218916 2229962092
======================
   8      16 sdb 30798270 514759 2610361218 62951148 56750243 379312197 15118307760 2166953144 1 19219020 2229962196
======================
   8      16 sdb 30798428 514759 2610362482 62951384 56750243 379312197 15118307760 2166953144 0 19219252 2229962428
======================
   8      16 sdb 30798547 514759 2610363434 62951424 56753508 379376941 15118851824 2166986128 0 19219652 2229995448
======================
   8      16 sdb 30798769 514759 2610365210 62951468 56753508 379376941 15118851824 2166986128 0 19219696 2229995492
======================
   8      16 sdb 30798988 514759 2610366962 62951500 56753508 379376941 15118851824 2166986128 0 19219728 2229995524
======================
   8      16 sdb 30799035 514759 2610367338 62951508 56768369 379441683 15119488648 2167057476 137 19220424 2230067148
======================
   8      16 sdb 30799118 514759 2610368002 62951524 56785697 379441687 15119627296 2167128764 0 19220948 2230138144
======================
   8      16 sdb 30799379 514759 2610370090 62951572 56785697 379441687 15119627296 2167128764 0 19220996 2230138192
======================
   8      16 sdb 30799589 514759 2610371770 62951604 56786727 379506427 15120153456 2167129420 0 19221204 2230138876
======================
   8      16 sdb 30799589 514759 2610371770 62951604 56816419 379508530 15120407040 2167282544 278 19222156 2230291924
======================
   8      16 sdb 30799747 514759 2610373034 62951644 56833732 379518046 15120622440 2167362376 0 19222600 2230371760
======================
   8      16 sdb 30799974 514759 2610374850 62951668 56833732 379518046 15120622440 2167362376 0 19222624 2230371784
======================
   8      16 sdb 30800148 514759 2610376242 62951688 56840181 379582789 15121191976 2167380728 159 19222940 2230390148
======================
   8      16 sdb 30800221 514759 2610376826 62951732 56861603 379582795 15121363392 2167478576 0 19223672 2230488008
======================
   8      16 sdb 30800411 514759 2610378346 62951756 56861603 379582795 15121363392 2167478576 0 19223696 2230488032
======================
   8      16 sdb 30800698 514759 2610380642 62951784 56861603 379582795 15121363392 2167478576 0 19223724 2230488060
======================
   8      16 sdb 30800705 514759 2610380698 62951784 56883368 379647548 15122055544 2167571164 127 19224556 2230580992
======================
   8      16 sdb 30800844 514759 2610381810 62951828 56889506 379647551 15122104664 2167589396 0 19224732 2230598876
======================
   8      16 sdb 30801111 514759 2610383946 62951876 56889506 379647551 15122104664 2167589396 0 19224776 2230598920
======================
   8      16 sdb 30801279 514759 2610385290 62951900 56896509 379712294 15122678632 2167607652 129 19225092 2230617168
======================
   8      16 sdb 30801279 514759 2610385290 62951900 56924324 379712297 15122901176 2167748588 138 19226096 2230758068
======================
   8      16 sdb 30801553 514759 2610387482 62951976 56925120 379712297 15122907536 2167751320 0 19226192 2230760876
======================
   8      16 sdb 30801841 514759 2610389786 62952016 56925120 379712297 15122907536 2167751320 0 19226232 2230760916
======================
   8      16 sdb 30801842 514759 2610389794 62952016 56951384 379777045 15123635632 2167847952 139 19227096 2230857912
======================
   8      16 sdb 30801984 514759 2610390930 62952056 56960748 379777047 15123710552 2167879928 0 19227364 2230889480
======================
   8      16 sdb 30802270 514759 2610393218 62952092 56960748 379777047 15123710552 2167879928 0 19227400 2230889516
======================
   8      16 sdb 30802401 514759 2610394266 62952112 56971338 379841789 15124313208 2167915888 142 19227860 2230925844
======================
   8      16 sdb 30802497 514759 2610395034 62952140 56996233 379841793 15124512392 2168003344 0 19228516 2231012920
======================
   8      16 sdb 30802671 514759 2610396426 62952164 56996233 379841793 15124512392 2168003344 0 19228540 2231012944
======================
   8      16 sdb 30802922 514759 2610398434 62952204 56996233 379841793 15124512392 2168003344 0 19228580 2231012984
======================
   8      16 sdb 30802966 514759 2610398786 62952208 57018728 379907042 15125213512 2168084212 280 19229332 2231097880
======================
   8      16 sdb 30803073 514759 2610399642 62952220 57040978 379915728 15125461832 2168225024 0 19230000 2231234632
======================
   8      16 sdb 30803253 514759 2610401082 62952248 57040978 379915728 15125461832 2168225024 0 19230028 2231234660
======================
   8      16 sdb 30803512 514759 2610403154 62952276 57040978 379915728 15125461832 2168225024 0 19230056 2231234688
======================
   8      16 sdb 30803533 514759 2610403322 62952280 57058662 379980471 15126121248 2168315772 139 19230868 2231326136
======================
   8      16 sdb 30803711 514759 2610404746 62952336 57070636 379980474 15126217056 2168357180 1 19231212 2231366828
======================
   8      16 sdb 30804009 514759 2610407130 62952388 57070636 379980474 15126217056 2168357180 0 19231264 2231366880
======================
   8      16 sdb 30804099 514759 2610407850 62952400 57083297 380045217 15126836288 2168409772 141 19231824 2231419948
======================
   8      16 sdb 30804215 514759 2610408778 62952432 57100369 380045224 15126972912 2168479900 0 19232352 2231489576
======================
   8      16 sdb 30804509 514759 2610411130 62952480 57100369 380045224 15126972912 2168479900 0 19232400 2231489624
======================
   8      16 sdb 30804661 514759 2610412346 62952500 57109805 380109967 15127566344 2168504340 152 19232768 2231514284
======================
   8      16 sdb 30804669 514759 2610412410 62952508 57135862 380109973 15127774840 2168639632 0 19233732 2231649332
======================
   8      16 sdb 30804838 514759 2610413762 62952552 57135862 380109973 15127774840 2168639632 0 19233776 2231649376
======================
   8      16 sdb 30805126 514759 2610416066 62952580 57135862 380109973 15127774840 2168639632 0 19233804 2231649404
======================
   8      16 sdb 30805230 514759 2610416898 62952600 57148170 380174718 15128391264 2168687072 155 19234340 2231697448
======================
   8      16 sdb 30805331 514759 2610417706 62952640 57171293 380174720 15128576256 2168770892 0 19234976 2231780644
======================
   8      16 sdb 30805524 514759 2610419250 62952676 57171293 380174720 15128576256 2168770892 0 19235012 2231780680
======================
   8      16 sdb 30805791 514759 2610421386 62952728 57171581 380192974 15128724224 2168771036 2 19235128 2231780872
======================
   8      16 sdb 30805791 514759 2610421386 62952728 57200137 380239464 15129324960 2168869104 135 19236008 2231879048
======================
   8      16 sdb 30805989 514759 2610422970 62952776 57206820 380239465 15129378424 2168891696 0 19236220 2231901524
======================
   8      16 sdb 30806280 514759 2610425298 62952832 57206820 380239465 15129378424 2168891696 0 19236276 2231901580
======================
   8      16 sdb 30806349 514759 2610425850 62952852 57225563 380304209 15130046320 2168958352 118 19236932 2231968680
======================
   8      16 sdb 30806439 514759 2610426570 62952924 57251140 380316661 15130350544 2169109148 1 19237716 2232119052
======================
   8      16 sdb 30806740 514759 2610428978 62952972 57251140 380316661 15130350544 2169109148 0 19237764 2232119100
======================
   8      16 sdb 30806917 514759 2610430394 62952996 57256950 380381402 15130914952 2169122224 159 19238052 2232132312
======================
   8      16 sdb 30806945 514759 2610430618 62953016 57281395 380381402 15131110504 2169240176 0 19238900 2232250120
======================
   8      16 sdb 30807240 514759 2610432978 62953064 57281395 380381402 15131110504 2169240176 0 19238948 2232250168
======================
   8      16 sdb 30807479 514759 2610434890 62953096 57282304 380438911 15131575912 2169240808 4 19239160 2232250812
======================
   8      16 sdb 30807479 514759 2610434890 62953096 57308925 380446148 15131848704 2169360632 120 19240040 2232370816
======================
   8      16 sdb 30807666 514759 2610436386 62953164 57311329 380446148 15131867936 2169367804 0 19240152 2232377828
======================
   8      16 sdb 30807886 514759 2610438146 62953180 57311329 380446148 15131867936 2169367804 0 19240168 2232377844
======================
   8      16 sdb 30808042 514759 2610439394 62953196 57319633 380510890 15132452304 2169388712 145 19240508 2232399188
======================
   8      16 sdb 30808042 514759 2610439394 62953196 57343773 380510894 15132645456 2169530920 152 19241512 2232541460
======================
   8      16 sdb 30808254 514759 2610441090 62953268 57346946 380510895 15132670840 2169542248 0 19241660 2232552316
======================
   8      16 sdb 30808543 514759 2610443402 62953300 57346946 380510895 15132670840 2169542248 0 19241692 2232552348
======================
   8      16 sdb 30808587 514759 2610443754 62953304 57366728 380575642 15133347064 2169618820 123 19242404 2232628904
======================
   8      16 sdb 30808727 514759 2610444874 62953376 57382366 380575647 15133472208 2169672736 0 19242860 2232682872
======================
   8      16 sdb 30808914 514759 2610446370 62953400 57382366 380575647 15133472208 2169672736 0 19242884 2232682896
======================
   8      16 sdb 30809149 514759 2610448250 62953428 57383394 380640388 15133998360 2169673276 0 19243088 2232683464
======================
   8      16 sdb 30809149 514759 2610448250 62953428 57411140 380640393 15134220368 2169798020 141 19243984 2232808428
======================
   8      16 sdb 30809292 514759 2610449394 62953516 57418364 380640398 15134278192 2169822244 0 19244252 2232832420
======================
   8      16 sdb 30809519 514759 2610451210 62953556 57418364 380640398 15134278192 2169822244 0 19244292 2232832460
======================
   8      16 sdb 30809708 514759 2610452722 62953588 57419393 380705139 15134804352 2169822776 0 19244500 2232833024
======================
   8      16 sdb 30809708 514759 2610452722 62953588 57458171 380713681 15135182080 2170031504 120 19245492 2233041692
======================
   8      16 sdb 30809918 514759 2610454402 62953632 57460973 380716338 15135226576 2170038168 0 19245580 2233048396
======================
   8      16 sdb 30810210 514759 2610456738 62953676 57460973 380716338 15135226576 2170038168 0 19245624 2233048440
======================
   8      16 sdb 30810263 514759 2610457162 62953688 57478581 380781081 15135885384 2170105932 145 19246320 2233122088
======================
   8      16 sdb 30810318 514759 2610457602 62953740 57491409 380781084 15135988024 2170208724 0 19247052 2233219028
======================
   8      16 sdb 30810518 514759 2610459202 62953768 57491409 380781084 15135988024 2170208724 0 19247080 2233219056
======================
   8      16 sdb 30810805 514759 2610461498 62953816 57491409 380781084 15135988024 2170208724 0 19247128 2233219104
======================
   8      16 sdb 30810827 514759 2610461674 62953820 57508679 380845830 15136644152 2170292544 140 19247888 2233303516
======================
   8      16 sdb 30810982 514759 2610462914 62953864 57521920 380845834 15136750104 2170338656 0 19248260 2233349032
======================
   8      16 sdb 30811280 514759 2610465298 62953904 57521920 380845834 15136750104 2170338656 0 19248296 2233349068
======================
   8      16 sdb 30811391 514759 2610466186 62953924 57531918 380910575 15137348016 2170377896 126 19248772 2233389060
======================
   8      16 sdb 30811391 514759 2610466186 62953924 57537647 380910575 15137393848 2170521052 157 19249772 2233532312
======================
   8      16 sdb 30811470 514759 2610466818 62953980 57557377 380910580 15137551720 2170600712 0 19250396 2233611624
======================
   8      16 sdb 30811773 514759 2610469242 62954012 57557377 380910580 15137551720 2170600712 0 19250428 2233611656
======================
   8      16 sdb 30811962 514759 2610470754 62954036 57561934 380975322 15138106096 2170609624 123 19250688 2233620660
======================
   8      16 sdb 30811962 514759 2610470754 62954036 57583799 380975327 15138281072 2170751404 136 19251692 2233762628
======================
   8      16 sdb 30812124 514759 2610472050 62954208 57593124 380975329 15138355680 2170783656 0 19252096 2233794760
======================
   8      16 sdb 30812434 514759 2610474530 62954252 57593124 380975329 15138355680 2170783656 0 19252140 2233794804
======================
   8      16 sdb 30812539 514759 2610475370 62954276 57598087 381040070 15138913312 2170831884 128 19252692 2233845740
======================
   8      16 sdb 30812539 514759 2610475370 62954276 57602510 381040071 15138948704 2170976244 153 19253696 2233989680
======================
   8      16 sdb 30812539 514759 2610475370 62954276 57626381 381040075 15139139704 2171121812 151 19254700 2234133032
======================
   8      16 sdb 30812749 514759 2610477050 62954344 57628764 381040075 15139158760 2171130124 0 19254828 2234141312
======================
   8      16 sdb 30813014 514759 2610479170 62954392 57628764 381040075 15139158760 2171130124 0 19254876 2234141360
======================
   8      16 sdb 30813101 514759 2610479866 62954408 57644914 381104818 15139805904 2171190000 138 19255480 2234201344
======================
   8      16 sdb 30813210 514759 2610480738 62954452 57664636 381104822 15139963704 2171257476 0 19256004 2234268700
======================
   8      16 sdb 30813508 514759 2610483122 62954500 57664636 381104822 15139963704 2171257476 0 19256052 2234268748
======================
   8      16 sdb 30813671 514759 2610484426 62954524 57671081 381169564 15140533200 2171276020 128 19256384 2234288412
======================
   8      16 sdb 30813671 514759 2610484426 62954524 57680844 381169565 15140611312 2171421012 128 19257388 2234432412
======================
   8      16 sdb 30813783 514759 2610485322 62954612 57700376 381169567 15140767576 2171492760 0 19257996 2234504104
======================
   8      16 sdb 30814080 514759 2610487698 62954660 57700376 381169567 15140767576 2171492760 0 19258044 2234504152
======================
   8      16 sdb 30814234 514759 2610488930 62954684 57708539 381234314 15141350856 2171515140 129 19258396 2234526808
======================
   8      16 sdb 30814270 514759 2610489218 62954760 57746097 381242891 15141719280 2171658476 92 19259404 2234671140
======================
   8      16 sdb 30814425 514759 2610490458 62955168 57776526 381266950 15142155144 2171783920 132 19260404 2234804852
======================
   8      16 sdb 30814579 514759 2610491690 62955508 57792713 381282327 15142408344 2171874400 0 19261032 2234887612
======================
   8      16 sdb 30814770 514759 2610493218 62955544 57792713 381282327 15142408344 2171874400 0 19261068 2234887648
======================
   8      16 sdb 30814916 514759 2610494386 62955616 57793744 381347068 15142934512 2171874988 0 19261316 2234888304
======================
   8      16 sdb 30815170 514759 2610496418 62955660 57793744 381347068 15142934512 2171874988 0 19261360 2234888348
======================
   8      16 sdb 30815365 514759 2610497978 62955676 57794776 381411808 15143460680 2171875420 1 19261548 2234888792
======================
   8      16 sdb 30815602 514759 2610499874 62955740 57794776 381411808 15143460680 2171875420 0 19261612 2234888856
======================
   8      16 sdb 30815853 514759 2610501882 62955776 57794776 381411808 15143460680 2171875420 0 19261648 2234888892
======================
   8      16 sdb 30815927 514759 2610502474 62955784 57803695 381476550 15144049968 2171936792 138 19262260 2234950876
======================
   8      16 sdb 30815935 514759 2610502538 62955792 57830417 381476559 15144263808 2172069352 0 19263216 2235082752
======================
   8      16 sdb 30816132 514759 2610504114 62955848 57830417 381476559 15144263808 2172069352 1 19263272 2235082808
======================
   8      16 sdb 30816363 514759 2610505962 62955888 57830417 381476559 15144263808 2172069352 0 19263312 2235082848
======================
   8      16 sdb 30816489 514759 2610506970 62955900 57841746 381541301 15144872376 2172103924 134 19263736 2235118228
======================
   8      16 sdb 30816539 514759 2610507370 62955932 57866160 381541306 15145067720 2172196016 0 19264420 2235209500
======================
   8      16 sdb 30816747 514759 2610509034 62955976 57866160 381541306 15145067720 2172196016 0 19264464 2235209544
======================
   8      16 sdb 30817045 514759 2610511418 62956016 57866160 381541306 15145067720 2172196016 0 19264504 2235209584
======================
   8      16 sdb 30817059 514759 2610511530 62956020 57890231 381606048 15145778224 2172279740 150 19265312 2235294196
======================
   8      16 sdb 30817194 514759 2610512610 62956128 57901721 381606051 15145870160 2172321092 0 19265712 2235334692
======================
   8      16 sdb 30817401 514759 2610514266 62956168 57901721 381606051 15145870160 2172321092 0 19265752 2235334732
======================
   8      16 sdb 30817611 514759 2610515946 62956184 57902751 381670791 15146396320 2172321584 0 19265960 2235335236
======================
   8      16 sdb 30817611 514759 2610515946 62956184 57927522 381670795 15146594520 2172459980 159 19266928 2235473980
======================
   8      16 sdb 30817626 514759 2610516066 62956216 57937625 381670797 15146675352 2172494580 0 19267208 2235508208
======================
   8      16 sdb 30817626 514759 2610516066 62956216 57937625 381670797 15146675352 2172494580 0 19267208 2235508208
======================
   8      16 sdb 30817629 514759 2610516090 62956236 57965474 381698662 15147700576 2172565404 148 19267764 2235578980
======================
   8      16 sdb 30817631 514759 2610516106 62956336 57986713 381718297 15148640528 2172690780 154 19268768 2235704772
======================
   8      16 sdb 30817632 514759 2610516114 62956456 57999804 381728256 15149158568 2172823796 45 19269772 2235838232
======================
   8      16 sdb 30817635 514759 2610516138 62956852 58000975 381728256 15149758120 2172928024 143 19270772 2235948936
======================
   8      16 sdb 30817636 514759 2610516146 62956864 58002734 381728256 15150658728 2173072084 143 19271776 2236091348
======================
   8      16 sdb 30817639 514759 2610516170 62956912 58004656 381728256 15151642792 2173213384 154 19272780 2236232848
======================
   8      16 sdb 30817640 514759 2610516178 62957024 58005234 381728273 15151938360 2173340724 141 19273784 2236375316
======================
   8      16 sdb 30817641 514759 2610516186 62957092 58005748 381728273 15152201528 2173483964 140 19274788 2236517136
======================
   8      16 sdb 30817644 514759 2610516210 62957200 58007255 381728273 15152973112 2173637924 156 19275788 2236656944
======================
   8      16 sdb 30817648 514759 2610516242 62957316 58009211 381728273 15153974584 2173774904 134 19276792 2236794788
======================
   8      16 sdb 30817649 514759 2610516250 62957360 58011167 381728273 15154976056 2173915860 156 19277792 2236934976
======================
   8      16 sdb 30817652 514759 2610516274 62957500 58013053 381728273 15155941688 2174050912 109 19278796 2237070176
======================
   8      16 sdb 30817656 514759 2610516306 62957676 58015011 381728273 15156944184 2174184280 129 19279800 2237204384
======================
   8      16 sdb 30817660 514759 2610516338 62957928 58016895 381728273 15157908792 2174317896 131 19280804 2237338076
======================
   8      16 sdb 30817661 514759 2610516346 62957992 58018864 381728273 15158916920 2174453984 131 19281804 2237474800
======================
   8      16 sdb 30817664 514759 2610516370 62958228 58020446 381728273 15159726904 2174564252 128 19282808 2237597964
======================
   8      16 sdb 30817666 514759 2610516386 62958368 58021473 381728273 15160252728 2174705692 128 19283812 2237730560
======================
   8      16 sdb 30817668 514759 2610516402 62958384 58022528 381728273 15160792888 2174848188 137 19284812 2237873052
======================
   8      16 sdb 30817671 514759 2610516426 62958420 58023893 381728273 15161491768 2174995352 135 19285816 2238015904
======================
   8      16 sdb 30817672 514759 2610516434 62958440 58025782 381728273 15162458936 2175131728 146 19286820 2238157780
======================
   8      16 sdb 30817675 514759 2610516458 62958524 58027775 381728273 15163479352 2175275800 131 19287824 2238296896
======================
   8      16 sdb 30817679 514759 2610516490 62958632 58029696 381728273 15164462904 2175414152 148 19288828 2238435524
======================
   8      16 sdb 30817683 514759 2610516522 62958756 58031621 381728273 15165448504 2175553452 157 19289828 2238573948
======================
   8      16 sdb 30817684 514759 2610516530 62958796 58033539 381728273 15166430520 2175693664 154 19290832 2238714468
======================
   8      16 sdb 30817687 514759 2610516554 62958948 58035482 381728273 15167425336 2175827504 129 19291836 2238848952
======================
   8      16 sdb 30817691 514759 2610516586 62959140 58037383 381728273 15168398648 2175960760 151 19292840 2238982588
======================
   8      16 sdb 30817695 514759 2610516618 62959348 58039303 381728273 15169381688 2176092652 128 19293840 2239112744
======================
   8      16 sdb 30817696 514759 2610516626 62959412 58041258 381728273 15170382648 2176228240 132 19294844 2239250624
======================
   8      16 sdb 30817698 514759 2610516642 62959616 58042534 381728273 15171035960 2176353000 135 19295848 2239380448
======================
   8      16 sdb 30817701 514759 2610516666 62959664 58043806 381728273 15171687224 2176495556 139 19296852 2239518432
======================
   8      16 sdb 30817704 514759 2610516690 62959692 58045731 381728273 15172672824 2176638436 134 19297856 2239662028
======================
   8      16 sdb 30817708 514759 2610516722 62959756 58047656 381728273 15173658424 2176781156 132 19298856 2239804336
======================
   8      16 sdb 30817708 514759 2610516722 62959756 58049595 381728273 15174651192 2176923908 145 19299860 2239947252
======================
   8      16 sdb 30817712 514759 2610516754 62959904 58051379 381728273 15175564600 2177058180 156 19300864 2240085476
======================
   8      16 sdb 30817713 514759 2610516762 62959960 58052279 381728273 15176025400 2177197052 144 19301868 2240227948
======================
   8      16 sdb 30817715 514759 2610516778 62960140 58053105 381728273 15176448312 2177332576 158 19302872 2240363128
======================
   8      16 sdb 30817718 514759 2610516802 62960264 58054654 381728273 15177241400 2177477192 142 19303872 2240500920
======================
   8      16 sdb 30817719 514759 2610516810 62960316 58056619 381728273 15178247480 2177618072 143 19304876 2240641912
======================
   8      16 sdb 30817722 514759 2610516834 62960488 58058528 381728273 15179224888 2177750748 106 19305880 2240774492
======================
   8      16 sdb 30817726 514759 2610516866 62960668 58060387 381728273 15180176696 2177880068 157 19306884 2240905032
======================
   8      16 sdb 30817730 514759 2610516898 62960908 58062350 381728273 15181181752 2178006452 136 19307888 2241031140
======================
   8      16 sdb 30817731 514759 2610516906 62960980 58064315 381728273 15182187832 2178143848 144 19308892 2241168780
======================
   8      16 sdb 30817734 514759 2610516930 62961220 58066238 381728273 15183172408 2178268828 76 19309892 2241292488
======================
   8      16 sdb 30817738 514759 2610516962 62961520 58068169 381728522 15184154504 2178385400 131 19310896 2241410520
======================
   8      16 sdb 30817742 514759 2610516994 62961804 58070052 381728522 15185118600 2178504360 137 19311900 2241529192
======================
   8      16 sdb 30817743 514759 2610517002 62961876 58072070 381728522 15186151816 2178640488 153 19312908 2241665844
======================
   8      16 sdb 30817746 514759 2610517026 62962124 58073993 381728522 15187136392 2178763584 18 19313920 2241785228
======================
   8      16 sdb 30817750 514759 2610517058 62962424 58075911 381728522 15188118408 2178882648 135 19314932 2241908964
======================
   8      16 sdb 30817754 514759 2610517090 62962720 58077839 381728545 15189104720 2178999664 141 19315936 2242026160
======================
   8      16 sdb 30817755 514759 2610517098 62962800 58079735 381728562 15190074600 2179133880 137 19316932 2242161384
======================
   8      16 sdb 30817759 514759 2610517130 62963124 58081725 381728562 15191093480 2179254476 118 19317936 2242276084
======================
   8      16 sdb 30817762 514759 2610517154 62963348 58083651 381728562 15192079592 2179375384 92 19318940 2242401388
======================
   8      16 sdb 30817766 514759 2610517186 62963656 58085578 381728562 15193066216 2179495212 140 19319944 2242522136
======================
   8      16 sdb 30817767 514759 2610517194 62963740 58087520 381728585 15194060200 2179630248 136 19320948 2242657260
======================
   8      16 sdb 30817770 514759 2610517218 62963972 58089425 381728585 15195035056 2179753936 147 19321948 2242778948
======================
   8      16 sdb 30817773 514759 2610517242 62964192 58091352 381728602 15196020808 2179874392 43 19322952 2242899460
======================
   8      16 sdb 30817777 514759 2610517274 62964496 58093275 381728602 15197005384 2179990544 155 19323948 2243018244
======================
   8      16 sdb 30817778 514759 2610517282 62964576 58095238 381728602 15198010440 2180126716 148 19324952 2243153748
======================
   8      16 sdb 30817782 514759 2610517314 62964912 58097162 381728626 15198994712 2180239328 154 19325956 2243267360
======================
   8      16 sdb 30817785 514759 2610517338 62965124 58099043 381728643 15199956408 2180363152 37 19326960 2243388688
======================
   8      16 sdb 30817789 514759 2610517370 62965416 58100987 381728643 15200951736 2180482708 141 19327960 2243511848
======================
   8      16 sdb 30817790 514759 2610517378 62965500 58102890 381728643 15201926072 2180618376 153 19328980 2243649956
======================
   8      16 sdb 30817794 514759 2610517410 62965832 58104853 381728643 15202931128 2180731680 143 19329984 2243763408
======================
   8      16 sdb 30817798 514759 2610517442 62966124 58106778 381728665 15203915896 2180854940 103 19330988 2243882776
======================
   8      16 sdb 30817801 514759 2610517466 62966340 58108644 381728682 15204870416 2180974228 151 19331984 2244006176
======================
   8      16 sdb 30817802 514759 2610517474 62966412 58110631 381728682 15205887760 2181108832 137 19332988 2244141508
======================
   8      16 sdb 30817806 514759 2610517506 62966764 58112577 381728682 15206884112 2181219992 142 19333992 2244252740
======================
   8      16 sdb 30817810 514759 2610517538 62967068 58114485 381728682 15207861008 2181340056 130 19334992 2244370612
======================
   8      16 sdb 30817813 514759 2610517562 62967256 58116394 381728704 15208837584 2181456636 100 19335992 2244489628
======================
   8      16 sdb 30817814 514759 2610517570 62967340 58118321 381728720 15209823328 2181592048 150 19336996 2244625544
======================
   8      16 sdb 30817818 514759 2610517602 62967656 58120279 381728720 15210825824 2181705968 146 19338000 2244739992
======================
   8      16 sdb 30817822 514759 2610517634 62967944 58122155 381728720 15211786336 2181828556 150 19339004 2244858876
======================
   8      16 sdb 30817825 514759 2610517658 62968124 58123892 381728720 15212675680 2181952548 133 19340004 2244986688
======================
   8      16 sdb 30817827 514759 2610517674 62968152 58125817 381728744 15213660968 2182094812 143 19341008 2245128956
======================
   8      16 sdb 30817831 514759 2610517706 62968204 58127749 381728744 15214650152 2182236712 139 19342012 2245271328
======================
   8      16 sdb 30817834 514759 2610517730 62968252 58129650 381728744 15215623464 2182379400 135 19343016 2245413900
======================
   8      16 sdb 30817838 514759 2610517762 62968340 58131508 381728744 15216574760 2182515172 155 19344020 2245554304
======================
   8      16 sdb 30817842 514759 2610517794 62968472 58133497 381728744 15217593128 2182656188 156 19345020 2245690652
======================
   8      16 sdb 30817846 514759 2610517826 62968596 58135417 381728744 15218576168 2182796652 140 19346024 2245830252
======================
   8      16 sdb 30817849 514759 2610517850 62968704 58137337 381728744 15219559208 2182931688 151 19347028 2245966676
======================
   8      16 sdb 30817853 514759 2610517882 62968872 58139260 381728744 15220543784 2183065928 130 19348028 2246100832
======================
   8      16 sdb 30817858 514759 2610517922 62969096 58141175 381728744 15221524264 2183192520 155 19349032 2246228104
======================
   8      16 sdb 30817861 514759 2610517946 62969240 58143075 381728744 15222497064 2183325848 46 19350032 2246359340
======================
   8      16 sdb 30817865 514759 2610517978 62969484 58144714 381728744 15223336232 2183453056 150 19351036 2246488904
======================
   8      16 sdb 30817868 514759 2610518002 62969676 58146477 381728744 15224238888 2183580940 143 19352040 2246617420
======================
   8      16 sdb 30817873 514759 2610518042 62969964 58148377 381728810 15225211584 2183698512 149 19353036 2246734188
======================
   8      16 sdb 30817877 514759 2610518074 62970256 58150322 381728852 15226205032 2183820948 140 19354040 2246854308
======================
   8      16 sdb 30817880 514759 2610518098 62970480 58152243 381728852 15227187408 2183941360 103 19355044 2246978380
======================
   8      16 sdb 30817884 514759 2610518130 62970776 58154153 381728852 15228165328 2184058488 156 19356044 2247096860
======================
   8      16 sdb 30817889 514759 2610518170 62971096 58156028 381728852 15229125328 2184175592 133 19357048 2247211812
======================
   8      16 sdb 30817892 514759 2610518194 62971260 58157961 381728891 15230114200 2184295560 22 19358048 2247329748
======================
   8      16 sdb 30817896 514759 2610518226 62971560 58159840 381728891 15231074864 2184414676 136 19359052 2247452484
======================
   8      16 sdb 30817900 514759 2610518258 62971856 58161805 381728891 15232080944 2184533280 145 19360048 2247571860
======================
   8      16 sdb 30817905 514759 2610518298 62972192 58163723 381728891 15233062960 2184646976 140 19361044 2247685200
======================
   8      16 sdb 30817908 514759 2610518322 62972408 58165648 381728891 15234048560 2184769828 15 19362048 2247804780
======================
   8      16 sdb 30817912 514759 2610518354 62972692 58167573 381728914 15235033336 2184882028 140 19363044 2247921204
======================
   8      16 sdb 30817916 514759 2610518386 62973032 58169424 381728931 15235980176 2184998580 130 19364048 2248038056
======================
   8      16 sdb 30817921 514759 2610518426 62973356 58171376 381728931 15236979600 2185114156 140 19365052 2248152572
======================
   8      16 sdb 30817924 514759 2610518450 62973576 58173298 381728931 15237963664 2185236928 49 19366052 2248275392
======================
   8      16 sdb 30817928 514759 2610518482 62973872 58175231 381728931 15238953360 2185355824 148 19367060 2248396664
======================
   8      16 sdb 30817932 514759 2610518514 62974164 58177158 381728956 15239939176 2185468000 137 19368064 2248509560
======================
   8      16 sdb 30817937 514759 2610518554 62974484 58179009 381728974 15240885520 2185580776 155 19369060 2248622160
======================
   8      16 sdb 30817940 514759 2610518578 62974700 58181006 381728974 15241908496 2185706276 26 19370068 2248744684
======================
   8      16 sdb 30817944 514759 2610518610 62975020 58182902 381728974 15242879248 2185824416 156 19371068 2248866420
======================
   8      16 sdb 30817948 514759 2610518642 62975340 58184803 381728974 15243852048 2185942748 132 19372072 2248985204
======================
   8      16 sdb 30817953 514759 2610518682 62975612 58186706 381729012 15244825552 2186058684 152 19373076 2249097004
======================
   8      16 sdb 30817956 514759 2610518706 62975832 58188636 381729012 15245812832 2186179476 80 19374080 2249221424
======================
   8      16 sdb 30817960 514759 2610518738 62976128 58190557 381729012 15246796384 2186299352 153 19375084 2249342588
======================
   8      16 sdb 30817964 514759 2610518770 62976424 58192489 381729012 15247785568 2186418204 150 19376092 2249461660
======================
   8      16 sdb 30817969 514759 2610518810 62976740 58194418 381729012 15248773216 2186535072 155 19377096 2249576476
======================
   8      16 sdb 30817972 514759 2610518834 62976964 58196337 381729036 15249754928 2186652104 61 19378092 2249694284
======================
   8      16 sdb 30817976 514759 2610518866 62977260 58198240 381729052 15250727376 2186771792 153 19379092 2249816188
======================
   8      16 sdb 30817980 514759 2610518898 62977556 58200160 381729052 15251710416 2186889736 132 19380096 2249934584
======================
   8      16 sdb 30817985 514759 2610518938 62977892 58202078 381729052 15252692432 2187006972 145 19381096 2250047820
======================
   8      16 sdb 30817988 514759 2610518962 62978108 58204002 381729052 15253677520 2187126524 80 19382100 2250170624
======================
   8      16 sdb 30817992 514759 2610518994 62978396 58205888 381729075 15254642328 2187242804 129 19383100 2250288088
======================
   8      16 sdb 30817996 514759 2610519026 62978688 58207848 381729092 15255644976 2187361092 130 19384100 2250406488
======================
   8      16 sdb 30818001 514759 2610519066 62979012 58209765 381729092 15256626480 2187476864 145 19385100 2250519092
======================
   8      16 sdb 30818004 514759 2610519090 62979244 58211661 381729092 15257597232 2187597900 105 19386100 2250643960
======================
   8      16 sdb 30818008 514759 2610519122 62979580 58213568 381729092 15258573616 2187713132 129 19387100 2250759676
======================
   8      16 sdb 30818012 514759 2610519154 62979824 58215490 381729130 15259556848 2187830004 135 19388104 2250876868
======================
   8      16 sdb 30818016 514759 2610519186 62980068 58217401 381729130 15260534400 2187949760 1 19389104 2250991664
======================
   8      16 sdb 30818020 514759 2610519218 62980360 58219286 381729130 15261499520 2188068092 142 19390104 2251115064
======================
   8      16 sdb 30818024 514759 2610519250 62980680 58221142 381729130 15262449792 2188181112 141 19391108 2251230524
======================
   8      16 sdb 30818032 514759 2610519314 62981120 58222994 381729130 15263398016 2188305068 40 19392108 2251350364
======================
   8      16 sdb 30818037 514759 2610519354 62981428 58224891 381729154 15264368464 2188417480 134 19393104 2251465848
======================
   8      16 sdb 30818041 514759 2610519386 62981740 58226793 381729154 15265342288 2188533096 132 19394108 2251581776
======================
   8      16 sdb 30818045 514759 2610519418 62982028 58228721 381729154 15266329424 2188653244 146 19395108 2251699336
======================
   8      16 sdb 30818048 514759 2610519442 62982240 58230632 381729154 15267307856 2188775096 84 19396108 2251822880
======================
   8      16 sdb 30818053 514759 2610519482 62982544 58232573 381729154 15268301648 2188888964 130 19397112 2251938584
======================
   8      16 sdb 30818057 514759 2610519514 62982856 58234505 381729176 15269290000 2189007096 157 19398112 2252056716
======================
   8      16 sdb 30818061 514759 2610519546 62983156 58236433 381729176 15270277136 2189127772 132 19399120 2252176472
======================
   8      16 sdb 30818064 514759 2610519570 62983372 58238337 381729176 15271251984 2189250356 61 19400120 2252298860
======================
   8      16 sdb 30818069 514759 2610519610 62983688 58240193 381729176 15272202256 2189365364 144 19401124 2252415352
======================
   8      16 sdb 30818073 514759 2610519642 62983992 58242168 381729176 15273213456 2189483696 142 19402128 2252534920
======================
   8      16 sdb 30818074 514759 2610519650 62984068 58242635 381729249 15273446072 2189512108 0 19402364 2252557804
======================
   8      16 sdb 30818074 514759 2610519650 62984068 58242635 381729249 15273446072 2189512108 0 19402364 2252557804
======================
   8      16 sdb 30818074 514759 2610519650 62984068 58242635 381729249 15273446072 2189512108 0 19402364 2252557804
======================
   8      16 sdb 30818074 514759 2610519650 62984068 58242635 381729249 15273446072 2189512108 0 19402364 2252557804
======================
   8      16 sdb 30818074 514759 2610519650 62984068 58242635 381729249 15273446072 2189512108 0 19402364 2252557804
======================
   8      16 sdb 30818074 514759 2610519650 62984068 58242635 381729249 15273446072 2189512108 0 19402364 2252557804
started
======================
   8      16 sdb 30818074 514759 2610519650 62984068 58242635 381729249 15273446072 2189512108 0 19402364 2252557804
======================
   8      16 sdb 30820756 514759 2611196274 62985104 58242635 381729249 15273446072 2189512108 2 19403016 2252558840
======================
   8      16 sdb 30824826 514759 2612238194 62986728 58242635 381729249 15273446072 2189512108 2 19404020 2252560464
======================
   8      16 sdb 30828896 514759 2613279858 62988268 58242635 381729249 15273446072 2189512108 1 19405020 2252562000
======================
   8      16 sdb 30832916 514759 2614308978 62989864 58242635 381729249 15273446072 2189512108 2 19406012 2252563592
======================
   8      16 sdb 30836976 514759 2615348338 62991416 58242635 381729249 15273446072 2189512108 1 19407016 2252565144
======================
   8      16 sdb 30840950 514760 2616365690 62992936 58242637 381729250 15273446096 2189512108 2 19408016 2252566664
======================
   8      16 sdb 30844973 514760 2617395322 62994540 58242637 381729250 15273446096 2189512108 1 19409020 2252568268
======================
   8      16 sdb 30849058 514760 2618441082 62996056 58242637 381729250 15273446096 2189512108 1 19410016 2252569780
======================
   8      16 sdb 30853142 514760 2619486586 62997636 58242637 381729250 15273446096 2189512108 1 19411020 2252571356
======================
   8      16 sdb 30857229 514760 2620532858 62999180 58242637 381729250 15273446096 2189512108 1 19412020 2252572900
======================
   8      16 sdb 30861307 514760 2621576570 63000740 58242637 381729250 15273446096 2189512108 1 19413024 2252574460
======================
   8      16 sdb 30865389 514760 2622621562 63002252 58242637 381729250 15273446096 2189512108 2 19414024 2252575968
======================
   8      16 sdb 30869393 514760 2623646586 63003924 58242637 381729250 15273446096 2189512108 2 19415028 2252577640
======================
   8      16 sdb 30873426 514760 2624678778 63005408 58242637 381729250 15273446096 2189512108 1 19416032 2252579120
======================
   8      16 sdb 30877462 514760 2625711994 63006952 58242637 381729250 15273446096 2189512108 2 19417032 2252580664
======================
   8      16 sdb 30881554 514760 2626759546 63008480 58242637 381729250 15273446096 2189512108 1 19418036 2252582188
======================
   8      16 sdb 30885644 514760 2627806586 63010040 58242637 381729250 15273446096 2189512108 1 19419040 2252583748
======================
   8      16 sdb 30889730 514760 2628852346 63011596 58242637 381729250 15273446096 2189512108 2 19420040 2252585304
======================
   8      16 sdb 30893818 514760 2629898874 63013184 58242637 381729250 15273446096 2189512108 2 19421044 2252586888
======================
   8      16 sdb 30897831 514760 2630926202 63014716 58242637 381729250 15273446096 2189512108 2 19422044 2252588420
======================
   8      16 sdb 30901848 514760 2631954554 63016340 58242637 381729250 15273446096 2189512108 2 19423048 2252590044
======================
   8      16 sdb 30905933 514760 2633000058 63017940 58242637 381729250 15273446096 2189512108 2 19424052 2252591640
======================
   8      16 sdb 30910017 514760 2634045562 63019480 58242637 381729250 15273446096 2189512108 1 19425052 2252593176
======================
   8      16 sdb 30914112 514760 2635093882 63021016 58242637 381729250 15273446096 2189512108 2 19426052 2252594708
======================
   8      16 sdb 30918191 514760 2636138106 63022572 58242637 381729250 15273446096 2189512108 1 19427056 2252596264
======================
   8      16 sdb 30922273 514760 2637182842 63024140 58242637 381729250 15273446096 2189512108 2 19428056 2252597832
======================
   8      16 sdb 30926323 514760 2638219642 63025716 58242637 381729250 15273446096 2189512108 1 19429056 2252599408
======================
   8      16 sdb 30930324 514760 2639243898 63027288 58242637 381729250 15273446096 2189512108 2 19430060 2252600980
======================
   8      16 sdb 30934424 514760 2640293498 63028864 58242637 381729250 15273446096 2189512108 2 19431064 2252602556
======================
   8      16 sdb 30938502 514760 2641337210 63030416 58242637 381729250 15273446096 2189512108 1 19432072 2252604108
======================
   8      16 sdb 30942596 514760 2642385274 63032044 58242637 381729250 15273446096 2189512108 2 19433076 2252605732
======================
   8      16 sdb 30946702 514760 2643436410 63033600 58242637 381729250 15273446096 2189512108 2 19434080 2252607272
======================
   8      16 sdb 30950792 514760 2644483194 63035128 58242637 381729250 15273446096 2189512108 2 19435088 2252608800
======================
   8      16 sdb 30954819 514760 2645514106 63036632 58242637 381729250 15273446096 2189512108 2 19436088 2252610304
======================
   8      16 sdb 30958840 514760 2646543482 63038176 58242637 381729250 15273446096 2189512108 1 19437092 2252611848
======================
   8      16 sdb 30962941 514760 2647593338 63039672 58242638 381729250 15273446104 2189512108 1 19438092 2252613340
======================
   8      16 sdb 30967027 514760 2648639098 63041188 58242638 381729250 15273446104 2189512108 2 19439096 2252614852
======================
   8      16 sdb 30971138 514760 2649691514 63042680 58242638 381729250 15273446104 2189512108 1 19440096 2252616340
======================
   8      16 sdb 30975232 514760 2650739578 63044220 58242638 381729250 15273446104 2189512108 2 19441100 2252617880
======================
   8      16 sdb 30979311 514760 2651783802 63045780 58242638 381729250 15273446104 2189512108 2 19442104 2252619444
======================
   8      16 sdb 30983322 514760 2652810362 63047348 58242638 381729250 15273446104 2189512108 1 19443104 2252621004
======================
   8      16 sdb 30987339 514760 2653838714 63048924 58242638 381729250 15273446104 2189512108 2 19444108 2252622576
======================
   8      16 sdb 30991430 514760 2654886010 63050412 58242638 381729250 15273446104 2189512108 1 19445112 2252624064
======================
   8      16 sdb 30995527 514760 2655934842 63051936 58242638 381729250 15273446104 2189512108 2 19446112 2252625584
======================
   8      16 sdb 30999589 514760 2656974202 63053476 58242638 381729250 15273446104 2189512108 1 19447108 2252627120
======================
   8      16 sdb 31003679 514760 2658021242 63055004 58242638 381729250 15273446104 2189512108 1 19448108 2252628648
======================
   8      16 sdb 31007765 514760 2659067258 63056560 58242638 381729250 15273446104 2189512108 2 19449112 2252630212
======================
   8      16 sdb 31011771 514760 2660092538 63058112 58242638 381729250 15273446104 2189512108 2 19450112 2252631752
======================
   8      16 sdb 31015781 514760 2661119098 63059612 58242638 381729250 15273446104 2189512108 2 19451112 2252633252
======================
   8      16 sdb 31019869 514760 2662165626 63061152 58242638 381729250 15273446104 2189512108 1 19452112 2252634792
======================
   8      16 sdb 31023884 514760 2663193466 63062660 58242638 381729250 15273446104 2189512108 2 19453112 2252636300
======================
   8      16 sdb 31027973 514760 2664239994 63064180 58242638 381729250 15273446104 2189512108 2 19454116 2252637816
======================
   8      16 sdb 31032068 514760 2665288314 63065712 58242638 381729250 15273446104 2189512108 1 19455120 2252639348
======================
   8      16 sdb 31036156 514760 2666334842 63067212 58242638 381729250 15273446104 2189512108 1 19456124 2252640836
======================
   8      16 sdb 31040224 514760 2667376250 63068672 58242638 381729250 15273446104 2189512108 2 19457124 2252642296
======================
   8      16 sdb 31044306 514760 2668420986 63070224 58242638 381729250 15273446104 2189512108 2 19458128 2252643848
======================
   8      16 sdb 31048312 514760 2669446522 63071748 58242638 381729250 15273446104 2189512108 2 19459132 2252645368
======================
   8      16 sdb 31052331 514760 2670475386 63073336 58242638 381729250 15273446104 2189512108 2 19460132 2252646956
======================
   8      16 sdb 31056422 514760 2671522682 63074856 58242638 381729250 15273446104 2189512108 2 19461136 2252648472
======================
   8      16 sdb 31060496 514760 2672565370 63076376 58242638 381729250 15273446104 2189512108 2 19462136 2252649988
======================
   8      16 sdb 31064734 514760 2673650298 63078012 58242638 381729250 15273446104 2189512108 0 19463176 2252651624
