======================
   8      16 sdb 22754809 368933 2269514194 52660236 43539373 355303064 12467998424 1790645324 135 15617820 1843269108
======================
   8      16 sdb 22754809 368933 2269514194 52660236 43540797 355303064 12468726608 1790789808 151 15618824 1843412104
======================
   8      16 sdb 22754809 368933 2269514194 52660236 43542793 355303109 12469747248 1790898296 128 15619832 1843547192
======================
   8      16 sdb 22754810 368933 2269514202 52660296 43544378 355303109 12470557280 1791048120 131 15620836 1843681360
======================
   8      16 sdb 22754810 368933 2269514202 52660296 43546318 355303109 12471548792 1791198008 143 15621840 1843821036
======================
   8      16 sdb 22754812 368933 2269514218 52660296 43546503 355303109 12471643376 1791207812 0 15621908 1843827052
======================
   8      16 sdb 22754812 368933 2269514218 52660296 43546503 355303109 12471643376 1791207812 0 15621908 1843827052
======================
   8      16 sdb 22754812 368933 2269514218 52660296 43546507 355303258 12471644600 1791207812 0 15621908 1843827052
======================
   8      16 sdb 22754812 368933 2269514218 52660296 43546507 355303258 12471644600 1791207812 0 15621908 1843827052
======================
   8      16 sdb 22754812 368933 2269514218 52660296 43546507 355303258 12471644600 1791207812 0 15621908 1843827052
======================
   8      16 sdb 22754814 368933 2269514234 52660316 43548095 355303258 12472456704 1791287240 0 15622524 1843906492
started
======================
   8      16 sdb 22754817 368933 2269514258 52660316 43548189 355303674 12472460776 1791287244 0 15622528 1843906496
======================
   8      16 sdb 22754817 368933 2269514258 52660316 43548189 355303674 12472460776 1791287244 0 15622528 1843906496
======================
   8      16 sdb 22754821 368933 2269514290 52660388 43550637 355303736 12473650280 1791325380 150 15622940 1843948344
======================
   8      16 sdb 22754827 368933 2269514338 52660684 43553278 355303736 12475001552 1791439560 70 15623940 1844062112
======================
   8      16 sdb 22754832 368933 2269514378 52660980 43555635 355303736 12476207528 1791556204 137 15624940 1844180848
======================
   8      16 sdb 22754836 368933 2269514410 52661284 43557535 355303736 12477179512 1791674820 130 15625944 1844300408
======================
   8      16 sdb 22754841 368933 2269514450 52661580 43559422 355303775 12478139296 1791784048 149 15626948 1844408224
======================
   8      16 sdb 22754844 368933 2269514474 52661812 43561382 355303775 12479142384 1791908460 18 15627952 1844530540
======================
   8      16 sdb 22754848 368933 2269514506 52662120 43563313 355303775 12480130616 1792028908 90 15628956 1844654440
======================
   8      16 sdb 22754852 368933 2269514538 52662420 43565235 355303775 12481114248 1792148124 145 15629960 1844774748
======================
   8      16 sdb 22754857 368933 2269514578 52662756 43567152 355303775 12482095752 1792262628 146 15630964 1844889472
======================
   8      16 sdb 22754861 368933 2269514610 52663008 43569069 355303799 12483076440 1792377496 128 15631964 1845004460
======================
   8      16 sdb 22754865 368933 2269514642 52663300 43570964 355303799 12484046680 1792499596 156 15632964 1845124508
======================
   8      16 sdb 22754868 368933 2269514666 52663520 43572884 355303799 12485029720 1792621840 81 15633964 1845248512
======================
   8      16 sdb 22754873 368933 2269514706 52663864 43574775 355303799 12485997912 1792735008 154 15634964 1845363052
======================
   8      16 sdb 22754877 368933 2269514738 52664152 43576687 355303799 12486976856 1792853564 144 15635964 1845482140
======================
   8      16 sdb 22754881 368933 2269514770 52664452 43578608 355303824 12487959872 1792968580 131 15636964 1845595548
======================
   8      16 sdb 22754884 368933 2269514794 52664684 43580528 355303824 12488942000 1793092596 51 15637964 1845718996
======================
   8      16 sdb 22754890 368933 2269514842 52665028 43582446 355303830 12489917496 1793204796 129 15638968 1845833836
======================
   8      16 sdb 22754894 368933 2269514874 52665312 43584477 355303867 12490897896 1793323732 155 15639964 1845952780
======================
   8      16 sdb 22754894 368933 2269514874 52665312 43586370 355303867 12491866864 1793466460 152 15640968 1846095788
======================
   8      16 sdb 22754894 368933 2269514874 52665312 43588269 355303909 12492838968 1793603228 149 15641972 1846232792
======================
   8      16 sdb 22754895 368933 2269514882 52665396 43590699 355303909 12494082112 1793776948 128 15643240 1846406252
======================
   8      16 sdb 22754895 368933 2269514882 52665396 43592622 355303909 12495066176 1793919676 157 15644244 1846549332
======================
   8      16 sdb 22754895 368933 2269514882 52665396 43594543 355303909 12496048704 1794062332 156 15645248 1846691968
======================
   8      16 sdb 22754895 368933 2269514882 52665396 43596460 355303909 12497029184 1794205268 136 15646248 1846834008
======================
   8      16 sdb 22754896 368933 2269514890 52665472 43598391 355303948 12498016168 1794335164 140 15647252 1846964716
======================
   8      16 sdb 22754896 368933 2269514890 52665472 43600309 355303948 12498997128 1794477940 142 15648256 1847107780
======================
   8      16 sdb 22754896 368933 2269514890 52665472 43602220 355304034 12499968600 1794615984 152 15649256 1847245208
======================
   8      16 sdb 22754896 368933 2269514890 52665472 43604127 355304034 12500943960 1794758380 133 15650260 1847388028
======================
   8      16 sdb 22754897 368933 2269514898 52665552 43606039 355304034 12501922240 1794894448 152 15651264 1847523460
======================
   8      16 sdb 22754897 368933 2269514898 52665552 43607981 355304076 12502915088 1795031252 134 15652268 1847660768
======================
   8      16 sdb 22754897 368933 2269514898 52665552 43609299 355304076 12503589048 1795129056 128 15653272 1847798868
======================
   8      16 sdb 22754897 368933 2269514898 52665552 43611827 355304076 12504883000 1795310160 128 15654272 1847939460
======================
   8      16 sdb 22754898 368933 2269514906 52665636 43613747 355304076 12505865704 1795445376 148 15655276 1848075136
======================
   8      16 sdb 22754898 368933 2269514906 52665636 43615646 355304076 12506836256 1795588240 137 15656280 1848217964
======================
   8      16 sdb 22754898 368933 2269514906 52665636 43617548 355304124 12507808504 1795725184 131 15657280 1848354560
======================
   8      16 sdb 22754898 368933 2269514906 52665636 43619473 355304124 12508793008 1795867808 144 15658284 1848497320
======================
   8      16 sdb 22754899 368933 2269514914 52665720 43621390 355304124 12509773688 1796002316 137 15659284 1848630184
======================
   8      16 sdb 22754899 368933 2269514914 52665720 43623307 355304124 12510754360 1796142836 140 15660284 1848772256
======================
   8      16 sdb 22754899 368933 2269514914 52665720 43625232 355304124 12511738272 1796285544 135 15661288 1848914556
======================
   8      16 sdb 22754899 368933 2269514914 52665720 43627159 355304172 12512723248 1796420864 133 15662288 1849050624
======================
   8      16 sdb 22754900 368933 2269514922 52665808 43629058 355304172 12513695352 1796556448 136 15663292 1849186384
======================
   8      16 sdb 22754900 368933 2269514922 52665808 43630949 355304172 12514662288 1796698968 133 15664296 1849328896
======================
   8      16 sdb 22754900 368933 2269514922 52665808 43632875 355304172 12515647504 1796841420 135 15665296 1849470880
======================
   8      16 sdb 22754900 368933 2269514922 52665808 43634038 355304172 12516242200 1796927652 148 15666300 1849615740
======================
   8      16 sdb 22754901 368933 2269514930 52665892 43636717 355304221 12517612848 1797115008 134 15667300 1849745032
======================
   8      16 sdb 22754901 368933 2269514930 52665892 43638641 355304221 12518597552 1797257628 130 15668300 1849887328
======================
   8      16 sdb 22754901 368933 2269514930 52665892 43640565 355304221 12519582032 1797400584 150 15669304 1850030344
======================
   8      16 sdb 22754901 368933 2269514930 52665892 43642467 355304221 12520554168 1797543548 144 15670308 1850173424
======================
   8      16 sdb 22754902 368933 2269514938 52665968 43644332 355304221 12521507952 1797681872 132 15671308 1850310096
======================
   8      16 sdb 22754902 368933 2269514938 52665968 43646874 355304276 12522799400 1797859916 140 15672608 1850489316
======================
   8      16 sdb 22754902 368933 2269514938 52665968 43648795 355304276 12523781840 1798002328 139 15673612 1850632196
======================
   8      16 sdb 22754903 368933 2269514946 52666044 43650722 355304276 12524767440 1798137980 128 15674616 1850767708
======================
   8      16 sdb 22754903 368933 2269514946 52666044 43652645 355304276 12525751832 1798280552 142 15675620 1850910520
======================
   8      16 sdb 22754903 368933 2269514946 52666044 43654566 355304276 12526734128 1798423092 156 15676620 1851052652
======================
   8      16 sdb 22754903 368933 2269514946 52666044 43656469 355304321 12527707432 1798559852 146 15677628 1851190136
======================
   8      16 sdb 22754904 368933 2269514954 52666124 43658372 355304321 12528680216 1798695236 138 15678628 1851325048
======================
   8      16 sdb 22754904 368933 2269514954 52666124 43660298 355304321 12529665528 1798837500 132 15679632 1851467360
======================
   8      16 sdb 22754904 368933 2269514954 52666124 43662253 355304447 12530647112 1798976692 130 15680636 1851606620
======================
   8      16 sdb 22754904 368933 2269514954 52666124 43664180 355304447 12531632976 1799119796 155 15681640 1851749852
======================
   8      16 sdb 22754905 368933 2269514962 52666152 43666105 355304495 12532617456 1799253832 141 15682640 1851883504
======================
   8      16 sdb 22754905 368933 2269514962 52666152 43668024 355304495 12533599600 1799395968 142 15683644 1852025748
