======================
   8      32 sdc 2805443 31507 375601892 29798156 38463939 834059303 15024960472 442727868 0 64182548 474493036
======================
   8      32 sdc 2805443 31507 375601892 29798156 38463939 834059303 15024960472 442727868 0 64182548 474493036
======================
   8      32 sdc 2805446 31507 375601916 29798204 38463939 834059303 15024960472 442727868 0 64182596 474493084
======================
   8      32 sdc 2805446 31507 375601916 29798204 38463939 834059303 15024960472 442727868 0 64182596 474493084
======================
   8      32 sdc 2805446 31507 375601916 29798204 38463939 834059303 15024960472 442727868 1 64183180 474493668
======================
   8      32 sdc 2805446 31507 375601916 29798204 38463939 834059303 15024960472 442727868 1 64184184 474494672
======================
   8      32 sdc 2805447 31507 375601924 29800444 38465661 834059303 15025842136 442759144 152 64185160 474537908
======================
   8      32 sdc 2805447 31507 375601924 29800444 38465926 834059326 15025976992 442874156 151 64186164 474681080
======================
   8      32 sdc 2805447 31507 375601924 29800444 38466204 834059326 15026119328 443020564 137 64187168 474825848
======================
   8      32 sdc 2805447 31507 375601924 29800444 38466376 834059326 15026207392 443113736 157 64188172 474974904
======================
   8      32 sdc 2805447 31507 375601924 29800444 38467026 834059326 15026540192 443334944 147 64189176 475116556
======================
   8      32 sdc 2805447 31507 375601924 29800444 38467298 834059326 15026679456 443420940 131 64190180 475260604
======================
   8      32 sdc 2805447 31507 375601924 29800444 38467841 834059326 15026957472 443579180 132 64191184 475396732
======================
   8      32 sdc 2805447 31507 375601924 29800444 38467990 834059326 15027033760 443647060 143 64192188 475539340
======================
   8      32 sdc 2805447 31507 375601924 29800444 38468376 834059326 15027231392 443898800 141 64193192 475682776
======================
   8      32 sdc 2805447 31507 375601924 29800444 38469019 834059326 15027560608 444042812 138 64194196 475826416
======================
   8      32 sdc 2805447 31507 375601924 29800444 38470299 834059326 15028215968 444195028 138 64195200 475969656
======================
   8      32 sdc 2805448 31507 375601932 29800608 38471513 834059326 15028837536 444326380 155 64196200 476104520
======================
   8      32 sdc 2805448 31507 375601932 29800608 38472198 834059326 15029188256 444464716 142 64197204 476248196
======================
   8      32 sdc 2805448 31507 375601932 29800608 38472840 834059326 15029516960 444608128 140 64198208 476391628
======================
   8      32 sdc 2805448 31507 375601932 29800608 38473477 834059326 15029843104 444751468 143 64199212 476534920
======================
   8      32 sdc 2805448 31507 375601932 29800608 38474115 834059326 15030169760 444895864 145 64200216 476678784
======================
   8      32 sdc 2805448 31507 375601932 29800608 38474769 834059326 15030504608 445038528 131 64201220 476821832
======================
   8      32 sdc 2805448 31507 375601932 29800608 38475398 834059326 15030826656 445197500 142 64202224 476966652
======================
   8      32 sdc 2805448 31507 375601932 29800608 38476075 834059326 15031173280 445327068 137 64203228 477109992
======================
   8      32 sdc 2805448 31507 375601932 29800608 38476751 834059326 15031519392 445470388 133 64204232 477253372
======================
   8      32 sdc 2805448 31507 375601932 29800608 38477378 834059326 15031840416 445612688 146 64205236 477396936
======================
   8      32 sdc 2805448 31507 375601932 29800608 38477986 834059326 15032151712 445760624 146 64206240 477540788
======================
   8      32 sdc 2805448 31507 375601932 29800608 38478516 834059326 15032423072 445901480 128 64207240 477683924
======================
   8      32 sdc 2805449 31507 375601940 29800816 38479177 834059326 15032761504 446031272 128 64208244 477813380
======================
   8      32 sdc 2805449 31507 375601940 29800816 38479854 834059326 15033108128 446174248 155 64209248 477957056
======================
   8      32 sdc 2805449 31507 375601940 29800816 38480499 834059326 15033438368 446320304 150 64210252 478099196
======================
   8      32 sdc 2805449 31507 375601940 29800816 38481124 834059326 15033758368 446458736 133 64211256 478242864
======================
   8      32 sdc 2805449 31507 375601940 29800816 38481774 834059326 15034091168 446603464 155 64212260 478386288
======================
   8      32 sdc 2805449 31507 375601940 29800816 38482424 834059326 15034423968 446746268 145 64213264 478530160
======================
   8      32 sdc 2805449 31507 375601940 29800816 38483066 834059326 15034752672 446889732 143 64214268 478673684
======================
   8      32 sdc 2805449 31507 375601940 29800816 38483459 834059326 15034953888 446975416 134 64215272 478813592
======================
   8      32 sdc 2805449 31507 375601940 29800816 38484378 834059326 15035424416 447176468 136 64216276 478957340
======================
   8      32 sdc 2805449 31507 375601940 29800816 38485032 834059326 15035759264 447317516 154 64217280 479100940
======================
   8      32 sdc 2805449 31507 375601940 29800816 38485674 834059326 15036087968 447460572 152 64218284 479244608
======================
   8      32 sdc 2805449 31507 375601940 29800816 38486316 834059326 15036416672 447604192 150 64219288 479388372
======================
   8      32 sdc 2805449 31507 375601940 29800816 38486743 834059326 15036635296 447698952 15 64220292 479475124
======================
   8      32 sdc 2805449 31507 375601940 29800816 38486743 834059326 15036635296 447698952 15 64221292 479490124
======================
   8      32 sdc 2805450 31507 375601948 29803228 38487394 834059326 15036968608 447747888 148 64222296 479519500
======================
   8      32 sdc 2805450 31507 375601948 29803228 38488887 834059326 15037733024 447877148 142 64223300 479663028
======================
   8      32 sdc 2805450 31507 375601948 29803228 38489548 834059326 15038071456 448020640 138 64224304 479806860
======================
   8      32 sdc 2805450 31507 375601948 29803228 38490173 834059326 15038391456 448164048 153 64225312 479951232
======================
   8      32 sdc 2805450 31507 375601948 29803228 38490781 834059326 15038702752 448314148 153 64226316 480096324
======================
   8      32 sdc 2805450 31507 375601948 29803228 38491478 834059326 15039059616 448456676 128 64227320 480242640
======================
   8      32 sdc 2805450 31507 375601948 29803228 38492155 834059326 15039406240 448600340 155 64228324 480386332
======================
   8      32 sdc 2805450 31507 375601948 29803228 38492829 834059326 15039751328 448745880 153 64229328 480529536
======================
   8      32 sdc 2805450 31507 375601948 29803228 38493462 834059326 15040075424 448885824 128 64230332 480673060
======================
   8      32 sdc 2805450 31507 375601948 29803228 38494087 834059326 15040395424 449029384 143 64231336 480816744
======================
   8      32 sdc 2805451 31507 375601956 29803412 38494730 834059326 15040724640 449165528 138 64232336 480949380
======================
   8      32 sdc 2805451 31507 375601956 29803412 38495407 834059326 15041071264 449305988 133 64233340 481092764
======================
   8      32 sdc 2805451 31507 375601956 29803412 38496044 834059326 15041397408 449448732 136 64234344 481236220
======================
   8      32 sdc 2805451 31507 375601956 29803412 38496690 834059326 15041728160 449596552 130 64235348 481380596
======================
   8      32 sdc 2805451 31507 375601956 29803412 38497335 834059326 15042058400 449737068 157 64236352 481524012
======================
   8      32 sdc 2805451 31507 375601956 29803412 38497977 834059326 15042387104 449880276 155 64237356 481667428
======================
   8      32 sdc 2805451 31507 375601956 29803412 38498619 834059326 15042715808 450023564 153 64238356 481810196
======================
   8      32 sdc 2805451 31507 375601956 29803412 38499261 834059326 15043044512 450166832 151 64239360 481953624
======================
   8      32 sdc 2805451 31507 375601956 29803412 38499912 834059326 15043377824 450313092 140 64240364 482097708
======================
   8      32 sdc 2805451 31507 375601956 29803412 38500579 834059326 15043719328 450454200 145 64241368 482240872
======================
   8      32 sdc 2805451 31507 375601956 29803412 38501221 834059326 15044048032 450597128 143 64242372 482384260
======================
   8      32 sdc 2805451 31507 375601956 29803412 38501872 834059326 15044381344 450741160 132 64243372 482526900
======================
   8      32 sdc 2805452 31507 375601964 29803628 38502526 834059326 15044716192 450869152 150 64244376 482655300
======================
   8      32 sdc 2805452 31507 375601964 29803628 38503151 834059326 15045036192 451014572 133 64245380 482798304
======================
   8      32 sdc 2805452 31507 375601964 29803628 38503800 834059326 15045368480 451155184 156 64246384 482941568
======================
   8      32 sdc 2805452 31507 375601964 29803628 38504476 834059326 15045714592 451298396 152 64247388 483084880
======================
   8      32 sdc 2805452 31507 375601964 29803628 38505130 834059326 15046049440 451441084 138 64248388 483227192
======================
   8      32 sdc 2805452 31507 375601964 29803628 38505770 834059326 15046377120 451583152 138 64249392 483370636
======================
   8      32 sdc 2805452 31507 375601964 29803628 38506268 834059326 15046632096 451697548 152 64250396 483515856
======================
   8      32 sdc 2805452 31507 375601964 29803628 38507056 834059326 15047035552 451873524 132 64251404 483660332
======================
   8      32 sdc 2805452 31507 375601964 29803628 38507732 834059326 15047381664 452016940 128 64252408 483803512
======================
   8      32 sdc 2805452 31507 375601964 29803628 38508373 834059326 15047709856 452159328 144 64253412 483946916
======================
   8      32 sdc 2805452 31507 375601964 29803628 38509016 834059326 15048039072 452303004 156 64254416 484090408
======================
   8      32 sdc 2805452 31507 375601964 29803628 38509675 834059326 15048376480 452446136 59 64255416 484227708
======================
   8      32 sdc 2805453 31507 375601972 29804060 38510151 834059326 15048620192 452553264 140 64256420 484338188
======================
   8      32 sdc 2805453 31507 375601972 29804060 38510805 834059326 15048955040 452693820 158 64257424 484481600
======================
   8      32 sdc 2805453 31507 375601972 29804060 38511438 834059326 15049279136 452841660 133 64258428 484626448
======================
   8      32 sdc 2805453 31507 375601972 29804060 38512089 834059326 15049612448 452982032 154 64259432 484770128
======================
   8      32 sdc 2805453 31507 375601972 29804060 38512736 834059326 15049943712 453126060 147 64260436 484913884
======================
   8      32 sdc 2805453 31507 375601972 29804060 38513380 834059326 15050273440 453268884 143 64261440 485057412
======================
   8      32 sdc 2805453 31507 375601972 29804060 38514025 834059326 15050603680 453412632 138 64262440 485200052
======================
   8      32 sdc 2805453 31507 375601972 29804060 38514565 834059326 15050880160 453528744 142 64263444 485343444
======================
   8      32 sdc 2805453 31507 375601972 29804060 38515352 834059326 15051283104 453699796 155 64264448 485487028
======================
   8      32 sdc 2805453 31507 375601972 29804060 38515976 834059326 15051602592 453842040 139 64265452 485630804
======================
   8      32 sdc 2805453 31507 375601972 29804060 38516626 834059326 15051935392 453986824 129 64266456 485774248
======================
   8      32 sdc 2805453 31507 375601972 29804060 38517303 834059326 15052282016 454130528 111 64267456 485916580
======================
   8      32 sdc 2805454 31507 375601980 29804496 38517805 834059326 15052539040 454233628 134 64268460 486021196
======================
   8      32 sdc 2805454 31507 375601980 29804496 38518430 834059326 15052859040 454379424 149 64269464 486162688
======================
   8      32 sdc 2805454 31507 375601980 29804496 38519094 834059326 15053199008 454517288 157 64270468 486306372
======================
   8      32 sdc 2805454 31507 375601980 29804496 38519720 834059326 15053519520 454660980 139 64271472 486450096
======================
   8      32 sdc 2805454 31507 375601980 29804496 38520381 834059326 15053857952 454804852 150 64272476 486593688
======================
   8      32 sdc 2805454 31507 375601980 29804496 38521023 834059326 15054186656 454948108 148 64273480 486737432
======================
   8      32 sdc 2805454 31507 375601980 29804496 38521671 834059326 15054518432 455092160 140 64274484 486881156
======================
   8      32 sdc 2805454 31507 375601980 29804496 38522336 834059326 15054858912 455236588 147 64275484 487024800
======================
   8      32 sdc 2805454 31507 375601980 29804496 38522983 834059326 15055190176 455379404 140 64276488 487168448
======================
   8      32 sdc 2805454 31507 375601980 29804496 38523625 834059326 15055518880 455523120 138 64277492 487312204
======================
   8      32 sdc 2805454 31507 375601980 29804496 38524262 834059326 15055845024 455666796 141 64278496 487455892
======================
   8      32 sdc 2805454 31507 375601980 29804496 38524904 834059326 15056173728 455810328 139 64279500 487599480
======================
   8      32 sdc 2805455 31507 375601988 29804720 38525544 834059326 15056501408 455937508 140 64280504 487725588
======================
   8      32 sdc 2805455 31507 375601988 29804720 38526196 834059326 15056835232 456079576 128 64281508 487868540
======================
   8      32 sdc 2805455 31507 375601988 29804720 38526838 834059326 15057163936 456222740 158 64282512 488011972
======================
   8      32 sdc 2805455 31507 375601988 29804720 38527491 834059326 15057498272 456366652 145 64283512 488154936
======================
   8      32 sdc 2805455 31507 375601988 29804720 38528136 834059326 15057828512 456508792 140 64284516 488298408
======================
   8      32 sdc 2805455 31507 375601988 29804720 38528731 834059326 15058133152 456659012 153 64285520 488443976
======================
   8      32 sdc 2805455 31507 375601988 29804720 38529411 834059326 15058481312 456799008 145 64286524 488587448
======================
   8      32 sdc 2805455 31507 375601988 29804720 38530087 834059326 15058827424 456942312 141 64287528 488730728
======================
   8      32 sdc 2805455 31507 375601988 29804720 38530763 834059326 15059173536 457085576 137 64288532 488874120
======================
   8      32 sdc 2805455 31507 375601988 29804720 38531430 834059326 15059515040 457229660 142 64289536 489018184
======================
   8      32 sdc 2805455 31507 375601988 29804720 38532054 834059326 15059834528 457371692 158 64290540 489161432
======================
   8      32 sdc 2805455 31507 375601988 29804720 38532689 834059326 15060159648 457516060 53 64291544 489298412
======================
   8      32 sdc 2805456 31507 375601996 29804944 38533338 834059326 15060491936 457644016 156 64292548 489432756
======================
   8      32 sdc 2805456 31507 375601996 29804944 38533994 834059326 15060827808 457786436 140 64293548 489576404
======================
   8      32 sdc 2805456 31507 375601996 29804944 38534617 834059326 15061146784 457934944 157 64294552 489721032
======================
   8      32 sdc 2805456 31507 375601996 29804944 38535280 834059326 15061486240 458073536 134 64295556 489864652
======================
   8      32 sdc 2805456 31507 375601996 29804944 38535928 834059326 15061818016 458218220 158 64296560 490008044
======================
   8      32 sdc 2805456 31507 375601996 29804944 38536570 834059326 15062146720 458361712 156 64297564 490151632
======================
   8      32 sdc 2805456 31507 375601996 29804944 38537212 834059326 15062475424 458505264 154 64298568 490295000
======================
   8      32 sdc 2805456 31507 375601996 29804944 38537826 834059326 15062789792 458655764 152 64299572 490437392
======================
   8      32 sdc 2805456 31507 375601996 29804944 38538518 834059326 15063144096 458792484 132 64300576 490581704
======================
   8      32 sdc 2805456 31507 375601996 29804944 38539174 834059326 15063479968 458935228 148 64301580 490725292
======================
   8      32 sdc 2805456 31507 375601996 29804944 38539815 834059326 15063808672 459078504 147 64302584 490868928
======================
   8      32 sdc 2805457 31507 375602004 29805164 38540455 834059326 15064135840 459213300 148 64303588 490995764
======================
   8      32 sdc 2805457 31507 375602004 29805164 38541131 834059326 15064481952 459349480 144 64304588 491138820
======================
   8      32 sdc 2805457 31507 375602004 29805164 38541763 834059326 15064805536 459493892 152 64305592 491283224
======================
   8      32 sdc 2805457 31507 375602004 29805164 38542386 834059326 15065124512 459635972 137 64306596 491426932
======================
   8      32 sdc 2805457 31507 375602004 29805164 38543051 834059326 15065464992 459781140 144 64307600 491570480
======================
   8      32 sdc 2805457 31507 375602004 29805164 38543727 834059326 15065811104 459924504 140 64308604 491714012
======================
   8      32 sdc 2805457 31507 375602004 29805164 38544383 834059326 15066146976 460066708 156 64309608 491857284
======================
   8      32 sdc 2805457 31507 375602004 29805164 38544981 834059326 15066453152 460212948 134 64310612 492000628
======================
   8      32 sdc 2805457 31507 375602004 29805164 38545659 834059326 15066800288 460355120 128 64311616 492144376
======================
   8      32 sdc 2805457 31507 375602004 29805164 38546335 834059326 15067146400 460498532 156 64312620 492287956
======================
   8      32 sdc 2805457 31507 375602004 29805164 38546977 834059326 15067475104 460641904 154 64313624 492430880
======================
   8      32 sdc 2805457 31507 375602004 29805164 38547620 834059326 15067804320 460784176 151 64314624 492574116
======================
   8      32 sdc 2805458 31507 375602012 29805388 38548263 834059326 15068133536 460911012 137 64315628 492700732
======================
   8      32 sdc 2805458 31507 375602012 29805388 38548922 834059326 15068470944 461053944 150 64316632 492844380
======================
   8      32 sdc 2805458 31507 375602012 29805388 38549565 834059326 15068800160 461197676 147 64317636 492987968
======================
   8      32 sdc 2805458 31507 375602012 29805388 38550198 834059326 15069124256 461344456 154 64318640 493131508
======================
   8      32 sdc 2805458 31507 375602012 29805388 38550847 834059326 15069456544 461485268 145 64319644 493275152
======================
   8      32 sdc 2805458 31507 375602012 29805388 38551507 834059326 15069794464 461629072 157 64320648 493418748
======================
   8      32 sdc 2805458 31507 375602012 29805388 38552157 834059326 15070127264 461772020 147 64321652 493562604
======================
   8      32 sdc 2805458 31507 375602012 29805388 38552799 834059326 15070455968 461915808 145 64322656 493706384
======================
   8      32 sdc 2805458 31507 375602012 29805388 38553302 834059326 15070713504 462024692 154 64323660 493852708
======================
   8      32 sdc 2805458 31507 375602012 29805388 38554139 834059326 15071142048 462206708 149 64324664 493997024
======================
   8      32 sdc 2805458 31507 375602012 29805388 38554763 834059326 15071461536 462349664 133 64325668 494140848
======================
   8      32 sdc 2805458 31507 375602012 29805388 38555402 834059326 15071788704 462494740 134 64326672 494284484
======================
   8      32 sdc 2805459 31507 375602020 29805608 38556045 834059326 15072117920 462623672 131 64327676 494413520
======================
   8      32 sdc 2805459 31507 375602020 29805608 38556716 834059326 15072461472 462767404 132 64328680 494557272
======================
   8      32 sdc 2805459 31507 375602020 29805608 38557381 834059326 15072801952 462914452 139 64329684 494701724
======================
   8      32 sdc 2805459 31507 375602020 29805608 38558022 834059326 15073130144 463055404 139 64330688 494846824
======================
   8      32 sdc 2805459 31507 375602020 29805608 38558529 834059326 15073389728 463198616 144 64331692 494988900
======================
   8      32 sdc 2805459 31507 375602020 29805608 38559205 834059326 15073735840 463342204 140 64332696 495132452
======================
   8      32 sdc 2805459 31507 375602020 29805608 38559851 834059326 15074066592 463485100 134 64333700 495275988
======================
   8      32 sdc 2805459 31507 375602020 29805608 38560496 834059326 15074396832 463629276 129 64334704 495419608
======================
   8      32 sdc 2805459 31507 375602020 29805608 38561155 834059326 15074734240 463772240 142 64335708 495562128
======================
   8      32 sdc 2805459 31507 375602020 29805608 38561812 834059326 15075071136 463914700 157 64336712 495705524
======================
   8      32 sdc 2805459 31507 375602020 29805608 38562454 834059326 15075399328 464058140 155 64337712 495848500
======================
   8      32 sdc 2805459 31507 375602020 29805608 38563095 834059326 15075727520 464205112 154 64338720 495994016
======================
   8      32 sdc 2805460 31507 375602028 29805844 38563718 834059326 15076046496 464330620 142 64339720 496121264
======================
   8      32 sdc 2805460 31507 375602028 29805844 38564376 834059326 15076383392 464474572 156 64340724 496264436
======================
   8      32 sdc 2805460 31507 375602028 29805844 38565041 834059326 15076723872 464617704 131 64341732 496408088
======================
   8      32 sdc 2805460 31507 375602028 29805844 38565679 834059326 15077050528 464760588 133 64342732 496551148
======================
   8      32 sdc 2805460 31507 375602028 29805844 38566166 834059326 15077299872 464905664 143 64343740 496692760
======================
   8      32 sdc 2805460 31507 375602028 29805844 38566856 834059326 15077653152 465045936 140 64344740 496835644
======================
   8      32 sdc 2805460 31507 375602028 29805844 38567482 834059326 15077973664 465188152 154 64345744 496978988
======================
   8      32 sdc 2805460 31507 375602028 29805844 38568112 834059326 15078296224 465332480 132 64346752 497122904
======================
   8      32 sdc 2805460 31507 375602028 29805844 38568788 834059326 15078642336 465475884 128 64347756 497266068
======================
   8      32 sdc 2805460 31507 375602028 29805844 38569432 834059326 15078972064 465622456 156 64348756 497409048
======================
   8      32 sdc 2805460 31507 375602028 29805844 38570130 834059326 15079329440 465763080 130 64349760 497552704
======================
   8      32 sdc 2805460 31507 375602028 29805844 38570768 834059326 15079656096 465905632 132 64350768 497696688
======================
   8      32 sdc 2805461 31507 375602036 29806080 38571379 834059326 15079968928 466037276 151 64351788 497826584
======================
   8      32 sdc 2805461 31507 375602036 29806080 38572052 834059326 15080313504 466179752 150 64352796 497970724
======================
   8      32 sdc 2805461 31507 375602036 29806080 38572722 834059326 15080656544 466322376 152 64353800 498114296
======================
   8      32 sdc 2805461 31507 375602036 29806080 38573364 834059326 15080985248 466465872 150 64354804 498257760
======================
   8      32 sdc 2805461 31507 375602036 29806080 38574006 834059326 15081313952 466609724 148 64355808 498400984
======================
   8      32 sdc 2805461 31507 375602036 29806080 38574662 834059326 15081649824 466754616 132 64356812 498544552
======================
   8      32 sdc 2805461 31507 375602036 29806080 38575304 834059326 15081978528 466896424 130 64357816 498687912
======================
   8      32 sdc 2805461 31507 375602036 29806080 38575946 834059326 15082307232 467039912 128 64358820 498831512
======================
   8      32 sdc 2805461 31507 375602036 29806080 38576588 834059326 15082635936 467183240 158 64359824 498975036
======================
   8      32 sdc 2805461 31507 375602036 29806080 38577248 834059326 15082973856 467327036 138 64360824 499117940
======================
   8      32 sdc 2805461 31507 375602036 29806080 38577892 834059326 15083303584 467472848 134 64361828 499260480
======================
   8      32 sdc 2805461 31507 375602036 29806080 38578555 834059326 15083643040 467612928 143 64362836 499405000
======================
   8      32 sdc 2805462 31507 375602044 29806312 38579176 834059326 15083960992 467742368 131 64363836 499533908
======================
   8      32 sdc 2805462 31507 375602044 29806312 38579851 834059326 15084306592 467886240 128 64364840 499677216
======================
   8      32 sdc 2805462 31507 375602044 29806312 38580500 834059326 15084638880 468028544 151 64365848 499821000
======================
   8      32 sdc 2805462 31507 375602044 29806312 38581124 834059326 15084958368 468171944 135 64366852 499964604
======================
   8      32 sdc 2805462 31507 375602044 29806312 38581627 834059326 15085215904 468314400 136 64367852 500098712
======================
   8      32 sdc 2805462 31507 375602044 29806312 38582298 834059326 15085559456 468451040 137 64368856 500241860
======================
   8      32 sdc 2805462 31507 375602044 29806312 38582965 834059326 15085900960 468594432 142 64369860 500385312
======================
   8      32 sdc 2805462 31507 375602044 29806312 38583598 834059326 15086225056 468736704 149 64370864 500528860
======================
   8      32 sdc 2805462 31507 375602044 29806312 38584222 834059326 15086544544 468879752 133 64371868 500671736
======================
   8      32 sdc 2805462 31507 375602044 29806312 38584868 834059326 15086875296 469027380 129 64372872 500815740
======================
   8      32 sdc 2805462 31507 375602044 29806312 38585559 834059326 15087229088 469167480 140 64373876 500959348
======================
   8      32 sdc 2805462 31507 375602044 29806312 38586201 834059326 15087557792 469311060 138 64374880 501102872
======================
   8      32 sdc 2805463 31507 375602052 29806544 38586831 834059326 15087880352 469435028 151 64375884 501226692
======================
   8      32 sdc 2805463 31507 375602052 29806544 38587496 834059326 15088220832 469578612 158 64376888 501370176
======================
   8      32 sdc 2805463 31507 375602052 29806544 38588112 834059326 15088536224 469720680 150 64377892 501514572
======================
   8      32 sdc 2805463 31507 375602052 29806544 38588788 834059326 15088882336 469866652 146 64378896 501659592
======================
   8      32 sdc 2805463 31507 375602052 29806544 38589275 834059326 15089131680 470013548 139 64379900 501806552
======================
   8      32 sdc 2805463 31507 375602052 29806544 38589932 834059326 15089468064 470158172 154 64380904 501950308
======================
   8      32 sdc 2805463 31507 375602052 29806544 38590596 834059326 15089808544 470301584 130 64381908 502094028
======================
   8      32 sdc 2805463 31507 375602052 29806544 38591242 834059326 15090138784 470447052 157 64382912 502238856
======================
   8      32 sdc 2805463 31507 375602052 29806544 38591885 834059326 15090468000 470592024 153 64383912 502380096
======================
   8      32 sdc 2805463 31507 375602052 29806544 38592562 834059326 15090814624 470732020 148 64384916 502523952
======================
   8      32 sdc 2805463 31507 375602052 29806544 38593214 834059326 15091148448 470874528 136 64385920 502667724
======================
   8      32 sdc 2805463 31507 375602052 29806544 38593837 834059326 15091467424 471018056 153 64386924 502811528
======================
   8      32 sdc 2805464 31507 375602060 29806776 38594465 834059326 15091788960 471149448 136 64387924 502941360
======================
   8      32 sdc 2805464 31507 375602060 29806776 38595140 834059326 15092134560 471295684 133 64388928 503085672
======================
   8      32 sdc 2805464 31507 375602060 29806776 38595817 834059326 15092481184 471437532 128 64389932 503229264
======================
   8      32 sdc 2805464 31507 375602060 29806776 38596486 834059326 15092823712 471579788 131 64390936 503373232
======================
   8      32 sdc 2805464 31507 375602060 29806776 38596951 834059326 15093061792 471719472 146 64391980 503518620
======================
   8      32 sdc 2805464 31507 375602060 29806776 38597613 834059326 15093400736 471866636 156 64392984 503663168
======================
   8      32 sdc 2805464 31507 375602060 29806776 38598285 834059326 15093744800 472008360 156 64393988 503806732
======================
   8      32 sdc 2805464 31507 375602060 29806776 38598927 834059326 15094073504 472151560 154 64394992 503950204
======================
   8      32 sdc 2805464 31507 375602060 29806776 38599576 834059326 15094405792 472295280 145 64395996 504093756
======================
   8      32 sdc 2805464 31507 375602060 29806776 38600241 834059326 15094746272 472439116 152 64397000 504237332
======================
   8      32 sdc 2805464 31507 375602060 29806776 38600873 834059326 15095069856 472585804 128 64398004 504381172
======================
   8      32 sdc 2805464 31507 375602060 29806776 38601534 834059326 15095408288 472725460 139 64399008 504524772
======================
   8      32 sdc 2805465 31507 375602068 29807004 38602155 834059326 15095726240 472855620 146 64400012 504654864
======================
   8      32 sdc 2805465 31507 375602068 29807004 38602797 834059326 15096054944 472999528 157 64401020 504799432
======================
   8      32 sdc 2805465 31507 375602068 29807004 38603460 834059326 15096394400 473143508 134 64402024 504943204
======================
   8      32 sdc 2805465 31507 375602068 29807004 38604121 834059326 15096732832 473286592 145 64403024 505086284
======================
   8      32 sdc 2805465 31507 375602068 29807004 38604751 834059326 15097055392 473431052 155 64404028 505230064
======================
   8      32 sdc 2805465 31507 375602068 29807004 38605428 834059326 15097402016 473574792 150 64405032 505373784
======================
   8      32 sdc 2805465 31507 375602068 29807004 38606081 834059326 15097736352 473716972 137 64406036 505517416
======================
   8      32 sdc 2805465 31507 375602068 29807004 38606705 834059326 15098055840 473860452 153 64407040 505660868
======================
   8      32 sdc 2805465 31507 375602068 29807004 38607354 834059326 15098388128 474005376 144 64408044 505804584
======================
   8      32 sdc 2805465 31507 375602068 29807004 38608016 834059326 15098727072 474151560 154 64409048 505947880
======================
   8      32 sdc 2805465 31507 375602068 29807004 38608706 834059326 15099080352 474292204 136 64410052 506091628
======================
   8      32 sdc 2805465 31507 375602068 29807004 38609370 834059326 15099420320 474434544 140 64411056 506235208
======================
   8      32 sdc 2805465 31507 375602068 29807004 38609470 834059326 15099471520 474457548 40 64412060 506283284
======================
   8      32 sdc 2805466 31507 375602076 29808708 38610599 834059326 15100049568 474556652 151 64413060 506355948
======================
   8      32 sdc 2805466 31507 375602076 29808708 38611233 834059326 15100374176 474699148 157 64414064 506499612
======================
   8      32 sdc 2805466 31507 375602076 29808708 38611925 834059326 15100728480 474841856 137 64415068 506643424
======================
   8      32 sdc 2805466 31507 375602076 29808708 38612569 834059326 15101058208 474986016 133 64416072 506787160
======================
   8      32 sdc 2805466 31507 375602076 29808708 38613233 834059326 15101398176 475129400 141 64417076 506930704
======================
   8      32 sdc 2805466 31507 375602076 29808708 38613879 834059326 15101728928 475272300 135 64418080 507074244
======================
   8      32 sdc 2805466 31507 375602076 29808708 38614437 834059326 15102014624 475397028 153 64419084 507219136
======================
   8      32 sdc 2805466 31507 375602076 29808708 38615164 834059326 15102386848 475562944 130 64420092 507365232
======================
   8      32 sdc 2805466 31507 375602076 29808708 38615811 834059326 15102718112 475706880 155 64421096 507508772
======================
   8      32 sdc 2805466 31507 375602076 29808708 38616476 834059326 15103058592 475850688 130 64422100 507652388
======================
   8      32 sdc 2805466 31507 375602076 29808708 38617130 834059326 15103393440 475993400 60 64423100 507790176
======================
   8      32 sdc 2805467 31507 375602084 29809124 38617617 834059326 15103642784 476098700 128 64424104 507901080
======================
   8      32 sdc 2805467 31507 375602084 29809124 38618274 834059326 15103979168 476243176 143 64425108 508045024
======================
   8      32 sdc 2805467 31507 375602084 29809124 38618950 834059326 15104325280 476386744 139 64426112 508188632
======================
   8      32 sdc 2805467 31507 375602084 29809124 38619589 834059326 15104652448 476529000 140 64427116 508332236
======================
   8      32 sdc 2805467 31507 375602084 29809124 38620238 834059326 15104984736 476675176 141 64428128 508476132
======================
   8      32 sdc 2805467 31507 375602084 29809124 38620909 834059326 15105328288 476817624 142 64429132 508619608
======================
   8      32 sdc 2805467 31507 375602084 29809124 38621579 834059326 15105671328 476960836 144 64430136 508763156
======================
   8      32 sdc 2805467 31507 375602084 29809124 38622240 834059326 15106009760 477103560 155 64431140 508906588
======================
   8      32 sdc 2805467 31507 375602084 29809124 38622864 834059326 15106329248 477246836 139 64432144 509050220
======================
   8      32 sdc 2805467 31507 375602084 29809124 38623505 834059326 15106657440 477395072 138 64433148 509194672
======================
   8      32 sdc 2805467 31507 375602084 29809124 38624187 834059326 15107006624 477536612 128 64434148 509338128
======================
   8      32 sdc 2805467 31507 375602084 29809124 38624838 834059326 15107339936 477679096 32 64435152 509472068
======================
   8      32 sdc 2805468 31507 375602092 29809560 38625326 834059326 15107589792 477779964 140 64436156 509583052
======================
   8      32 sdc 2805468 31507 375602092 29809560 38625969 834059326 15107919008 477932596 137 64437160 509724844
======================
   8      32 sdc 2805468 31507 375602092 29809560 38626643 834059326 15108264096 478065824 135 64438164 509868316
======================
   8      32 sdc 2805468 31507 375602092 29809560 38627287 834059326 15108593824 478208696 131 64439168 510011624
======================
   8      32 sdc 2805468 31507 375602092 29809560 38627913 834059326 15108914336 478352128 145 64440172 510155248
======================
   8      32 sdc 2805468 31507 375602092 29809560 38628557 834059326 15109244064 478496292 141 64441176 510298632
======================
   8      32 sdc 2805468 31507 375602092 29809560 38629221 834059326 15109584032 478639408 149 64442180 510442268
======================
   8      32 sdc 2805468 31507 375602092 29809560 38629873 834059326 15109917856 478782180 137 64443180 510585020
======================
   8      32 sdc 2805468 31507 375602092 29809560 38630498 834059326 15110237856 478924280 152 64444184 510728380
======================
   8      32 sdc 2805468 31507 375602092 29809560 38631160 834059326 15110576800 479069852 130 64445188 510871836
======================
   8      32 sdc 2805468 31507 375602092 29809560 38631820 834059326 15110915232 479215644 142 64446192 511015672
======================
   8      32 sdc 2805468 31507 375602092 29809560 38632467 834059326 15111245984 479355424 51 64447196 511152140
======================
   8      32 sdc 2805468 31507 375602092 29809560 38632495 834059326 15111260320 479361820 23 64448200 511175844
======================
   8      32 sdc 2805469 31507 375602100 29811208 38633717 834059326 15111885984 479454176 157 64449204 511258324
======================
   8      32 sdc 2805469 31507 375602100 29811208 38634387 834059326 15112229024 479597216 159 64450204 511400776
======================
   8      32 sdc 2805469 31507 375602100 29811208 38634962 834059326 15112523424 479724452 128 64451208 511545192
======================
   8      32 sdc 2805469 31507 375602100 29811208 38635537 834059326 15112817824 479884388 129 64452212 511689404
======================
   8      32 sdc 2805469 31507 375602100 29811208 38636182 834059326 15113148064 480029196 156 64453216 511833096
======================
   8      32 sdc 2805469 31507 375602100 29811208 38636855 834059326 15113492640 480172604 155 64454220 511976548
======================
   8      32 sdc 2805469 31507 375602100 29811208 38637504 834059326 15113824928 480315232 146 64455224 512120216
======================
   8      32 sdc 2805469 31507 375602100 29811208 38638146 834059326 15114153632 480461468 144 64456228 512264840
======================
   8      32 sdc 2805469 31507 375602100 29811208 38638811 834059326 15114494112 480603900 151 64457232 512408080
======================
   8      32 sdc 2805469 31507 375602100 29811208 38639464 834059326 15114828448 480746660 138 64458236 512551540
======================
   8      32 sdc 2805469 31507 375602100 29811208 38640103 834059326 15115155616 480889800 63 64459240 512689868
======================
   8      32 sdc 2805469 31507 375602100 29811208 38640123 834059326 15115165856 480894376 43 64460244 512733328
======================
   8      32 sdc 2805470 31507 375602108 29812876 38641313 834059326 15115775136 481019644 151 64461248 512823176
======================
   8      32 sdc 2805470 31507 375602108 29812876 38641990 834059326 15116121760 481160508 146 64462252 512966556
======================
   8      32 sdc 2805470 31507 375602108 29812876 38642633 834059326 15116450976 481299320 143 64463256 513110300
======================
   8      32 sdc 2805470 31507 375602108 29812876 38643151 834059326 15116716192 481447268 137 64464260 513254076
======================
   8      32 sdc 2805470 31507 375602108 29812876 38643816 834059326 15117056672 481591732 144 64465264 513397876
======================
   8      32 sdc 2805470 31507 375602108 29812876 38644446 834059326 15117379232 481733348 154 64466264 513541724
======================
   8      32 sdc 2805470 31507 375602108 29812876 38645103 834059326 15117715616 481880332 137 64467268 513684504
======================
   8      32 sdc 2805470 31507 375602108 29812876 38645743 834059326 15118043296 482022564 137 64468272 513828156
======================
   8      32 sdc 2805470 31507 375602108 29812876 38646419 834059326 15118389408 482167264 133 64469276 513971424
======================
   8      32 sdc 2805470 31507 375602108 29812876 38647096 834059326 15118736032 482309636 128 64470280 514114880
======================
   8      32 sdc 2805470 31507 375602108 29812876 38647772 834059326 15119082144 482453136 74 64471284 514254972
======================
   8      32 sdc 2805471 31507 375602116 29813080 38648375 834059326 15119390880 482581632 149 64472288 514388020
======================
   8      32 sdc 2805471 31507 375602116 29813080 38649001 834059326 15119711392 482725104 131 64473292 514531508
======================
   8      32 sdc 2805471 31507 375602116 29813080 38649661 834059326 15120049312 482872176 143 64474296 514674472
======================
   8      32 sdc 2805471 31507 375602116 29813080 38650313 834059326 15120383136 483004840 131 64475300 514817172
======================
   8      32 sdc 2805471 31507 375602116 29813080 38650838 834059326 15120651936 483152376 150 64476308 514958880
======================
   8      32 sdc 2805471 31507 375602116 29813080 38651503 834059326 15120992416 483295896 157 64477312 515101904
======================
   8      32 sdc 2805471 31507 375602116 29813080 38652160 834059326 15121328800 483438188 140 64478316 515244492
======================
   8      32 sdc 2805471 31507 375602116 29813080 38652803 834059326 15121658016 483581292 137 64479320 515387440
======================
   8      32 sdc 2805471 31507 375602116 29813080 38653445 834059326 15121986720 483724016 135 64480324 515530788
======================
   8      32 sdc 2805471 31507 375602116 29813080 38654082 834059326 15122312864 483866916 138 64481328 515673784
======================
   8      32 sdc 2805471 31507 375602116 29813080 38654740 834059326 15122649760 484010704 152 64482332 515817016
======================
   8      32 sdc 2805471 31507 375602116 29813080 38655405 834059326 15122990240 484155600 121 64483336 515960456
======================
   8      32 sdc 2805472 31507 375602124 29813316 38656022 834059326 15123306144 484282056 153 64484340 516089140
======================
   8      32 sdc 2805472 31507 375602124 29813316 38656669 834059326 15123637408 484426416 146 64485344 516232896
======================
   8      32 sdc 2805472 31507 375602124 29813316 38657345 834059326 15123983520 484570096 142 64486348 516376500
======================
   8      32 sdc 2805472 31507 375602124 29813316 38657993 834059326 15124315296 484712184 134 64487352 516520064
======================
   8      32 sdc 2805472 31507 375602124 29813316 38658603 834059326 15124627616 484869592 151 64488352 516661948
======================
   8      32 sdc 2805472 31507 375602124 29813316 38659298 834059326 15124983456 484999664 128 64489356 516805340
======================
   8      32 sdc 2805472 31507 375602124 29813316 38659974 834059326 15125329568 485142640 143 64490360 516948596
======================
   8      32 sdc 2805472 31507 375602124 29813316 38660650 834059326 15125675680 485286100 152 64491364 517092308
======================
   8      32 sdc 2805472 31507 375602124 29813316 38661273 834059326 15125994656 485430820 137 64492368 517236828
======================
   8      32 sdc 2805472 31507 375602124 29813316 38661906 834059326 15126318752 485574072 144 64493372 517380368
======================
   8      32 sdc 2805472 31507 375602124 29813316 38662582 834059326 15126664864 485717468 140 64494376 517523784
======================
   8      32 sdc 2805473 31507 375602132 29813540 38663222 834059326 15126992544 485852692 139 64495380 517648716
======================
   8      32 sdc 2805473 31507 375602132 29813540 38663864 834059326 15127321248 485984992 137 64496384 517792396
======================
   8      32 sdc 2805473 31507 375602132 29813540 38664508 834059326 15127650976 486130968 133 64497388 517934832
======================
   8      32 sdc 2805473 31507 375602132 29813540 38665172 834059326 15127990944 486270860 141 64498388 518077740
======================
   8      32 sdc 2805473 31507 375602132 29813540 38665798 834059326 15128311456 486413876 155 64499392 518221212
======================
   8      32 sdc 2805473 31507 375602132 29813540 38666441 834059326 15128640672 486558224 152 64500400 518365388
======================
   8      32 sdc 2805473 31507 375602132 29813540 38667094 834059326 15128975008 486701976 139 64501404 518508788
======================
   8      32 sdc 2805473 31507 375602132 29813540 38667732 834059326 15129301664 486848688 141 64502408 518653144
======================
   8      32 sdc 2805473 31507 375602132 29813540 38668401 834059326 15129644192 486992252 144 64503412 518796984
======================
   8      32 sdc 2805473 31507 375602132 29813540 38669044 834059326 15129973408 487133236 141 64504412 518940000
======================
   8      32 sdc 2805473 31507 375602132 29813540 38669719 834059326 15130319008 487277664 138 64505420 519084156
======================
   8      32 sdc 2805473 31507 375602132 29813540 38670383 834059326 15130658976 487419760 146 64506424 519227536
======================
   8      32 sdc 2805473 31507 375602132 29813540 38670870 834059326 15130908320 487531584 16 64507428 519329712
======================
   8      32 sdc 2805474 31507 375602140 29813984 38671439 834059326 15131199648 487654676 146 64508432 519469668
======================
   8      32 sdc 2805474 31507 375602140 29813984 38672153 834059326 15131565216 487805348 136 64509432 519612496
======================
   8      32 sdc 2805474 31507 375602140 29813984 38672830 834059326 15131911840 487949700 131 64510436 519756140
======================
   8      32 sdc 2805474 31507 375602140 29813984 38673482 834059326 15132245664 488091584 151 64511440 519899872
======================
   8      32 sdc 2805474 31507 375602140 29813984 38674106 834059326 15132565152 488235468 135 64512444 520043324
======================
   8      32 sdc 2805474 31507 375602140 29813984 38674766 834059326 15132903072 488379216 147 64513448 520185652
======================
   8      32 sdc 2805474 31507 375602140 29813984 38675444 834059326 15133250208 488522600 141 64514452 520329112
======================
   8      32 sdc 2805474 31507 375602140 29813984 38676087 834059326 15133579424 488667596 138 64515460 520474768
======================
   8      32 sdc 2805474 31507 375602140 29813984 38676727 834059326 15133907104 488809532 138 64516464 520618208
======================
   8      32 sdc 2805474 31507 375602140 29813984 38677392 834059326 15134247584 488954356 145 64517464 520761204
======================
   8      32 sdc 2805474 31507 375602140 29813984 38678048 834059326 15134583456 489097540 129 64518468 520904516
======================
   8      32 sdc 2805474 31507 375602140 29813984 38678550 834059326 15134840480 489214656 16 64519472 521012112
======================
   8      32 sdc 2805475 31507 375602148 29814392 38679167 834059326 15135156384 489339552 139 64520476 521147296
======================
   8      32 sdc 2805475 31507 375602148 29814392 38679809 834059326 15135485088 489482932 137 64521480 521290716
======================
   8      32 sdc 2805475 31507 375602148 29814392 38680464 834059326 15135820448 489627036 154 64522484 521434200
======================
   8      32 sdc 2805475 31507 375602148 29814392 38681112 834059326 15136152224 489768356 146 64523488 521576964
======================
   8      32 sdc 2805475 31507 375602148 29814392 38681725 834059326 15136466080 489929384 141 64524492 521724852
======================
   8      32 sdc 2805475 31507 375602148 29814392 38682421 834059326 15136822432 490060972 149 64525496 521868372
======================
   8      32 sdc 2805475 31507 375602148 29814392 38683094 834059326 15137167008 490204064 148 64526500 522011948
======================
   8      32 sdc 2805475 31507 375602148 29814392 38683719 834059326 15137487008 490346988 131 64527504 522155244
======================
   8      32 sdc 2805475 31507 375602148 29814392 38684353 834059326 15137811616 490491460 137 64528508 522299064
======================
   8      32 sdc 2805475 31507 375602148 29814392 38685029 834059326 15138157728 490635156 133 64529512 522442540
======================
   8      32 sdc 2805475 31507 375602148 29814392 38685701 834059326 15138501792 490778096 133 64530516 522585436
======================
   8      32 sdc 2805476 31507 375602156 29814608 38686349 834059326 15138833568 490908180 157 64531520 522715612
======================
   8      32 sdc 2805476 31507 375602156 29814608 38686982 834059326 15139157664 491050376 132 64532520 522858616
======================
   8      32 sdc 2805476 31507 375602156 29814608 38687607 834059326 15139477664 491193936 147 64533524 523002352
======================
   8      32 sdc 2805476 31507 375602156 29814608 38688282 834059326 15139823264 491338916 144 64534528 523146068
======================
   8      32 sdc 2805476 31507 375602156 29814608 38688799 834059326 15140087968 491462188 213 64535540 523332868
======================
   8      32 sdc 2805476 31507 375602156 29814608 38689442 834059326 15140417184 491635772 210 64536544 523547036
======================
   8      32 sdc 2805476 31507 375602156 29814608 38690101 834059326 15140754592 491795456 191 64537548 523754344
======================
   8      32 sdc 2805476 31507 375602156 29814608 38690760 834059326 15141092000 491960416 204 64538552 523953976
======================
   8      32 sdc 2805476 31507 375602156 29814608 38691387 834059326 15141413024 492140728 185 64539556 524145236
======================
   8      32 sdc 2805476 31507 375602156 29814608 38692029 834059326 15141741728 492319772 183 64540560 524327760
======================
   8      32 sdc 2805476 31507 375602156 29814608 38692671 834059326 15142070432 492517236 181 64541564 524502768
======================
   8      32 sdc 2805476 31507 375602156 29814608 38693329 834059326 15142407328 492720024 163 64542568 524669384
======================
   8      32 sdc 2805477 31507 375602164 29814860 38693978 834059326 15142739616 492954220 146 64543572 524808220
======================
   8      32 sdc 2805477 31507 375602164 29814860 38694621 834059326 15143068832 493145300 143 64544576 524953960
======================
   8      32 sdc 2805477 31507 375602164 29814860 38695268 834059326 15143400096 493290216 136 64545580 525095568
======================
   8      32 sdc 2805477 31507 375602164 29814860 38695939 834059326 15143743648 493431292 137 64546584 525238920
======================
   8      32 sdc 2805477 31507 375602164 29814860 38696580 834059326 15144071840 493573468 136 64547588 525382300
======================
   8      32 sdc 2805477 31507 375602164 29814860 38697222 834059326 15144400544 493718004 134 64548592 525525620
======================
   8      32 sdc 2805477 31507 375602164 29814860 38697896 834059326 15144745632 493860792 132 64549592 525668324
======================
   8      32 sdc 2805477 31507 375602164 29814860 38698573 834059326 15145092256 494004216 145 64550596 525811540
======================
   8      32 sdc 2805477 31507 375602164 29814860 38699250 834059326 15145438880 494147552 154 64551600 525954824
======================
   8      32 sdc 2805477 31507 375602164 29814860 38699873 834059326 15145757856 494289548 139 64552604 526098464
======================
   8      32 sdc 2805477 31507 375602164 29814860 38700505 834059326 15146081440 494434044 147 64553608 526241840
======================
   8      32 sdc 2805477 31507 375602164 29814860 38701180 834059326 15146427040 494577132 144 64554608 526384596
======================
   8      32 sdc 2805478 31507 375602172 29815136 38701789 834059797 15146738592 494696952 149 64555616 526507252
======================
   8      32 sdc 2805478 31507 375602172 29815136 38702465 834059797 15147084192 494841984 145 64556616 526650340
======================
   8      32 sdc 2805478 31507 375602172 29815136 38703121 834059797 15147420064 494986288 129 64557620 526793892
======================
   8      32 sdc 2805478 31507 375602172 29815136 38703786 834059797 15147760544 495129980 136 64558624 526937652
======================
   8      32 sdc 2805478 31507 375602172 29815136 38704412 834059797 15148081056 495272456 150 64559628 527081512
======================
   8      32 sdc 2805478 31507 375602172 29815136 38705056 834059797 15148410784 495416656 146 64560632 527225416
======================
   8      32 sdc 2805478 31507 375602172 29815136 38705699 834059797 15148740000 495560552 143 64561636 527369080
======================
   8      32 sdc 2805478 31507 375602172 29815136 38706364 834059797 15149080480 495704596 150 64562640 527512760
======================
   8      32 sdc 2805478 31507 375602172 29815136 38707001 834059797 15149406624 495847660 153 64563644 527656344
======================
   8      32 sdc 2805478 31507 375602172 29815136 38707641 834059797 15149734304 495990748 153 64564644 527799272
======================
   8      32 sdc 2805478 31507 375602172 29815136 38708315 834059797 15150079392 496135040 151 64565648 527942912
======================
   8      32 sdc 2805478 31507 375602172 29815136 38708978 834059797 15150418848 496276972 128 64566648 528085608
======================
   8      32 sdc 2805478 31507 375602172 29815136 38709295 834059797 15150580648 496349524 1 64567652 528142768
======================
   8      32 sdc 2805479 31507 375602180 29816872 38709463 834059817 15150666832 496349804 49 64568656 528144036
======================
   8      32 sdc 2805479 31507 375602180 29816872 38709766 834060280 15150797928 496351796 0 64568688 528146020
======================
   8      32 sdc 2805479 31507 375602180 29816872 38709766 834060280 15150797928 496351796 0 64568688 528146020
======================
   8      32 sdc 2805479 31507 375602180 29816872 38709766 834060280 15150797928 496351796 0 64568688 528146020
======================
   8      32 sdc 2805479 31507 375602180 29816872 38709766 834060280 15150797928 496351796 0 64568688 528146020
======================
   8      32 sdc 2805479 31507 375602180 29816872 38709766 834060280 15150797928 496351796 0 64568688 528146020
======================
   8      32 sdc 2805715 31507 375604062 29824896 38709779 834060280 15150797976 496351796 1 64569148 528154432
started
======================
   8      32 sdc 2805720 31507 375604102 29825904 38709781 834060280 15150797984 496351796 0 64569768 528155052
======================
   8      32 sdc 2805732 31507 375606182 29825920 38709781 834060280 15150797984 496351796 2 64569784 528155068
======================
   8      32 sdc 2806133 31510 375709126 29827492 38709781 834060280 15150797984 496351796 1 64570764 528156640
======================
   8      32 sdc 2806593 31510 375826886 29829272 38709781 834060280 15150797984 496351796 1 64571760 528158420
======================
   8      32 sdc 2807031 31510 375939014 29831136 38709781 834060280 15150797984 496351796 2 64572748 528160300
======================
   8      32 sdc 2807464 31510 376049374 29832976 38709781 834060280 15150797984 496351796 2 64573744 528162132
======================
   8      32 sdc 2807890 31510 376156126 29834824 38709781 834060280 15150797984 496351796 2 64574732 528163996
======================
   8      32 sdc 2808306 31510 376262622 29836712 38709784 834060282 15150798024 496351796 1 64575708 528165872
======================
   8      32 sdc 2808720 31510 376368606 29838624 38709784 834060282 15150798024 496351796 2 64576696 528167800
======================
   8      32 sdc 2809166 31510 376482782 29840688 38709784 834060282 15150798024 496351796 1 64577696 528169840
======================
   8      32 sdc 2809594 31510 376592350 29842804 38709784 834060282 15150798024 496351796 1 64578684 528171968
======================
   8      32 sdc 2810026 31510 376702942 29844892 38709784 834060282 15150798024 496351796 1 64579668 528174040
======================
   8      32 sdc 2810477 31510 376818398 29846784 38709784 834060282 15150798024 496351796 2 64580652 528175940
======================
   8      32 sdc 2810901 31510 376926366 29848504 38709784 834060282 15150798024 496351796 3 64581640 528177684
======================
   8      32 sdc 2811228 31510 377010078 29850200 38709784 834060282 15150798024 496351796 2 64582632 528179360
======================
   8      32 sdc 2811625 31510 377111710 29852188 38709784 834060282 15150798024 496351796 3 64583628 528181368
======================
   8      32 sdc 2812058 31510 377222558 29854216 38709784 834060282 15150798024 496351796 2 64584628 528183364
======================
   8      32 sdc 2812468 31510 377327518 29856148 38709784 834060282 15150798024 496351796 2 64585620 528185296
======================
   8      32 sdc 2812887 31510 377434782 29858044 38709784 834060282 15150798024 496351796 3 64586604 528187196
======================
   8      32 sdc 2813308 31510 377541790 29859960 38709784 834060282 15150798024 496351796 3 64587596 528189108
======================
   8      32 sdc 2813713 31510 377644190 29861884 38709784 834060282 15150798024 496351796 1 64588588 528191032
======================
   8      32 sdc 2814130 31510 377750942 29863672 38709784 834060282 15150798024 496351796 2 64589580 528192824
======================
   8      32 sdc 2814565 31510 377860254 29865556 38709784 834060282 15150798024 496351796 1 64590560 528194704
======================
   8      32 sdc 2814982 31510 377967006 29867664 38709784 834060282 15150798024 496351796 2 64591556 528196816
======================
   8      32 sdc 2815386 31510 378070430 29869536 38709784 834060282 15150798024 496351796 2 64592552 528198700
======================
   8      32 sdc 2815821 31510 378180654 29871436 38709784 834060282 15150798024 496351796 4 64593540 528200600
======================
   8      32 sdc 2816244 31510 378287838 29873312 38709784 834060282 15150798024 496351796 9 64594532 528202508
======================
   8      32 sdc 2816694 31510 378401166 29875112 38709784 834060282 15150798024 496351796 1 64595528 528204260
======================
   8      32 sdc 2817099 31510 378504846 29877048 38709784 834060282 15150798024 496351796 4 64596520 528206228
======================
   8      32 sdc 2817499 31510 378607246 29878940 38709784 834060282 15150798024 496351796 2 64597516 528208076
======================
   8      32 sdc 2817911 31510 378712542 29880836 38709784 834060282 15150798024 496351796 3 64598504 528210008
======================
   8      32 sdc 2818346 31510 378823902 29882956 38709784 834060282 15150798024 496351796 2 64599492 528212100
======================
   8      32 sdc 2818771 31510 378930462 29885032 38709784 834060282 15150798024 496351796 1 64600484 528214168
======================
   8      32 sdc 2819171 31510 379032862 29887144 38709784 834060282 15150798024 496351796 2 64601476 528216280
======================
   8      32 sdc 2819576 31510 379136542 29889056 38709784 834060282 15150798024 496351796 1 64602456 528218196
======================
   8      32 sdc 2819987 31510 379241758 29890972 38709784 834060282 15150798024 496351796 3 64603448 528220116
======================
   8      32 sdc 2820438 31510 379357214 29892804 38709784 834060282 15150798024 496351796 2 64604440 528221944
======================
   8      32 sdc 2820840 31510 379460126 29894636 38709786 834060282 15150798040 496351820 3 64605436 528223824
======================
   8      32 sdc 2821241 31510 379562782 29896576 38709786 834060282 15150798040 496351820 2 64606440 528225760
======================
   8      32 sdc 2821666 31510 379671582 29898496 38709786 834060282 15150798040 496351820 2 64607436 528227664
======================
   8      32 sdc 2822136 31510 379791486 29900320 38709786 834060282 15150798040 496351820 2 64608436 528229484
======================
   8      32 sdc 2822559 31510 379899774 29902200 38709786 834060282 15150798040 496351820 2 64609432 528231360
======================
   8      32 sdc 2822988 31510 380009110 29904032 38709786 834060282 15150798040 496351820 3 64610416 528233192
======================
   8      32 sdc 2823423 31510 380120222 29905932 38709786 834060282 15150798040 496351820 2 64611396 528235100
======================
   8      32 sdc 2823736 31510 380198558 29907584 38709786 834060282 15150798040 496351820 3 64612392 528236764
======================
   8      32 sdc 2824170 31510 380308126 29909768 38709786 834060282 15150798040 496351820 2 64613388 528238940
======================
   8      32 sdc 2824585 31510 380414366 29911808 38709786 834060282 15150798040 496351820 2 64614384 528240984
======================
   8      32 sdc 2825034 31510 380528286 29913796 38709786 834060282 15150798040 496351820 3 64615376 528242960
======================
   8      32 sdc 2825451 31510 380635038 29915792 38709786 834060282 15150798040 496351820 2 64616380 528244960
======================
   8      32 sdc 2825881 31510 380744934 29917552 38709786 834060282 15150798040 496351820 0 64617372 528246704
======================
   8      32 sdc 2826287 31510 380848870 29919576 38709786 834060282 15150798040 496351820 2 64618364 528248748
======================
   8      32 sdc 2826681 31510 380949486 29921452 38709786 834060282 15150798040 496351820 1 64619356 528250612
======================
   8      32 sdc 2827134 31510 381056758 29923392 38709786 834060282 15150798040 496351820 1 64620352 528252552
======================
   8      32 sdc 2827564 31510 381166838 29925140 38709786 834060282 15150798040 496351820 1 64621328 528254296
======================
   8      32 sdc 2827997 31510 381277438 29927112 38709786 834060282 15150798040 496351820 3 64622312 528256268
======================
   8      32 sdc 2828441 31510 381391102 29928992 38709786 834060282 15150798040 496351820 1 64623308 528258148
======================
   8      32 sdc 2828880 31510 381503486 29930812 38709786 834060282 15150798040 496351820 2 64624296 528259972
======================
   8      32 sdc 2829279 31510 381605630 29932888 38709786 834060282 15150798040 496351820 1 64625296 528262044
======================
   8      32 sdc 2829704 31510 381714182 29934956 38709786 834060282 15150798040 496351820 1 64626288 528264108
======================
   8      32 sdc 2830143 31510 381826566 29936916 38709786 834060282 15150798040 496351820 2 64627284 528266064
======================
   8      32 sdc 2830573 31510 381935894 29938744 38709786 834060282 15150798040 496351820 1 64628288 528267900
======================
   8      32 sdc 2830981 31510 382039318 29940624 38709786 834060282 15150798040 496351820 1 64629292 528269792
======================
   8      32 sdc 2831343 31510 382131246 29942228 38709786 834060282 15150798040 496351820 0 64630080 528271376
