======================
   8      16 sdb 32504198 525732 3106407050 73526820 60378087 381748388 16365975864 2326842596 0 21000584 2400436820
======================
   8      16 sdb 32504198 525732 3106407050 73526820 60378087 381748388 16365975864 2326842596 0 21000584 2400436820
======================
   8      16 sdb 32504234 525732 3106407338 73526824 60378088 381748388 16365975872 2326842600 0 21000592 2400436828
======================
   8      16 sdb 32504234 525732 3106407338 73526824 60378088 381748388 16365975872 2326842600 0 21000592 2400436828
======================
   8      16 sdb 32504234 525732 3106407338 73526824 60378088 381748388 16365975872 2326842600 0 21000592 2400436828
======================
   8      16 sdb 32504234 525732 3106407338 73526824 60378088 381748388 16365975872 2326842600 0 21000592 2400436828
======================
   8      16 sdb 32504234 525732 3106407338 73526824 60378093 381748633 16365977872 2326842612 0 21000596 2400436840
======================
   8      16 sdb 32504234 525732 3106407338 73526824 60378120 381748854 16365979848 2326842708 0 21000600 2400436936
started
======================
   8      16 sdb 32504234 525732 3106407338 73526824 60378120 381748854 16365979848 2326842708 0 21000600 2400436936
======================
   8      16 sdb 32504273 525732 3106407650 73526864 60378411 381748854 16366128840 2326843172 21 21000624 2400437436
======================
   8      16 sdb 32504274 525732 3106407658 73526864 60379080 381748854 16366471368 2326845964 0 21000672 2400440220
======================
   8      16 sdb 32504274 525732 3106407658 73526864 60379080 381748854 16366471368 2326845964 0 21000672 2400440220
======================
   8      16 sdb 32504283 525732 3106407730 73527224 60383055 381748854 16368507080 2326989708 147 21001980 2400589792
======================
   8      16 sdb 32504288 525732 3106407770 73527544 60385013 381748873 16369508208 2327100816 147 21002996 2400700724
======================
   8      16 sdb 32504292 525732 3106407802 73527844 60387080 381748883 16370564072 2327232336 146 21004088 2400832220
======================
   8      16 sdb 32504296 525732 3106407834 73528140 60389033 381748883 16371564008 2327351956 146 21005092 2400952828
======================
   8      16 sdb 32504300 525732 3106407866 73528432 60391013 381748883 16372577768 2327476840 149 21006120 2401076560
======================
   8      16 sdb 32504304 525732 3106407898 73528680 60392916 381748883 16373552104 2327596996 60 21007124 2401196400
======================
   8      16 sdb 32504308 525732 3106407930 73528988 60394828 381748906 16374530224 2327713352 142 21008132 2401315476
======================
   8      16 sdb 32504312 525732 3106407962 73529296 60396755 381748922 16375515464 2327833080 140 21009132 2401434868
======================
   8      16 sdb 32504316 525732 3106407994 73529600 60398681 381748922 16376501576 2327954732 134 21010132 2401555116
======================
   8      16 sdb 32504320 525732 3106408026 73529860 60400584 381748922 16377475912 2328075364 77 21011136 2401676512
======================
   8      16 sdb 32504324 525732 3106408058 73530156 60402521 381748922 16378467656 2328194116 132 21012136 2401797008
======================
   8      16 sdb 32504328 525732 3106408090 73530548 60404326 381748945 16379390992 2328306856 136 21013136 2401905760
======================
   8      16 sdb 32504332 525732 3106408122 73530556 60406361 381748962 16380431536 2328444024 133 21014136 2402047684
======================
   8      16 sdb 32504337 525732 3106408162 73530616 60408269 381748962 16381408432 2328586348 140 21015140 2402189504
======================
   8      16 sdb 32504340 525732 3106408186 73530652 60410170 381748962 16382381744 2328729396 134 21016144 2402332724
======================
   8      16 sdb 32504344 525732 3106408218 73530724 60412090 381748962 16383364784 2328871904 146 21017144 2402475076
======================
   8      16 sdb 32504348 525732 3106408250 73530820 60414016 381748984 16384350568 2329011280 149 21018148 2402614700
======================
   8      16 sdb 32504352 525732 3106408282 73530948 60415935 381748984 16385333096 2329147044 92 21019152 2402749944
======================
   8      16 sdb 32504356 525732 3106408314 73531092 60417852 381748984 16386314600 2329285024 154 21020152 2402888116
======================
   8      16 sdb 32504360 525732 3106408346 73531240 60419777 381748984 16387300200 2329419584 128 21021156 2403023404
======================
   8      16 sdb 32504364 525732 3106408378 73531420 60421675 381748984 16388271976 2329556108 146 21022156 2403158812
======================
   8      16 sdb 32504368 525732 3106408410 73531612 60423576 381749008 16389244472 2329683884 133 21023164 2403288672
======================
   8      16 sdb 32504372 525732 3106408442 73531836 60425497 381749024 16390227144 2329812292 147 21024164 2403416956
======================
   8      16 sdb 32504376 525732 3106408474 73532072 60427423 381749024 16391213256 2329940820 151 21025168 2403545924
======================
   8      16 sdb 32504379 525732 3106408498 73532256 60429307 381749024 16392177864 2330066512 36 21026172 2403669720
======================
   8      16 sdb 32504384 525732 3106408538 73532572 60431234 381749042 16393163120 2330184592 153 21027176 2403789924
======================
   8      16 sdb 32504388 525732 3106408570 73532864 60433197 381749066 16394167360 2330301088 128 21028180 2403907244
======================
   8      16 sdb 32504392 525732 3106408602 73533172 60435108 381749083 16395144416 2330421612 140 21029184 2404027692
======================
   8      16 sdb 32504395 525732 3106408626 73533396 60437007 381749083 16396116704 2330546184 24 21030188 2404149044
======================
   8      16 sdb 32504400 525732 3106408666 73533716 60438927 381749083 16397099744 2330661296 143 21031184 2404268020
======================
   8      16 sdb 32504404 525732 3106408698 73534016 60440816 381749083 16398066912 2330780028 128 21032184 2404387436
======================
   8      16 sdb 32504408 525732 3106408730 73534268 60442752 381749105 16399057312 2330895888 141 21033180 2404501632
======================
   8      16 sdb 32504411 525732 3106408754 73534492 60444691 381749121 16400049200 2331019668 24 21034184 2404623516
======================
   8      16 sdb 32504416 525732 3106408794 73534820 60446615 381749121 16401034288 2331134552 140 21035188 2404742692
======================
   8      16 sdb 32504420 525732 3106408826 73535156 60448478 381749121 16401988144 2331248448 153 21036184 2404855968
======================
   8      16 sdb 32504423 525732 3106408850 73535384 60450342 381749121 16402942512 2331365060 5 21037188 2404968832
======================
   8      16 sdb 32504428 525732 3106408890 73535524 60452353 381749144 16403971824 2331501072 138 21038188 2405109792
======================
   8      16 sdb 32504432 525732 3106408922 73535572 60454280 381749144 16404958448 2331644212 131 21039192 2405252924
======================
   8      16 sdb 32504436 525732 3106408954 73535628 60456158 381749144 16405919984 2331783456 141 21040196 2405395836
======================
   8      16 sdb 32504440 525732 3106408986 73535696 60458126 381749144 16406927600 2331929132 143 21041196 2405537704
======================
   8      16 sdb 32504444 525732 3106409018 73535788 60460045 381749144 16407910128 2332069852 143 21042200 2405678252
======================
   8      16 sdb 32504448 525732 3106409050 73535916 60461951 381749144 16408886000 2332204848 152 21043204 2405814068
======================
   8      16 sdb 32504452 525732 3106409082 73536060 60463853 381749144 16409859824 2332341668 147 21044204 2405950720
======================
   8      16 sdb 32504456 525732 3106409114 73536212 60465777 381749144 16410844912 2332478548 147 21045208 2406087756
======================
   8      16 sdb 32504459 525732 3106409138 73536780 60467600 381749144 16411778288 2332576140 152 21046212 2406185588
======================
   8      16 sdb 32504464 525732 3106409178 73536816 60469528 381749144 16412765424 2332717668 144 21047216 2406327580
======================
   8      16 sdb 32504468 525732 3106409210 73536864 60471434 381749144 16413741296 2332859272 129 21048220 2406470192
======================
   8      16 sdb 32504472 525732 3106409242 73536916 60473373 381749144 16414734064 2333002668 144 21049224 2406612616
======================
   8      16 sdb 32504475 525732 3106409266 73536976 60475273 381749144 16415706864 2333143640 128 21050228 2406753816
======================
   8      16 sdb 32504480 525732 3106409306 73537104 60477179 381749144 16416682736 2333279500 139 21051232 2406889804
======================
   8      16 sdb 32504483 525732 3106409330 73537196 60478824 381749144 16417524976 2333401144 135 21052236 2407029132
======================
   8      16 sdb 32504488 525732 3106409370 73537336 60481007 381749144 16418642672 2333556724 132 21053240 2407165264
======================
   8      16 sdb 32504491 525732 3106409394 73537452 60482934 381749144 16419629296 2333693568 145 21054244 2407303796
======================
   8      16 sdb 32504496 525732 3106409434 73537676 60484857 381749212 16420612904 2333820528 143 21055248 2407431164
======================
   8      16 sdb 32504500 525732 3106409466 73537888 60486778 381749229 16421595584 2333950968 140 21056252 2407561864
======================
   8      16 sdb 32504503 525732 3106409490 73538060 60488565 381749229 16422510528 2334072816 142 21057252 2407693720
======================
   8      16 sdb 32504507 525732 3106409522 73538188 60490547 381749229 16423524808 2334207992 130 21058256 2407820764
======================
   8      16 sdb 32504512 525732 3106409562 73538464 60492517 381749288 16424530896 2334332776 156 21059264 2407944624
