======================
   8      16 sdb 39135701 527677 3434654562 83319848 71701984 387817449 19038486064 2696340288 0 24457356 2779796332
======================
   8      16 sdb 39135701 527677 3434654562 83319848 71701984 387817449 19038486064 2696340288 0 24457356 2779796332
======================
   8      16 sdb 39135701 527677 3434654562 83319848 71702469 387847952 19038733952 2696340528 2 24457460 2779796668
======================
   8      16 sdb 39135702 527677 3434654570 83319968 71702501 387849752 19038748616 2696340540 0 24457480 2779796696
======================
   8      16 sdb 39135702 527677 3434654570 83319968 71702501 387849752 19038748616 2696340540 0 24457480 2779796696
======================
   8      16 sdb 39135702 527677 3434654570 83319968 71702501 387849752 19038748616 2696340540 0 24457480 2779796696
======================
   8      16 sdb 39135702 527677 3434654570 83319968 71702501 387849752 19038748616 2696340540 0 24457480 2779796696
======================
   8      16 sdb 39135702 527677 3434654570 83319968 71702501 387849752 19038748616 2696340540 0 24457480 2779796696
======================
   8      16 sdb 39135702 527677 3434654570 83319968 71702653 387859258 19038825880 2696341028 0 24457520 2779797184
======================
   8      16 sdb 39135702 527677 3434654570 83319968 71702653 387859258 19038825880 2696341028 0 24457520 2779797184
======================
   8      16 sdb 39135702 527677 3434654570 83319968 71702653 387859258 19038825880 2696341028 0 24457520 2779797184
======================
   8      16 sdb 39135702 527677 3434654570 83319968 71702653 387859258 19038825880 2696341028 0 24457520 2779797184
======================
   8      16 sdb 39135702 527677 3434654570 83319968 71711134 387892180 19039154640 2696373360 6 24457984 2779829532
======================
   8      16 sdb 39135702 527677 3434654570 83319968 71712062 387944906 19039586336 2696376072 0 24458572 2779832208
======================
   8      16 sdb 39135702 527677 3434654570 83319968 71712062 387944906 19039586336 2696376072 0 24458572 2779832208
======================
   8      16 sdb 39135702 527677 3434654570 83319968 71712062 387944906 19039586336 2696376072 0 24458572 2779832208
======================
   8      16 sdb 39135702 527677 3434654570 83319968 71712062 387944906 19039586336 2696376072 0 24458572 2779832208
======================
   8      16 sdb 39135702 527677 3434654570 83319968 71712062 387944906 19039586336 2696376072 0 24458572 2779832208
======================
   8      16 sdb 39135702 527677 3434654570 83319968 71712845 387989652 19039950216 2696377756 2 24459076 2779833884
======================
   8      16 sdb 39135702 527677 3434654570 83319968 71714322 388071415 19040615856 2696380252 2 24460080 2779836360
======================
   8      16 sdb 39135702 527677 3434654570 83319968 71719433 388166052 19041414472 2696388848 0 24461024 2779844924
======================
   8      16 sdb 39135702 527677 3434654570 83319968 71719433 388166052 19041414472 2696388848 0 24461024 2779844924
======================
   8      16 sdb 39135702 527677 3434654570 83319968 71719433 388166052 19041414472 2696388848 0 24461024 2779844924
======================
   8      16 sdb 39135702 527677 3434654570 83319968 71719813 388189750 19041607088 2696389052 0 24461136 2779845124
======================
   8      16 sdb 39135702 527677 3434654570 83319968 71719813 388189750 19041607088 2696389052 0 24461136 2779845124
======================
   8      16 sdb 39135702 527677 3434654570 83319968 71719813 388189750 19041607088 2696389052 0 24461136 2779845124
======================
   8      16 sdb 39135702 527677 3434654570 83319968 71719813 388189750 19041607088 2696389052 0 24461136 2779845124
======================
   8      16 sdb 39135702 527677 3434654570 83319968 71719813 388189750 19041607088 2696389052 0 24461136 2779845124
======================
   8      16 sdb 39135702 527677 3434654570 83319968 71720014 388202305 19041709136 2696389128 0 24461168 2779845196
======================
   8      16 sdb 39135702 527677 3434654570 83319968 71720014 388202305 19041709136 2696389128 0 24461168 2779845196
======================
   8      16 sdb 39135702 527677 3434654570 83319968 71720014 388202305 19041709136 2696389128 0 24461168 2779845196
======================
   8      16 sdb 39135702 527677 3434654570 83319968 71720014 388202305 19041709136 2696389128 0 24461168 2779845196
======================
   8      16 sdb 39135702 527677 3434654570 83319968 71720041 388204055 19041722960 2696389132 1 24461172 2779845200
======================
   8      16 sdb 39135702 527677 3434654570 83319968 71720204 388214149 19041805408 2696389204 0 24461200 2779845272
======================
   8      16 sdb 39135702 527677 3434654570 83319968 71720204 388214149 19041805408 2696389204 0 24461200 2779845272
======================
   8      16 sdb 39135702 527677 3434654570 83319968 71720204 388214149 19041805408 2696389204 0 24461200 2779845272
======================
   8      16 sdb 39135702 527677 3434654570 83319968 71720533 388232272 19041953024 2696389612 0 24461408 2779845676
======================
   8      16 sdb 39135702 527677 3434654570 83319968 71720640 388239202 19042007808 2696389644 3 24461424 2779845708
======================
   8      16 sdb 39135702 527677 3434654570 83319968 71720745 388245563 19042061048 2696389696 0 24461444 2779845760
======================
   8      16 sdb 39135702 527677 3434654570 83319968 71720745 388245563 19042061048 2696389696 0 24461444 2779845760
======================
   8      16 sdb 39135702 527677 3434654570 83319968 71720971 388259690 19042175752 2696389908 2 24461592 2779845968
======================
   8      16 sdb 39135702 527677 3434654570 83319968 71721706 388303968 19042535800 2696390528 1 24462044 2779846588
======================
   8      16 sdb 39135737 527677 3434654850 83321168 71723278 388408772 19043315560 2696405772 142 24463040 2779864656
======================
   8      16 sdb 39135737 527677 3434654850 83321168 71724404 388468366 19043872480 2696458460 1 24464012 2779915708
======================
   8      16 sdb 39135737 527677 3434654850 83321168 71725949 388562782 19044640304 2696459816 2 24465016 2779917044
======================
   8      16 sdb 39135737 527677 3434654850 83321168 71727575 388661810 19045445440 2696461144 1 24466020 2779918372
======================
   8      16 sdb 39135737 527677 3434654850 83321168 71729220 388760837 19046250656 2696462708 1 24467024 2779919920
======================
   8      16 sdb 39135737 527677 3434654850 83321168 71731029 388871198 19047147440 2696464436 3 24468016 2779921640
======================
   8      16 sdb 39135737 527677 3434654850 83321168 71732804 388979954 19048032240 2696465992 1 24469020 2779923180
======================
   8      16 sdb 39135737 527677 3434654850 83321168 71734552 389086997 19048902976 2696469456 0 24469504 2779926928
======================
   8      16 sdb 39135737 527677 3434654850 83321168 71734552 389086997 19048902976 2696469456 0 24469504 2779926928
======================
   8      16 sdb 39135737 527677 3434654850 83321168 71734552 389086997 19048902976 2696469456 0 24469504 2779926928
======================
   8      16 sdb 39135737 527677 3434654850 83321168 71734552 389086997 19048902976 2696469456 0 24469504 2779926928
started
======================
   8      16 sdb 39135737 527677 3434654850 83321168 71734552 389086997 19048902976 2696469456 0 24469504 2779926928
======================
   8      16 sdb 39135737 527677 3434654850 83321168 71734552 389086997 19048902976 2696469456 0 24469504 2779926928
======================
   8      16 sdb 39159658 566828 3435162450 83348276 71734552 389086997 19048902976 2696469456 31 24470396 2779956540
======================
   8      16 sdb 39210349 566918 3435568714 83378140 71734552 389086997 19048902976 2696469456 14 24471428 2779983988
======================
   8      16 sdb 39283946 566921 3436157514 83401680 71734552 389086997 19048902976 2696469456 27 24472440 2780007020
======================
   8      16 sdb 39359948 566921 3436765530 83425320 71734552 389086997 19048902976 2696469456 23 24473448 2780030424
======================
   8      16 sdb 39434109 566932 3437358898 83448480 71734552 389086997 19048902976 2696469456 22 24474452 2780053540
======================
   8      16 sdb 39495588 566932 3437850730 83473692 71735398 389140070 19049334320 2696469764 19 24475464 2780078700
======================
   8      16 sdb 39570084 566932 3438446698 83496924 71735398 389140070 19049334320 2696469764 12 24476492 2780102956
======================
   8      16 sdb 39642052 566932 3439022450 83522432 71735398 389140070 19049334320 2696469764 27 24477496 2780127444
======================
   8      16 sdb 39659804 572427 3439209066 83553208 71735398 389140070 19049334320 2696469764 32 24478512 2780158772
======================
   8      16 sdb 39724502 572427 3439726650 83576332 71735398 389140070 19049334320 2696469764 20 24479524 2780181152
======================
   8      16 sdb 39754967 572427 3439970370 83581600 71736367 389201030 19049829752 2696470064 3 24480528 2780186684
======================
   8      16 sdb 39829987 572427 3440570530 83604836 71736367 389201030 19049829752 2696470064 30 24481532 2780209672
======================
   8      16 sdb 39906532 572427 3441182898 83629484 71736367 389201030 19049829752 2696470064 24 24482580 2780234136
======================
   8      16 sdb 39950992 572427 3441538570 83656632 71736367 389201030 19049829752 2696470064 32 24483584 2780261320
======================
   8      16 sdb 40000738 572427 3441936538 83672912 71736656 389219532 19049977720 2696470140 37 24484592 2780278832
======================
   8      16 sdb 40065849 572427 3442457434 83697932 71737210 389254057 19050260712 2696470436 22 24485592 2780302476
======================
   8      16 sdb 40140117 572427 3443051570 83720984 71737210 389254057 19050260712 2696470436 18 24486608 2780325300
======================
   8      16 sdb 40160591 572427 3443215362 83727380 71737210 389254057 19050260712 2696470436 0 24486892 2780331740
======================
   8      16 sdb 40160591 572427 3443215362 83727380 71737210 389254057 19050260712 2696470436 0 24486892 2780331740
