======================
   8      16 sdb 604611 4973 106071888 412720 1244724 16064218 633923200 91915120 0 850564 92336136
======================
   8      16 sdb 604611 4973 106071888 412720 1244724 16064218 633923200 91915120 0 850564 92336136
======================
   8      16 sdb 604613 4973 106071904 412720 1244724 16064218 633923200 91915120 0 850564 92336136
======================
   8      16 sdb 604613 4973 106071904 412720 1244724 16064218 633923200 91915120 0 850564 92336136
======================
   8      16 sdb 604613 4973 106071904 412720 1246644 16064218 634906240 91930260 0 850708 92351276
======================
   8      16 sdb 604613 4973 106071904 412720 1249544 16064218 636391040 91989388 130 851268 92415588
======================
   8      16 sdb 604613 4973 106071904 412720 1251184 16064218 637230720 92110472 154 852272 92559648
======================
   8      16 sdb 604613 4973 106071904 412720 1252163 16064250 637731720 92276164 83 853276 92701516
======================
   8      16 sdb 604614 4973 106071912 412792 1254098 16064266 638716016 92411688 137 854280 92838260
======================
   8      16 sdb 604614 4973 106071912 412792 1256000 16064266 639689840 92553976 154 855280 92979900
======================
   8      16 sdb 604614 4973 106071912 412792 1258025 16064266 640727152 92705484 146 856356 93131664
======================
   8      16 sdb 604615 4973 106071920 412868 1259937 16064266 641706096 92843296 128 857360 93267316
======================
   8      16 sdb 604615 4973 106071920 412868 1261877 16064288 642698536 92976716 140 858364 93403080
======================
   8      16 sdb 604615 4973 106071920 412868 1264226 16064288 643901736 93116700 129 859368 93541660
======================
   8      16 sdb 604615 4973 106071920 412868 1266740 16064288 645188392 93257148 141 860368 93681780
======================
   8      16 sdb 604616 4973 106071928 412924 1268888 16064288 646287664 93389568 134 861372 93815952
======================
   8      16 sdb 604616 4973 106071928 412924 1270795 16064304 647262664 93531972 147 862376 93958524
======================
   8      16 sdb 604616 4973 106071928 412924 1272698 16064329 648236696 93668624 140 863380 94095044
======================
   8      16 sdb 604616 4973 106071928 412924 1274622 16064329 649221784 93809340 136 864384 94235744
======================
   8      16 sdb 604617 4973 106071936 413000 1276547 16064348 650206880 93944496 128 865384 94370616
======================
   8      16 sdb 604617 4973 106071936 413000 1278468 16064348 651189576 94085404 149 866388 94511920
======================
   8      16 sdb 604617 4973 106071936 413000 1280394 16064348 652175688 94227944 143 867392 94654260
======================
   8      16 sdb 604617 4973 106071936 413000 1282320 16064371 653161480 94364828 130 868396 94791172
======================
   8      16 sdb 604618 4973 106071944 413084 1284223 16064371 654135312 94500124 147 869400 94926744
======================
   8      16 sdb 604618 4973 106071944 413084 1286128 16064387 655109288 94642260 130 870404 95069648
======================
   8      16 sdb 604618 4973 106071944 413084 1288021 16064387 656078504 94785308 139 871408 95211884
======================
   8      16 sdb 604618 4973 106071944 413084 1289945 16064387 657063592 94927468 153 872408 95353664
======================
   8      16 sdb 604619 4973 106071952 413172 1291869 16064410 658048360 95057976 148 873412 95484100
======================
   8      16 sdb 604619 4973 106071952 413172 1293795 16064410 659034472 95200388 150 874416 95626600
======================
   8      16 sdb 604619 4973 106071952 413172 1295721 16064410 660020584 95342684 144 875420 95769084
======================
   8      16 sdb 604619 4973 106071952 413172 1297634 16064410 661000040 95484436 136 876432 95912452
======================
   8      16 sdb 604620 4973 106071960 413256 1299568 16064426 661988360 95619752 140 877436 96046068
======================
   8      16 sdb 604620 4973 106071960 413256 1301476 16064449 662964936 95756352 146 878440 96182592
======================
   8      16 sdb 604620 4973 106071960 413256 1303399 16064449 663949512 95898332 153 879444 96324704
======================
   8      16 sdb 604620 4973 106071960 413256 1305321 16064449 664933576 96040256 151 880448 96466624
======================
   8      16 sdb 604621 4973 106071968 413336 1307248 16064466 665919336 96174880 141 881448 96601524
======================
   8      16 sdb 604621 4973 106071968 413336 1309175 16064466 666905448 96317032 143 882452 96743516
======================
   8      16 sdb 604621 4973 106071968 413336 1311103 16064489 667892264 96453756 132 883456 96880260
======================
   8      16 sdb 604621 4973 106071968 413336 1313006 16064489 668866600 96596008 149 884460 97022508
======================
   8      16 sdb 604622 4973 106071976 413420 1314912 16064506 669840592 96731104 129 885460 97157616
======================
   8      16 sdb 604622 4973 106071976 413420 1316836 16064506 670825680 96873128 157 886464 97299788
======================
   8      16 sdb 604622 4973 106071976 413420 1318759 16064506 671810256 97015136 154 887468 97441756
======================
   8      16 sdb 604622 4973 106071976 413420 1320685 16064528 672796040 97152308 155 888472 97578944
======================
   8      16 sdb 604623 4973 106071984 413504 1322614 16064544 673782304 97287464 146 889476 97714272
======================
   8      16 sdb 604623 4973 106071984 413504 1324539 16064544 674767904 97429812 141 890480 97856720
======================
   8      16 sdb 604623 4973 106071984 413504 1326442 16064544 675742240 97572516 136 891480 97998804
======================
   8      16 sdb 604623 4973 106071984 413504 1328352 16064544 676720160 97714888 136 892484 98141392
======================
   8      16 sdb 604624 4973 106071992 413588 1330276 16064567 677704928 97845904 128 893488 98272416
======================
   8      16 sdb 604624 4973 106071992 413588 1332199 16064567 678689504 97988404 148 894492 98414888
======================
   8      16 sdb 604624 4973 106071992 413588 1334124 16064567 679675104 98130656 152 895496 98557208
======================
   8      16 sdb 604624 4973 106071992 413588 1336049 16064567 680660704 98272736 147 896500 98699396
======================
   8      16 sdb 604625 4973 106072000 413676 1337974 16064583 681644416 98407936 148 897504 98834736
======================
   8      16 sdb 604625 4973 106072000 413676 1339875 16064606 682617408 98546284 142 898508 98973212
======================
   8      16 sdb 604625 4973 106072000 413676 1341793 16064606 683599424 98688540 144 899512 99115292
======================
   8      16 sdb 604625 4973 106072000 413676 1343719 16064606 684585536 98831112 138 900516 99257868
======================
   8      16 sdb 604626 4973 106072008 413760 1345646 16064623 685570280 98966284 128 901520 99393048
======================
   8      16 sdb 604626 4973 106072008 413760 1347570 16064623 686555368 99108672 147 902520 99535068
======================
   8      16 sdb 604626 4973 106072008 413760 1349544 16064645 687565728 99248584 146 903552 99675192
======================
   8      16 sdb 604626 4973 106072008 413760 1351587 16064645 688611744 99398400 151 904616 99825032
======================
   8      16 sdb 604627 4973 106072016 413840 1353499 16064661 689589304 99532272 154 905620 99959060
======================
   8      16 sdb 604627 4973 106072016 413840 1355398 16064661 690561592 99673488 143 906624 100100420
======================
   8      16 sdb 604627 4973 106072016 413840 1357319 16064661 691545144 99815488 142 907624 100241940
======================
   8      16 sdb 604627 4973 106072016 413840 1359244 16064684 692530424 99951788 143 908628 100378392
======================
   8      16 sdb 604628 4973 106072024 413924 1361171 16064701 693515672 100085988 137 909632 100512588
======================
   8      16 sdb 604628 4973 106072024 413924 1363097 16064701 694501784 100226572 151 910636 100653244
======================
   8      16 sdb 604628 4973 106072024 413924 1365021 16064701 695486872 100368496 147 911640 100795304
======================
   8      16 sdb 604628 4973 106072024 413924 1366922 16064701 696460184 100510612 134 912644 100937572
======================
   8      16 sdb 604629 4973 106072032 414000 1368824 16064725 697433696 100640424 134 913644 101066948
======================
   8      16 sdb 604629 4973 106072032 414000 1370744 16064725 698416736 100782260 133 914648 101208860
======================
   8      16 sdb 604629 4973 106072032 414000 1372668 16064725 699401824 100923928 154 915652 101350844
======================
   8      16 sdb 604629 4973 106072032 414000 1374593 16064725 700387424 101065976 149 916656 101493032
======================
   8      16 sdb 604630 4973 106072040 414088 1376521 16064741 701372680 101200584 147 917656 101627276
======================
   8      16 sdb 604630 4973 106072040 414088 1378447 16064763 702357952 101337232 149 918660 101763868
======================
   8      16 sdb 604630 4973 106072040 414088 1380348 16064763 703331264 101478556 136 919664 101905364
======================
   8      16 sdb 604630 4973 106072040 414088 1382250 16064763 704305088 101620124 154 920668 102046924
======================
   8      16 sdb 604631 4973 106072048 414168 1384161 16064779 705282136 101754788 149 921672 102181824
======================
   8      16 sdb 604631 4973 106072048 414168 1386087 16064779 706268248 101896912 152 922676 102324008
======================
   8      16 sdb 604631 4973 106072048 414168 1388012 16064802 707253528 102033592 155 923676 102460088
======================
   8      16 sdb 604631 4973 106072048 414168 1389938 16064802 708239640 102175132 151 924680 102601708
======================
   8      16 sdb 604632 4973 106072056 414252 1391866 16064819 709225400 102309856 139 925684 102736684
======================
   8      16 sdb 604632 4973 106072056 414252 1393790 16064819 710210488 102452416 135 926688 102879240
======================
   8      16 sdb 604632 4973 106072056 414252 1395710 16064819 711193528 102594828 135 927692 103021752
======================
   8      16 sdb 604632 4973 106072056 414252 1397606 16064842 712163960 102731468 134 928696 103158588
======================
   8      16 sdb 604633 4973 106072064 414340 1399533 16064859 713149208 102866572 147 929696 103293284
======================
   8      16 sdb 604633 4973 106072064 414340 1401457 16064859 714134296 103008892 143 930700 103435804
======================
   8      16 sdb 604633 4973 106072064 414340 1403335 16064859 715095832 103150268 149 931704 103577228
======================
   8      16 sdb 604633 4973 106072064 414340 1405260 16064859 716081432 103292008 144 932708 103719052
======================
   8      16 sdb 604634 4973 106072072 414420 1407182 16064882 717065176 103420932 129 933708 103847628
======================
   8      16 sdb 604634 4973 106072072 414420 1409083 16064882 718038488 103561636 145 934712 103988664
======================
   8      16 sdb 604634 4973 106072072 414420 1410984 16064882 719011800 103702476 132 935716 104130784
======================
   8      16 sdb 604634 4973 106072072 414420 1412909 16064882 719997400 103844908 130 936720 104271928
======================
   8      16 sdb 604635 4973 106072080 414488 1414837 16064898 720982648 103979532 143 937720 104406396
======================
   8      16 sdb 604635 4973 106072080 414488 1416763 16064921 721968440 104116744 147 938724 104543416
======================
   8      16 sdb 604635 4973 106072080 414488 1418688 16064921 722954040 104259284 142 939728 104686224
======================
   8      16 sdb 604635 4973 106072080 414488 1420611 16064921 723938616 104400892 139 940732 104827908
======================
   8      16 sdb 604636 4973 106072088 414572 1422536 16064938 724922840 104536100 135 941736 104963204
======================
   8      16 sdb 604636 4973 106072088 414572 1424445 16064938 725900248 104677856 152 942740 105105008
======================
   8      16 sdb 604636 4973 106072088 414572 1426347 16064962 726873760 104813576 142 943744 105240664
======================
   8      16 sdb 604636 4973 106072088 414572 1428267 16064962 727856800 104954740 141 944748 105382036
======================
   8      16 sdb 604637 4973 106072096 414656 1430197 16064979 728843080 105089780 127 945752 105516996
======================
   8      16 sdb 604637 4973 106072096 414656 1432122 16064979 729828680 105230772 153 946752 105657576
======================
   8      16 sdb 604637 4973 106072096 414656 1434043 16064979 730812744 105372336 129 947756 105799292
======================
   8      16 sdb 604637 4973 106072096 414656 1435967 16065003 731797008 105507652 131 948760 105934692
======================
   8      16 sdb 604638 4973 106072104 414752 1437872 16065020 732771000 105640416 145 949764 106067776
======================
   8      16 sdb 604638 4973 106072104 414752 1439773 16065020 733743800 105782532 132 950764 106209492
======================
   8      16 sdb 604638 4973 106072104 414752 1441696 16065020 734728888 105924992 129 951768 106352072
======================
   8      16 sdb 604638 4973 106072104 414752 1443621 16065020 735713976 106066852 150 952772 106494064
======================
   8      16 sdb 604639 4973 106072112 414836 1445547 16065042 736699760 106196428 144 953776 106623808
======================
   8      16 sdb 604639 4973 106072112 414836 1447471 16065042 737684848 106338516 140 954780 106765936
======================
   8      16 sdb 604639 4973 106072112 414836 1449391 16065042 738667888 106480936 140 955784 106908360
======================
   8      16 sdb 604639 4973 106072112 414836 1451293 16065042 739641712 106623252 133 956788 107050616
======================
   8      16 sdb 604640 4973 106072120 414924 1453207 16065058 740620296 106757204 130 957788 107184140
======================
   8      16 sdb 604640 4973 106072120 414924 1455131 16065081 741605064 106892764 145 958792 107319656
======================
   8      16 sdb 604640 4973 106072120 414924 1457056 16065081 742590664 107033208 140 959796 107460188
======================
   8      16 sdb 604640 4973 106072120 414924 1458980 16065081 743575752 107173916 136 960800 107601000
======================
   8      16 sdb 604641 4973 106072128 415004 1460904 16065098 744559464 107307692 155 961800 107734644
======================
   8      16 sdb 604641 4973 106072128 415004 1462827 16065098 745544040 107449852 142 962804 107876880
======================
   8      16 sdb 604641 4973 106072128 415004 1464727 16065122 746516528 107586028 148 963808 108013448
======================
   8      16 sdb 604641 4973 106072128 415004 1466628 16065122 747489840 107727684 135 964812 108155168
======================
   8      16 sdb 604642 4973 106072136 415088 1468557 16065139 748475608 107861712 128 965816 108289124
======================
   8      16 sdb 604642 4973 106072136 415088 1470484 16065139 749462232 108004308 129 966820 108431664
======================
   8      16 sdb 604642 4973 106072136 415088 1472407 16065139 750446808 108145436 135 967824 108572952
======================
   8      16 sdb 604642 4973 106072136 415088 1474335 16065165 751433144 108282248 145 968828 108709952
======================
   8      16 sdb 604643 4973 106072144 415176 1476256 16065165 752416696 108418280 129 969828 108845400
======================
   8      16 sdb 604643 4973 106072144 415176 1478157 16065165 753390008 108560588 148 970832 108987812
======================
   8      16 sdb 604643 4973 106072144 415176 1480059 16065165 754363832 108703324 134 971836 109130528
======================
   8      16 sdb 604643 4973 106072144 415176 1481984 16065165 755349432 108845896 129 972840 109273204
======================
   8      16 sdb 604644 4973 106072152 415256 1483910 16065188 756334720 108976468 140 973844 109404008
======================
   8      16 sdb 604644 4973 106072152 415256 1485835 16065188 757320320 109119508 135 974848 109546984
======================
   8      16 sdb 604644 4973 106072152 415256 1487757 16065188 758304384 109262496 133 975852 109690116
======================
   8      16 sdb 604644 4973 106072152 415256 1489683 16065188 759290496 109405604 135 976856 109833032
======================
   8      16 sdb 604645 4973 106072160 415340 1490617 16065258 759761688 109467320 0 977340 109889556
======================
   8      16 sdb 604645 4973 106072160 415340 1490617 16065258 759761688 109467320 0 977340 109889556
======================
   8      16 sdb 604645 4973 106072160 415340 1490617 16065258 759761688 109467320 0 977340 109889556
======================
   8      16 sdb 604645 4973 106072160 415340 1490617 16065258 759761688 109467320 0 977340 109889556
======================
   8      16 sdb 604645 4973 106072160 415340 1490617 16065258 759761688 109467320 0 977340 109889556
started
======================
   8      16 sdb 604645 4973 106072160 415340 1490617 16065258 759761688 109467320 0 977340 109889556
======================
   8      16 sdb 604648 4973 106072184 415340 1490617 16065258 759761688 109467320 1 977340 109889556
======================
   8      16 sdb 605993 4973 106415464 415796 1490617 16065258 759761688 109467320 0 977720 109890004
======================
   8      16 sdb 607392 4973 106770696 416200 1490617 16065258 759761688 109467320 0 978064 109890408
======================
   8      16 sdb 608807 4973 107131368 416652 1490617 16065258 759761688 109467320 0 978436 109890860
======================
   8      16 sdb 610227 4973 107493240 417132 1490617 16065258 759761688 109467320 1 978848 109891336
======================
   8      16 sdb 611646 4973 107854328 417556 1490617 16065258 759761688 109467320 0 979188 109891760
======================
   8      16 sdb 613061 4974 108214984 418056 1490619 16065259 759761712 109467364 0 979624 109892304
======================
   8      16 sdb 614444 4974 108567904 418468 1490619 16065259 759761712 109467364 0 979960 109892716
======================
   8      16 sdb 615789 4974 108910592 418992 1490619 16065259 759761712 109467364 0 980376 109893240
======================
   8      16 sdb 617188 4974 109265856 419468 1490619 16065259 759761712 109467364 1 980760 109893716
======================
   8      16 sdb 618596 4974 109624832 419836 1490619 16065259 759761712 109467364 1 981056 109894084
======================
   8      16 sdb 620004 4974 109983744 420256 1490619 16065259 759761712 109467364 1 981408 109894504
======================
   8      16 sdb 621385 4974 110336128 420704 1490619 16065259 759761712 109467364 0 981776 109894952
======================
   8      16 sdb 622783 4974 110692816 421076 1490619 16065259 759761712 109467364 0 982084 109895324
======================
   8      16 sdb 624165 4974 111045008 421524 1490619 16065259 759761712 109467364 1 982448 109895772
======================
   8      16 sdb 625539 4974 111395088 421936 1490619 16065259 759761712 109467364 0 982780 109896184
======================
   8      16 sdb 626927 4974 111747312 422360 1490619 16065259 759761712 109467364 0 983136 109896608
======================
   8      16 sdb 628310 4974 112099872 422824 1490619 16065259 759761712 109467364 0 983500 109897072
======================
   8      16 sdb 629688 4974 112451632 423256 1490619 16065259 759761712 109467364 0 983860 109897504
======================
   8      16 sdb 631084 4974 112806192 423692 1490619 16065259 759761712 109467364 1 984232 109897940
======================
   8      16 sdb 632478 4974 113160736 424104 1490619 16065259 759761712 109467364 1 984576 109898352
======================
   8      16 sdb 633854 4974 113511616 424548 1490619 16065259 759761712 109467364 1 984960 109898796
======================
   8      16 sdb 635240 4974 113864080 424964 1490619 16065259 759761712 109467364 0 985308 109899212
======================
   8      16 sdb 636588 4974 114206512 425396 1490619 16065259 759761712 109467364 0 985648 109899644
======================
   8      16 sdb 637959 4974 114554432 425880 1490619 16065259 759761712 109467364 0 986044 109900128
======================
   8      16 sdb 639323 4974 114902832 426308 1490619 16065259 759761712 109467364 1 986376 109900556
======================
   8      16 sdb 640721 4974 115257808 426732 1490619 16065259 759761712 109467364 1 986724 109900980
======================
   8      16 sdb 642115 4974 115612920 427152 1490619 16065259 759761712 109467364 0 987080 109901400
======================
   8      16 sdb 643507 4974 115966944 427596 1490619 16065259 759761712 109467364 2 987452 109901840
======================
   8      16 sdb 644889 4974 116319768 427980 1490619 16065259 759761712 109467364 0 987768 109902224
======================
   8      16 sdb 646258 4974 116668904 428372 1490619 16065259 759761712 109467364 0 988100 109902616
======================
   8      16 sdb 647628 4974 117019080 428732 1490619 16065259 759761712 109467364 1 988396 109902976
======================
   8      16 sdb 649023 4974 117375064 429196 1490619 16065259 759761712 109467364 0 988764 109903440
======================
   8      16 sdb 650400 4974 117726984 429612 1490619 16065259 759761712 109467364 0 989108 109903856
======================
   8      16 sdb 651790 4974 118081352 430028 1490619 16065259 759761712 109467364 0 989436 109904272
======================
   8      16 sdb 653195 4974 118439224 430464 1490619 16065259 759761712 109467364 1 989788 109904708
======================
   8      16 sdb 654573 4974 118791144 430860 1490620 16065259 759761720 109467364 0 990112 109905104
======================
   8      16 sdb 655956 4974 119143352 431340 1490620 16065259 759761720 109467364 0 990520 109905588
======================
   8      16 sdb 657336 4974 119495080 431792 1490620 16065259 759761720 109467364 0 990864 109906040
======================
   8      16 sdb 658710 4974 119845368 432176 1490620 16065259 759761720 109467364 1 991180 109906424
======================
   8      16 sdb 660104 4974 120201720 432620 1490620 16065259 759761720 109467364 1 991536 109906868
======================
   8      16 sdb 661488 4974 120554504 433028 1490620 16065259 759761720 109467364 1 991880 109907276
======================
   8      16 sdb 662906 4974 120914968 433464 1490620 16065259 759761720 109467364 1 992240 109907712
======================
   8      16 sdb 664317 4974 121275144 433856 1490620 16065259 759761720 109467364 1 992576 109908104
======================
   8      16 sdb 665729 4974 121634712 434356 1490620 16065259 759761720 109467364 0 992968 109908600
======================
   8      16 sdb 667127 4974 121990504 434864 1490620 16065259 759761720 109467364 0 993372 109909108
======================
   8      16 sdb 668508 4974 122343112 435304 1490620 16065259 759761720 109467364 0 993720 109909548
======================
   8      16 sdb 669917 4974 122702968 435680 1490620 16065259 759761720 109467364 0 994028 109909924
======================
   8      16 sdb 671335 4974 123063776 436060 1490620 16065259 759761720 109467364 1 994352 109910300
======================
   8      16 sdb 672781 4974 123432720 436464 1490620 16065259 759761720 109467364 0 994712 109910704
======================
   8      16 sdb 674208 4974 123797088 436868 1490620 16065259 759761720 109467364 0 995048 109911108
======================
   8      16 sdb 675654 4974 124166432 437312 1490620 16065259 759761720 109467364 1 995440 109911552
======================
   8      16 sdb 677074 4974 124529264 437760 1490620 16065259 759761720 109467364 0 995820 109912000
======================
   8      16 sdb 678498 4974 124890728 438264 1490620 16065259 759761720 109467364 1 996236 109912504
======================
   8      16 sdb 679959 4974 125263224 438744 1490620 16065259 759761720 109467364 0 996624 109912984
======================
   8      16 sdb 681393 4974 125626792 439212 1490620 16065259 759761720 109467364 1 997008 109913452
======================
   8      16 sdb 682831 4974 125993512 439672 1490620 16065259 759761720 109467364 1 997380 109913908
======================
   8      16 sdb 684271 4974 126360840 440124 1490620 16065259 759761720 109467364 0 997744 109914360
======================
   8      16 sdb 685713 4974 126728056 440576 1490620 16065259 759761720 109467364 0 998112 109914812
======================
   8      16 sdb 687128 4974 127088376 441032 1490620 16065259 759761720 109467364 0 998496 109915268
======================
   8      16 sdb 688526 4974 127444776 441468 1490620 16065259 759761720 109467364 0 998840 109915704
======================
   8      16 sdb 689538 4974 127703320 441772 1490620 16065259 759761720 109467364 0 999096 109916008
