======================
   8      32 sdc 2774463 31394 372902498 29375604 36099919 756359184 13840102264 4038922432 0 59541544 4070177548
======================
   8      32 sdc 2774463 31394 372902498 29375604 36099919 756359184 13840102264 4038922432 0 59541544 4070177548
======================
   8      32 sdc 2774466 31394 372902522 29375648 36099919 756359184 13840102264 4038922432 0 59541588 4070177592
======================
   8      32 sdc 2774466 31394 372902522 29375648 36099919 756359184 13840102264 4038922432 0 59541588 4070177592
======================
   8      32 sdc 2774466 31394 372902522 29375648 36099919 756359184 13840102264 4038922432 0 59541588 4070177592
======================
   8      32 sdc 2774466 31394 372902522 29375648 36099919 756359184 13840102264 4038922432 0 59541588 4070177592
======================
   8      32 sdc 2774466 31394 372902522 29375648 36099919 756359184 13840102264 4038922432 0 59541588 4070177592
======================
   8      32 sdc 2774466 31394 372902522 29375648 36099922 756359198 13840102400 4038922432 0 59541588 4070177592
started
======================
   8      32 sdc 2774469 31394 372902546 29375648 36099935 756359200 13840102512 4038922432 0 59541588 4070177592
======================
   8      32 sdc 2774473 31394 372902578 29375648 36099935 756359200 13840102512 4038922432 0 59541588 4070177592
======================
   8      32 sdc 2774473 31394 372902578 29375648 36099935 756359200 13840102512 4038922432 0 59541588 4070177592
======================
   8      32 sdc 2774473 31394 372902578 29375648 36099935 756359200 13840102512 4038922432 0 59541588 4070177592
======================
   8      32 sdc 2774474 31394 372902586 29375676 36100415 756359200 13840348272 4038927184 0 59541660 4070182372
======================
   8      32 sdc 2774474 31394 372902586 29375676 36100415 756359200 13840348272 4038927184 0 59541660 4070182372
======================
   8      32 sdc 2774474 31394 372902586 29375676 36100417 756359207 13840348344 4038927184 0 59541660 4070182372
======================
   8      32 sdc 2774474 31394 372902586 29375676 36100417 756359207 13840348344 4038927184 0 59541660 4070182372
======================
   8      32 sdc 2774474 31394 372902586 29375676 36100417 756359207 13840348344 4038927184 0 59541660 4070182372
======================
   8      32 sdc 2774474 31394 372902586 29375676 36103088 756359207 13841715896 4039025176 145 59542464 4070293300
======================
   8      32 sdc 2774474 31394 372902586 29375676 36103708 756359207 13842033336 4039165184 147 59543468 4070437016
======================
   8      32 sdc 2774474 31394 372902586 29375676 36104361 756359220 13842367272 4039295884 154 59544484 4070565880
======================
   8      32 sdc 2774474 31394 372902586 29375676 36105023 756359220 13842706216 4039440008 132 59545492 4070710436
======================
   8      32 sdc 2774474 31394 372902586 29375676 36105671 756359220 13843037992 4039582776 156 59546496 4070853904
======================
   8      32 sdc 2774474 31394 372902586 29375676 36106312 756359220 13843366184 4039726064 155 59547496 4070996972
======================
   8      32 sdc 2774474 31394 372902586 29375676 36106827 756359220 13843629864 4039873204 152 59548504 4071144356
======================
   8      32 sdc 2774475 31394 372902594 29375788 36107480 756359220 13843964200 4040014884 129 59549508 4071285380
======================
   8      32 sdc 2774475 31394 372902594 29375788 36108121 756359220 13844292904 4040156512 128 59550508 4071428076
======================
   8      32 sdc 2774475 31394 372902594 29375788 36108763 756359220 13844621096 4040299588 158 59551512 4071571168
======================
   8      32 sdc 2774475 31394 372902594 29375788 36109029 756359234 13844755888 4040358224 0 59551924 4071614100
======================
   8      32 sdc 2774475 31394 372902594 29375788 36109029 756359234 13844755888 4040358224 0 59551924 4071614100
======================
   8      32 sdc 2774475 31394 372902594 29375788 36110364 756359234 13845439408 4040431400 151 59552572 4071702656
======================
   8      32 sdc 2774475 31394 372902594 29375788 36111010 756359234 13845770160 4040574348 145 59553576 4071846244
======================
   8      32 sdc 2774475 31394 372902594 29375788 36111652 756359234 13846099376 4040717952 143 59554580 4071989944
======================
   8      32 sdc 2774475 31394 372902594 29375788 36112330 756359244 13846445072 4040846444 130 59555584 4072117604
======================
   8      32 sdc 2774475 31394 372902594 29375788 36112960 756359244 13846767632 4040993036 140 59556588 4072261328
======================
   8      32 sdc 2774475 31394 372902594 29375788 36113598 756359244 13847094288 4041132232 142 59557592 4072404984
======================
   8      32 sdc 2774475 31394 372902594 29375788 36114085 756359244 13847343632 4041257008 135 59558596 4072545288
======================
   8      32 sdc 2774475 31394 372902594 29375788 36114763 756359244 13847690768 4041417972 129 59559600 4072688844
======================
   8      32 sdc 2774476 31394 372902602 29375888 36115415 756359254 13848024168 4041555172 154 59560608 4072829096
======================
   8      32 sdc 2774476 31394 372902602 29375888 36116063 756359254 13848355944 4041696456 146 59561612 4072972012
======================
   8      32 sdc 2774476 31394 372902602 29375888 36116732 756359254 13848698472 4041843444 149 59562620 4073116208
======================
   8      32 sdc 2774476 31394 372902602 29375888 36117365 756359254 13849022568 4041988844 156 59563628 4073260292
======================
   8      32 sdc 2774476 31394 372902602 29375888 36118014 756359254 13849354856 4042129500 147 59564644 4073404556
======================
   8      32 sdc 2774476 31394 372902602 29375888 36118670 756359254 13849690728 4042276460 131 59565648 4073548196
======================
   8      32 sdc 2774476 31394 372902602 29375888 36119332 756359254 13850029672 4042422900 141 59566672 4073694536
======================
   8      32 sdc 2774476 31394 372902602 29375888 36120002 756359276 13850370872 4042567196 143 59567676 4073838296
======================
   8      32 sdc 2774476 31394 372902602 29375888 36120655 756359276 13850703696 4042710192 130 59568680 4073981872
======================
   8      32 sdc 2774476 31394 372902602 29375888 36121285 756359276 13851026256 4042850908 140 59569692 4074126604
======================
   8      32 sdc 2774476 31394 372902602 29375888 36121947 756359276 13851365200 4042998608 150 59570700 4074270220
======================
   8      32 sdc 2774476 31394 372902602 29375888 36122591 756359276 13851694928 4043142004 146 59571708 4074414144
======================
   8      32 sdc 2774476 31394 372902602 29375888 36122768 756359276 13851785048 4043180580 1 59572712 4074437496
======================
   8      32 sdc 2774477 31394 372902610 29377552 36123887 756359300 13852357160 4043210736 143 59573716 4074482256
======================
   8      32 sdc 2774477 31394 372902610 29377552 36124531 756359300 13852686888 4043352584 139 59574724 4074626324
======================
   8      32 sdc 2774477 31394 372902610 29377552 36125187 756359300 13853022760 4043495704 155 59575728 4074768600
======================
   8      32 sdc 2774477 31394 372902610 29377552 36125698 756359300 13853284392 4043637200 156 59576732 4074911108
======================
   8      32 sdc 2774477 31394 372902610 29377552 36126324 756359300 13853604904 4043780928 138 59577740 4075055244
======================
   8      32 sdc 2774477 31394 372902610 29377552 36126966 756359300 13853933608 4043925880 136 59578744 4075198804
======================
   8      32 sdc 2774477 31394 372902610 29377552 36127635 756359300 13854276136 4044068892 139 59579744 4075341764
======================
   8      32 sdc 2774477 31394 372902610 29377552 36128311 756359300 13854622248 4044217220 135 59580748 4075490096
======================
   8      32 sdc 2774477 31394 372902610 29377552 36128983 756359300 13854966312 4044359948 135 59581752 4075633464
======================
   8      32 sdc 2774477 31394 372902610 29377552 36129607 756359300 13855285800 4044502700 151 59582756 4075776816
======================
   8      32 sdc 2774477 31394 372902610 29377552 36130239 756359300 13855609384 4044647656 131 59583760 4075919996
======================
   8      32 sdc 2774477 31394 372902610 29377552 36130375 756359300 13855679016 4044676308 44 59584764 4075977060
======================
   8      32 sdc 2774478 31394 372902618 29379176 36131535 756359300 13856272936 4044781420 152 59585768 4076053112
======================
   8      32 sdc 2774478 31394 372902618 29379176 36132172 756359300 13856599080 4044920692 155 59586772 4076196476
======================
   8      32 sdc 2774478 31394 372902618 29379176 36132830 756359300 13856935976 4045065224 137 59587776 4076339928
======================
   8      32 sdc 2774478 31394 372902618 29379176 36133476 756359300 13857266728 4045209336 131 59588788 4076484384
======================
   8      32 sdc 2774478 31394 372902618 29379176 36134119 756359300 13857595944 4045352968 128 59589792 4076627792
======================
   8      32 sdc 2774478 31394 372902618 29379176 36134673 756359300 13857879592 4045476696 150 59590796 4076772464
======================
   8      32 sdc 2774478 31394 372902618 29379176 36135403 756359300 13858253352 4045641008 144 59591800 4076916272
======================
   8      32 sdc 2774478 31394 372902618 29379176 36136058 756359300 13858588712 4045783616 129 59592804 4077059364
