======================
   8      16 sdb 38770942 525837 3431721770 83218732 71572123 383247272 19000885136 2692744732 0 24346352 2776100416
======================
   8      16 sdb 38770942 525837 3431721770 83218732 71572123 383247272 19000885136 2692744732 0 24346352 2776100416
======================
   8      16 sdb 38770942 525837 3431721770 83218732 71572292 383257836 19000971000 2692744812 0 24346376 2776100496
======================
   8      16 sdb 38770942 525837 3431721770 83218732 71572292 383257836 19000971000 2692744812 0 24346376 2776100496
======================
   8      16 sdb 38770942 525837 3431721770 83218732 71572292 383257836 19000971000 2692744812 0 24346376 2776100496
======================
   8      16 sdb 38770942 525837 3431721770 83218732 71572292 383257836 19000971000 2692744812 0 24346376 2776100496
======================
   8      16 sdb 38770942 525837 3431721770 83218732 71572292 383257836 19000971000 2692744812 0 24346376 2776100496
======================
   8      16 sdb 38770942 525837 3431721770 83218732 71572481 383277287 19001060280 2692755128 148 24346508 2776118592
======================
   8      16 sdb 38770942 525837 3431721770 83218732 71572832 383288755 19001222672 2692793388 0 24346776 2776149072
======================
   8      16 sdb 38770942 525837 3431721770 83218732 71572832 383288755 19001222672 2692793388 0 24346776 2776149072
======================
   8      16 sdb 38770942 525837 3431721770 83218732 71572901 383293005 19001257224 2692795140 0 24346860 2776150824
======================
   8      16 sdb 38770942 525837 3431721770 83218732 71572901 383293005 19001257224 2692795140 0 24346860 2776150824
======================
   8      16 sdb 38770942 525837 3431721770 83218732 71572901 383293005 19001257224 2692795140 0 24346860 2776150824
======================
   8      16 sdb 38770942 525837 3431721770 83218732 71573308 383314529 19001432672 2692814840 0 24347056 2776170524
======================
   8      16 sdb 38770942 525837 3431721770 83218732 71573308 383314529 19001432672 2692814840 0 24347056 2776170524
======================
   8      16 sdb 38770942 525837 3431721770 83218732 71573308 383314529 19001432672 2692814840 0 24347056 2776170524
======================
   8      16 sdb 38770942 525837 3431721770 83218732 71573308 383314529 19001432672 2692814840 0 24347056 2776170524
======================
   8      16 sdb 38770942 525837 3431721770 83218732 71573308 383314529 19001432672 2692814840 0 24347056 2776170524
======================
   8      16 sdb 38770942 525837 3431721770 83218732 71573308 383314529 19001432672 2692814840 0 24347056 2776170524
======================
   8      16 sdb 38770942 525837 3431721770 83218732 71573308 383314529 19001432672 2692814840 0 24347056 2776170524
started
======================
   8      16 sdb 38770942 525837 3431721770 83218732 71573312 383314530 19001432712 2692814848 0 24347064 2776170532
======================
   8      16 sdb 38770942 525837 3431721770 83218732 71573312 383314530 19001432712 2692814848 0 24347064 2776170532
======================
   8      16 sdb 38771407 525989 3431726706 83218872 71573312 383314530 19001432712 2692814848 0 24347144 2776170672
======================
   8      16 sdb 38771879 526132 3431731626 83219124 71573312 383314530 19001432712 2692814848 0 24347224 2776170924
======================
   8      16 sdb 38772460 526138 3431736322 83219360 71573312 383314530 19001432712 2692814848 0 24347252 2776171160
======================
   8      16 sdb 38772967 526292 3431741610 83219832 71573601 383332172 19001576176 2692820332 17 24347552 2776177124
======================
   8      16 sdb 38773382 526331 3431745210 83220584 71573651 383335422 19001601776 2692820360 3 24347692 2776177908
======================
   8      16 sdb 38773905 526355 3431749618 83220728 71573861 383348428 19001708304 2692820420 0 24347760 2776178104
======================
   8      16 sdb 38774483 526420 3431754762 83221224 71573861 383348428 19001708304 2692820420 0 24347808 2776178600
======================
   8      16 sdb 38775034 526495 3431759770 83221424 71573861 383348428 19001708304 2692820420 0 24347864 2776178800
======================
   8      16 sdb 38775185 526498 3431761002 83223452 71573861 383348428 19001708304 2692820420 0 24348100 2776180828
======================
   8      16 sdb 38775536 526547 3431764202 83223640 71575567 383461367 19002578616 2692824192 95 24349096 2776187704
======================
   8      16 sdb 38775561 526547 3431764402 83224464 71576794 383531985 19003200280 2692852976 1 24350088 2776214372
======================
   8      16 sdb 38775583 526547 3431764578 83225060 71576794 383531985 19003200280 2692852976 1 24350692 2776214976
======================
   8      16 sdb 38775822 526559 3431766586 83226744 71576794 383531985 19003200280 2692852976 0 24351132 2776216640
======================
   8      16 sdb 38776349 526559 3431770802 83226884 71576794 383531985 19003200280 2692852976 0 24351156 2776216780
======================
   8      16 sdb 38776851 526616 3431775274 83227288 71577049 383547968 19003330184 2692853164 1 24351356 2776217372
======================
   8      16 sdb 38777237 526616 3431778362 83227596 71577049 383547968 19003330184 2692853164 0 24351540 2776217672
======================
   8      16 sdb 38777688 526695 3431782602 83227736 71577049 383547968 19003330184 2692853164 0 24351592 2776217812
======================
   8      16 sdb 38778307 526757 3431788050 83227852 71577049 383547968 19003330184 2692853164 0 24351648 2776217928
======================
   8      16 sdb 38778887 526814 3431793146 83228220 71577049 383547968 19003330184 2692853164 0 24351692 2776218296
======================
   8      16 sdb 38779325 526876 3431797146 83228416 71577308 383564218 19003462256 2692853272 0 24351900 2776218600
======================
   8      16 sdb 38779477 526876 3431798362 83228812 71577542 383578007 19003574440 2692855528 0 24352352 2776221252
======================
   8      16 sdb 38779507 526876 3431798602 83229328 71578997 383676589 19004308224 2692901512 134 24353328 2776286064
======================
   8      16 sdb 38779529 526906 3431799018 83230432 71579506 383708304 19004567520 2693032428 130 24354332 2776418620
======================
   8      16 sdb 38779544 526936 3431799378 83231144 71579858 383731838 19004746872 2693122832 154 24355336 2776557156
======================
   8      16 sdb 38779569 526936 3431799578 83232176 71581029 383801426 19005344104 2693324196 91 24356340 2776702432
======================
   8      16 sdb 38779610 526936 3431799906 83232536 71582508 383886764 19006083392 2693346588 3 24357344 2776716024
======================
   8      16 sdb 38779654 526936 3431800258 83232888 71584027 383980356 19006844672 2693350660 1 24358352 2776720440
======================
   8      16 sdb 38779733 526967 3431801138 83233116 71585482 384068876 19007564424 2693353492 1 24359356 2776723500
======================
   8      16 sdb 38779780 526967 3431801514 83233372 71586928 384156923 19008280608 2693356064 1 24360364 2776726320
======================
   8      16 sdb 38779825 526967 3431801874 83233700 71588906 384280799 19009277080 2693369780 22 24361356 2776740616
======================
   8      16 sdb 38779857 526967 3431802130 83234168 71590642 384384773 19010133384 2693423904 1 24362336 2776794960
======================
   8      16 sdb 38779918 526967 3431802618 83234576 71590642 384384773 19010133384 2693423904 0 24362736 2776795360
======================
   8      16 sdb 38780465 526996 3431807226 83234784 71590642 384384773 19010133384 2693423904 0 24362776 2776795568
======================
   8      16 sdb 38780932 527107 3431811850 83234836 71590642 384384773 19010133384 2693423904 0 24362816 2776795620
======================
   8      16 sdb 38781251 527124 3431814538 83235152 71590929 384402675 19010278896 2693424056 0 24363056 2776796088
======================
   8      16 sdb 38781622 527147 3431817690 83235236 71590929 384402675 19010278896 2693424056 0 24363140 2776796172
======================
   8      16 sdb 38782219 527186 3431822778 83235520 71590929 384402675 19010278896 2693424056 0 24363204 2776796456
======================
   8      16 sdb 38782756 527248 3431827570 83235804 71590929 384402675 19010278896 2693424056 0 24363252 2776796740
======================
   8      16 sdb 38783144 527304 3431831122 83235884 71590929 384402675 19010278896 2693424056 0 24363304 2776796820
======================
   8      16 sdb 38783524 527395 3431834890 83236128 71591187 384418794 19010409912 2693424160 0 24363488 2776797168
======================
   8      16 sdb 38783575 527395 3431835298 83236412 71592284 384487035 19010964616 2693429544 0 24364264 2776802828
======================
   8      16 sdb 38783940 527455 3431838698 83236708 71592517 384501609 19011083072 2693430392 0 24364456 2776803972
======================
   8      16 sdb 38784198 527492 3431841058 83237160 71593460 384559689 19011554800 2693436316 1 24365172 2776810336
======================
   8      16 sdb 38784235 527492 3431841354 83237572 71594877 384645966 19012256608 2693443096 1 24366176 2776817508
======================
   8      16 sdb 38784274 527492 3431841666 83238032 71596707 384758411 19013170856 2693457420 1 24367176 2776832284
======================
   8      16 sdb 38784314 527492 3431841986 83238452 71598128 384845457 19013878208 2693462736 2 24368188 2776838008
======================
   8      16 sdb 38784341 527492 3431842202 83239308 71599596 384935471 19014593296 2693488900 37 24369196 2776865460
======================
   8      16 sdb 38784363 527492 3431842378 83239988 71600344 384988792 19014974608 2693594668 137 24370200 2776986972
======================
   8      16 sdb 38784379 527492 3431842506 83240760 71600980 385028891 19015299984 2693729032 138 24371200 2777122228
======================
   8      16 sdb 38784388 527492 3431842578 83241372 71601590 385076156 19015611920 2693856156 279 24372204 2777305400
======================
   8      16 sdb 38784400 527492 3431842674 83242364 71602188 385105729 19015917296 2694080552 152 24373208 2777477564
======================
   8      16 sdb 38784420 527492 3431842834 83243108 71602803 385142578 19016232176 2694219752 121 24374212 2777613792
======================
   8      16 sdb 38784434 527492 3431842946 83243884 71603405 385180952 19016540400 2694354036 130 24375216 2777748912
======================
   8      16 sdb 38784447 527492 3431843050 83244648 71604140 385226417 19016902472 2694496008 156 24376216 2777889576
======================
   8      16 sdb 38784466 527492 3431843202 83245304 71604527 385240818 19017092824 2694534056 1 24376936 2777916176
======================
   8      16 sdb 38784489 527492 3431843386 83245836 71604527 385240818 19017092824 2694534056 1 24377456 2777916696
======================
   8      16 sdb 38784896 527492 3431846642 83246136 71604527 385240818 19017092824 2694534056 0 24377532 2777916992
======================
   8      16 sdb 38785463 527547 3431851618 83246376 71604527 385240818 19017092824 2694534056 0 24377576 2777917232
======================
   8      16 sdb 38785957 527643 3431856338 83246632 71604527 385240818 19017092824 2694534056 0 24377660 2777917488
======================
   8      16 sdb 38786278 527677 3431859178 83246752 71604527 385240818 19017092824 2694534056 0 24377688 2777917608
======================
   8      16 sdb 38786278 527677 3431859178 83246752 71604753 385254989 19017208000 2694534128 0 24377724 2777917672
