======================
   8      16 sdb 22754905 368933 2269514962 52666152 43671327 355304521 12535280496 1799641584 135 15685380 1852271564
======================
   8      16 sdb 22754905 368933 2269514962 52666152 43672669 355304521 12535967224 1799743056 137 15686380 1852411652
======================
   8      16 sdb 22754906 368933 2269514970 52666188 43673946 355304567 12536619624 1799912908 132 15687384 1852546296
======================
   8      16 sdb 22754906 368933 2269514970 52666188 43676054 355304567 12537696256 1800060228 136 15688388 1852688492
======================
   8      16 sdb 22754906 368933 2269514970 52666188 43678742 355304567 12539071552 1800201508 136 15689392 1852829836
======================
   8      16 sdb 22754909 368933 2269514994 52666188 43679196 355304567 12539303952 1800225084 0 15689560 1852849652
======================
   8      16 sdb 22754909 368933 2269514994 52666188 43679196 355304567 12539303952 1800225084 0 15689560 1852849652
======================
   8      16 sdb 22754909 368933 2269514994 52666188 43679200 355304695 12539305008 1800225084 0 15689560 1852849652
======================
   8      16 sdb 22754909 368933 2269514994 52666188 43679200 355304695 12539305008 1800225084 0 15689560 1852849652
======================
   8      16 sdb 22754909 368933 2269514994 52666188 43679200 355304695 12539305008 1800225084 0 15689560 1852849652
======================
   8      16 sdb 22754909 368933 2269514994 52666188 43681256 355304695 12540355824 1800280140 0 15689996 1852904696
======================
started
   8      16 sdb 22754914 368933 2269515034 52666204 43681336 355305128 12540359920 1800280140 0 15690012 1852904712
======================
   8      16 sdb 22754914 368933 2269515034 52666204 43681336 355305128 12540359920 1800280140 0 15690012 1852904712
======================
   8      16 sdb 22754924 368933 2269515114 52666212 43682949 355305340 12541017168 1800284632 2 15690128 1852909196
======================
   8      16 sdb 22754924 368933 2269515114 52666212 43686105 355305446 12542516960 1800417308 154 15691120 1853045412
======================
   8      16 sdb 22754924 368933 2269515114 52666212 43688591 355305446 12543789024 1800557036 132 15692124 1853186512
======================
   8      16 sdb 22754925 368933 2269515122 52666292 43690563 355305446 12544798456 1800692320 150 15693128 1853321988
======================
   8      16 sdb 22754925 368933 2269515122 52666292 43692488 355305475 12545783872 1800834768 106 15694128 1853464276
======================
   8      16 sdb 22754925 368933 2269515122 52666292 43694409 355305475 12546765792 1800971236 147 15695132 1853601304
======================
   8      16 sdb 22754925 368933 2269515122 52666292 43696333 355305475 12547750384 1801113960 143 15696132 1853743632
======================
   8      16 sdb 22754926 368933 2269515130 52666372 43698235 355305475 12548724208 1801249396 134 15697136 1853879136
======================
   8      16 sdb 22754926 368933 2269515130 52666372 43700137 355305475 12549697744 1801391692 152 15698140 1854021604
======================
   8      16 sdb 22754926 368933 2269515130 52666372 43702062 355305499 12550683344 1801533816 77 15699144 1854162692
======================
   8      16 sdb 22754926 368933 2269515130 52666372 43703977 355305499 12551663008 1801669424 136 15700144 1854298716
======================
   8      16 sdb 22754927 368933 2269515138 52666456 43705899 355305499 12552647584 1801804396 155 15701144 1854434776
======================
   8      16 sdb 22754927 368933 2269515138 52666456 43707836 355305499 12553638816 1801947668 138 15702148 1854577832
======================
   8      16 sdb 22754927 368933 2269515138 52666456 43709728 355305499 12554607520 1802090620 134 15703148 1854719944
======================
   8      16 sdb 22754927 368933 2269515138 52666456 43711681 355305523 12555607456 1802232796 60 15704152 1854861056
======================
   8      16 sdb 22754929 368933 2269515154 52666612 43713654 355305567 12556579440 1802355312 147 15705156 1854985600
======================
   8      16 sdb 22754929 368933 2269515154 52666612 43715549 355305567 12557549360 1802499796 141 15706172 1855131616
======================
   8      16 sdb 22754929 368933 2269515154 52666612 43717476 355305567 12558535920 1802641384 133 15707172 1855273268
======================
   8      16 sdb 22754929 368933 2269515154 52666612 43718653 355305567 12559138232 1802728636 140 15708176 1855435876
======================
   8      16 sdb 22754930 368933 2269515162 52666688 43721319 355305605 12560502096 1802919112 45 15709176 1855569744
======================
   8      16 sdb 22754930 368933 2269515162 52666688 43723241 355305605 12561485152 1803055720 150 15710180 1855709116
======================
   8      16 sdb 22754930 368933 2269515162 52666688 43725162 355305605 12562468704 1803198080 149 15711184 1855851688
======================
   8      16 sdb 22754930 368933 2269515162 52666688 43727058 355305605 12563439240 1803340488 141 15712184 1855993648
======================
   8      16 sdb 22754931 368933 2269515170 52666764 43728960 355305605 12564412024 1803475768 129 15713188 1856129156
======================
   8      16 sdb 22754931 368933 2269515170 52666764 43730840 355305637 12565373056 1803622212 150 15714248 1856279412
======================
   8      16 sdb 22754931 368933 2269515170 52666764 43732796 355305637 12566373208 1803760100 154 15715248 1856422312
======================
   8      16 sdb 22754931 368933 2269515170 52666764 43734718 355305637 12567356488 1803902768 152 15716252 1856565272
======================
   8      16 sdb 22754932 368933 2269515178 52666844 43736652 355305722 12568337184 1804032820 146 15717252 1856695104
======================
   8      16 sdb 22754932 368933 2269515178 52666844 43738577 355305722 12569321672 1804175548 141 15718256 1856837888
======================
   8      16 sdb 22754932 368933 2269515178 52666844 43740476 355305762 12570293616 1804317896 85 15719260 1856979424
======================
   8      16 sdb 22754932 368933 2269515178 52666844 43742379 355305762 12571266768 1804454044 148 15720260 1857116120
======================
   8      16 sdb 22754933 368933 2269515186 52666924 43744292 355305772 12572240728 1804589372 130 15721264 1857251864
======================
   8      16 sdb 22754933 368933 2269515186 52666924 43746217 355305773 12573225696 1804731676 152 15722268 1857394356
======================
   8      16 sdb 22754933 368933 2269515186 52666924 43748129 355305773 12574203936 1804874612 133 15723268 1857536856
======================
   8      16 sdb 22754933 368933 2269515186 52666924 43750055 355305819 12575189008 1805017316 75 15724272 1857678560
======================
   8      16 sdb 22754934 368933 2269515194 52667008 43751974 355305819 12576169616 1805147768 154 15725276 1857810560
======================
   8      16 sdb 22754934 368933 2269515194 52667008 43753895 355305819 12577152352 1805290440 153 15726276 1857952840
======================
   8      16 sdb 22754934 368933 2269515194 52667008 43755787 355305819 12578120272 1805432796 149 15727280 1858095052
======================
   8      16 sdb 22754934 368933 2269515194 52667008 43757688 355305819 12579092464 1805575132 136 15728284 1858237820
======================
   8      16 sdb 22754935 368933 2269515202 52667092 43759607 355305866 12580073880 1805710668 65 15729280 1858371596
======================
   8      16 sdb 22754935 368933 2269515202 52667092 43761534 355305866 12581059392 1805847460 139 15730284 1858510224
======================
   8      16 sdb 22754935 368933 2269515202 52667092 43763451 355305866 12582039864 1805990156 142 15731284 1858652576
======================
   8      16 sdb 22754935 368933 2269515202 52667092 43765371 355305866 12583022328 1806133336 142 15732288 1858795700
======================
   8      16 sdb 22754936 368933 2269515210 52667164 43767303 355305866 12584009832 1806268744 153 15733292 1858931548
======================
   8      16 sdb 22754936 368933 2269515210 52667164 43769199 355305915 12584979968 1806411424 38 15734292 1859071260
======================
   8      16 sdb 22754936 368933 2269515210 52667164 43771099 355305915 12585951280 1806548412 130 15735296 1859211632
======================
   8      16 sdb 22754936 368933 2269515210 52667164 43773018 355305915 12586932768 1806690680 131 15736296 1859353624
======================
   8      16 sdb 22754937 368933 2269515218 52667248 43774899 355305915 12587894536 1806826592 156 15737300 1859489276
======================
   8      16 sdb 22754937 368933 2269515218 52667248 43776828 355305916 12588879496 1806968804 147 15738304 1859631888
======================
   8      16 sdb 22754937 368933 2269515218 52667248 43778776 355305916 12589875784 1807108928 140 15739304 1859772092
======================
   8      16 sdb 22754938 368933 2269515226 52667332 43780703 355305963 12590860832 1807251720 134 15740308 1859915012
======================
   8      16 sdb 22754939 368933 2269515234 52667408 43782606 355305963 12591833976 1807387676 154 15741312 1860051180
======================
   8      16 sdb 22754939 368933 2269515234 52667408 43784508 355305963 12592806840 1807530072 140 15742312 1860193388
======================
   8      16 sdb 22754939 368933 2269515234 52667408 43786331 355305963 12593739536 1807665464 141 15743368 1860344316
======================
   8      16 sdb 22754939 368933 2269515234 52667408 43788354 355306009 12594774352 1807815364 14 15744432 1860491300
======================
   8      16 sdb 22754940 368933 2269515242 52667488 43790272 355306009 12595754432 1807944892 140 15745436 1860625616
======================
   8      16 sdb 22754940 368933 2269515242 52667488 43792228 355306137 12596736040 1808083960 151 15746440 1860764828
======================
   8      16 sdb 22754940 368933 2269515242 52667488 43794148 355306137 12597717664 1808226388 143 15747440 1860906300
======================
   8      16 sdb 22754940 368933 2269515242 52667488 43796052 355306137 12598691544 1808366628 141 15748444 1861048620
======================
   8      16 sdb 22754941 368933 2269515250 52667576 43797936 355306184 12599655328 1808503600 154 15749448 1861181224
======================
   8      16 sdb 22754941 368933 2269515250 52667576 43799691 355306184 12600552680 1808628716 159 15750448 1861325196
======================
   8      16 sdb 22754941 368933 2269515250 52667576 43801794 355306184 12601629120 1808788008 130 15751452 1861469468
