======================
   8      32 sdc 1794031 12601 263640548 12300944 22486304 556428696 9818573192 1411276432 0 40266628 1424705096
======================
   8      32 sdc 1794031 12601 263640548 12300944 22486304 556428696 9818573192 1411276432 0 40266628 1424705096
======================
   8      32 sdc 1794034 12601 263640572 12301044 22486304 556428696 9818573192 1411276432 0 40266728 1424705196
======================
   8      32 sdc 1794034 12601 263640572 12301044 22486304 556428696 9818573192 1411276432 0 40266728 1424705196
======================
   8      32 sdc 1794035 12601 263640580 12301064 22487437 556428696 9819153288 1411284368 149 40267020 1424732572
======================
   8      32 sdc 1794035 12601 263640580 12301064 22487705 556428696 9819290504 1411407532 137 40268020 1424875212
======================
   8      32 sdc 1794035 12601 263640580 12301064 22487973 556428696 9819427720 1411551988 157 40269024 1425018680
======================
   8      32 sdc 1794035 12601 263640580 12301064 22488139 556428696 9819512712 1411642740 152 40270028 1425165500
======================
   8      32 sdc 1794035 12601 263640580 12301064 22488455 556428719 9819673680 1411838496 157 40271032 1425311608
======================
   8      32 sdc 1794035 12601 263640580 12301064 22488707 556428719 9819802704 1412023960 129 40272036 1425462488
======================
   8      32 sdc 1794035 12601 263640580 12301064 22489086 556428719 9819996752 1412137020 134 40273132 1425613292
======================
   8      32 sdc 1794035 12601 263640580 12301064 22489732 556428719 9820327504 1412319268 128 40274132 1425754948
======================
   8      32 sdc 1794035 12601 263640580 12301064 22490179 556428719 9820556368 1412427368 129 40275136 1425895308
======================
   8      32 sdc 1794035 12601 263640580 12301064 22490920 556428719 9820935760 1412604428 156 40276140 1426040012
======================
   8      32 sdc 1794035 12601 263640580 12301064 22491920 556428719 9821447760 1412740016 148 40277144 1426184056
======================
   8      32 sdc 1794035 12601 263640580 12301064 22492561 556428719 9821775952 1412882624 147 40278152 1426328312
======================
   8      32 sdc 1794035 12601 263640580 12301064 22493214 556428719 9822110288 1413027928 134 40279156 1426472224
======================
   8      32 sdc 1794036 12601 263640588 12301244 22493857 556428719 9822439504 1413165812 131 40280160 1426607552
======================
   8      32 sdc 1794036 12601 263640588 12301244 22494499 556428719 9822768208 1413306252 129 40281164 1426751108
======================
   8      32 sdc 1794036 12601 263640588 12301244 22495141 556428719 9823096912 1413449740 149 40282168 1426894580
======================
   8      32 sdc 1794036 12601 263640588 12301244 22495781 556428719 9823424592 1413592888 159 40283172 1427038364
======================
   8      32 sdc 1794036 12601 263640588 12301244 22496418 556428719 9823750736 1413737116 130 40284172 1427182036
======================
   8      32 sdc 1794036 12601 263640588 12301244 22497074 556428719 9824086608 1413881196 146 40285176 1427326312
======================
   8      32 sdc 1794036 12601 263640588 12301244 22497717 556428719 9824415824 1414025164 143 40286180 1427470020
======================
   8      32 sdc 1794036 12601 263640588 12301244 22498372 556428719 9824751184 1414169468 128 40287184 1427613340
======================
   8      32 sdc 1794036 12601 263640588 12301244 22499047 556428719 9825096784 1414312748 157 40288188 1427757100
======================
   8      32 sdc 1794036 12601 263640588 12301244 22499681 556428719 9825421392 1414455584 131 40289192 1427900888
======================
   8      32 sdc 1794036 12601 263640588 12301244 22500305 556428719 9825740880 1414599092 147 40290196 1428044676
======================
   8      32 sdc 1794036 12601 263640588 12301244 22500814 556428719 9826001488 1414748928 150 40291200 1428193188
======================
   8      32 sdc 1794037 12601 263640596 12301456 22501475 556428719 9826339920 1414885784 152 40292204 1428324976
======================
   8      32 sdc 1794037 12601 263640596 12301456 22502149 556428719 9826685008 1415023428 150 40293208 1428468476
======================
   8      32 sdc 1794037 12601 263640596 12301456 22502802 556428719 9827019344 1415166460 137 40294212 1428612400
======================
   8      32 sdc 1794037 12601 263640596 12301456 22503427 556428719 9827339344 1415310236 152 40295216 1428756140
======================
   8      32 sdc 1794037 12601 263640596 12301456 22504072 556428719 9827669584 1415455208 147 40296220 1428899716
======================
   8      32 sdc 1794037 12601 263640596 12301456 22504725 556428719 9828003920 1415597724 134 40297224 1429043152
======================
   8      32 sdc 1794037 12601 263640596 12301456 22505364 556428719 9828331088 1415740512 135 40298224 1429186084
======================
   8      32 sdc 1794037 12601 263640596 12301456 22506029 556428719 9828671568 1415884812 142 40299228 1429329272
======================
   8      32 sdc 1794037 12601 263640596 12301456 22506691 556428719 9829010512 1416027896 152 40300232 1429472832
======================
   8      32 sdc 1794037 12601 263640596 12301456 22507333 556428719 9829339216 1416171540 150 40301236 1429616692
======================
   8      32 sdc 1794037 12601 263640596 12301456 22507976 556428719 9829668432 1416315156 147 40302240 1429760228
======================
   8      32 sdc 1794037 12601 263640596 12301456 22508614 556428719 9829995088 1416457728 149 40303244 1429903740
======================
   8      32 sdc 1794037 12601 263640596 12301456 22509105 556428719 9830246480 1416567568 18 40304248 1430004896
======================
   8      32 sdc 1794038 12601 263640604 12301896 22509771 556428719 9830587472 1416701628 133 40305252 1430146572
======================
   8      32 sdc 1794038 12601 263640604 12301896 22510424 556428719 9830921808 1416844456 152 40306256 1430290096
======================
   8      32 sdc 1794038 12601 263640604 12301896 22511066 556428719 9831250512 1416987768 150 40307260 1430433600
======================
   8      32 sdc 1794038 12601 263640604 12301896 22511707 556428719 9831578704 1417130960 149 40308264 1430577196
======================
   8      32 sdc 1794038 12601 263640604 12301896 22512346 556428719 9831905872 1417274224 150 40309268 1430720764
======================
   8      32 sdc 1794038 12601 263640604 12301896 22512970 556428719 9832225360 1417418364 134 40310268 1430864280
======================
   8      32 sdc 1794038 12601 263640604 12301896 22513641 556428719 9832568912 1417563112 135 40311272 1431007892
======================
   8      32 sdc 1794038 12601 263640604 12301896 22514317 556428719 9832915024 1417706588 131 40312276 1431151280
======================
   8      32 sdc 1794038 12601 263640604 12301896 22514990 556428719 9833259600 1417849292 130 40313280 1431294684
======================
   8      32 sdc 1794038 12601 263640604 12301896 22515639 556428719 9833591888 1417992124 153 40314280 1431437876
======================
   8      32 sdc 1794038 12601 263640604 12301896 22516263 556428719 9833911376 1418136516 137 40315284 1431582168
======================
   8      32 sdc 1794039 12601 263640612 12302328 22516740 556428719 9834155600 1418242852 86 40316288 1431686576
======================
   8      32 sdc 1794039 12601 263640612 12302328 22517427 556428719 9834507344 1418384904 144 40317292 1431830064
======================
   8      32 sdc 1794039 12601 263640612 12302328 22518075 556428719 9834839120 1418527172 136 40318296 1431973704
======================
   8      32 sdc 1794039 12601 263640612 12302328 22518718 556428719 9835168336 1418671004 133 40319300 1432117284
======================
   8      32 sdc 1794039 12601 263640612 12302328 22519361 556428719 9835497552 1418814808 130 40320304 1432260672
======================
   8      32 sdc 1794039 12601 263640612 12302328 22520005 556428719 9835827280 1418958348 158 40321308 1432404508
======================
   8      32 sdc 1794039 12601 263640612 12302328 22520648 556428719 9836156496 1419102040 155 40322312 1432548176
======================
   8      32 sdc 1794039 12601 263640612 12302328 22521288 556428719 9836484176 1419245220 155 40323316 1432691952
======================
   8      32 sdc 1794039 12601 263640612 12302328 22521934 556428719 9836814928 1419390188 149 40324316 1432835292
======================
   8      32 sdc 1794039 12601 263640612 12302328 22522599 556428719 9837155408 1419533752 156 40325320 1432978852
======================
   8      32 sdc 1794039 12601 263640612 12302328 22523250 556428719 9837488720 1419676560 145 40326324 1433122676
======================
   8      32 sdc 1794039 12601 263640612 12302328 22523892 556428719 9837817424 1419820108 143 40327328 1433266284
======================
   8      32 sdc 1794039 12601 263640612 12302328 22524408 556428719 9838081616 1419932240 43 40328332 1433379908
======================
   8      32 sdc 1794040 12601 263640620 12302764 22525068 556428719 9838419536 1420076008 139 40329336 1433521768
======================
   8      32 sdc 1794040 12601 263640620 12302764 22525697 556428719 9838741584 1420217828 150 40330340 1433664876
======================
   8      32 sdc 1794040 12601 263640620 12302764 22526343 556428719 9839072336 1420362524 144 40331344 1433808456
======================
   8      32 sdc 1794040 12601 263640620 12302764 22527003 556428719 9839410256 1420504684 156 40332348 1433951824
======================
   8      32 sdc 1794040 12601 263640620 12302764 22527675 556428719 9839754320 1420648704 156 40333352 1434095496
======================
   8      32 sdc 1794040 12601 263640620 12302764 22528310 556428719 9840079440 1420791236 129 40334352 1434237756
======================
   8      32 sdc 1794040 12601 263640620 12302764 22528935 556428719 9840399440 1420934664 144 40335360 1434381852
======================
   8      32 sdc 1794040 12601 263640620 12302764 22529611 556428719 9840745552 1421079188 140 40336360 1434524800
======================
   8      32 sdc 1794040 12601 263640620 12302764 22530272 556428719 9841083984 1421221860 151 40337364 1434668180
======================
   8      32 sdc 1794040 12601 263640620 12302764 22530910 556428719 9841410640 1421364044 153 40338368 1434811280
======================
   8      32 sdc 1794040 12601 263640620 12302764 22531564 556428719 9841745488 1421511996 140 40339372 1434957844
======================
   8      32 sdc 1794041 12601 263640628 12302988 22532206 556428719 9842074192 1421638064 143 40340376 1435083572
======================
   8      32 sdc 1794041 12601 263640628 12302988 22532848 556428719 9842402896 1421780128 141 40341380 1435227012
======================
   8      32 sdc 1794041 12601 263640628 12302988 22533490 556428719 9842731600 1421923724 139 40342384 1435370688
======================
   8      32 sdc 1794041 12601 263640628 12302988 22534128 556428719 9843058256 1422066340 141 40343384 1435513628
======================
   8      32 sdc 1794041 12601 263640628 12302988 22534767 556428719 9843385424 1422211828 142 40344388 1435657832
======================
   8      32 sdc 1794041 12601 263640628 12302988 22535417 556428719 9843718224 1422354092 132 40345392 1435800736
======================
   8      32 sdc 1794041 12601 263640628 12302988 22536059 556428719 9844046928 1422497392 130 40346396 1435944036
======================
   8      32 sdc 1794041 12601 263640628 12302988 22536721 556428719 9844385872 1422641776 140 40347400 1436087852
======================
   8      32 sdc 1794041 12601 263640628 12302988 22537395 556428719 9844730960 1422784788 138 40348404 1436231392
======================
   8      32 sdc 1794041 12601 263640628 12302988 22538029 556428719 9845055568 1422931184 145 40349408 1436378452
======================
   8      32 sdc 1794041 12601 263640628 12302988 22538654 556428719 9845375568 1423075040 128 40350412 1436521804
======================
   8      32 sdc 1794041 12601 263640628 12302988 22539331 556428719 9845722192 1423219692 155 40351416 1436665380
======================
   8      32 sdc 1794042 12601 263640636 12303208 22539984 556428719 9846056528 1423344720 142 40352420 1436791144
======================
   8      32 sdc 1794042 12601 263640636 12303208 22540651 556428719 9846398032 1423487632 147 40353420 1436934260
======================
   8      32 sdc 1794042 12601 263640636 12303208 22541296 556428719 9846728272 1423632860 142 40354424 1437080468
======================
   8      32 sdc 1794042 12601 263640636 12303208 22541920 556428719 9847047760 1423776164 158 40355428 1437223436
======================
   8      32 sdc 1794042 12601 263640636 12303208 22542573 556428719 9847382096 1423920908 145 40356432 1437367144
======================
   8      32 sdc 1794042 12601 263640636 12303208 22543221 556428719 9847713872 1424063684 137 40357436 1437510968
======================
   8      32 sdc 1794042 12601 263640636 12303208 22543861 556428719 9848041552 1424206924 137 40358436 1437653980
======================
   8      32 sdc 1794042 12601 263640636 12303208 22544522 556428719 9848379984 1424350908 148 40359440 1437797088
======================
   8      32 sdc 1794042 12601 263640636 12303208 22545176 556428719 9848714832 1424493416 134 40360444 1437940900
======================
   8      32 sdc 1794042 12601 263640636 12303208 22545817 556428719 9849043536 1424637564 133 40361448 1438084608
======================
   8      32 sdc 1794042 12601 263640636 12303208 22546460 556428719 9849372240 1424781376 130 40362452 1438228124
======================
   8      32 sdc 1794042 12601 263640636 12303208 22547099 556428719 9849699408 1424924108 131 40363456 1438371560
======================
   8      32 sdc 1794043 12601 263640644 12303428 22547736 556428719 9850025552 1425049968 134 40364460 1438496752
======================
   8      32 sdc 1794043 12601 263640644 12303428 22548391 556428719 9850360912 1425191456 151 40365460 1438639800
======================
   8      32 sdc 1794043 12601 263640644 12303428 22549030 556428719 9850688080 1425335088 152 40366464 1438783072
======================
   8      32 sdc 1794043 12601 263640644 12303428 22549675 556428719 9851018320 1425480144 147 40367468 1438926508
======================
   8      32 sdc 1794043 12601 263640644 12303428 22550335 556428719 9851356240 1425622288 159 40368472 1439069972
======================
   8      32 sdc 1794043 12601 263640644 12303428 22550963 556428719 9851677776 1425766548 139 40369476 1439214180
======================
   8      32 sdc 1794043 12601 263640644 12303428 22551600 556428719 9852003920 1425911272 142 40370480 1439357652
======================
   8      32 sdc 1794043 12601 263640644 12303428 22552276 556428719 9852350032 1426054696 138 40371484 1439501260
======================
   8      32 sdc 1794043 12601 263640644 12303428 22552952 556428719 9852696144 1426198664 134 40372488 1439645164
======================
   8      32 sdc 1794043 12601 263640644 12303428 22553624 556428719 9853040208 1426341324 134 40373488 1439788120
======================
   8      32 sdc 1794043 12601 263640644 12303428 22554256 556428719 9853363792 1426484484 142 40374492 1439932032
======================
   8      32 sdc 1794043 12601 263640644 12303428 22554883 556428719 9853684816 1426628380 155 40375496 1440075224
======================
   8      32 sdc 1794044 12601 263640652 12303648 22555537 556428719 9854019664 1426754056 141 40376500 1440200616
======================
   8      32 sdc 1794044 12601 263640652 12303648 22556203 556428719 9854360656 1426896888 147 40377504 1440344264
======================
   8      32 sdc 1794044 12601 263640652 12303648 22556842 556428719 9854687824 1427039820 148 40378508 1440487872
======================
   8      32 sdc 1794044 12601 263640652 12303648 22557498 556428719 9855023696 1427184328 132 40379512 1440631324
======================
   8      32 sdc 1794044 12601 263640652 12303648 22558007 556428719 9855284304 1427328356 135 40380512 1440775608
======================
   8      32 sdc 1794044 12601 263640652 12303648 22558650 556428719 9855613520 1427472200 132 40381516 1440919144
======================
   8      32 sdc 1794044 12601 263640652 12303648 22559293 556428719 9855942736 1427616060 129 40382524 1441063428
======================
   8      32 sdc 1794044 12601 263640652 12303648 22559930 556428719 9856268880 1427758456 132 40383524 1441206392
======================
   8      32 sdc 1794044 12601 263640652 12303648 22560592 556428719 9856607824 1427903160 142 40384528 1441349976
======================
   8      32 sdc 1794044 12601 263640652 12303648 22561256 556428719 9856947792 1428046728 150 40385532 1441493816
======================
   8      32 sdc 1794044 12601 263640652 12303648 22561902 556428719 9857278544 1428190552 144 40386540 1441638200
======================
   8      32 sdc 1794044 12601 263640652 12303648 22562549 556428719 9857609808 1428335000 137 40387540 1441781240
======================
   8      32 sdc 1794044 12601 263640652 12303648 22562773 556428719 9857724496 1428383160 14 40388544 1441826672
======================
   8      32 sdc 1794045 12601 263640660 12304816 22563843 556428719 9858272336 1428479016 147 40389552 1441928268
======================
   8      32 sdc 1794045 12601 263640660 12304816 22564469 556428719 9858592848 1428623100 129 40390556 1442071664
======================
   8      32 sdc 1794045 12601 263640660 12304816 22565120 556428719 9858926160 1428768440 150 40391560 1442216152
======================
   8      32 sdc 1794045 12601 263640660 12304816 22565640 556428719 9859192400 1428912912 142 40392568 1442360856
======================
   8      32 sdc 1794045 12601 263640660 12304816 22566340 556428719 9859550800 1429061420 146 40393604 1442508944
======================
   8      32 sdc 1794045 12601 263640660 12304816 22566976 556428719 9859876432 1429203504 150 40394608 1442652476
======================
   8      32 sdc 1794045 12601 263640660 12304816 22567607 556428719 9860199504 1429348872 139 40395620 1442797228
======================
   8      32 sdc 1794045 12601 263640660 12304816 22568285 556428719 9860546640 1429496200 153 40396644 1442943876
======================
   8      32 sdc 1794045 12601 263640660 12304816 22568954 556428719 9860889168 1429638604 156 40397648 1443087008
======================
   8      32 sdc 1794045 12601 263640660 12304816 22569598 556428719 9861218896 1429782480 152 40398656 1443231068
======================
   8      32 sdc 1794045 12601 263640660 12304816 22570251 556428719 9861553232 1429926744 139 40399660 1443374764
======================
   8      32 sdc 1794045 12601 263640660 12304816 22570436 556428719 9861647952 1429966668 31 40400672 1443427728
======================
   8      32 sdc 1794046 12601 263640668 12306404 22571543 556428719 9862214736 1430044416 138 40401676 1443492532
======================
   8      32 sdc 1794046 12601 263640668 12306404 22572186 556428719 9862543952 1430185816 135 40402680 1443636004
======================
   8      32 sdc 1794046 12601 263640668 12306404 22572828 556428719 9862872656 1430329720 133 40403684 1443779788
======================
   8      32 sdc 1794046 12601 263640668 12306404 22573337 556428719 9863133264 1430476788 136 40404692 1443926432
======================
   8      32 sdc 1794046 12601 263640668 12306404 22574002 556428719 9863473744 1430620176 143 40405696 1444069704
======================
   8      32 sdc 1794046 12601 263640668 12306404 22574648 556428719 9863804496 1430762632 137 40406700 1444212832
======================
   8      32 sdc 1794046 12601 263640668 12306404 22575292 556428719 9864134224 1430906380 133 40407704 1444356160
======================
   8      32 sdc 1794046 12601 263640668 12306404 22575919 556428719 9864455248 1431039740 146 40408708 1444499832
======================
   8      32 sdc 1794046 12601 263640668 12306404 22576623 556428719 9864815696 1431193328 146 40409712 1444643860
======================
   8      32 sdc 1794046 12601 263640668 12306404 22577247 556428719 9865135184 1431336304 130 40410716 1444786612
======================
   8      32 sdc 1794046 12601 263640668 12306404 22577895 556428719 9865466960 1431480648 154 40411720 1444929900
======================
   8      32 sdc 1794047 12601 263640676 12306604 22578548 556428719 9865801296 1431607716 130 40412720 1445056732
======================
   8      32 sdc 1794047 12601 263640676 12306604 22579225 556428719 9866147920 1431751300 157 40413724 1445200220
======================
   8      32 sdc 1794047 12601 263640676 12306604 22579896 556428719 9866491472 1431893396 158 40414728 1445343164
======================
   8      32 sdc 1794047 12601 263640676 12306604 22580520 556428719 9866810960 1432036156 142 40415732 1445486808
======================
   8      32 sdc 1794047 12601 263640676 12306604 22581038 556428719 9867076176 1432181280 136 40416736 1445630584
======================
   8      32 sdc 1794047 12601 263640676 12306604 22581680 556428719 9867404880 1432318232 134 40417740 1445774408
======================
   8      32 sdc 1794047 12601 263640676 12306604 22582353 556428719 9867749968 1432467900 133 40418748 1445918168
======================
   8      32 sdc 1794047 12601 263640676 12306604 22583002 556428719 9868081744 1432611452 156 40419748 1446060852
======================
   8      32 sdc 1794047 12601 263640676 12306604 22583667 556428719 9868422224 1432755084 131 40420752 1446204580
======================
   8      32 sdc 1794047 12601 263640676 12306604 22584319 556428719 9868756048 1432897872 151 40421756 1446348192
======================
   8      32 sdc 1794047 12601 263640676 12306604 22584935 556428719 9869071440 1433035624 143 40422760 1446491780
======================
   8      32 sdc 1794047 12601 263640676 12306604 22585602 556428719 9869412944 1433184996 148 40423760 1446635080
======================
   8      32 sdc 1794048 12601 263640684 12306832 22586217 556428719 9869727824 1433310604 142 40424764 1446761424
======================
   8      32 sdc 1794048 12601 263640684 12306832 22586879 556428719 9870066768 1433454776 152 40425768 1446904804
======================
   8      32 sdc 1794048 12601 263640684 12306832 22587539 556428719 9870404688 1433597492 132 40426768 1447047604
======================
   8      32 sdc 1794048 12601 263640684 12306832 22588145 556428719 9870714960 1433732656 134 40427772 1447190552
======================
   8      32 sdc 1794048 12601 263640684 12306832 22588693 556428719 9870995536 1433884964 130 40428776 1447334640
======================
   8      32 sdc 1794048 12601 263640684 12306832 22589359 556428719 9871336528 1434027092 136 40429776 1447477636
======================
   8      32 sdc 1794048 12601 263640684 12306832 22589982 556428719 9871655504 1434170408 153 40430780 1447621256
======================
   8      32 sdc 1794048 12601 263640684 12306832 22590617 556428719 9871981136 1434314284 158 40431784 1447764844
======================
   8      32 sdc 1794048 12601 263640684 12306832 22591288 556428719 9872324176 1434457636 147 40432788 1447908220
======================
   8      32 sdc 1794048 12601 263640684 12306832 22591964 556428719 9872670288 1434601888 155 40433788 1448051088
======================
   8      32 sdc 1794048 12601 263640684 12306832 22592604 556428719 9872997968 1434737656 155 40434792 1448195208
======================
   8      32 sdc 1794048 12601 263640684 12306832 22593265 556428719 9873336400 1434888592 134 40435796 1448339388
======================
   8      32 sdc 1794049 12601 263640692 12307068 22593872 556428719 9873647184 1435014276 137 40436800 1448464732
======================
   8      32 sdc 1794049 12601 263640692 12307068 22594517 556428719 9873977424 1435151356 132 40437800 1448606980
======================
   8      32 sdc 1794049 12601 263640692 12307068 22595211 556428719 9874332752 1435299324 142 40438804 1448749600
======================
   8      32 sdc 1794049 12601 263640692 12307068 22595852 556428719 9874660944 1435442176 141 40439808 1448892980
======================
   8      32 sdc 1794049 12601 263640692 12307068 22596359 556428719 9874920528 1435586996 146 40440812 1449037292
======================
   8      32 sdc 1794049 12601 263640692 12307068 22597015 556428719 9875256400 1435729576 130 40441812 1449179856
======================
   8      32 sdc 1794049 12601 263640692 12307068 22597656 556428719 9875584592 1435872516 129 40442816 1449323004
======================
   8      32 sdc 1794049 12601 263640692 12307068 22598297 556428719 9875912784 1436015744 128 40443816 1449465920
======================
   8      32 sdc 1794049 12601 263640692 12307068 22598940 556428719 9876242000 1436159180 157 40444820 1449609232
======================
   8      32 sdc 1794049 12601 263640692 12307068 22599599 556428719 9876579408 1436302780 138 40445824 1449752640
======================
   8      32 sdc 1794049 12601 263640692 12307068 22600258 556428719 9876916816 1436445516 151 40446828 1449895564
======================
   8      32 sdc 1794049 12601 263640692 12307068 22600899 556428719 9877245008 1436588068 150 40447832 1450038956
======================
   8      32 sdc 1794049 12601 263640692 12307068 22601168 556428719 9877382736 1436648092 19 40448832 1450097680
======================
   8      32 sdc 1794050 12601 263640700 12307920 22602189 556428719 9877905488 1436778448 137 40449836 1450229048
======================
   8      32 sdc 1794050 12601 263640700 12307920 22602842 556428719 9878239824 1436920504 156 40450840 1450372548
======================
   8      32 sdc 1794050 12601 263640700 12307920 22603465 556428719 9878559312 1437063680 141 40451840 1450515752
======================
   8      32 sdc 1794050 12601 263640700 12307920 22603966 556428719 9878815312 1437208660 152 40452844 1450659392
======================
   8      32 sdc 1794050 12601 263640700 12307920 22604636 556428719 9879158352 1437352120 154 40453848 1450802992
======================
   8      32 sdc 1794050 12601 263640700 12307920 22605303 556428719 9879499856 1437495744 147 40454852 1450946424
======================
   8      32 sdc 1794050 12601 263640700 12307920 22605937 556428719 9879824464 1437637500 133 40455852 1451089256
======================
   8      32 sdc 1794050 12601 263640700 12307920 22606561 556428719 9880143952 1437780864 149 40456856 1451232844
======================
   8      32 sdc 1794050 12601 263640700 12307920 22607234 556428719 9880488528 1437925404 148 40457860 1451376096
======================
   8      32 sdc 1794050 12601 263640700 12307920 22607902 556428719 9880830544 1438067872 152 40458864 1451519456
======================
   8      32 sdc 1794050 12601 263640700 12307920 22608544 556428719 9881159248 1438211204 150 40459864 1451662376
======================
   8      32 sdc 1794051 12601 263640708 12308140 22609161 556428719 9881475152 1438337112 140 40460868 1451789512
======================
   8      32 sdc 1794051 12601 263640708 12308140 22609825 556428719 9881815120 1438481340 148 40461872 1451932960
======================
   8      32 sdc 1794051 12601 263640708 12308140 22610477 556428719 9882148944 1438624460 136 40462876 1452076292
======================
   8      32 sdc 1794051 12601 263640708 12308140 22611119 556428719 9882477648 1438768152 134 40463880 1452219936
======================
   8      32 sdc 1794051 12601 263640708 12308140 22611744 556428719 9882797648 1438911304 149 40464880 1452362768
======================
   8      32 sdc 1794051 12601 263640708 12308140 22612403 556428719 9883135056 1439055252 130 40465884 1452506220
======================
   8      32 sdc 1794051 12601 263640708 12308140 22613067 556428719 9883475024 1439197744 138 40466888 1452649120
======================
   8      32 sdc 1794051 12601 263640708 12308140 22613708 556428719 9883803216 1439340532 137 40467888 1452792112
======================
   8      32 sdc 1794051 12601 263640708 12308140 22614352 556428719 9884132944 1439484640 133 40468892 1452935684
======================
   8      32 sdc 1794051 12601 263640708 12308140 22615027 556428719 9884478544 1439628128 130 40469896 1453079076
======================
   8      32 sdc 1794051 12601 263640708 12308140 22615676 556428719 9884810832 1439770836 153 40470896 1453222892
======================
   8      32 sdc 1794051 12601 263640708 12308140 22616300 556428719 9885130320 1439914304 137 40471900 1453366476
======================
   8      32 sdc 1794052 12601 263640716 12308372 22616929 556428719 9885452368 1440041684 148 40472904 1453493060
======================
   8      32 sdc 1794052 12601 263640716 12308372 22617604 556428719 9885797968 1440184932 145 40473904 1453636108
======================
   8      32 sdc 1794052 12601 263640716 12308372 22618274 556428719 9886141008 1440327500 147 40474908 1453779872
======================
   8      32 sdc 1794052 12601 263640716 12308372 22618936 556428719 9886479952 1440471456 157 40475912 1453923948
======================
   8      32 sdc 1794052 12601 263640716 12308372 22619557 556428719 9886797904 1440616300 144 40476916 1454067808
======================
   8      32 sdc 1794052 12601 263640716 12308372 22620234 556428719 9887144528 1440759844 139 40477920 1454211104
======================
   8      32 sdc 1794052 12601 263640716 12308372 22620893 556428719 9887481936 1440902428 152 40478920 1454353924
======================
   8      32 sdc 1794052 12601 263640716 12308372 22621537 556428719 9887811664 1441046280 148 40479932 1454498712
======================
   8      32 sdc 1794052 12601 263640716 12308372 22622195 556428719 9888148560 1441191372 130 40480936 1454643168
======================
   8      32 sdc 1794052 12601 263640716 12308372 22622862 556428719 9888490064 1441335508 135 40481944 1454787416
======================
   8      32 sdc 1794052 12601 263640716 12308372 22623509 556428719 9888821328 1441478784 128 40482956 1454931356
======================
   8      32 sdc 1794052 12601 263640716 12308372 22624147 556428719 9889147984 1441622628 48 40483960 1455067948
======================
   8      32 sdc 1794052 12601 263640716 12308372 22624169 556428719 9889159248 1441627400 26 40484964 1455094416
======================
   8      32 sdc 1794053 12601 263640724 12310032 22625390 556428719 9889784400 1441721588 128 40485968 1455177144
======================
   8      32 sdc 1794053 12601 263640724 12310032 22626054 556428719 9890124368 1441863988 136 40486972 1455320136
======================
   8      32 sdc 1794053 12601 263640724 12310032 22626707 556428719 9890458704 1442006924 155 40487976 1455462908
======================
   8      32 sdc 1794053 12601 263640724 12310032 22627367 556428719 9890796624 1442152968 135 40488980 1455606516
======================
   8      32 sdc 1794053 12601 263640724 12310032 22628038 556428719 9891140176 1442296568 136 40489988 1455750600
======================
   8      32 sdc 1794053 12601 263640724 12310032 22628673 556428719 9891465296 1442438380 141 40490988 1455893348
======================
   8      32 sdc 1794053 12601 263640724 12310032 22629297 556428719 9891784784 1442581916 157 40491992 1456036652
======================
   8      32 sdc 1794053 12601 263640724 12310032 22629970 556428719 9892129360 1442727148 156 40492996 1456180732
======================
   8      32 sdc 1794053 12601 263640724 12310032 22630611 556428719 9892457552 1442863088 155 40494000 1456324824
======================
   8      32 sdc 1794053 12601 263640724 12310032 22631323 556428719 9892822096 1443014452 147 40495008 1456468788
======================
   8      32 sdc 1794054 12601 263640732 12310240 22631947 556428719 9893141584 1443145252 149 40496008 1456599600
======================
   8      32 sdc 1794054 12601 263640732 12310240 22632570 556428719 9893460560 1443287680 134 40497012 1456743160
======================
   8      32 sdc 1794054 12601 263640732 12310240 22633227 556428719 9893796944 1443432700 149 40498016 1456886736
======================
   8      32 sdc 1794054 12601 263640732 12310240 22633900 556428719 9894141520 1443575496 148 40499020 1457030368
======================
   8      32 sdc 1794054 12601 263640732 12310240 22634528 556428719 9894463056 1443719440 128 40500024 1457174304
======================
   8      32 sdc 1794054 12601 263640732 12310240 22635191 556428719 9894802512 1443862624 137 40501024 1457316812
======================
   8      32 sdc 1794054 12601 263640732 12310240 22635850 556428719 9895139920 1444005080 150 40502028 1457460288
======================
   8      32 sdc 1794054 12601 263640732 12310240 22636492 556428719 9895468624 1444148144 148 40503028 1457602872
======================
   8      32 sdc 1794054 12601 263640732 12310240 22637095 556428719 9895777360 1444284188 153 40504032 1457746976
======================
   8      32 sdc 1794054 12601 263640732 12310240 22637769 556428719 9896122448 1444435520 151 40505036 1457890744
======================
   8      32 sdc 1794054 12601 263640732 12310240 22638424 556428719 9896457808 1444579392 136 40506036 1458033656
======================
   8      32 sdc 1794054 12601 263640732 12310240 22639088 556428719 9896797776 1444722644 144 40507040 1458177136
======================
   8      32 sdc 1794055 12601 263640740 12310684 22639574 556428719 9897046608 1444828828 139 40508044 1458273392
======================
   8      32 sdc 1794055 12601 263640740 12310684 22640183 556428719 9897358416 1444953628 138 40509044 1458415672
======================
   8      32 sdc 1794055 12601 263640740 12310684 22640884 556428719 9897717328 1445104200 141 40510048 1458558616
======================
   8      32 sdc 1794055 12601 263640740 12310684 22641550 556428719 9898058320 1445246576 147 40511052 1458701872
======================
   8      32 sdc 1794055 12601 263640740 12310684 22642159 556428719 9898370128 1445388828 146 40512052 1458844816
======================
   8      32 sdc 1794055 12601 263640740 12310684 22642835 556428719 9898716240 1445533424 142 40513056 1458988000
======================
   8      32 sdc 1794055 12601 263640740 12310684 22643510 556428719 9899061840 1445676424 139 40514060 1459131228
======================
   8      32 sdc 1794055 12601 263640740 12310684 22644186 556428719 9899407952 1445819000 135 40515064 1459273744
======================
   8      32 sdc 1794055 12601 263640740 12310684 22644826 556428719 9899735632 1445961232 135 40516064 1459417016
======================
   8      32 sdc 1794055 12601 263640740 12310684 22645450 556428719 9900055120 1446104372 151 40517068 1459560324
======================
   8      32 sdc 1794055 12601 263640740 12310684 22646111 556428719 9900393552 1446248900 130 40518072 1459703772
======================
   8      32 sdc 1794055 12601 263640740 12310684 22646781 556428719 9900736592 1446391872 132 40519076 1459847008
======================
   8      32 sdc 1794056 12601 263640748 12310916 22647402 556428719 9901054544 1446515564 152 40520084 1459971464
======================
   8      32 sdc 1794056 12601 263640748 12310916 22648041 556428719 9901381712 1446657492 153 40521088 1460114412
======================
   8      32 sdc 1794056 12601 263640748 12310916 22648716 556428719 9901727312 1446802944 150 40522092 1460258268
======================
   8      32 sdc 1794056 12601 263640748 12310916 22649370 556428719 9902062160 1446946152 136 40523096 1460401796
======================
   8      32 sdc 1794056 12601 263640748 12310916 22649996 556428719 9902382672 1447090160 150 40524100 1460545660
======================
   8      32 sdc 1794056 12601 263640748 12310916 22650638 556428719 9902711376 1447233712 148 40525108 1460689992
======================
   8      32 sdc 1794056 12601 263640748 12310916 22651294 556428719 9903047248 1447377608 132 40526108 1460832960
======================
   8      32 sdc 1794056 12601 263640748 12310916 22651953 556428719 9903384656 1447521336 145 40527112 1460976824
======================
   8      32 sdc 1794056 12601 263640748 12310916 22652591 556428719 9903711312 1447664264 147 40528112 1461120184
======================
   8      32 sdc 1794056 12601 263640748 12310916 22653089 556428719 9903966288 1447811080 129 40529120 1461267280
======================
   8      32 sdc 1794056 12601 263640748 12310916 22653765 556428719 9904312400 1447955948 157 40530124 1461410836
======================
   8      32 sdc 1794056 12601 263640748 12310916 22654432 556428719 9904653904 1448098780 130 40531132 1461555156
======================
   8      32 sdc 1794057 12601 263640756 12311144 22655033 556428719 9904961616 1448228920 138 40532136 1461686376
======================
   8      32 sdc 1794057 12601 263640756 12311144 22655680 556428719 9905292880 1448375168 131 40533144 1461830528
======================
   8      32 sdc 1794057 12601 263640756 12311144 22656355 556428719 9905638480 1448519944 128 40534156 1461975428
======================
   8      32 sdc 1794057 12601 263640756 12311144 22656992 556428719 9905964624 1448656592 131 40535160 1462118760
======================
   8      32 sdc 1794057 12601 263640756 12311144 22657628 556428719 9906290256 1448798164 135 40536164 1462262344
======================
   8      32 sdc 1794057 12601 263640756 12311144 22658286 556428719 9906627152 1448947588 149 40537168 1462403972
======================
   8      32 sdc 1794057 12601 263640756 12311144 22658961 556428719 9906972752 1449091632 146 40538172 1462547580
======================
   8      32 sdc 1794057 12601 263640756 12311144 22659620 556428719 9907310160 1449234588 142 40539172 1462690588
======================
   8      32 sdc 1794057 12601 263640756 12311144 22660259 556428719 9907637328 1449377916 128 40540176 1462834364
======================
   8      32 sdc 1794057 12601 263640756 12311144 22660910 556428719 9907970640 1449522136 149 40541176 1462977856
======================
   8      32 sdc 1794057 12601 263640756 12311144 22661566 556428719 9908306512 1449665012 133 40542180 1463120820
======================
   8      32 sdc 1794057 12601 263640756 12311144 22662208 556428719 9908635216 1449808232 131 40543184 1463264532
======================
   8      32 sdc 1794057 12601 263640756 12311144 22662488 556428719 9908778576 1449871100 43 40544188 1463344120
======================
   8      32 sdc 1794057 12601 263640756 12311144 22662488 556428719 9908778576 1449871100 43 40545188 1463387120
======================
   8      32 sdc 1794058 12601 263640764 12313032 22663949 556428719 9909526608 1450057916 136 40546192 1463515708
======================
   8      32 sdc 1794058 12601 263640764 12313032 22664612 556428719 9909866064 1450201216 144 40547196 1463659172
======================
   8      32 sdc 1794058 12601 263640764 12313032 22665249 556428719 9910192720 1450343564 147 40548196 1463801988
======================
   8      32 sdc 1794058 12601 263640764 12313032 22665900 556428719 9910525520 1450488084 136 40549200 1463945264
======================
   8      32 sdc 1794058 12601 263640764 12313032 22666576 556428719 9910871632 1450631292 132 40550204 1464088768
======================
   8      32 sdc 1794058 12601 263640764 12313032 22667214 556428719 9911198288 1450773208 134 40551204 1464231772
======================
   8      32 sdc 1794058 12601 263640764 12313032 22667837 556428719 9911517264 1450916340 151 40552208 1464375300
======================
   8      32 sdc 1794058 12601 263640764 12313032 22668504 556428719 9911858768 1451061248 156 40553208 1464518564
======================
   8      32 sdc 1794058 12601 263640764 12313032 22669151 556428719 9912190032 1451198840 149 40554212 1464662820
======================
   8      32 sdc 1794058 12601 263640764 12313032 22669849 556428719 9912547408 1451348952 157 40555212 1464806076
======================
   8      32 sdc 1794058 12601 263640764 12313032 22670173 556428719 9912713296 1451417640 38 40556216 1464886640
======================
   8      32 sdc 1794058 12601 263640764 12313032 22670173 556428719 9912713296 1451417640 38 40557220 1464924792
======================
   8      32 sdc 1794059 12601 263640772 12314912 22671603 556428719 9913445456 1451587216 134 40558228 1465046600
======================
   8      32 sdc 1794059 12601 263640772 12314912 22672279 556428719 9913791568 1451730348 130 40559228 1465189236
======================
   8      32 sdc 1794059 12601 263640772 12314912 22672900 556428719 9914109520 1451868052 149 40560236 1465333596
======================
   8      32 sdc 1794059 12601 263640772 12314912 22673580 556428719 9914457680 1452017296 141 40561240 1465477040
======================
   8      32 sdc 1794059 12601 263640772 12314912 22674241 556428719 9914796112 1452161168 152 40562244 1465620332
======================
   8      32 sdc 1794059 12601 263640772 12314912 22674886 556428719 9915126352 1452303912 147 40563248 1465763828
======================
   8      32 sdc 1794059 12601 263640772 12314912 22675529 556428719 9915455568 1452447392 144 40564256 1465907616
======================
   8      32 sdc 1794059 12601 263640772 12314912 22676170 556428719 9915783760 1452590336 143 40565256 1466050296
======================
   8      32 sdc 1794059 12601 263640772 12314912 22676819 556428719 9916116048 1452733620 134 40566260 1466192884
======================
   8      32 sdc 1794059 12601 263640772 12314912 22677483 556428719 9916456016 1452876740 142 40567264 1466336360
======================
   8      32 sdc 1794060 12601 263640780 12315336 22677978 556428719 9916709456 1452982764 146 40568272 1466442644
======================
   8      32 sdc 1794060 12601 263640780 12315336 22678620 556428719 9917038160 1453125420 144 40569276 1466586300
======================
   8      32 sdc 1794060 12601 263640780 12315336 22679272 556428719 9917371984 1453269732 132 40570276 1466729324
======================
   8      32 sdc 1794060 12601 263640780 12315336 22679948 556428719 9917718096 1453413588 128 40571280 1466873024
======================
   8      32 sdc 1794060 12601 263640780 12315336 22680569 556428719 9918036048 1453555248 147 40572284 1467016528
======================
   8      32 sdc 1794060 12601 263640780 12315336 22681230 556428719 9918374480 1453700216 158 40573288 1467160060
======================
   8      32 sdc 1794060 12601 263640780 12315336 22681909 556428719 9918722128 1453844980 151 40574292 1467304424
======================
   8      32 sdc 1794060 12601 263640780 12315336 22682585 556428719 9919068240 1453988400 147 40575296 1467448028
======================
   8      32 sdc 1794060 12601 263640780 12315336 22683242 556428719 9919404624 1454131136 130 40576304 1467592268
======================
   8      32 sdc 1794060 12601 263640780 12315336 22683868 556428719 9919725136 1454274968 144 40577308 1467735780
======================
   8      32 sdc 1794060 12601 263640780 12315336 22684520 556428719 9920058960 1454419816 132 40578312 1467879284
======================
   8      32 sdc 1794060 12601 263640780 12315336 22685196 556428719 9920405072 1454563652 128 40579316 1468023168
======================
   8      32 sdc 1794061 12601 263640788 12315564 22685823 556428719 9920726096 1454690908 144 40580320 1468151908
======================
   8      32 sdc 1794061 12601 263640788 12315564 22686458 556428719 9921051216 1454832876 149 40581320 1468294748
======================
   8      32 sdc 1794061 12601 263640788 12315564 22687125 556428719 9921392720 1454978628 154 40582328 1468438776
======================
   8      32 sdc 1794061 12601 263640788 12315564 22687774 556428719 9921725008 1455121748 145 40583332 1468582420
======================
   8      32 sdc 1794061 12601 263640788 12315564 22688399 556428719 9922045008 1455264796 128 40584336 1468725408
======================
   8      32 sdc 1794061 12601 263640788 12315564 22689040 556428719 9922373200 1455407832 146 40585336 1468868108
======================
   8      32 sdc 1794061 12601 263640788 12315564 22689701 556428719 9922711632 1455551248 138 40586340 1469011456
======================
   8      32 sdc 1794061 12601 263640788 12315564 22690362 556428719 9923050064 1455693980 149 40587340 1469154572
======================
   8      32 sdc 1794061 12601 263640788 12315564 22691004 556428719 9923378768 1455837276 147 40588344 1469298028
======================
   8      32 sdc 1794061 12601 263640788 12315564 22691656 556428719 9923712592 1455981384 135 40589348 1469441376
======================
   8      32 sdc 1794061 12601 263640788 12315564 22692326 556428719 9924055632 1456123488 137 40590348 1469584232
======================
   8      32 sdc 1794061 12601 263640788 12315564 22692963 556428719 9924381776 1456264904 140 40591352 1469727792
======================
   8      32 sdc 1794062 12601 263640796 12315796 22693573 556428719 9924694096 1456393160 143 40592356 1469854960
======================
   8      32 sdc 1794062 12601 263640796 12315796 22694233 556428719 9925032016 1456537896 155 40593356 1469997780
======================
   8      32 sdc 1794062 12601 263640796 12315796 22694908 556428719 9925377616 1456681184 152 40594360 1470141528
======================
   8      32 sdc 1794062 12601 263640796 12315796 22695584 556428719 9925723728 1456824564 148 40595364 1470284980
======================
   8      32 sdc 1794062 12601 263640796 12315796 22696036 556428719 9925955152 1456956120 144 40596364 1470427976
======================
   8      32 sdc 1794062 12601 263640796 12315796 22696708 556428719 9926299216 1457110732 144 40597368 1470571748
======================
   8      32 sdc 1794062 12601 263640796 12315796 22697380 556428719 9926643280 1457255212 144 40598372 1470715308
======================
   8      32 sdc 1794062 12601 263640796 12315796 22698039 556428719 9926980688 1457398352 157 40599376 1470859068
======================
   8      32 sdc 1794062 12601 263640796 12315796 22698695 556428719 9927316560 1457544944 141 40600404 1471006204
======================
   8      32 sdc 1794062 12601 263640796 12315796 22699343 556428719 9927648336 1457687504 133 40601408 1471149532
======================
   8      32 sdc 1794062 12601 263640796 12315796 22700016 556428719 9927992912 1457830280 132 40602412 1471290584
======================
   8      32 sdc 1794062 12601 263640796 12315796 22700663 556428719 9928324176 1457973332 157 40603416 1471434024
======================
   8      32 sdc 1794062 12601 263640796 12315796 22700907 556428719 9928449104 1458027720 24 40604424 1471492576
======================
   8      32 sdc 1794063 12601 263640804 12317460 22701733 556428719 9928872016 1458084396 137 40605428 1471533956
======================
   8      32 sdc 1794063 12601 263640804 12317460 22702559 556428719 9929294928 1458215172 143 40606432 1471677340
======================
   8      32 sdc 1794063 12601 263640804 12317460 22703219 556428719 9929632848 1458358648 155 40607436 1471820216
======================
   8      32 sdc 1794063 12601 263640804 12317460 22703720 556428719 9929889360 1458499936 134 40608440 1471962364
======================
   8      32 sdc 1794063 12601 263640804 12317460 22704330 556428719 9930201680 1458636128 132 40609444 1472105220
======================
   8      32 sdc 1794063 12601 263640804 12317460 22705041 556428719 9930565712 1458784952 157 40610444 1472246380
======================
   8      32 sdc 1794063 12601 263640804 12317460 22705694 556428719 9930900048 1458927052 144 40611448 1472390224
======================
   8      32 sdc 1794063 12601 263640804 12317460 22706317 556428719 9931219024 1459070404 129 40612452 1472533524
======================
   8      32 sdc 1794063 12601 263640804 12317460 22706971 556428719 9931553872 1459214956 147 40613452 1472676716
======================
   8      32 sdc 1794063 12601 263640804 12317460 22707641 556428719 9931896912 1459358112 149 40614456 1472820124
======================
   8      32 sdc 1794063 12601 263640804 12317460 22708317 556428719 9932243024 1459501396 145 40615460 1472963416
======================
   8      32 sdc 1794064 12601 263640812 12317668 22708954 556428719 9932569168 1459630456 137 40616460 1473093612
======================
   8      32 sdc 1794064 12601 263640812 12317668 22709578 556428719 9932888656 1459773924 153 40617464 1473237168
======================
   8      32 sdc 1794064 12601 263640812 12317668 22710220 556428719 9933217360 1459919060 151 40618468 1473381140
======================
   8      32 sdc 1794064 12601 263640812 12317668 22710878 556428719 9933554256 1460062112 242 40619472 1473536272
======================
   8      32 sdc 1794064 12601 263640812 12317668 22711536 556428719 9933891152 1460208036 236 40620488 1473774960
======================
   8      32 sdc 1794064 12601 263640812 12317668 22712193 556428719 9934227536 1460369104 219 40621500 1474003668
======================
   8      32 sdc 1794064 12601 263640812 12317668 22712859 556428719 9934568528 1460531652 225 40622504 1474222824
======================
   8      32 sdc 1794064 12601 263640812 12317668 22713357 556428719 9934823504 1460683684 207 40623512 1474437676
======================
   8      32 sdc 1794064 12601 263640812 12317668 22713963 556428719 9935133776 1460870172 209 40624516 1474643600
======================
   8      32 sdc 1794064 12601 263640812 12317668 22714639 556428719 9935479888 1461067460 205 40625516 1474840460
======================
   8      32 sdc 1794064 12601 263640812 12317668 22715283 556428719 9935809616 1461264484 199 40626520 1475029760
======================
   8      32 sdc 1794064 12601 263640812 12317668 22715941 556428719 9936146512 1461461604 183 40627520 1475211552
======================
   8      32 sdc 1794065 12601 263640820 12317912 22716577 556428719 9936472144 1461705016 168 40628524 1475361896
======================
   8      32 sdc 1794065 12601 263640820 12317912 22717220 556428719 9936801360 1461954184 165 40629532 1475520508
======================
   8      32 sdc 1794065 12601 263640820 12317912 22717881 556428719 9937139792 1462184388 144 40630536 1475670040
======================
   8      32 sdc 1794065 12601 263640820 12317912 22718561 556428719 9937487952 1462351096 136 40631544 1475814020
======================
   8      32 sdc 1794065 12601 263640820 12317912 22719183 556428719 9937806416 1462493400 154 40632552 1475957540
======================
   8      32 sdc 1794065 12601 263640820 12317912 22719849 556428719 9938147408 1462638612 128 40633560 1476101360
======================
   8      32 sdc 1794065 12601 263640820 12317912 22720519 556428719 9938490448 1462781720 130 40634564 1476244840
======================
   8      32 sdc 1794065 12601 263640820 12317912 22721189 556428719 9938833488 1462924072 132 40635564 1476386736
======================
   8      32 sdc 1794065 12601 263640820 12317912 22721843 556428719 9939168336 1463065720 150 40636568 1476529988
======================
   8      32 sdc 1794065 12601 263640820 12317912 22722467 556428719 9939487824 1463208840 134 40637572 1476673216
======================
   8      32 sdc 1794065 12601 263640820 12317912 22723120 556428719 9939822160 1463353300 153 40638576 1476816380
======================
   8      32 sdc 1794065 12601 263640820 12317912 22723795 556428719 9940167760 1463496188 150 40639576 1476959168
======================
   8      32 sdc 1794066 12601 263640828 12318400 22724289 556429190 9940419920 1463585692 143 40640580 1477050128
======================
   8      32 sdc 1794066 12601 263640828 12318400 22724931 556429190 9940748624 1463728944 141 40641584 1477193428
======================
   8      32 sdc 1794066 12601 263640828 12318400 22725586 556429190 9941083984 1463872924 158 40642588 1477336808
======================
   8      32 sdc 1794066 12601 263640828 12318400 22726250 556429190 9941423952 1464016208 134 40643588 1477479708
======================
   8      32 sdc 1794066 12601 263640828 12318400 22726880 556429190 9941746512 1464159064 144 40644592 1477623352
======================
   8      32 sdc 1794066 12601 263640828 12318400 22727522 556429190 9942075216 1464302660 142 40645596 1477766964
======================
   8      32 sdc 1794066 12601 263640828 12318400 22728168 556429190 9942405968 1464446456 136 40646600 1477910380
======================
   8      32 sdc 1794066 12601 263640828 12318400 22728832 556429190 9942745936 1464589792 144 40647600 1478053300
======================
   8      32 sdc 1794066 12601 263640828 12318400 22729464 556429190 9943069520 1464732264 152 40648604 1478196588
======================
   8      32 sdc 1794066 12601 263640828 12318400 22730104 556429190 9943397200 1464875476 152 40649608 1478340444
======================
   8      32 sdc 1794066 12601 263640828 12318400 22730779 556429190 9943742800 1465019928 149 40650608 1478483316
======================
   8      32 sdc 1794066 12601 263640828 12318400 22731433 556429190 9944077648 1465161092 135 40651612 1478626164
======================
   8      32 sdc 1794067 12601 263640836 12318700 22732034 556429669 9944384008 1465274888 89 40652612 1478740164
======================
   8      32 sdc 1794067 12601 263640836 12318700 22732131 556429673 9944410648 1465303204 0 40652828 1478751740
======================
   8      32 sdc 1794067 12601 263640836 12318700 22732131 556429673 9944410648 1465303204 0 40652828 1478751740
======================
   8      32 sdc 1794067 12601 263640836 12318700 22732131 556429673 9944410648 1465303204 0 40652828 1478751740
======================
   8      32 sdc 1794067 12601 263640836 12318700 22732131 556429673 9944410648 1465303204 0 40652828 1478751740
======================
   8      32 sdc 1794067 12601 263640836 12318700 22732131 556429673 9944410648 1465303204 0 40652828 1478751740
======================
   8      32 sdc 1794285 12601 263642574 12326400 22732144 556429673 9944410696 1465303204 17 40653248 1478765900
started
======================
   8      32 sdc 1794308 12601 263642758 12334872 22732146 556429673 9944410704 1465303204 0 40653724 1478767912
======================
   8      32 sdc 1794340 12601 263649710 12335080 22732146 556429673 9944410704 1465303204 1 40653936 1478768124
======================
   8      32 sdc 1794475 12601 263684270 12336048 22732146 556429673 9944410704 1465303204 1 40654908 1478769096
======================
   8      32 sdc 1794607 12601 263718062 12337028 22732146 556429673 9944410704 1465303204 1 40655908 1478770096
======================
   8      32 sdc 1794741 12601 263752366 12338040 22732146 556429673 9944410704 1465303204 1 40656900 1478771088
======================
   8      32 sdc 1794868 12601 263784878 12339024 22732146 556429673 9944410704 1465303204 1 40657884 1478772072
======================
   8      32 sdc 1794998 12601 263818158 12340000 22732146 556429673 9944410704 1465303204 1 40658864 1478773052
======================
   8      32 sdc 1795123 12601 263850158 12340968 22732149 556429675 9944410744 1465303204 1 40659828 1478774016
======================
   8      32 sdc 1795248 12601 263882158 12341940 22732149 556429675 9944410744 1465303204 1 40660800 1478774988
======================
   8      32 sdc 1795371 12601 263913646 12342896 22732149 556429675 9944410744 1465303204 1 40661756 1478775944
======================
   8      32 sdc 1795465 12601 263937710 12343876 22732149 556429675 9944410744 1465303204 1 40662736 1478776924
======================
   8      32 sdc 1795593 12601 263970478 12344844 22732149 556429675 9944410744 1465303204 1 40663704 1478777892
======================
   8      32 sdc 1795720 12601 264002990 12345820 22732149 556429675 9944410744 1465303204 1 40664680 1478778868
======================
   8      32 sdc 1795853 12601 264037038 12346776 22732149 556429675 9944410744 1465303204 1 40665636 1478779824
======================
   8      32 sdc 1795985 12601 264070830 12347756 22732149 556429675 9944410744 1465303204 1 40666612 1478780800
======================
   8      32 sdc 1796117 12601 264104622 12348744 22732149 556429675 9944410744 1465303204 1 40667600 1478781788
======================
   8      32 sdc 1796252 12601 264139182 12349680 22732149 556429675 9944410744 1465303204 1 40668540 1478782728
======================
   8      32 sdc 1796390 12601 264174510 12350656 22732149 556429675 9944410744 1465303204 1 40669512 1478783700
======================
   8      32 sdc 1796521 12601 264208046 12351612 22732149 556429675 9944410744 1465303204 1 40670476 1478784664
======================
   8      32 sdc 1796650 12601 264241070 12352580 22732149 556429675 9944410744 1465303204 1 40671436 1478785624
======================
   8      32 sdc 1796785 12601 264275630 12353556 22732149 556429675 9944410744 1465303204 1 40672416 1478786604
======================
   8      32 sdc 1796916 12601 264309166 12354524 22732149 556429675 9944410744 1465303204 1 40673384 1478787572
======================
   8      32 sdc 1797049 12601 264343214 12355500 22732149 556429675 9944410744 1465303204 1 40674356 1478788544
======================
   8      32 sdc 1797185 12601 264378030 12356464 22732149 556429675 9944410744 1465303204 1 40675324 1478789512
======================
   8      32 sdc 1797312 12601 264410542 12357428 22732149 556429675 9944410744 1465303204 1 40676288 1478790476
======================
   8      32 sdc 1797445 12601 264444590 12358404 22732149 556429675 9944410744 1465303204 1 40677264 1478791452
======================
   8      32 sdc 1797584 12601 264480174 12359360 22732149 556429675 9944410744 1465303204 1 40678220 1478792408
======================
   8      32 sdc 1797713 12601 264513198 12360328 22732149 556429675 9944410744 1465303204 1 40679184 1478793372
======================
   8      32 sdc 1797838 12601 264545198 12361316 22732149 556429675 9944410744 1465303204 1 40680176 1478794364
======================
   8      32 sdc 1797963 12601 264577198 12362288 22732149 556429675 9944410744 1465303204 1 40681144 1478795332
======================
   8      32 sdc 1798103 12601 264613038 12363248 22732149 556429675 9944410744 1465303204 1 40682112 1478796300
======================
   8      32 sdc 1798239 12601 264647854 12364232 22732149 556429675 9944410744 1465303204 1 40683096 1478797284
======================
   8      32 sdc 1798369 12601 264681134 12365200 22732151 556429675 9944410760 1465303220 1 40684060 1478798264
======================
   8      32 sdc 1798495 12601 264713390 12366188 22732151 556429675 9944410760 1465303220 1 40685044 1478799248
======================
   8      32 sdc 1798623 12601 264746158 12367164 22732151 556429675 9944410760 1465303220 1 40686016 1478800220
======================
   8      32 sdc 1798715 12601 264769710 12368140 22732151 556429675 9944410760 1465303220 1 40686996 1478801200
======================
   8      32 sdc 1798847 12601 264803502 12369120 22732151 556429675 9944410760 1465303220 1 40687972 1478802176
======================
   8      32 sdc 1798972 12601 264835502 12370108 22732151 556429675 9944410760 1465303220 1 40688964 1478803168
======================
   8      32 sdc 1799102 12601 264868782 12371068 22732151 556429675 9944410760 1465303220 1 40689928 1478804132
======================
   8      32 sdc 1799234 12601 264902574 12372020 22732151 556429675 9944410760 1465303220 1 40690880 1478805084
======================
   8      32 sdc 1799362 12601 264935342 12372980 22732151 556429675 9944410760 1465303220 1 40691852 1478806056
======================
   8      32 sdc 1799494 12601 264969134 12373972 22732151 556429675 9944410760 1465303220 1 40692852 1478807056
======================
   8      32 sdc 1799632 12601 265004462 12374944 22732151 556429675 9944410760 1465303220 1 40693832 1478808036
======================
   8      32 sdc 1799760 12601 265037230 12375912 22732151 556429675 9944410760 1465303220 1 40694792 1478808996
======================
   8      32 sdc 1799885 12601 265069230 12376888 22732151 556429675 9944410760 1465303220 1 40695772 1478809976
======================
   8      32 sdc 1800014 12601 265102254 12377824 22732151 556429675 9944410760 1465303220 1 40696708 1478810912
======================
   8      32 sdc 1800151 12601 265137326 12378756 22732151 556429675 9944410760 1465303220 1 40697640 1478811844
======================
   8      32 sdc 1800285 12601 265171630 12379740 22732151 556429675 9944410760 1465303220 1 40698624 1478812828
======================
   8      32 sdc 1800413 12601 265204398 12380708 22732151 556429675 9944410760 1465303220 1 40699588 1478813792
======================
   8      32 sdc 1800541 12601 265237166 12381660 22732151 556429675 9944410760 1465303220 1 40700552 1478814756
======================
   8      32 sdc 1800674 12601 265271214 12382632 22732151 556429675 9944410760 1465303220 1 40701516 1478815720
======================
   8      32 sdc 1800806 12601 265305006 12383604 22732151 556429675 9944410760 1465303220 1 40702488 1478816692
======================
   8      32 sdc 1800937 12601 265338542 12384588 22732151 556429675 9944410760 1465303220 1 40703472 1478817676
======================
   8      32 sdc 1801069 12601 265372334 12385544 22732151 556429675 9944410760 1465303220 1 40704428 1478818632
======================
   8      32 sdc 1801205 12601 265407150 12386516 22732151 556429675 9944410760 1465303220 1 40705400 1478819604
======================
   8      32 sdc 1801332 12601 265439662 12387468 22732151 556429675 9944410760 1465303220 1 40706372 1478820576
======================
   8      32 sdc 1801464 12601 265473454 12388472 22732151 556429675 9944410760 1465303220 1 40707348 1478821564
======================
   8      32 sdc 1801597 12601 265507502 12389440 22732151 556429675 9944410760 1465303220 1 40708308 1478822524
======================
   8      32 sdc 1801728 12601 265541038 12390388 22732151 556429675 9944410760 1465303220 1 40709260 1478823476
======================
   8      32 sdc 1801865 12601 265576110 12391372 22732151 556429675 9944410760 1465303220 1 40710244 1478824460
======================
   8      32 sdc 1802001 12601 265610926 12392324 22732151 556429675 9944410760 1465303220 1 40711196 1478825412
======================
   8      32 sdc 1802136 12601 265645486 12393296 22732151 556429675 9944410760 1465303220 1 40712168 1478826384
