======================
   8      16 sdb 38766321 525837 3431684802 83200944 71548302 381786968 18989011888 2691365552 0 24319860 2774703500
======================
   8      16 sdb 38766321 525837 3431684802 83200944 71548302 381786968 18989011888 2691365552 0 24319860 2774703500
======================
   8      16 sdb 38766321 525837 3431684802 83200944 71548302 381786968 18989011888 2691365552 0 24319860 2774703500
======================
   8      16 sdb 38766321 525837 3431684802 83200944 71548302 381786968 18989011888 2691365552 0 24319860 2774703500
======================
   8      16 sdb 38766321 525837 3431684802 83200944 71548302 381786968 18989011888 2691365552 0 24319860 2774703500
======================
   8      16 sdb 38766335 525837 3431684914 83200944 71548371 381791223 18989046480 2691365572 0 24319876 2774703520
======================
   8      16 sdb 38766335 525837 3431684914 83200944 71548371 381791223 18989046480 2691365572 0 24319876 2774703520
======================
   8      16 sdb 38766335 525837 3431684914 83200944 71548371 381791223 18989046480 2691365572 0 24319876 2774703520
======================
   8      16 sdb 38766335 525837 3431684914 83200944 71548371 381791223 18989046480 2691365572 0 24319876 2774703520
======================
   8      16 sdb 38766335 525837 3431684914 83200944 71548371 381791223 18989046480 2691365572 0 24319876 2774703520
======================
   8      16 sdb 38766335 525837 3431684914 83200944 71548371 381791223 18989046480 2691365572 0 24319876 2774703520
======================
   8      16 sdb 38766335 525837 3431684914 83200944 71548371 381791223 18989046480 2691365572 0 24319876 2774703520
======================
   8      16 sdb 38766335 525837 3431684914 83200944 71548371 381791223 18989046480 2691365572 0 24319876 2774703520
======================
   8      16 sdb 38766335 525837 3431684914 83200944 71548371 381791223 18989046480 2691365572 0 24319876 2774703520
======================
   8      16 sdb 38766335 525837 3431684914 83200944 71548371 381791223 18989046480 2691365572 0 24319876 2774703520
======================
   8      16 sdb 38766335 525837 3431684914 83200944 71548371 381791223 18989046480 2691365572 0 24319876 2774703520
======================
   8      16 sdb 38766335 525837 3431684914 83200944 71548371 381791223 18989046480 2691365572 0 24319876 2774703520
======================
   8      16 sdb 38766335 525837 3431684914 83200944 71548371 381791223 18989046480 2691365572 0 24319876 2774703520
======================
   8      16 sdb 38766335 525837 3431684914 83200944 71548371 381791223 18989046480 2691365572 0 24319876 2774703520
======================
   8      16 sdb 38766335 525837 3431684914 83200944 71548371 381791223 18989046480 2691365572 0 24319876 2774703520
======================
started
   8      16 sdb 38766337 525837 3431684930 83200944 71548509 381795885 18989084872 2691365612 0 24319888 2774703560
======================
   8      16 sdb 38766337 525837 3431684930 83200944 71548509 381795885 18989084872 2691365612 0 24319888 2774703560
======================
   8      16 sdb 38766423 525837 3431685618 83200952 71548509 381795885 18989084872 2691365612 0 24319896 2774703568
======================
   8      16 sdb 38766464 525837 3431685946 83200956 71548509 381795885 18989084872 2691365612 0 24319900 2774703572
======================
   8      16 sdb 38766498 525837 3431686218 83200964 71548509 381795885 18989084872 2691365612 0 24319908 2774703580
======================
   8      16 sdb 38766532 525837 3431686490 83200964 71548653 381804652 18989156176 2691365804 0 24320012 2774703776
======================
   8      16 sdb 38766567 525837 3431686770 83200996 71548814 381814677 18989237664 2691365852 0 24320056 2774703856
======================
   8      16 sdb 38766600 525837 3431687034 83201000 71548814 381814677 18989237664 2691365852 0 24320060 2774703860
======================
   8      16 sdb 38766628 525837 3431687258 83201004 71548814 381814677 18989237664 2691365852 0 24320064 2774703864
======================
   8      16 sdb 38766661 525837 3431687522 83201016 71548814 381814677 18989237664 2691365852 0 24320076 2774703876
======================
   8      16 sdb 38766696 525837 3431687802 83201020 71549310 381844199 18989477648 2691366300 1 24320428 2774704328
======================
   8      16 sdb 38766728 525837 3431688058 83201064 71550497 381917563 18990074032 2691367616 2 24321340 2774705720
======================
   8      16 sdb 38766761 525837 3431688322 83201148 71550499 381917563 18990074232 2691367648 0 24321396 2774705800
======================
   8      16 sdb 38766795 525837 3431688594 83201156 71550499 381917563 18990074232 2691367648 0 24321404 2774705808
======================
   8      16 sdb 38766822 525837 3431688810 83201164 71550499 381917563 18990074232 2691367648 0 24321412 2774705816
======================
   8      16 sdb 38766923 525837 3431689618 83201220 71550499 381917563 18990074232 2691367648 0 24321424 2774705872
======================
   8      16 sdb 38766955 525837 3431689874 83201276 71550652 381927091 18990151680 2691368440 0 24321496 2774706720
======================
   8      16 sdb 38766985 525837 3431690114 83201360 71550652 381927091 18990151680 2691368440 0 24321580 2774706804
======================
   8      16 sdb 38767012 525837 3431690330 83201364 71550652 381927091 18990151680 2691368440 0 24321584 2774706808
======================
   8      16 sdb 38767038 525837 3431690538 83201368 71550652 381927091 18990151680 2691368440 0 24321588 2774706812
======================
   8      16 sdb 38767071 525837 3431690802 83201368 71550652 381927091 18990151680 2691368440 0 24321588 2774706812
======================
   8      16 sdb 38767102 525837 3431691050 83201376 71550796 381936053 18990224528 2691368512 0 24321624 2774706892
======================
   8      16 sdb 38767104 525837 3431691066 83201380 71550796 381936053 18990224528 2691368512 0 24321628 2774706896
======================
   8      16 sdb 38767132 525837 3431691290 83201384 71550796 381936053 18990224528 2691368512 0 24321632 2774706900
======================
   8      16 sdb 38767165 525837 3431691554 83201396 71550796 381936053 18990224528 2691368512 0 24321644 2774706912
======================
   8      16 sdb 38767197 525837 3431691810 83201400 71550796 381936053 18990224528 2691368512 0 24321648 2774706916
======================
   8      16 sdb 38767229 525837 3431692066 83201436 71550917 381943600 18990285872 2691368996 1 24321732 2774707452
======================
   8      16 sdb 38767263 525837 3431692338 83201492 71550917 381943600 18990285872 2691368996 0 24321768 2774707488
======================
   8      16 sdb 38767296 525837 3431692602 83201500 71550917 381943600 18990285872 2691368996 0 24321776 2774707496
======================
   8      16 sdb 38767330 525837 3431692874 83201512 71550917 381943600 18990285872 2691368996 0 24321788 2774707508
======================
   8      16 sdb 38767360 525837 3431693114 83201604 71550917 381943600 18990285872 2691368996 1 24321884 2774707604
======================
   8      16 sdb 38767386 525837 3431693322 83201704 71551068 381952999 18990362272 2691369040 0 24321996 2774707744
======================
   8      16 sdb 38767388 525837 3431693338 83201740 71551562 381982839 18990604504 2691370280 1 24322496 2774709016
======================
   8      16 sdb 38767409 525837 3431693506 83202316 71552795 382059316 18991221432 2691383224 12 24323504 2774722548
======================
   8      16 sdb 38767434 525837 3431693706 83202576 71553054 382074536 18991350512 2691386848 0 24323828 2774726408
======================
   8      16 sdb 38767469 525837 3431693986 83202584 71553054 382074536 18991350512 2691386848 0 24323836 2774726416
======================
   8      16 sdb 38767501 525837 3431694242 83202620 71553259 382087351 18991454672 2691386948 0 24323904 2774726552
======================
   8      16 sdb 38767592 525837 3431694970 83202740 71553288 382089246 18991469520 2691386984 2 24323928 2774726708
======================
   8      16 sdb 38767613 525837 3431695138 83203212 71554699 382178682 18992190152 2691395500 15 24324932 2774735780
======================
   8      16 sdb 38767628 525837 3431695258 83204088 71555383 382229835 18992538968 2691469564 145 24325936 2774828368
======================
   8      16 sdb 38767644 525837 3431695386 83204612 71555985 382266768 18992846808 2691604984 130 24326940 2774963492
======================
   8      16 sdb 38767656 525837 3431695482 83205224 71556573 382313395 18993147416 2691734428 283 24327944 2775120208
======================
   8      16 sdb 38767667 525837 3431695570 83205944 71557133 382339370 18993433280 2691941188 137 24328944 2775300924
======================
   8      16 sdb 38767682 525837 3431695690 83206544 71557733 382377548 18993740480 2692077708 142 24329948 2775438080
======================
   8      16 sdb 38767694 525837 3431695786 83207188 71558326 382414214 18994044096 2692215632 131 24330948 2775575508
======================
   8      16 sdb 38767705 525837 3431695874 83207972 71558869 382448234 18994320960 2692349192 132 24331952 2775711836
======================
   8      16 sdb 38767722 525837 3431696010 83208648 71560234 382528221 18995018056 2692459360 39 24332956 2775805540
======================
   8      16 sdb 38767749 525837 3431696226 83208912 71561814 382625201 18995825928 2692464440 1 24333960 2775810328
======================
   8      16 sdb 38767777 525837 3431696450 83209176 71563267 382713247 18996541624 2692467480 1 24334964 2775813612
======================
   8      16 sdb 38767798 525837 3431696618 83209512 71564085 382761852 18996937304 2692482488 0 24335420 2775828948
======================
   8      16 sdb 38767822 525837 3431696810 83209512 71564085 382761852 18996937304 2692482488 1 24335420 2775828948
======================
   8      16 sdb 38767843 525837 3431696978 83209524 71564196 382768852 18996994136 2692482520 1 24335448 2775828992
======================
   8      16 sdb 38767848 525837 3431697018 83209524 71564393 382781077 18997093568 2692482640 0 24335516 2775829112
======================
   8      16 sdb 38767874 525837 3431697226 83209528 71564393 382781077 18997093568 2692482640 0 24335520 2775829116
======================
   8      16 sdb 38767907 525837 3431697490 83209536 71564393 382781077 18997093568 2692482640 0 24335528 2775829124
======================
   8      16 sdb 38767934 525837 3431697706 83209540 71564393 382781077 18997093568 2692482640 0 24335532 2775829128
======================
   8      16 sdb 38767961 525837 3431697922 83209540 71564393 382781077 18997093568 2692482640 0 24335532 2775829128
======================
   8      16 sdb 38767992 525837 3431698170 83209596 71564532 382789726 18997163872 2692482684 1 24335604 2775829228
======================
   8      16 sdb 38768017 525837 3431698370 83209596 71564532 382789726 18997163872 2692482684 1 24335608 2775829232
======================
   8      16 sdb 38768043 525837 3431698578 83209608 71564532 382789726 18997163872 2692482684 0 24335616 2775829240
======================
   8      16 sdb 38768077 525837 3431698850 83209616 71564532 382789726 18997163872 2692482684 0 24335624 2775829248
======================
   8      16 sdb 38768103 525837 3431699058 83209620 71564532 382789726 18997163872 2692482684 0 24335628 2775829252
======================
   8      16 sdb 38768103 525837 3431699058 83209620 71564644 382796638 18997220064 2692482704 0 24335640 2775829268
