======================
   8      32 sdc 2885799 31519 387030580 32197812 39962632 865141505 15781059232 843781696 0 67091088 878024400
======================
   8      32 sdc 2885799 31519 387030580 32197812 39962632 865141505 15781059232 843781696 0 67091088 878024400
======================
   8      32 sdc 2885802 31519 387030604 32197856 39962632 865141505 15781059232 843781696 0 67091132 878024444
======================
   8      32 sdc 2885802 31519 387030604 32197856 39962632 865141505 15781059232 843781696 0 67091132 878024444
======================
   8      32 sdc 2885803 31519 387030612 32197892 39965240 865141505 15782394528 843790960 159 67091580 878063140
======================
   8      32 sdc 2885803 31519 387030612 32197892 39965951 865141505 15782758560 843964304 152 67092584 878214108
======================
   8      32 sdc 2885803 31519 387030612 32197892 39966545 865141505 15783062688 844078692 134 67093588 878355840
======================
   8      32 sdc 2885803 31519 387030612 32197892 39967061 865141505 15783326880 844190760 131 67094592 878493560
======================
   8      32 sdc 2885803 31519 387030612 32197892 39967716 865141533 15783661456 844364920 149 67095596 878636980
======================
   8      32 sdc 2885803 31519 387030612 32197892 39967941 865141533 15783776656 844435832 148 67096596 878781572
======================
   8      32 sdc 2885803 31519 387030612 32197892 39967941 865141533 15783776656 844435832 148 67097600 878930164
======================
   8      32 sdc 2885803 31519 387030612 32197892 39968546 865141533 15784086416 844816156 151 67098604 879074392
======================
   8      32 sdc 2885803 31519 387030612 32197892 39969356 865141533 15784501136 844967536 141 67099608 879217640
======================
   8      32 sdc 2885803 31519 387030612 32197892 39970065 865141533 15784864144 845039460 90 67100612 879333216
======================
   8      32 sdc 2885804 31519 387030620 32198600 39971695 865141533 15785698704 845208252 129 67101616 879467176
======================
   8      32 sdc 2885804 31519 387030620 32198600 39972336 865141533 15786026896 845351220 128 67102620 879610764
======================
   8      32 sdc 2885804 31519 387030620 32198600 39972985 865141533 15786359184 845494564 151 67103624 879754028
======================
   8      32 sdc 2885804 31519 387030620 32198600 39973633 865141533 15786690960 845637508 143 67104624 879897000
======================
   8      32 sdc 2885804 31519 387030620 32198600 39974271 865141533 15787017616 845782412 145 67105628 880039364
======================
   8      32 sdc 2885804 31519 387030620 32198600 39974944 865141533 15787362192 845923952 144 67106632 880182580
======================
   8      32 sdc 2885804 31519 387030620 32198600 39975609 865141533 15787702672 846066300 151 67107636 880326184
======================
   8      32 sdc 2885804 31519 387030620 32198600 39976233 865141533 15788022160 846209988 135 67108640 880469888
======================
   8      32 sdc 2885804 31519 387030620 32198600 39976718 865141533 15788270480 846321032 130 67109644 880610112
======================
   8      32 sdc 2885804 31519 387030620 32198600 39977376 865141533 15788607376 846499596 144 67110648 880755020
======================
   8      32 sdc 2885805 31519 387030628 32198788 39978053 865141533 15788954000 846630176 146 67111652 880888908
======================
   8      32 sdc 2885805 31519 387030628 32198788 39978724 865141533 15789297552 846773804 147 67112656 881032664
======================
   8      32 sdc 2885805 31519 387030628 32198788 39979350 865141533 15789618064 846919832 129 67113660 881177268
======================
   8      32 sdc 2885805 31519 387030628 32198788 39979980 865141533 15789940624 847060732 139 67114664 881320996
======================
   8      32 sdc 2885805 31519 387030628 32198788 39980644 865141533 15790280592 847205616 147 67115668 881464484
======================
   8      32 sdc 2885805 31519 387030628 32198788 39981286 865141533 15790609296 847348436 145 67116672 881608084
======================
   8      32 sdc 2885805 31519 387030628 32198788 39981933 865141533 15790940560 847492436 138 67117676 881751576
======================
   8      32 sdc 2885805 31519 387030628 32198788 39982595 865141533 15791279504 847641520 148 67118680 881894908
======================
   8      32 sdc 2885805 31519 387030628 32198788 39983252 865141533 15791615888 847778952 131 67119684 882038484
======================
   8      32 sdc 2885805 31519 387030628 32198788 39983895 865141533 15791945104 847922796 128 67120688 882182032
======================
   8      32 sdc 2885805 31519 387030628 32198788 39984537 865141533 15792273808 848066388 158 67121692 882325704
======================
   8      32 sdc 2885805 31519 387030628 32198788 39985179 865141533 15792602512 848212400 156 67122696 882470556
======================
   8      32 sdc 2885806 31519 387030636 32199016 39985819 865141533 15792930192 848339540 145 67123700 882598816
======================
   8      32 sdc 2885806 31519 387030636 32199016 39986483 865141533 15793270160 848483100 153 67124704 882742608
======================
   8      32 sdc 2885806 31519 387030636 32199016 39987120 865141533 15793596304 848628784 156 67125708 882886256
======================
   8      32 sdc 2885806 31519 387030636 32199016 39987771 865141533 15793929616 848770636 145 67126712 883030476
======================
   8      32 sdc 2885806 31519 387030636 32199016 39988413 865141533 15794258320 848914268 143 67127716 883174668
======================
   8      32 sdc 2885806 31519 387030636 32199016 39989038 865141533 15794578320 849058244 156 67128720 883318292
======================
   8      32 sdc 2885806 31519 387030636 32199016 39989688 865141533 15794911120 849203244 148 67129724 883462148
======================
   8      32 sdc 2885806 31519 387030636 32199016 39990364 865141533 15795257232 849346808 144 67130728 883605840
======================
   8      32 sdc 2885806 31519 387030636 32199016 39991037 865141533 15795601808 849491744 143 67131732 883748296
======================
   8      32 sdc 2885806 31519 387030636 32199016 39991708 865141533 15795945360 849631652 144 67132736 883892028
======================
   8      32 sdc 2885806 31519 387030636 32199016 39992332 865141533 15796264848 849775468 128 67133740 884035624
======================
   8      32 sdc 2885806 31519 387030636 32199016 39992973 865141533 15796593040 849920616 126 67134744 884179324
======================
   8      32 sdc 2885807 31519 387030644 32199228 39993627 865141533 15796927888 850051704 133 67135748 884310748
======================
   8      32 sdc 2885807 31519 387030644 32199228 39994266 865141533 15797255056 850196236 134 67136752 884452968
======================
   8      32 sdc 2885807 31519 387030644 32199228 39994926 865141533 15797592976 850336188 146 67137756 884596388
======================
   8      32 sdc 2885807 31519 387030644 32199228 39995571 865141533 15797923216 850477580 141 67138760 884739540
======================
   8      32 sdc 2885807 31519 387030644 32199228 39996219 865141533 15798254992 850622992 133 67139764 884882840
======================
   8      32 sdc 2885807 31519 387030644 32199228 39996861 865141533 15798583696 850766420 131 67140768 885026264
======================
   8      32 sdc 2885807 31519 387030644 32199228 39997503 865141533 15798912400 850910128 129 67141772 885170000
======================
   8      32 sdc 2885807 31519 387030644 32199228 39998149 865141533 15799243152 851054444 155 67142776 885313752
======================
   8      32 sdc 2885807 31519 387030644 32199228 39998796 865141533 15799574416 851198468 133 67143780 885455288
======================
   8      32 sdc 2885807 31519 387030644 32199228 39999470 865141533 15799919504 851338876 131 67144784 885598696
======================
   8      32 sdc 2885807 31519 387030644 32199228 40000112 865141533 15800248208 851482344 129 67145788 885742204
======================
   8      32 sdc 2885808 31519 387030652 32199448 40000742 865141533 15800570768 851619520 36 67146792 885872240
======================
   8      32 sdc 2885808 31519 387030652 32199448 40001428 865141533 15800922000 851755784 145 67147796 886015452
======================
   8      32 sdc 2885808 31519 387030652 32199448 40002055 865141533 15801243024 851898484 158 67148800 886159028
======================
   8      32 sdc 2885808 31519 387030652 32199448 40002537 865141533 15801490320 852049968 129 67149804 886307080
======================
   8      32 sdc 2885808 31519 387030652 32199448 40003364 865141533 15801913232 852190904 129 67150808 886451044
======================
   8      32 sdc 2885808 31519 387030652 32199448 40004040 865141533 15802259344 852335164 157 67151812 886594616
======================
   8      32 sdc 2885808 31519 387030652 32199448 40004669 865141533 15802581392 852477308 136 67152816 886738140
======================
   8      32 sdc 2885808 31519 387030652 32199448 40005296 865141533 15802902416 852621208 149 67153820 886881732
======================
   8      32 sdc 2885808 31519 387030652 32199448 40005972 865141533 15803248528 852765400 145 67154824 887025248
======================
   8      32 sdc 2885808 31519 387030652 32199448 40006616 865141533 15803578256 852906928 133 67155828 887164772
======================
   8      32 sdc 2885808 31519 387030652 32199448 40007273 865141533 15803914640 853047840 148 67156832 887308612
======================
   8      32 sdc 2885808 31519 387030652 32199448 40007924 865141533 15804247952 853192140 137 67157836 887452280
======================
   8      32 sdc 2885809 31519 387030660 32199668 40008566 865141533 15804576656 853319344 154 67158840 887579884
======================
   8      32 sdc 2885809 31519 387030660 32199668 40009208 865141533 15804905360 853462508 152 67159840 887722696
======================
   8      32 sdc 2885809 31519 387030660 32199668 40009850 865141533 15805234064 853608712 150 67160844 887867068
======================
   8      32 sdc 2885809 31519 387030660 32199668 40010493 865141533 15805563280 853750324 147 67161848 888010532
======================
   8      32 sdc 2885809 31519 387030660 32199668 40010981 865141533 15805813136 853880764 139 67162852 888150864
======================
   8      32 sdc 2885809 31519 387030660 32199668 40011629 865141533 15806144912 854039912 131 67163856 888297364
======================
   8      32 sdc 2885809 31519 387030660 32199668 40012278 865141533 15806477200 854180784 154 67164860 888441020
======================
   8      32 sdc 2885809 31519 387030660 32199668 40012933 865141533 15806812560 854325052 139 67165864 888584724
======================
   8      32 sdc 2885809 31519 387030660 32199668 40013609 865141533 15807158672 854469028 135 67166868 888728420
======================
   8      32 sdc 2885809 31519 387030660 32199668 40014249 865141533 15807486352 854610988 135 67167872 888872176
======================
   8      32 sdc 2885809 31519 387030660 32199668 40014873 865141533 15807805840 854754592 151 67168876 889015824
======================
   8      32 sdc 2885809 31519 387030660 32199668 40015536 865141533 15808145296 854899900 128 67169880 889159396
======================
   8      32 sdc 2885810 31519 387030668 32199892 40016184 865141533 15808477072 855029912 142 67170884 889288656
======================
   8      32 sdc 2885810 31519 387030668 32199892 40016851 865141533 15808818576 855173948 147 67171888 889431396
======================
   8      32 sdc 2885810 31519 387030668 32199892 40017513 865141533 15809157520 855313544 157 67172892 889574796
======================
   8      32 sdc 2885810 31519 387030668 32199892 40018137 865141533 15809477008 855457072 141 67173892 889718028
======================
   8      32 sdc 2885810 31519 387030668 32199892 40018646 865141533 15809737616 855586256 144 67174900 889863968
======================
   8      32 sdc 2885810 31519 387030668 32199892 40019307 865141533 15810076048 855746284 155 67175900 890006672
======================
   8      32 sdc 2885810 31519 387030668 32199892 40019929 865141533 15810394512 855892988 141 67176904 890150400
======================
   8      32 sdc 2885810 31519 387030668 32199892 40020600 865141533 15810738064 856033068 142 67177908 890293732
======================
   8      32 sdc 2885810 31519 387030668 32199892 40021265 865141533 15811079056 856176880 149 67178912 890437200
======================
   8      32 sdc 2885810 31519 387030668 32199892 40021911 865141533 15811409296 856320120 143 67179916 890580696
======================
   8      32 sdc 2885810 31519 387030668 32199892 40022552 865141533 15811737488 856473316 143 67180920 890728044
======================
   8      32 sdc 2885810 31519 387030668 32199892 40023195 865141533 15812066704 856610964 140 67181924 890871680
======================
   8      32 sdc 2885811 31519 387030676 32200120 40023821 865141533 15812387216 856740124 157 67182928 890996100
======================
   8      32 sdc 2885811 31519 387030676 32200120 40024486 865141533 15812727696 856879260 132 67183932 891139440
======================
   8      32 sdc 2885811 31519 387030676 32200120 40025124 865141533 15813054352 857022512 134 67184936 891283460
======================
   8      32 sdc 2885811 31519 387030676 32200120 40025752 865141533 15813375888 857168756 146 67185940 891426568
======================
   8      32 sdc 2885811 31519 387030676 32200120 40026284 865141533 15813648272 857300008 158 67186944 891568948
======================
   8      32 sdc 2885811 31519 387030676 32200120 40026934 865141533 15813981072 857450932 148 67187948 891712360
======================
   8      32 sdc 2885811 31519 387030676 32200120 40027558 865141533 15814300560 857594616 132 67188952 891856140
======================
   8      32 sdc 2885811 31519 387030676 32200120 40028217 865141533 15814638480 857739544 145 67189956 892000028
======================
   8      32 sdc 2885811 31519 387030676 32200120 40028894 865141533 15814984592 857883344 140 67190960 892143664
======================
   8      32 sdc 2885811 31519 387030676 32200120 40029565 865141533 15815328144 858027076 141 67191964 892287468
======================
   8      32 sdc 2885811 31519 387030676 32200120 40030209 865141533 15815657872 858173416 137 67192968 892429252
======================
   8      32 sdc 2885811 31519 387030676 32200120 40030843 865141533 15815982480 858311524 143 67193972 892573164
======================
   8      32 sdc 2885811 31519 387030676 32200120 40031393 865141533 15816264080 858435528 42 67194976 892694480
======================
   8      32 sdc 2885811 31519 387030676 32200120 40031393 865141533 15816264080 858435528 42 67195980 892736648
======================
   8      32 sdc 2885812 31519 387030684 32201696 40032786 865141533 15816977296 858591192 141 67196984 892854040
======================
   8      32 sdc 2885812 31519 387030684 32201696 40033428 865141533 15817306000 858734596 139 67197984 892996924
======================
   8      32 sdc 2885812 31519 387030684 32201696 40034081 865141533 15817640336 858878820 158 67198988 893140280
======================
   8      32 sdc 2885812 31519 387030684 32201696 40034722 865141533 15817968528 859022104 157 67199992 893284688
======================
   8      32 sdc 2885812 31519 387030684 32201696 40035366 865141533 15818298256 859165004 153 67200996 893427656
======================
   8      32 sdc 2885812 31519 387030684 32201696 40036009 865141533 15818627472 859308716 150 67202000 893571280
======================
   8      32 sdc 2885812 31519 387030684 32201696 40036649 865141533 15818955152 859452196 150 67203008 893716608
======================
   8      32 sdc 2885812 31519 387030684 32201696 40037325 865141533 15819301264 859597768 146 67204012 893859904
======================
   8      32 sdc 2885812 31519 387030684 32201696 40037976 865141533 15819634576 859740364 135 67205016 894003376
======================
   8      32 sdc 2885812 31519 387030684 32201696 40038616 865141533 15819962256 859882644 135 67206016 894145540
======================
   8      32 sdc 2885813 31519 387030692 32201900 40039253 865141533 15820288400 860012528 157 67207020 894274180
======================
   8      32 sdc 2885813 31519 387030692 32201900 40039924 865141533 15820631952 860156304 158 67208024 894417860
======================
   8      32 sdc 2885813 31519 387030692 32201900 40040532 865141533 15820943248 860294880 158 67209028 894561996
======================
   8      32 sdc 2885813 31519 387030692 32201900 40041178 865141533 15821274000 860443516 152 67210028 894705328
======================
   8      32 sdc 2885813 31519 387030692 32201900 40041701 865141533 15821541776 860581648 141 67211032 894846568
======================
   8      32 sdc 2885813 31519 387030692 32201900 40042376 865141533 15821887376 860728060 138 67212036 894990248
======================
   8      32 sdc 2885813 31519 387030692 32201900 40043035 865141533 15822224784 860870388 151 67213036 895133352
======================
   8      32 sdc 2885813 31519 387030692 32201900 40043659 865141533 15822544272 861014092 135 67214040 895277156
======================
   8      32 sdc 2885813 31519 387030692 32201900 40044301 865141533 15822872976 861159260 133 67215044 895420036
======================
   8      32 sdc 2885813 31519 387030692 32201900 40044951 865141533 15823205776 861295888 155 67216044 895563280
======================
   8      32 sdc 2885813 31519 387030692 32201900 40045626 865141533 15823551376 861444192 152 67217048 895706928
======================
   8      32 sdc 2885813 31519 387030692 32201900 40046267 865141533 15823879568 861587448 151 67218052 895850600
======================
   8      32 sdc 2885814 31519 387030700 32202124 40046911 865141533 15824209296 861717404 152 67219056 895979520
======================
   8      32 sdc 2885814 31519 387030700 32202124 40047574 865141533 15824548752 861860832 129 67220064 896123592
======================
   8      32 sdc 2885814 31519 387030700 32202124 40048215 865141533 15824876944 862004008 128 67221068 896266972
======================
   8      32 sdc 2885814 31519 387030700 32202124 40048858 865141533 15825206160 862148880 157 67222072 896411788
======================
   8      32 sdc 2885814 31519 387030700 32202124 40049497 865141533 15825533840 862292872 158 67223076 896555328
======================
   8      32 sdc 2885814 31519 387030700 32202124 40050163 865141533 15825874320 862436576 132 67224084 896699256
======================
   8      32 sdc 2885814 31519 387030700 32202124 40050804 865141533 15826202512 862577116 131 67225092 896843140
======================
   8      32 sdc 2885814 31519 387030700 32202124 40051435 865141533 15826525584 862716624 140 67226096 896985512
======================
   8      32 sdc 2885814 31519 387030700 32202124 40052123 865141533 15826877840 862864840 157 67227100 897128432
======================
   8      32 sdc 2885814 31519 387030700 32202124 40052790 865141533 15827219344 863007276 130 67228104 897271792
======================
   8      32 sdc 2885814 31519 387030700 32202124 40053414 865141533 15827538832 863150204 146 67229104 897414544
======================
   8      32 sdc 2885814 31519 387030700 32202124 40054048 865141533 15827863440 863294320 152 67230108 897557876
======================
   8      32 sdc 2885815 31519 387030708 32202340 40054701 865141533 15828197776 863422528 139 67231112 897686680
======================
   8      32 sdc 2885815 31519 387030708 32202340 40055376 865141533 15828543376 863564648 136 67232112 897828468
======================
   8      32 sdc 2885815 31519 387030708 32202340 40056052 865141533 15828889488 863707972 132 67233116 897971816
======================
   8      32 sdc 2885815 31519 387030708 32202340 40056685 865141533 15829213584 863850116 139 67234120 898115300
======================
   8      32 sdc 2885815 31519 387030708 32202340 40057319 865141533 15829538192 863993768 145 67235124 898258544
======================
   8      32 sdc 2885815 31519 387030708 32202340 40057994 865141533 15829883792 864137772 142 67236128 898401992
======================
   8      32 sdc 2885815 31519 387030708 32202340 40058635 865141533 15830211984 864279860 141 67237132 898544760
======================
   8      32 sdc 2885815 31519 387030708 32202340 40059281 865141533 15830542736 864423496 135 67238132 898687620
======================
   8      32 sdc 2885815 31519 387030708 32202340 40059945 865141533 15830882704 864566916 143 67239136 898831376
======================
   8      32 sdc 2885815 31519 387030708 32202340 40060598 865141533 15831217040 864709892 130 67240136 898974324
======================
   8      32 sdc 2885815 31519 387030708 32202340 40061239 865141533 15831545232 864853184 129 67241140 899117856
======================
   8      32 sdc 2885815 31519 387030708 32202340 40061881 865141533 15831874448 864991612 159 67242144 899256236
======================
   8      32 sdc 2885816 31519 387030716 32202568 40062502 865141533 15832191888 865118820 148 67243148 899384144
======================
   8      32 sdc 2885816 31519 387030716 32202568 40063157 865141533 15832527248 865262840 133 67244148 899527048
======================
   8      32 sdc 2885816 31519 387030716 32202568 40063820 865141533 15832866704 865405948 142 67245152 899670748
======================
   8      32 sdc 2885816 31519 387030716 32202568 40064462 865141533 15833195408 865549296 140 67246156 899814232
======================
   8      32 sdc 2885816 31519 387030716 32202568 40065112 865141533 15833528208 865692744 130 67247160 899956812
======================
   8      32 sdc 2885816 31519 387030716 32202568 40065770 865141533 15833865104 865834652 144 67248160 900100044
======================
   8      32 sdc 2885816 31519 387030716 32202568 40066394 865141533 15834184592 865978352 128 67249164 900243412
======================
   8      32 sdc 2885816 31519 387030716 32202568 40067042 865141533 15834516368 866123196 152 67250168 900387404
======================
   8      32 sdc 2885816 31519 387030716 32202568 40067712 865141533 15834859408 866266616 154 67251168 900530352
======================
   8      32 sdc 2885816 31519 387030716 32202568 40068387 865141533 15835205008 866411356 151 67252172 900674960
======================
   8      32 sdc 2885816 31519 387030716 32202568 40069056 865141533 15835547536 866553232 154 67253176 900818496
======================
   8      32 sdc 2885816 31519 387030716 32202568 40069679 865141533 15835866512 866696348 139 67254176 900961840
======================
   8      32 sdc 2885817 31519 387030724 32202804 40070294 865141533 15836181392 866824240 133 67255180 901088792
======================
   8      32 sdc 2885817 31519 387030724 32202804 40070970 865141533 15836527504 866967972 129 67256184 901232324
======================
   8      32 sdc 2885817 31519 387030724 32202804 40071625 865141533 15836862864 867111132 146 67257188 901376292
======================
   8      32 sdc 2885817 31519 387030724 32202804 40072262 865141533 15837189008 867255568 149 67258192 901520768
======================
   8      32 sdc 2885817 31519 387030724 32202804 40072886 865141533 15837508496 867394520 133 67259196 901663952
======================
   8      32 sdc 2885817 31519 387030724 32202804 40073561 865141533 15837854096 867540488 130 67260204 901805636
======================
   8      32 sdc 2885817 31519 387030724 32202804 40074202 865141533 15838182288 867683944 129 67261204 901948752
======================
   8      32 sdc 2885817 31519 387030724 32202804 40074843 865141533 15838510480 867827240 128 67262208 902092260
======================
   8      32 sdc 2885817 31519 387030724 32202804 40075487 865141533 15838840208 867972276 156 67263212 902237240
======================
   8      32 sdc 2885817 31519 387030724 32202804 40076151 865141533 15839180176 868115100 132 67264212 902379512
======================
   8      32 sdc 2885817 31519 387030724 32202804 40076803 865141533 15839514000 868258196 152 67265216 902523268
======================
   8      32 sdc 2885817 31519 387030724 32202804 40077446 865141533 15839843216 868401976 69 67266224 902662892
======================
   8      32 sdc 2885818 31519 387030732 32203032 40078085 865141533 15840170384 868529996 150 67267228 902794656
======================
   8      32 sdc 2885818 31519 387030732 32203032 40078760 865141533 15840515984 868673340 147 67268228 902937932
======================
   8      32 sdc 2885818 31519 387030732 32203032 40079396 865141533 15840841616 868816140 151 67269236 903082184
======================
   8      32 sdc 2885818 31519 387030732 32203032 40079982 865141533 15841141648 868950828 141 67270240 903225776
======================
   8      32 sdc 2885818 31519 387030732 32203032 40080546 865141533 15841430416 869104224 153 67271244 903369088
======================
   8      32 sdc 2885818 31519 387030732 32203032 40081206 865141533 15841768336 869247528 133 67272244 903512048
======================
   8      32 sdc 2885818 31519 387030732 32203032 40081854 865141533 15842100112 869385636 157 67273248 903656184
======================
   8      32 sdc 2885818 31519 387030732 32203032 40082476 865141533 15842418576 869535032 143 67274252 903801448
======================
   8      32 sdc 2885818 31519 387030732 32203032 40083114 865141533 15842745232 869679916 145 67275252 903944604
======================
   8      32 sdc 2885818 31519 387030732 32203032 40083790 865141533 15843091344 869823508 141 67276256 904088260
======================
   8      32 sdc 2885818 31519 387030732 32203032 40084446 865141533 15843427216 869968476 157 67277260 904232100
======================
   8      32 sdc 2885818 31519 387030732 32203032 40085087 865141533 15843755408 870110208 76 67278260 904371912
======================
   8      32 sdc 2885819 31519 387030740 32203264 40085719 865141533 15844078992 870236412 136 67279264 904501676
======================
   8      32 sdc 2885819 31519 387030740 32203264 40086384 865141533 15844419472 870380080 143 67280268 904644936
======================
   8      32 sdc 2885819 31519 387030740 32203264 40087026 865141533 15844748176 870522568 141 67281272 904788520
======================
   8      32 sdc 2885819 31519 387030740 32203264 40087630 865141533 15845057424 870657508 145 67282272 904931560
======================
   8      32 sdc 2885819 31519 387030740 32203264 40088296 865141533 15845398416 870810068 151 67283276 905075116
======================
   8      32 sdc 2885819 31519 387030740 32203264 40088960 865141533 15845738384 870953812 146 67284280 905218732
======================
   8      32 sdc 2885819 31519 387030740 32203264 40089616 865141533 15846074256 871096388 143 67285280 905361832
======================
   8      32 sdc 2885819 31519 387030740 32203264 40090257 865141533 15846402448 871239532 142 67286284 905504924
======================
   8      32 sdc 2885819 31519 387030740 32203264 40090917 865141533 15846740368 871383164 154 67287284 905647628
======================
   8      32 sdc 2885819 31519 387030740 32203264 40091587 865141533 15847083408 871527484 156 67288288 905792212
======================
   8      32 sdc 2885819 31519 387030740 32203264 40092218 865141533 15847406480 871669516 133 67289292 905935716
======================
   8      32 sdc 2885819 31519 387030740 32203264 40092820 865141533 15847714704 871807864 23 67290292 906063076
======================
   8      32 sdc 2885820 31519 387030748 32203500 40093488 865141533 15848056720 871939160 143 67291296 906204504
======================
   8      32 sdc 2885820 31519 387030748 32203500 40094164 865141533 15848402832 872082660 139 67292296 906347528
======================
   8      32 sdc 2885820 31519 387030748 32203500 40094835 865141533 15848746384 872228124 140 67293300 906491148
======================
   8      32 sdc 2885820 31519 387030748 32203500 40095464 865141533 15849068432 872368452 151 67294304 906634848
======================
   8      32 sdc 2885820 31519 387030748 32203500 40096118 865141533 15849403280 872513472 137 67295316 906779456
======================
   8      32 sdc 2885820 31519 387030748 32203500 40096796 865141533 15849750416 872657540 131 67296316 906922388
======================
   8      32 sdc 2885820 31519 387030748 32203500 40097443 865141533 15850081680 872800008 156 67297320 907065768
======================
   8      32 sdc 2885820 31519 387030748 32203500 40098085 865141533 15850410384 872943280 154 67298320 907208580
======================
   8      32 sdc 2885820 31519 387030748 32203500 40098749 865141533 15850750352 873086272 130 67299324 907351408
======================
   8      32 sdc 2885820 31519 387030748 32203500 40099406 865141533 15851086736 873228752 145 67300324 907494544
======================
   8      32 sdc 2885820 31519 387030748 32203500 40100048 865141533 15851415440 873372312 143 67301328 907638120
======================
   8      32 sdc 2885821 31519 387030756 32203728 40100670 865141533 15851733904 873498596 129 67302336 907764624
======================
   8      32 sdc 2885821 31519 387030756 32203728 40101312 865141533 15852062608 873642104 138 67303340 907908152
======================
   8      32 sdc 2885821 31519 387030756 32203728 40101958 865141533 15852393360 873787968 153 67304340 908050052
======================
   8      32 sdc 2885821 31519 387030756 32203728 40102611 865141533 15852727696 873923516 140 67305348 908194216
======================
   8      32 sdc 2885821 31519 387030756 32203728 40103264 865141533 15853062032 874071572 130 67306352 908337288
======================
   8      32 sdc 2885821 31519 387030756 32203728 40103935 865141533 15853405584 874215768 128 67307356 908480872
======================
   8      32 sdc 2885821 31519 387030756 32203728 40104598 865141533 15853745040 874357812 137 67308360 908624436
======================
   8      32 sdc 2885821 31519 387030756 32203728 40105224 865141533 15854065552 874501312 151 67309364 908767584
======================
   8      32 sdc 2885821 31519 387030756 32203728 40105866 865141533 15854394256 874646468 149 67310376 908912188
======================
   8      32 sdc 2885821 31519 387030756 32203728 40106544 865141533 15854741392 874792104 143 67311384 909058176
======================
   8      32 sdc 2885821 31519 387030756 32203728 40107220 865141533 15855087504 874936356 139 67312388 909202372
======================
   8      32 sdc 2885821 31519 387030756 32203728 40107899 865141533 15855435152 875080476 132 67313392 909345868
======================
   8      32 sdc 2885822 31519 387030764 32203972 40108493 865141533 15855739280 875203424 145 67314396 909470748
======================
   8      32 sdc 2885822 31519 387030764 32203972 40109120 865141533 15856060304 875347740 158 67315400 909614232
======================
   8      32 sdc 2885822 31519 387030764 32203972 40109797 865141533 15856406928 875491512 153 67316404 909757588
======================
   8      32 sdc 2885822 31519 387030764 32203972 40110460 865141533 15856746384 875633356 130 67317408 909900216
======================
   8      32 sdc 2885822 31519 387030764 32203972 40111093 865141533 15857070480 875777020 137 67318412 910043748
======================
   8      32 sdc 2885822 31519 387030764 32203972 40111743 865141533 15857403280 875917732 159 67319416 910187664
======================
   8      32 sdc 2885822 31519 387030764 32203972 40112411 865141533 15857745296 876066372 133 67320420 910333188
======================
   8      32 sdc 2885822 31519 387030764 32203972 40113037 865141533 15858065808 876206960 147 67321424 910476972
======================
   8      32 sdc 2885822 31519 387030764 32203972 40113678 865141533 15858394000 876353052 146 67322424 910619800
======================
   8      32 sdc 2885822 31519 387030764 32203972 40114319 865141533 15858722192 876496232 145 67323428 910763420
======================
   8      32 sdc 2885822 31519 387030764 32203972 40114982 865141533 15859061648 876640356 154 67324432 910906808
======================
   8      32 sdc 2885822 31519 387030764 32203972 40115642 865141533 15859399568 876782016 134 67325432 911048800
======================
   8      32 sdc 2885823 31519 387030772 32204196 40116267 865141533 15859719568 876908480 149 67326436 911175672
======================
   8      32 sdc 2885823 31519 387030772 32204196 40116920 865141533 15860053904 877052364 136 67327436 911318484
======================
   8      32 sdc 2885823 31519 387030772 32204196 40117596 865141533 15860400016 877195764 132 67328440 911461844
======================
   8      32 sdc 2885823 31519 387030772 32204196 40118238 865141533 15860728720 877337796 130 67329444 911605456
======================
   8      32 sdc 2885823 31519 387030772 32204196 40118873 865141533 15861053840 877484352 135 67330448 911751052
======================
   8      32 sdc 2885823 31519 387030772 32204196 40119568 865141533 15861409680 877631912 144 67331480 911898468
======================
   8      32 sdc 2885823 31519 387030772 32204196 40120249 865141533 15861758864 877776340 135 67332492 912043012
======================
   8      32 sdc 2885823 31519 387030772 32204196 40120925 865141533 15862104464 877921628 131 67333516 912188888
======================
   8      32 sdc 2885823 31519 387030772 32204196 40121528 865141533 15862413200 878059896 136 67334524 912332688
======================
   8      32 sdc 2885823 31519 387030772 32204196 40122184 865141533 15862749072 878203836 158 67335524 912472280
======================
   8      32 sdc 2885823 31519 387030772 32204196 40122867 865141533 15863098768 878349528 147 67336528 912616336
======================
   8      32 sdc 2885823 31519 387030772 32204196 40123518 865141533 15863432080 878492544 45 67337528 912751968
======================
   8      32 sdc 2885824 31519 387030780 32204632 40124004 865141533 15863680912 878588516 134 67338532 912856216
======================
   8      32 sdc 2885824 31519 387030780 32204632 40124662 865141533 15864017808 878732760 148 67339536 912999968
======================
   8      32 sdc 2885824 31519 387030780 32204632 40125303 865141533 15864346000 878871144 147 67340540 913143676
======================
   8      32 sdc 2885824 31519 387030780 32204632 40125971 865141533 15864688016 879020700 151 67341544 913288340
======================
   8      32 sdc 2885824 31519 387030780 32204632 40126598 865141533 15865009040 879164960 132 67342548 913432140
======================
   8      32 sdc 2885824 31519 387030780 32204632 40127242 865141533 15865338768 879308852 128 67343552 913575808
======================
   8      32 sdc 2885824 31519 387030780 32204632 40127900 865141533 15865675664 879451248 142 67344556 913719696
======================
   8      32 sdc 2885824 31519 387030780 32204632 40128557 865141533 15866012048 879595444 157 67345556 913862744
======================
   8      32 sdc 2885824 31519 387030780 32204632 40129188 865141533 15866335120 879736952 134 67346560 914005632
======================
   8      32 sdc 2885824 31519 387030780 32204632 40129849 865141533 15866673552 879882504 145 67347564 914149348
======================
   8      32 sdc 2885824 31519 387030780 32204632 40130522 865141533 15867018128 880025456 144 67348568 914293144
======================
   8      32 sdc 2885824 31519 387030780 32204632 40131157 865141533 15867343248 880168560 54 67349572 914430404
======================
   8      32 sdc 2885825 31519 387030788 32204856 40131734 865141533 15867638672 880292840 147 67350572 914568080
======================
   8      32 sdc 2885825 31519 387030788 32204856 40132434 865141533 15867997072 880445420 151 67351576 914712244
======================
   8      32 sdc 2885825 31519 387030788 32204856 40133109 865141533 15868342672 880588268 148 67352580 914855384
======================
   8      32 sdc 2885825 31519 387030788 32204856 40133762 865141533 15868677008 880728884 135 67353580 914998212
======================
   8      32 sdc 2885825 31519 387030788 32204856 40134383 865141533 15868994960 880873204 154 67354584 915141552
======================
   8      32 sdc 2885825 31519 387030788 32204856 40135042 865141533 15869332368 881017552 135 67355588 915284624
======================
   8      32 sdc 2885825 31519 387030788 32204856 40135703 865141533 15869670800 881159184 146 67356588 915428692
======================
   8      32 sdc 2885825 31519 387030788 32204856 40136354 865141533 15870004112 881304236 135 67357592 915572100
======================
   8      32 sdc 2885825 31519 387030788 32204856 40137001 865141533 15870335376 881448264 128 67358596 915715276
======================
   8      32 sdc 2885825 31519 387030788 32204856 40137657 865141533 15870671248 881590668 144 67359600 915858716
======================
   8      32 sdc 2885825 31519 387030788 32204856 40138306 865141533 15871003536 881733552 135 67360604 916001948
======================
   8      32 sdc 2885826 31519 387030796 32205100 40138919 865141533 15871317392 881861448 130 67361608 916124928
======================
   8      32 sdc 2885826 31519 387030796 32205100 40139547 865141533 15871638928 881996888 142 67362612 916268492
======================
   8      32 sdc 2885826 31519 387030796 32205100 40140205 865141533 15871975824 882144120 156 67363612 916411984
======================
   8      32 sdc 2885826 31519 387030796 32205100 40140868 865141533 15872315280 882286952 133 67364616 916554984
======================
   8      32 sdc 2885826 31519 387030796 32205100 40141509 865141533 15872643472 882430152 132 67365620 916698704
======================
   8      32 sdc 2885826 31519 387030796 32205100 40142163 865141533 15872978320 882574020 150 67366624 916841792
======================
   8      32 sdc 2885826 31519 387030796 32205100 40142835 865141533 15873322384 882717512 150 67367628 916985132
======================
   8      32 sdc 2885826 31519 387030796 32205100 40143480 865141533 15873652624 882859648 145 67368636 917129088
======================
   8      32 sdc 2885826 31519 387030796 32205100 40144104 865141533 15873972112 883002996 129 67369636 917271616
======================
   8      32 sdc 2885826 31519 387030796 32205100 40144767 865141533 15874311568 883147320 138 67370640 917414920
======================
   8      32 sdc 2885826 31519 387030796 32205100 40145445 865141533 15874658704 883290928 132 67371648 917558708
======================
   8      32 sdc 2885826 31519 387030796 32205100 40146121 865141533 15875004816 883434196 128 67372648 917701248
======================
   8      32 sdc 2885827 31519 387030804 32205292 40146748 865141533 15875325840 883559012 149 67373652 917827820
======================
   8      32 sdc 2885827 31519 387030804 32205292 40147372 865141533 15875645328 883701468 133 67374656 917970784
======================
   8      32 sdc 2885827 31519 387030804 32205292 40148023 865141533 15875978640 883846028 154 67375660 918114148
======================
   8      32 sdc 2885827 31519 387030804 32205292 40148698 865141533 15876324240 883988968 151 67376660 918256936
======================
   8      32 sdc 2885827 31519 387030804 32205292 40149330 865141533 15876647824 884131300 152 67377664 918399652
======================
   8      32 sdc 2885827 31519 387030804 32205292 40149963 865141533 15876971920 884269036 134 67378668 918542832
======================
   8      32 sdc 2885827 31519 387030804 32205292 40150656 865141533 15877326736 884413888 145 67379672 918681976
======================
   8      32 sdc 2885827 31519 387030804 32205292 40151296 865141533 15877654416 884556336 145 67380676 918825468
======================
   8      32 sdc 2885827 31519 387030804 32205292 40151939 865141533 15877983632 884699844 142 67381680 918968772
======================
   8      32 sdc 2885827 31519 387030804 32205292 40152583 865141533 15878313360 884843720 138 67382688 919112780
======================
   8      32 sdc 2885827 31519 387030804 32205292 40153235 865141533 15878647184 884987480 158 67383688 919255160
======================
   8      32 sdc 2885827 31519 387030804 32205292 40153899 865141533 15878987152 885131544 134 67384692 919399416
======================
   8      32 sdc 2885827 31519 387030804 32205292 40154182 865141533 15879132048 885192392 37 67385696 919473448
======================
   8      32 sdc 2885828 31519 387030812 32206948 40154751 865141533 15879423376 885264200 133 67386696 919520072
======================
   8      32 sdc 2885828 31519 387030812 32206948 40155816 865141533 15879968656 885393984 156 67387700 919663208
======================
   8      32 sdc 2885828 31519 387030812 32206948 40156481 865141533 15880309136 885536264 131 67388704 919806944
======================
   8      32 sdc 2885828 31519 387030812 32206948 40157097 865141533 15880624528 885679552 155 67389704 919949240
======================
   8      32 sdc 2885828 31519 387030812 32206948 40157773 865141533 15880970640 885823348 151 67390708 920092756
======================
   8      32 sdc 2885828 31519 387030812 32206948 40158448 865141533 15881316240 885966624 148 67391712 920236408
======================
   8      32 sdc 2885828 31519 387030812 32206948 40159123 865141533 15881661840 886109780 145 67392712 920379444
======================
   8      32 sdc 2885828 31519 387030812 32206948 40159763 865141533 15881989520 886252068 145 67393716 920522992
======================
   8      32 sdc 2885828 31519 387030812 32206948 40160387 865141533 15882309008 886395868 129 67394720 920666600
======================
   8      32 sdc 2885828 31519 387030812 32206948 40161028 865141533 15882637200 886534944 128 67395724 920809184
======================
   8      32 sdc 2885828 31519 387030812 32206948 40161710 865141533 15882986384 886680036 150 67396736 920954300
======================
   8      32 sdc 2885829 31519 387030820 32207112 40162306 865141533 15883291536 886807300 158 67397744 921085352
======================
   8      32 sdc 2885829 31519 387030820 32207112 40162988 865141533 15883640720 886958888 148 67398748 921229076
======================
   8      32 sdc 2885829 31519 387030820 32207112 40163655 865141533 15883982224 887102648 153 67399756 921372992
======================
   8      32 sdc 2885829 31519 387030820 32207112 40164297 865141533 15884310928 887245868 151 67400756 921516244
======================
   8      32 sdc 2885829 31519 387030820 32207112 40164922 865141533 15884630928 887389404 134 67401760 921659928
======================
   8      32 sdc 2885829 31519 387030820 32207112 40165537 865141533 15884945808 887528176 159 67402764 921804228
======================
   8      32 sdc 2885829 31519 387030820 32207112 40166220 865141533 15885295504 887681768 156 67403764 921951404
======================
   8      32 sdc 2885829 31519 387030820 32207112 40166875 865141533 15885630864 887824112 141 67404768 922094720
======================
   8      32 sdc 2885829 31519 387030820 32207112 40167469 865141533 15885934992 887956756 155 67405772 922238856
======================
   8      32 sdc 2885829 31519 387030820 32207112 40168178 865141533 15886298000 888112176 150 67406776 922382496
======================
   8      32 sdc 2885829 31519 387030820 32207112 40168854 865141533 15886644112 888255628 146 67407780 922525700
======================
   8      32 sdc 2885829 31519 387030820 32207112 40169485 865141533 15886967184 888398172 94 67408784 922667612
======================
   8      32 sdc 2885830 31519 387030828 32207552 40169959 865141533 15887209872 888494616 129 67409788 922766396
======================
   8      32 sdc 2885830 31519 387030828 32207552 40170625 865141533 15887550864 888639432 135 67410792 922909892
======================
   8      32 sdc 2885830 31519 387030828 32207552 40171301 865141533 15887896976 888782956 131 67411796 923053392
======================
   8      32 sdc 2885830 31519 387030828 32207552 40171978 865141533 15888243600 888926548 158 67412800 923196832
======================
   8      32 sdc 2885830 31519 387030828 32207552 40172597 865141533 15888560528 889070152 147 67413808 923341688
======================
   8      32 sdc 2885830 31519 387030828 32207552 40173244 865141533 15888891792 889215000 140 67414816 923485596
======================
   8      32 sdc 2885830 31519 387030828 32207552 40173927 865141533 15889241488 889360000 129 67415832 923630608
======================
   8      32 sdc 2885830 31519 387030828 32207552 40174575 865141533 15889573264 889502272 153 67416836 923773960
======================
   8      32 sdc 2885830 31519 387030828 32207552 40175218 865141533 15889902480 889645828 150 67417840 923917352
======================
   8      32 sdc 2885830 31519 387030828 32207552 40175866 865141533 15890234256 889786756 142 67418848 924061504
======================
   8      32 sdc 2885830 31519 387030828 32207552 40176543 865141533 15890580880 889932632 137 67419848 924203904
======================
   8      32 sdc 2885830 31519 387030828 32207552 40177184 865141533 15890909072 890075632 75 67420852 924343476
======================
   8      32 sdc 2885831 31519 387030836 32207996 40177665 865141533 15891155344 890171540 134 67421852 924443336
======================
   8      32 sdc 2885831 31519 387030836 32207996 40178306 865141533 15891483536 890314712 133 67422856 924586744
======================
   8      32 sdc 2885831 31519 387030836 32207996 40178948 865141533 15891812240 890458564 131 67423860 924729996
======================
   8      32 sdc 2885831 31519 387030836 32207996 40179612 865141533 15892152208 890600532 139 67424860 924871844
======================
   8      32 sdc 2885831 31519 387030836 32207996 40180243 865141533 15892475280 890743200 148 67425864 925015592
======================
   8      32 sdc 2885831 31519 387030836 32207996 40180900 865141533 15892811664 890887492 131 67426864 925158368
======================
   8      32 sdc 2885831 31519 387030836 32207996 40181575 865141533 15893157264 891030920 128 67427868 925301944
======================
   8      32 sdc 2885831 31519 387030836 32207996 40182212 865141533 15893483408 891172904 131 67428868 925445024
======================
   8      32 sdc 2885831 31519 387030836 32207996 40182810 865141533 15893789584 891310340 141 67429872 925588620
======================
   8      32 sdc 2885831 31519 387030836 32207996 40183506 865141533 15894145936 891460060 149 67430876 925731208
======================
   8      32 sdc 2885831 31519 387030836 32207996 40184176 865141533 15894488976 891603360 151 67431880 925874744
======================
   8      32 sdc 2885831 31519 387030836 32207996 40184851 865141533 15894834576 891746640 88 67432880 926015396
======================
   8      32 sdc 2885832 31519 387030844 32208440 40185338 865141533 15895083920 891841356 141 67433884 926114344
======================
   8      32 sdc 2885832 31519 387030844 32208440 40185961 865141533 15895402896 891984632 158 67434888 926257672
======================
   8      32 sdc 2885832 31519 387030844 32208440 40186604 865141533 15895732112 892130052 155 67435888 926401552
======================
   8      32 sdc 2885832 31519 387030844 32208440 40187282 865141533 15896079248 892272308 231 67436892 926552896
======================
   8      32 sdc 2885832 31519 387030844 32208440 40187917 865141533 15896404368 892416444 204 67437892 926767388
======================
   8      32 sdc 2885832 31519 387030844 32208440 40188568 865141533 15896737680 892573940 193 67438896 926973984
======================
   8      32 sdc 2885832 31519 387030844 32208440 40189232 865141533 15897077648 892735620 201 67439896 927171760
======================
   8      32 sdc 2885832 31519 387030844 32208440 40189863 865141533 15897400720 892911072 178 67440904 927363920
======================
   8      32 sdc 2885832 31519 387030844 32208440 40190480 865141533 15897716624 893086936 169 67441908 927545840
======================
   8      32 sdc 2885832 31519 387030844 32208440 40191147 865141533 15898058128 893273056 181 67442908 927718748
======================
   8      32 sdc 2885832 31519 387030844 32208440 40191798 865141533 15898391440 893464272 170 67443912 927887072
======================
   8      32 sdc 2885832 31519 387030844 32208440 40192456 865141533 15898728336 893660716 152 67444916 928047664
======================
   8      32 sdc 2885833 31519 387030852 32208900 40192952 865141533 15898982288 893838020 152 67445916 928148228
======================
   8      32 sdc 2885833 31519 387030852 32208900 40193593 865141533 15899310480 894019300 151 67446920 928292824
======================
   8      32 sdc 2885833 31519 387030852 32208900 40194249 865141533 15899646352 894162540 135 67447920 928435760
======================
   8      32 sdc 2885833 31519 387030852 32208900 40194928 865141533 15899994000 894306440 128 67448924 928578852
======================
   8      32 sdc 2885833 31519 387030852 32208900 40195546 865141533 15900310416 894448692 150 67449928 928722816
======================
   8      32 sdc 2885833 31519 387030852 32208900 40196212 865141533 15900651408 894593912 156 67450932 928866308
======================
   8      32 sdc 2885833 31519 387030852 32208900 40196893 865141533 15901000080 894738460 147 67451944 929011152
======================
   8      32 sdc 2885833 31519 387030852 32208900 40197566 865141533 15901344656 894881848 146 67452952 929155412
======================
   8      32 sdc 2885833 31519 387030852 32208900 40198222 865141533 15901680528 895025780 130 67453960 929299464
======================
   8      32 sdc 2885833 31519 387030852 32208900 40198846 865141533 15902000016 895168996 146 67454964 929443076
======================
   8      32 sdc 2885833 31519 387030852 32208900 40199504 865141533 15902336912 895314468 128 67455972 929587096
======================
   8      32 sdc 2885833 31519 387030852 32208900 40200181 865141533 15902683536 895458028 118 67456976 929730140
======================
   8      32 sdc 2885834 31519 387030860 32209180 40200806 865141999 15903002728 895576824 150 67457976 929850336
======================
   8      32 sdc 2885834 31519 387030860 32209180 40201449 865141999 15903331944 895721448 147 67458980 929993016
======================
   8      32 sdc 2885834 31519 387030860 32209180 40202110 865141999 15903670376 895862844 158 67459984 930136692
======================
   8      32 sdc 2885834 31519 387030860 32209180 40202749 865141999 15903997544 896003696 152 67460988 930280664
======================
   8      32 sdc 2885834 31519 387030860 32209180 40203386 865141999 15904323688 896150716 130 67461992 930424492
======================
   8      32 sdc 2885834 31519 387030860 32209180 40204028 865141999 15904652392 896294516 128 67462996 930568248
======================
   8      32 sdc 2885834 31519 387030860 32209180 40204679 865141999 15904985704 896438084 149 67463996 930711444
======================
   8      32 sdc 2885834 31519 387030860 32209180 40205334 865141999 15905321064 896580872 134 67465000 930854968
======================
   8      32 sdc 2885834 31519 387030860 32209180 40205975 865141999 15905649256 896724488 133 67466000 930998040
======================
   8      32 sdc 2885834 31519 387030860 32209180 40206628 865141999 15905983592 896868396 152 67467004 931141604
======================
   8      32 sdc 2885834 31519 387030860 32209180 40207298 865141999 15906326632 897011748 154 67468004 931284424
======================
   8      32 sdc 2885834 31519 387030860 32209180 40207932 865141999 15906651240 897153516 56 67469008 931421612
======================
   8      32 sdc 2885835 31519 387030868 32209776 40208399 865142463 15906889496 897233984 50 67470008 931502296
======================
   8      32 sdc 2885835 31519 387030868 32209776 40208459 865142482 15906896688 897246068 0 67470064 931504360
======================
   8      32 sdc 2885835 31519 387030868 32209776 40208459 865142482 15906896688 897246068 0 67470064 931504360
======================
   8      32 sdc 2885835 31519 387030868 32209776 40208459 865142482 15906896688 897246068 0 67470064 931504360
======================
   8      32 sdc 2885835 31519 387030868 32209776 40208459 865142482 15906896688 897246068 0 67470064 931504360
======================
   8      32 sdc 2885835 31519 387030868 32209776 40208459 865142482 15906896688 897246068 0 67470064 931504360
started
======================
   8      32 sdc 2886076 31519 387032790 32212264 40208474 865142482 15906896744 897246068 0 67470092 931506848
======================
   8      32 sdc 2886076 31519 387032790 32212264 40208474 865142482 15906896744 897246068 0 67470092 931506848
======================
   8      32 sdc 2886488 31520 387134926 32215536 40208474 865142482 15906896744 897246068 6 67471072 931512016
======================
   8      32 sdc 2886876 31520 387234118 32223876 40208474 865142482 15906896744 897246068 7 67472084 931519760
======================
   8      32 sdc 2887306 31521 387343174 32232388 40208474 865142482 15906896744 897246068 7 67473104 931527488
======================
   8      32 sdc 2887759 31521 387458598 32238796 40208474 865142482 15906896744 897246068 10 67474108 931536744
======================
   8      32 sdc 2888237 31521 387580454 32251544 40208474 865142482 15906896744 897246068 12 67475112 931546880
======================
   8      32 sdc 2888776 31521 387717894 32261924 40208477 865142484 15906896784 897246068 11 67476116 931557664
======================
   8      32 sdc 2889288 31521 387848422 32273524 40208477 865142484 15906896784 897246068 15 67477120 931568824
======================
   8      32 sdc 2889799 31521 387977830 32286868 40208477 865142484 15906896784 897246068 15 67478120 931581892
======================
   8      32 sdc 2890361 31521 388121158 32296972 40208477 865142484 15906896784 897246068 14 67479124 931593664
======================
   8      32 sdc 2890844 31521 388244806 32311072 40208477 865142484 15906896784 897246068 16 67480128 931607116
======================
   8      32 sdc 2891332 31521 388369734 32327764 40208477 865142484 15906896784 897246068 14 67481128 931623244
======================
   8      32 sdc 2891797 31521 388488774 32346448 40208477 865142484 15906896784 897246068 18 67482132 931642200
======================
   8      32 sdc 2892227 31521 388598854 32363828 40208477 865142484 15906896784 897246068 20 67483132 931660024
======================
   8      32 sdc 2892663 31521 388709926 32382780 40208477 865142484 15906896784 897246068 23 67484136 931679064
======================
   8      32 sdc 2893025 31521 388802598 32401220 40208477 865142484 15906896784 897246068 16 67485136 931697308
======================
   8      32 sdc 2893474 31521 388917542 32421140 40208477 865142484 15906896784 897246068 17 67486140 931717684
======================
   8      32 sdc 2893943 31521 389037606 32441116 40208477 865142484 15906896784 897246068 21 67487144 931737280
======================
   8      32 sdc 2894449 31521 389166598 32460380 40208477 865142484 15906896784 897246068 18 67488144 931756184
======================
   8      32 sdc 2894939 31521 389292038 32476992 40208477 865142484 15906896784 897246068 23 67489148 931773832
======================
   8      32 sdc 2895406 31521 389411590 32495932 40208477 865142484 15906896784 897246068 19 67490152 931792788
======================
   8      32 sdc 2895890 31521 389535494 32514832 40208477 865142484 15906896784 897246068 16 67491152 931811076
======================
   8      32 sdc 2896379 31521 389660678 32532916 40208477 865142484 15906896784 897246068 15 67492156 931829480
======================
   8      32 sdc 2896857 31521 389782502 32550408 40208477 865142484 15906896784 897246068 20 67493156 931847144
======================
   8      32 sdc 2897323 31521 389900710 32569276 40208477 865142484 15906896784 897246068 19 67494164 931865936
======================
   8      32 sdc 2897823 31521 390028166 32589584 40208477 865142484 15906896784 897246068 17 67495168 931885876
======================
   8      32 sdc 2898303 31521 390151046 32608332 40208477 865142484 15906896784 897246068 24 67496168 931905944
======================
   8      32 sdc 2898751 31521 390265734 32628040 40208477 865142484 15906896784 897246068 19 67497172 931924388
======================
   8      32 sdc 2899205 31521 390381958 32648436 40208477 865142484 15906896784 897246068 17 67498172 931944580
======================
   8      32 sdc 2899693 31521 390506342 32667944 40208477 865142484 15906896784 897246068 14 67499176 931963792
======================
   8      32 sdc 2900130 31521 390617446 32686396 40208477 865142484 15906896784 897246068 17 67500176 931982616
======================
   8      32 sdc 2900591 31521 390735462 32706452 40208477 865142484 15906896784 897246068 27 67501180 932002108
======================
   8      32 sdc 2901039 31521 390850150 32724636 40208477 865142484 15906896784 897246068 20 67502184 932020672
======================
   8      32 sdc 2901478 31521 390962534 32743176 40208477 865142484 15906896784 897246068 18 67503184 932039376
======================
   8      32 sdc 2901901 31521 391070822 32762904 40208477 865142484 15906896784 897246068 19 67504188 932059296
======================
   8      32 sdc 2902370 31521 391190886 32783300 40208477 865142484 15906896784 897246068 19 67505192 932079196
======================
   8      32 sdc 2902766 31522 391292518 32802908 40208479 865142484 15906896800 897246220 21 67506192 932099716
======================
   8      32 sdc 2903249 31522 391415622 32823536 40208479 865142484 15906896800 897246220 24 67507196 932120996
======================
   8      32 sdc 2903736 31522 391539750 32845736 40208479 865142484 15906896800 897246220 18 67508196 932141428
======================
   8      32 sdc 2904199 31522 391658278 32863524 40208479 865142484 15906896800 897246220 19 67509200 932160668
======================
   8      32 sdc 2904649 31522 391773478 32884772 40208479 865142484 15906896800 897246220 24 67510204 932182932
======================
   8      32 sdc 2905104 31522 391889958 32905896 40208479 865142484 15906896800 897246220 19 67511204 932202772
======================
   8      32 sdc 2905557 31522 392005926 32926504 40208479 865142484 15906896800 897246220 25 67512208 932223840
======================
   8      32 sdc 2906001 31522 392119590 32948060 40208479 865142484 15906896800 897246220 16 67513208 932244240
======================
   8      32 sdc 2906438 31522 392231462 32967352 40208479 865142484 15906896800 897246220 17 67514212 932263716
======================
   8      32 sdc 2906801 31522 392324390 32987980 40208479 865142484 15906896800 897246220 21 67515216 932285536
======================
   8      32 sdc 2907258 31522 392441382 33011068 40208479 865142484 15906896800 897246220 19 67516216 932308280
======================
   8      32 sdc 2907751 31522 392567590 33034244 40208479 865142484 15906896800 897246220 22 67517220 932330612
======================
   8      32 sdc 2908158 31522 392671782 33054360 40208479 865142484 15906896800 897246220 23 67518220 932351376
======================
   8      32 sdc 2908565 31522 392775974 33075940 40208479 865142484 15906896800 897246220 17 67519224 932373316
======================
   8      32 sdc 2908998 31522 392886822 33095988 40208479 865142484 15906896800 897246220 20 67520228 932392540
======================
   8      32 sdc 2909417 31522 392994086 33117524 40208479 865142484 15906896800 897246220 21 67521232 932414876
======================
   8      32 sdc 2909851 31522 393105190 33139332 40208479 865142484 15906896800 897246220 20 67522232 932436080
======================
   8      32 sdc 2910338 31522 393229862 33159372 40208479 865142484 15906896800 897246220 21 67523236 932455744
======================
   8      32 sdc 2910808 31522 393350182 33180780 40208479 865142484 15906896800 897246220 19 67524240 932477332
======================
   8      32 sdc 2911268 31522 393467942 33200480 40208479 865142484 15906896800 897246220 25 67525240 932498352
======================
   8      32 sdc 2911750 31522 393591334 33223352 40208479 865142484 15906896800 897246220 20 67526244 932521220
======================
   8      32 sdc 2912163 31522 393697062 33245892 40208479 865142484 15906896800 897246220 18 67527244 932543808
======================
   8      32 sdc 2912588 31522 393805862 33269128 40208479 865142484 15906896800 897246220 17 67528248 932565792
======================
   8      32 sdc 2913023 31522 393917222 33289288 40208479 865142484 15906896800 897246220 19 67529248 932587032
======================
   8      32 sdc 2913439 31522 394023718 33309000 40208479 865142484 15906896800 897246220 25 67530252 932606608
======================
   8      32 sdc 2913850 31522 394128686 33332320 40208479 865142484 15906896800 897246220 0 67531240 932627196
