======================
   8      16 sdb 812486 4975 158610480 479000 1736558 16067237 885608072 127110872 0 1159504 127595460
======================
   8      16 sdb 812486 4975 158610480 479000 1736558 16067237 885608072 127110872 0 1159504 127595460
======================
   8      16 sdb 812487 4975 158610488 479000 1736567 16067733 885612112 127110872 0 1159504 127595460
======================
   8      16 sdb 812487 4975 158610488 479000 1737567 16068191 886107616 127119008 0 1159580 127604008
======================
   8      16 sdb 812487 4975 158610488 479000 1740510 16068191 887614432 127185508 142 1160156 127675648
======================
   8      16 sdb 812487 4975 158610488 479000 1742436 16068191 888600544 127328112 136 1161160 127818256
======================
   8      16 sdb 812487 4975 158610488 479000 1743961 16068191 889381344 127469720 147 1162164 127958392
======================
   8      16 sdb 812488 4975 158610496 479060 1746260 16068215 890558120 127605496 138 1163164 128092404
======================
   8      16 sdb 812488 4975 158610496 479060 1747678 16068215 891284136 127710616 128 1164168 128232608
======================
   8      16 sdb 812488 4975 158610496 479060 1749577 16068215 892256424 127882448 149 1165172 128371140
======================
   8      16 sdb 812489 4975 158610504 479136 1752259 16068215 893629104 128117872 142 1166920 128606160
======================
   8      16 sdb 812489 4975 158610504 479136 1754984 16068231 895022416 128260016 152 1167932 128748996
======================
   8      16 sdb 812489 4975 158610504 479136 1757314 16068253 896215048 128396940 135 1168932 128887032
======================
   8      16 sdb 812489 4975 158610504 479136 1759237 16068253 897199624 128539088 132 1169936 129029048
======================
   8      16 sdb 812490 4975 158610512 479220 1761162 16068270 898183848 128674668 134 1170936 129164764
======================
   8      16 sdb 812490 4975 158610512 479220 1763005 16068270 899127464 128810804 147 1171940 129307216
======================
   8      16 sdb 812490 4975 158610512 479220 1764979 16068270 900138152 128958364 132 1172940 129448376
======================
   8      16 sdb 812490 4975 158610512 479220 1766885 16068293 901113704 129093528 149 1173944 129583660
======================
   8      16 sdb 812491 4975 158610520 479300 1768790 16068310 902087688 129228352 155 1174948 129718684
======================
   8      16 sdb 812491 4975 158610520 479300 1770716 16068310 903073800 129371076 149 1175952 129861452
======================
   8      16 sdb 812491 4975 158610520 479300 1772636 16068310 904056840 129513548 149 1176956 130003752
======================
   8      16 sdb 812491 4975 158610520 479300 1774558 16068310 905040904 129655968 147 1177960 130146420
======================
   8      16 sdb 812492 4975 158610528 479324 1776481 16068349 906023272 129789136 144 1178960 130279180
======================
   8      16 sdb 812492 4975 158610528 479324 1778403 16068349 907007336 129930724 142 1179964 130420832
======================
   8      16 sdb 812492 4975 158610528 479324 1780305 16068349 907981672 130072420 128 1180968 130562536
======================
   8      16 sdb 812492 4975 158610528 479324 1782207 16068349 908954984 130213432 146 1181972 130704356
======================
   8      16 sdb 812493 4975 158610536 479400 1784132 16068349 909940584 130348296 136 1182976 130838696
======================
   8      16 sdb 812493 4975 158610536 479400 1786054 16068372 910924328 130485100 141 1183980 130975412
======================
   8      16 sdb 812493 4975 158610536 479400 1787978 16068372 911909416 130626980 154 1184984 131117476
======================
   8      16 sdb 812493 4975 158610536 479400 1789900 16068372 912893480 130768744 152 1185984 131258920
======================
   8      16 sdb 812494 4975 158610544 479480 1791822 16068388 913877040 130901992 131 1186988 131392424
======================
   8      16 sdb 812494 4975 158610544 479480 1793733 16068388 914854088 131042264 140 1187992 131534040
======================
   8      16 sdb 812494 4975 158610544 479480 1795655 16068411 915837832 131179316 133 1188996 131669760
======================
   8      16 sdb 812494 4975 158610544 479480 1797556 16068411 916811144 131321468 152 1190000 131811932
======================
   8      16 sdb 812495 4975 158610552 479560 1799483 16068411 917797264 131456720 130 1191004 131947240
======================
   8      16 sdb 812495 4975 158610552 479560 1801408 16068428 918781992 131599640 157 1192004 132089752
======================
   8      16 sdb 812495 4975 158610552 479560 1803330 16068428 919766056 131742032 155 1193008 132232376
======================
   8      16 sdb 812495 4975 158610552 479560 1805251 16068451 920749288 131878080 146 1194012 132368492
======================
   8      16 sdb 812496 4975 158610560 479640 1807177 16068467 921734896 132012900 151 1195016 132503396
======================
   8      16 sdb 812496 4975 158610560 479640 1809087 16068467 922711432 132155800 136 1196020 132646180
======================
   8      16 sdb 812496 4975 158610560 479640 1810987 16068467 923684232 132298188 157 1197024 132788616
======================
   8      16 sdb 812496 4975 158610560 479640 1812907 16068467 924667272 132440540 156 1198028 132931084
======================
   8      16 sdb 812497 4975 158610568 479724 1814833 16068490 925652560 132569968 148 1199032 133060756
======================
   8      16 sdb 812497 4975 158610568 479724 1816760 16068507 926638312 132712720 141 1200032 133203012
======================
   8      16 sdb 812497 4975 158610568 479724 1818681 16068507 927621864 132855640 140 1201036 133346164
======================
   8      16 sdb 812497 4975 158610568 479724 1820606 16068507 928607464 132998712 135 1202040 133489240
======================
   8      16 sdb 812498 4975 158610576 479812 1822526 16068507 929590504 133134692 129 1203040 133625336
======================
   8      16 sdb 812498 4975 158610576 479812 1824423 16068530 930561448 133271952 135 1204040 133762244
======================
   8      16 sdb 812498 4975 158610576 479812 1826346 16068530 931546024 133414032 132 1205044 133904380
======================
   8      16 sdb 812498 4975 158610576 479812 1828266 16068530 932529064 133556120 132 1206048 134046748
======================
   8      16 sdb 812499 4975 158610584 479896 1830187 16068530 933512112 133689284 129 1207052 134179872
======================
   8      16 sdb 812499 4975 158610584 479896 1832113 16068546 934496840 133830584 155 1208052 134320932
======================
   8      16 sdb 812499 4975 158610584 479896 1834043 16068569 935484680 133967588 153 1209060 134458184
======================
   8      16 sdb 812499 4975 158610584 479896 1835945 16068569 936458504 134109348 139 1210064 134600036
======================
   8      16 sdb 812500 4975 158610592 479980 1837840 16068569 937428240 134244100 151 1211068 134735528
======================
   8      16 sdb 812500 4975 158610592 479980 1839770 16068586 938415024 134386988 139 1212068 134877116
======================
   8      16 sdb 812500 4975 158610592 479980 1841693 16068586 939399600 134528904 136 1213072 135019432
======================
   8      16 sdb 812500 4975 158610592 479980 1843617 16068608 940384360 134665764 152 1214076 135156280
======================
   8      16 sdb 812501 4975 158610600 480064 1845546 16068608 941371504 134801268 132 1215080 135291656
======================
   8      16 sdb 812501 4975 158610600 480064 1847474 16068624 942357760 134943744 156 1216084 135434112
======================
   8      16 sdb 812501 4975 158610600 480064 1849371 16068624 943329024 135085728 147 1217088 135576344
======================
   8      16 sdb 812501 4975 158610600 480064 1851267 16068624 944299776 135227716 139 1218092 135718372
======================
   8      16 sdb 812502 4975 158610608 480140 1853191 16068647 945284040 135356936 135 1219092 135847488
======================
   8      16 sdb 812502 4975 158610608 480140 1855115 16068664 946268256 135498896 131 1220096 135989624
======================
   8      16 sdb 812502 4975 158610608 480140 1857037 16068664 947252320 135641332 129 1221100 136131924
======================
   8      16 sdb 812502 4975 158610608 480140 1858957 16068664 948235360 135783256 135 1222104 136273816
======================
   8      16 sdb 812503 4975 158610616 480216 1860881 16068664 949220448 135917508 132 1223108 136408392
======================
   8      16 sdb 812503 4975 158610616 480216 1862777 16068687 950190880 136053664 138 1224108 136544400
======================
   8      16 sdb 812503 4975 158610616 480216 1864684 16068687 951167264 136195572 151 1225112 136686248
======================
   8      16 sdb 812503 4975 158610616 480216 1866602 16068687 952149280 136336812 153 1226112 136827276
======================
   8      16 sdb 812504 4975 158610624 480300 1868526 16068687 953133864 136471372 132 1227116 136962128
======================
   8      16 sdb 812504 4975 158610624 480300 1870450 16068703 954117064 136613204 128 1228120 137103772
======================
   8      16 sdb 812504 4975 158610624 480300 1872374 16068725 955101824 136749432 145 1229120 137239964
======================
   8      16 sdb 812504 4975 158610624 480300 1874295 16068725 956085376 136891460 144 1230124 137382160
======================
   8      16 sdb 812505 4975 158610632 480384 1876221 16068725 957070984 137027180 144 1231128 137517912
======================
   8      16 sdb 812505 4975 158610632 480384 1878140 16068741 958052632 137170392 140 1232140 137660964
======================
   8      16 sdb 812505 4975 158610632 480384 1880060 16068764 959035672 137309988 133 1233144 137800840
======================
   8      16 sdb 812505 4975 158610632 480384 1881985 16068764 960020952 137446444 138 1234148 137937444
======================
   8      16 sdb 812506 4975 158610640 480468 1883898 16068764 960999904 137581736 128 1235148 138072624
======================
   8      16 sdb 812506 4975 158610640 480468 1885831 16068781 961988728 137723592 147 1236152 138214432
======================
   8      16 sdb 812506 4975 158610640 480468 1887754 16068781 962973304 137865168 144 1237156 138356076
======================
   8      16 sdb 812506 4975 158610640 480468 1889651 16068803 963944568 138006540 114 1238156 138496956
======================
   8      16 sdb 812507 4975 158610648 480556 1891553 16068803 964917560 138135540 131 1239160 138626132
======================
   8      16 sdb 812507 4975 158610648 480556 1893477 16068820 965901776 138277168 131 1240164 138767784
======================
   8      16 sdb 812507 4975 158610648 480556 1895395 16068820 966883792 138416460 147 1241168 138907512
======================
   8      16 sdb 812507 4975 158610648 480556 1897319 16068820 967868880 138557676 143 1242168 139048148
======================
   8      16 sdb 812508 4975 158610656 480636 1899243 16068843 968853968 138692560 94 1243172 139182700
======================
   8      16 sdb 812508 4975 158610656 480636 1901168 16068843 969839248 138827556 127 1244176 139318232
======================
   8      16 sdb 812508 4975 158610656 480636 1903067 16068843 970811536 138968052 148 1245180 139459956
======================
   8      16 sdb 812508 4975 158610656 480636 1904992 16068843 971797136 139110576 143 1246184 139601380
======================
   8      16 sdb 812509 4975 158610664 480720 1906890 16068843 972768408 139245152 155 1247184 139735908
======================
   8      16 sdb 812509 4975 158610664 480720 1908815 16068881 973752112 139386888 64 1248188 139876108
======================
   8      16 sdb 812509 4975 158610664 480720 1910739 16068881 974736880 139523104 134 1249192 140014108
======================
   8      16 sdb 812509 4975 158610664 480720 1912662 16068881 975721456 139664956 131 1250192 140155588
======================
   8      16 sdb 812510 4975 158610672 480804 1914587 16068881 976706552 139799508 146 1251196 140290524
======================
   8      16 sdb 812510 4975 158610672 480804 1916506 16068898 977688208 139939908 132 1252200 140431148
======================
   8      16 sdb 812510 4975 158610672 480804 1918407 16068922 978661520 140082196 76 1253204 140572160
======================
   8      16 sdb 812510 4975 158610672 480804 1920307 16068922 979634008 140217776 147 1254204 140708388
======================
   8      16 sdb 812511 4975 158610680 480884 1922227 16068922 980616544 140352092 135 1255208 140843044
======================
   8      16 sdb 812511 4975 158610680 480884 1924155 16068939 981602304 140493812 132 1256212 140984672
======================
   8      16 sdb 812511 4975 158610680 480884 1926081 16068939 982588416 140635760 153 1257216 141126772
======================
   8      16 sdb 812511 4975 158610680 480884 1928001 16068962 983571456 140777652 87 1258220 141268196
======================
   8      16 sdb 812512 4975 158610688 480968 1929928 16068962 984557256 140907232 145 1259224 141398268
======================
   8      16 sdb 812512 4975 158610688 480968 1931839 16068978 985534304 141048196 131 1260228 141538952
======================
   8      16 sdb 812512 4975 158610688 480968 1933743 16068978 986509152 141190328 147 1261236 141681528
======================
   8      16 sdb 812512 4975 158610688 480968 1935642 16068978 987481440 141331680 136 1262240 141822820
======================
   8      16 sdb 812513 4975 158610696 481052 1937566 16069001 988466528 141466732 63 1263236 141956136
======================
   8      16 sdb 812513 4975 158610696 481052 1939490 16069001 989451296 141602972 134 1264240 142094048
======================
   8      16 sdb 812513 4975 158610696 481052 1941419 16069001 990438944 141745096 130 1265244 142235924
======================
   8      16 sdb 812513 4975 158610696 481052 1943342 16069001 991423520 141886704 154 1266248 142377848
======================
   8      16 sdb 812514 4975 158610704 481136 1945267 16069001 992408616 142021216 144 1267252 142512688
======================
   8      16 sdb 812514 4975 158610704 481136 1947168 16069040 993380544 142162956 34 1268252 142651100
======================
   8      16 sdb 812514 4975 158610704 481136 1949069 16069040 994353536 142299820 128 1269256 142790336
======================
   8      16 sdb 812514 4975 158610704 481136 1950993 16069040 995338624 142441120 153 1270260 142932196
======================
   8      16 sdb 812515 4975 158610712 481220 1952918 16069040 996323720 142575384 147 1271264 143066796
======================
   8      16 sdb 812515 4975 158610712 481220 1954841 16069057 997307424 142717080 144 1272268 143208448
======================
   8      16 sdb 812515 4975 158610712 481220 1956763 16069080 998291488 142858228 11 1273268 143344972
======================
   8      16 sdb 812515 4975 158610712 481220 1958684 16069080 999274720 142992688 138 1274272 143483844
======================
   8      16 sdb 812516 4975 158610720 481296 1960588 16069080 1000249064 143126188 144 1275272 143617488
======================
   8      16 sdb 812516 4975 158610720 481296 1962494 16069096 1001223552 143271340 155 1276276 143762776
======================
   8      16 sdb 812516 4975 158610720 481296 1964419 16069096 1002209152 143414876 150 1277276 143905884
======================
   8      16 sdb 812516 4975 158610720 481296 1966344 16069123 1003193960 143555008 150 1278280 144042040
======================
   8      16 sdb 812517 4975 158610728 481376 1968264 16069123 1004177000 143686432 154 1279284 144177812
======================
   8      16 sdb 812517 4975 158610728 481376 1970184 16069123 1005160040 143828408 154 1280288 144319924
======================
   8      16 sdb 812517 4975 158610728 481376 1972109 16069123 1006145640 143970468 149 1281288 144461464
======================
   8      16 sdb 812517 4975 158610728 481376 1974004 16069123 1007115880 144111940 142 1282292 144603076
======================
   8      16 sdb 812518 4975 158610736 481452 1975912 16069146 1008091952 144245488 144 1283296 144732780
======================
   8      16 sdb 812518 4975 158610736 481452 1977840 16069146 1009079088 144384312 136 1284304 144875892
======================
   8      16 sdb 812518 4975 158610736 481452 1979764 16069146 1010064176 144526912 132 1285304 145018060
======================
   8      16 sdb 812518 4975 158610736 481452 1981685 16069146 1011047728 144669652 131 1286308 145160876
======================
   8      16 sdb 812519 4975 158610744 481532 1982494 16069212 1011454384 144726228 0 1286720 145212372
======================
   8      16 sdb 812519 4975 158610744 481532 1982494 16069212 1011454384 144726228 0 1286720 145212372
======================
   8      16 sdb 812519 4975 158610744 481532 1982494 16069212 1011454384 144726228 0 1286720 145212372
======================
   8      16 sdb 812519 4975 158610744 481532 1982494 16069212 1011454384 144726228 0 1286720 145212372
======================
   8      16 sdb 812519 4975 158610744 481532 1982494 16069212 1011454384 144726228 0 1286720 145212372
started
======================
   8      16 sdb 812519 4975 158610744 481532 1982494 16069212 1011454384 144726228 0 1286720 145212372
======================
   8      16 sdb 812589 4975 158627176 481540 1982494 16069212 1011454384 144726228 1 1286728 145212380
======================
   8      16 sdb 813765 4975 158925000 481864 1982494 16069212 1011454384 144726228 1 1287036 145212704
======================
   8      16 sdb 814973 4975 159231352 482192 1982494 16069212 1011454384 144726228 1 1287360 145213036
======================
   8      16 sdb 816059 4975 159508456 482544 1982494 16069212 1011454384 144726228 1 1287688 145213388
======================
   8      16 sdb 817271 4975 159816504 482904 1982494 16069212 1011454384 144726228 0 1288024 145213748
======================
   8      16 sdb 818533 4975 160135272 483208 1982494 16069212 1011454384 144726228 2 1288312 145214052
======================
   8      16 sdb 819678 4976 160426008 483580 1982496 16069213 1011454408 144726228 0 1288668 145214420
======================
   8      16 sdb 820951 4976 160747576 483968 1982496 16069213 1011454408 144726228 1 1289032 145214804
======================
   8      16 sdb 822047 4976 161024064 484276 1982496 16069213 1011454408 144726228 0 1289340 145215112
======================
   8      16 sdb 823306 4976 161344064 484604 1982496 16069213 1011454408 144726228 1 1289652 145215432
======================
   8      16 sdb 824424 4976 161628608 484968 1982496 16069213 1011454408 144726228 1 1289992 145215796
======================
   8      16 sdb 825667 4976 161943024 485332 1982496 16069213 1011454408 144726228 0 1290348 145216160
======================
   8      16 sdb 826736 4976 162213392 485688 1982496 16069213 1011454408 144726228 0 1290680 145216512
======================
   8      16 sdb 827909 4976 162511808 486016 1982496 16069213 1011454408 144726228 1 1290996 145216840
======================
   8      16 sdb 829019 4976 162793120 486336 1982496 16069213 1011454408 144726228 0 1291300 145217160
======================
   8      16 sdb 830217 4976 163098048 486688 1982496 16069213 1011454408 144726228 0 1291644 145217512
======================
   8      16 sdb 831346 4976 163385552 487008 1982496 16069213 1011454408 144726228 1 1291948 145217832
======================
   8      16 sdb 832622 4976 163711200 487332 1982496 16069213 1011454408 144726228 1 1292268 145218156
======================
   8      16 sdb 833939 4976 164046192 487760 1982496 16069213 1011454408 144726228 1 1292668 145218584
======================
   8      16 sdb 835171 4976 164360432 488128 1982496 16069213 1011454408 144726228 1 1293020 145218952
======================
   8      16 sdb 836315 4976 164649120 488440 1982496 16069213 1011454408 144726228 0 1293332 145219264
======================
   8      16 sdb 837459 4976 164939840 488792 1982496 16069213 1011454408 144726228 0 1293668 145219612
======================
   8      16 sdb 838587 4976 165225200 489112 1982496 16069213 1011454408 144726228 1 1293980 145219932
======================
   8      16 sdb 839833 4976 165541776 489540 1982496 16069213 1011454408 144726228 1 1294392 145220356
======================
   8      16 sdb 841031 4976 165846120 489884 1982496 16069213 1011454408 144726228 0 1294716 145220700
======================
   8      16 sdb 842234 4976 166151376 490264 1982496 16069213 1011454408 144726228 1 1295072 145221080
======================
   8      16 sdb 843383 4976 166438496 490636 1982496 16069213 1011454408 144726228 1 1295408 145221452
======================
   8      16 sdb 844516 4976 166725056 490964 1982496 16069213 1011454408 144726228 0 1295736 145221780
======================
   8      16 sdb 845674 4976 167019712 491280 1982496 16069213 1011454408 144726228 0 1296044 145222096
======================
   8      16 sdb 846969 4976 167349408 491596 1982496 16069213 1011454408 144726228 1 1296348 145222412
======================
   8      16 sdb 848095 4976 167636192 491916 1982496 16069213 1011454408 144726228 0 1296656 145222732
======================
   8      16 sdb 849283 4976 167938512 492260 1982496 16069213 1011454408 144726228 1 1296992 145223076
======================
   8      16 sdb 850476 4976 168242320 492636 1982496 16069213 1011454408 144726228 1 1297364 145223452
======================
   8      16 sdb 851774 4976 168571072 493060 1982496 16069213 1011454408 144726228 0 1297764 145223876
======================
   8      16 sdb 852956 4976 168870464 493412 1982496 16069213 1011454408 144726228 1 1298108 145224228
======================
   8      16 sdb 854262 4976 169203760 493692 1982496 16069213 1011454408 144726228 0 1298384 145224508
======================
   8      16 sdb 855489 4976 169514544 494036 1982496 16069213 1011454408 144726228 1 1298708 145224852
======================
   8      16 sdb 856717 4976 169825520 494360 1982496 16069213 1011454408 144726228 0 1299024 145225176
======================
   8      16 sdb 857853 4976 170111008 494728 1982496 16069213 1011454408 144726228 0 1299388 145225544
======================
   8      16 sdb 858937 4976 170385616 495032 1982496 16069213 1011454408 144726228 0 1299676 145225848
======================
   8      16 sdb 860107 4976 170682288 495432 1982496 16069213 1011454408 144726228 1 1300052 145226248
======================
   8      16 sdb 861356 4976 171000144 495756 1982497 16069213 1011454416 144726228 1 1300368 145226572
======================
   8      16 sdb 862467 4976 171282632 496036 1982497 16069213 1011454416 144726228 1 1300644 145226852
======================
   8      16 sdb 863667 4976 171587728 496376 1982497 16069213 1011454416 144726228 1 1300968 145227192
======================
   8      16 sdb 864926 4976 171906320 496764 1982497 16069213 1011454416 144726228 1 1301344 145227580
======================
   8      16 sdb 866164 4976 172220944 497148 1982497 16069213 1011454416 144726228 1 1301716 145227964
======================
   8      16 sdb 867326 4976 172517328 497472 1982497 16069213 1011454416 144726228 1 1302020 145228288
======================
   8      16 sdb 868423 4976 172793408 497836 1982497 16069213 1011454416 144726228 0 1302360 145228656
======================
   8      16 sdb 869532 4976 173073872 498160 1982497 16069213 1011454416 144726228 0 1302664 145228980
======================
   8      16 sdb 870673 4976 173362552 498480 1982497 16069213 1011454416 144726228 1 1302976 145229300
======================
   8      16 sdb 871869 4976 173667512 498744 1982497 16069213 1011454416 144726228 0 1303232 145229564
======================
   8      16 sdb 873096 4976 173978840 499148 1982497 16069213 1011454416 144726228 0 1303628 145229964
======================
   8      16 sdb 874251 4976 174272312 499436 1982497 16069213 1011454416 144726228 0 1303900 145230252
======================
   8      16 sdb 875513 4976 174588352 499764 1982497 16069213 1011454416 144726228 0 1304208 145230580
======================
   8      16 sdb 876692 4976 174886832 500084 1982497 16069213 1011454416 144726228 1 1304508 145230900
======================
   8      16 sdb 877823 4976 175174976 500440 1982497 16069213 1011454416 144726228 1 1304836 145231256
======================
   8      16 sdb 879114 4976 175501648 500856 1982497 16069213 1011454416 144726228 0 1305236 145231668
======================
   8      16 sdb 880251 4976 175791264 501140 1982497 16069213 1011454416 144726228 1 1305516 145231952
======================
   8      16 sdb 881377 4976 176077024 501480 1982497 16069213 1011454416 144726228 0 1305848 145232292
======================
   8      16 sdb 882634 4976 176395008 501736 1982497 16069213 1011454416 144726228 1 1306096 145232548
======================
   8      16 sdb 883872 4976 176709616 502060 1982497 16069213 1011454416 144726228 1 1306416 145232872
