======================
   8      32 sdc 2918831 31563 394172848 33584796 41987468 903996439 16746393872 1374806200 0 70717820 1410613212
======================
   8      32 sdc 2918831 31563 394172848 33584796 41987468 903996439 16746393872 1374806200 0 70717820 1410613212
======================
   8      32 sdc 2918834 31563 394172872 33584884 41987468 903996439 16746393872 1374806200 0 70717908 1410613300
======================
   8      32 sdc 2918834 31563 394172872 33584884 41987468 903996439 16746393872 1374806200 0 70717908 1410613300
======================
   8      32 sdc 2918834 31563 394172872 33584884 41987468 903996439 16746393872 1374806200 1 70718500 1410613892
======================
   8      32 sdc 2918834 31563 394172872 33584884 41987468 903996439 16746393872 1374806200 1 70719504 1410614896
======================
   8      32 sdc 2918835 31563 394172880 33587124 41989120 903996439 16747239696 1374834344 153 70720448 1410655116
======================
   8      32 sdc 2918835 31563 394172880 33587124 41989387 903996462 16747375576 1374951248 131 70721452 1410798416
======================
   8      32 sdc 2918835 31563 394172880 33587124 41989660 903996462 16747515352 1375094868 146 70722456 1410943148
======================
   8      32 sdc 2918835 31563 394172880 33587124 41989924 903996462 16747650520 1375236728 138 70723460 1411087784
======================
   8      32 sdc 2918835 31563 394172880 33587124 41990590 903996462 16747991512 1375425036 144 70724596 1411250724
======================
   8      32 sdc 2918835 31563 394172880 33587124 41991115 903996462 16748260312 1375581564 131 70725600 1411397784
======================
   8      32 sdc 2918835 31563 394172880 33587124 41991341 903996462 16748376024 1375604256 129 70726604 1411529488
======================
   8      32 sdc 2918835 31563 394172880 33587124 41991341 903996462 16748376024 1375604256 129 70727608 1411659004
======================
   8      32 sdc 2918835 31563 394172880 33587124 41992026 903996462 16748726744 1375980072 148 70728612 1411796448
======================
   8      32 sdc 2918835 31563 394172880 33587124 41992878 903996462 16749162968 1376126324 128 70729648 1411945652
======================
   8      32 sdc 2918835 31563 394172880 33587124 41993787 903996462 16749628376 1376269984 147 70730652 1412086156
======================
   8      32 sdc 2918836 31563 394172888 33587288 41994976 903996462 16750237144 1376407276 158 70731656 1412221176
======================
   8      32 sdc 2918836 31563 394172888 33587288 41995657 903996462 16750585816 1376539352 150 70732660 1412365008
======================
   8      32 sdc 2918836 31563 394172888 33587288 41996300 903996462 16750915032 1376683296 147 70733664 1412508860
======================
   8      32 sdc 2918836 31563 394172888 33587288 41996948 903996462 16751246808 1376828296 139 70734680 1412654212
======================
   8      32 sdc 2918836 31563 394172888 33587288 41997573 903996462 16751566808 1376975904 154 70735684 1412798320
======================
   8      32 sdc 2918836 31563 394172888 33587288 41998241 903996462 16751908824 1377116924 158 70736688 1412942476
======================
   8      32 sdc 2918836 31563 394172888 33587288 41998878 903996462 16752234968 1377260276 129 70737692 1413085744
======================
   8      32 sdc 2918836 31563 394172888 33587288 41999539 903996462 16752573400 1377404588 140 70738696 1413229600
======================
   8      32 sdc 2918836 31563 394172888 33587288 42000213 903996462 16752918488 1377548956 138 70739700 1413374540
======================
   8      32 sdc 2918836 31563 394172888 33587288 42000847 903996462 16753243096 1377691956 144 70740700 1413517840
======================
   8      32 sdc 2918836 31563 394172888 33587288 42001472 903996462 16753563096 1377835860 134 70741704 1413661264
======================
   8      32 sdc 2918836 31563 394172888 33587288 42001986 903996462 16753826264 1377980008 157 70742708 1413804400
======================
   8      32 sdc 2918837 31563 394172896 33587496 42002647 903996462 16754164696 1378114652 139 70743712 1413933760
======================
   8      32 sdc 2918837 31563 394172896 33587496 42003321 903996462 16754509784 1378245880 137 70744716 1414071240
======================
   8      32 sdc 2918837 31563 394172896 33587496 42003973 903996462 16754843608 1378389632 157 70745720 1414215704
======================
   8      32 sdc 2918837 31563 394172896 33587496 42004597 903996462 16755163096 1378532888 141 70746724 1414359516
======================
   8      32 sdc 2918837 31563 394172896 33587496 42005243 903996462 16755493848 1378677936 135 70747728 1414503000
======================
   8      32 sdc 2918837 31563 394172896 33587496 42005897 903996462 16755828696 1378820860 153 70748732 1414646564
======================
   8      32 sdc 2918837 31563 394172896 33587496 42006536 903996462 16756155864 1378963656 154 70749736 1414790116
======================
   8      32 sdc 2918837 31563 394172896 33587496 42007200 903996462 16756495832 1379108300 130 70750740 1414933716
======================
   8      32 sdc 2918837 31563 394172896 33587496 42007857 903996462 16756832216 1379249808 145 70751744 1415076172
======================
   8      32 sdc 2918837 31563 394172896 33587496 42008500 903996462 16757161432 1379394076 142 70752748 1415219980
======================
   8      32 sdc 2918837 31563 394172896 33587496 42009142 903996462 16757490136 1379540516 140 70753748 1415366080
======================
   8      32 sdc 2918837 31563 394172896 33587496 42009781 903996462 16757817304 1379682836 141 70754752 1415509072
======================
   8      32 sdc 2918837 31563 394172896 33587496 42010263 903996462 16758064088 1379789888 24 70755756 1415610580
======================
   8      32 sdc 2918838 31563 394172904 33587944 42010931 903996462 16758406104 1379927072 144 70756760 1415752828
======================
   8      32 sdc 2918838 31563 394172904 33587944 42011585 903996462 16758740952 1380070484 130 70757764 1415896376
======================
   8      32 sdc 2918838 31563 394172904 33587944 42012224 903996462 16759068120 1380213428 131 70758768 1416040004
======================
   8      32 sdc 2918838 31563 394172904 33587944 42012873 903996462 16759400408 1380359836 154 70759772 1416186464
======================
   8      32 sdc 2918838 31563 394172904 33587944 42013512 903996462 16759727576 1380503348 155 70760776 1416330132
======================
   8      32 sdc 2918838 31563 394172904 33587944 42014137 903996462 16760047576 1380645120 138 70761780 1416471972
======================
   8      32 sdc 2918838 31563 394172904 33587944 42014809 903996462 16760391640 1380790112 138 70762784 1416615540
======================
   8      32 sdc 2918838 31563 394172904 33587944 42015485 903996462 16760737752 1380935688 134 70763788 1416761060
======================
   8      32 sdc 2918838 31563 394172904 33587944 42016158 903996462 16761082328 1381076104 133 70764788 1416901704
======================
   8      32 sdc 2918838 31563 394172904 33587944 42016806 903996462 16761414104 1381218700 157 70765792 1417045048
======================
   8      32 sdc 2918838 31563 394172904 33587944 42017431 903996462 16761734104 1381362156 140 70766796 1417188676
======================
   8      32 sdc 2918839 31563 394172912 33588168 42018058 903996462 16762055128 1381489164 153 70767800 1417314704
======================
   8      32 sdc 2918839 31563 394172912 33588168 42018729 903996462 16762398680 1381632988 154 70768804 1417458432
======================
   8      32 sdc 2918839 31563 394172912 33588168 42019370 903996462 16762726872 1381775616 153 70769808 1417602624
======================
   8      32 sdc 2918839 31563 394172912 33588168 42020019 903996462 16763059160 1381919428 144 70770812 1417745524
======================
   8      32 sdc 2918839 31563 394172912 33588168 42020665 903996462 16763389912 1382062752 138 70771816 1417889296
======================
   8      32 sdc 2918839 31563 394172912 33588168 42021307 903996462 16763718616 1382206132 136 70772820 1418032664
======================
   8      32 sdc 2918839 31563 394172912 33588168 42021949 903996462 16764047320 1382349612 134 70773820 1418175588
======================
   8      32 sdc 2918839 31563 394172912 33588168 42022588 903996462 16764374488 1382492560 135 70774828 1418319788
======================
   8      32 sdc 2918839 31563 394172912 33588168 42023245 903996462 16764710872 1382637604 150 70775828 1418463184
======================
   8      32 sdc 2918839 31563 394172912 33588168 42023909 903996462 16765050840 1382779932 158 70776832 1418605600
======================
   8      32 sdc 2918839 31563 394172912 33588168 42024557 903996462 16765382616 1382922836 150 70777836 1418749080
======================
   8      32 sdc 2918839 31563 394172912 33588168 42025199 903996462 16765711320 1383066272 148 70778840 1418892692
======================
   8      32 sdc 2918840 31563 394172920 33588384 42025837 903996462 16766037976 1383192056 150 70779844 1419019676
======================
   8      32 sdc 2918840 31563 394172920 33588384 42026505 903996462 16766379992 1383336092 154 70780848 1419163232
======================
   8      32 sdc 2918840 31563 394172920 33588384 42027125 903996462 16766697432 1383479864 142 70781852 1419306912
======================
   8      32 sdc 2918840 31563 394172920 33588384 42027793 903996462 16767039448 1383623052 146 70782856 1419448996
======================
   8      32 sdc 2918840 31563 394172920 33588384 42028453 903996462 16767377368 1383766784 153 70783860 1419592332
======================
   8      32 sdc 2918840 31563 394172920 33588384 42029110 903996462 16767713752 1383907984 141 70784864 1419736088
======================
   8      32 sdc 2918840 31563 394172920 33588384 42029738 903996462 16768035288 1384052492 153 70785868 1419879636
======================
   8      32 sdc 2918840 31563 394172920 33588384 42030385 903996462 16768366552 1384198112 146 70786872 1420024136
======================
   8      32 sdc 2918840 31563 394172920 33588384 42031061 903996462 16768712664 1384341576 142 70787872 1420167104
======================
   8      32 sdc 2918840 31563 394172920 33588384 42031712 903996462 16769045976 1384483924 131 70788876 1420310200
======================
   8      32 sdc 2918840 31563 394172920 33588384 42032340 903996462 16769367512 1384627500 143 70789880 1420454120
======================
   8      32 sdc 2918840 31563 394172920 33588384 42033008 903996462 16769709528 1384771556 147 70790884 1420597460
======================
   8      32 sdc 2918841 31563 394172928 33588908 42033502 903996462 16769962456 1384860832 154 70791888 1420687884
======================
   8      32 sdc 2918841 31563 394172928 33588908 42034144 903996462 16770291160 1385004600 152 70792892 1420831916
======================
   8      32 sdc 2918841 31563 394172928 33588908 42034787 903996462 16770620376 1385148456 149 70793896 1420975604
======================
   8      32 sdc 2918841 31563 394172928 33588908 42035424 903996462 16770946520 1385290796 152 70794900 1421119036
======================
   8      32 sdc 2918841 31563 394172928 33588908 42036064 903996462 16771274200 1385435788 152 70795904 1421262372
======================
   8      32 sdc 2918841 31563 394172928 33588908 42036715 903996462 16771607512 1385578768 141 70796908 1421406240
======================
   8      32 sdc 2918841 31563 394172928 33588908 42037357 903996462 16771936216 1385718868 153 70797912 1421546280
======================
   8      32 sdc 2918841 31563 394172928 33588908 42038020 903996462 16772275672 1385861976 130 70798916 1421689440
======================
   8      32 sdc 2918841 31563 394172928 33588908 42038693 903996462 16772620248 1386005560 129 70799920 1421833744
======================
   8      32 sdc 2918841 31563 394172928 33588908 42039323 903996462 16772942808 1386149388 139 70800920 1421976684
======================
   8      32 sdc 2918841 31563 394172928 33588908 42039959 903996462 16773268440 1386294304 143 70801928 1422120900
======================
   8      32 sdc 2918841 31563 394172928 33588908 42040630 903996462 16773611992 1386437440 144 70802928 1422264252
======================
   8      32 sdc 2918842 31563 394172936 33589324 42041143 903996462 16773874648 1386538596 144 70803932 1422365564
======================
   8      32 sdc 2918842 31563 394172936 33589324 42041813 903996462 16774217688 1386680344 146 70804936 1422507940
======================
   8      32 sdc 2918842 31563 394172936 33589324 42042461 903996462 16774549976 1386823328 138 70805940 1422651504
======================
   8      32 sdc 2918842 31563 394172936 33589324 42043086 903996462 16774869464 1386967024 153 70806944 1422794968
======================
   8      32 sdc 2918842 31563 394172936 33589324 42043738 903996462 16775203288 1387111672 141 70807948 1422938728
======================
   8      32 sdc 2918842 31563 394172936 33589324 42044387 903996462 16775535576 1387254644 132 70808952 1423082152
======================
   8      32 sdc 2918842 31563 394172936 33589324 42045028 903996462 16775863768 1387397952 131 70809956 1423225688
======================
   8      32 sdc 2918842 31563 394172936 33589324 42045688 903996462 16776201688 1387542976 143 70810956 1423369848
======================
   8      32 sdc 2918842 31563 394172936 33589324 42046341 903996462 16776536536 1387686208 130 70811960 1423513556
======================
   8      32 sdc 2918842 31563 394172936 33589324 42046984 903996462 16776865240 1387829920 127 70812964 1423657028
======================
   8      32 sdc 2918842 31563 394172936 33589324 42047625 903996462 16777193432 1387973184 158 70813968 1423800648
======================
   8      32 sdc 2918842 31563 394172936 33589324 42048261 903996462 16777519064 1388116484 130 70814972 1423945300
======================
   8      32 sdc 2918843 31563 394172944 33589520 42048896 903996462 16777844184 1388243496 148 70815972 1424070512
======================
   8      32 sdc 2918843 31563 394172944 33589520 42049554 903996462 16778181080 1388385500 130 70816976 1424213500
======================
   8      32 sdc 2918843 31563 394172944 33589520 42050190 903996462 16778506712 1388529592 134 70817980 1424357128
======================
   8      32 sdc 2918843 31563 394172944 33589520 42050829 903996462 16778833880 1388673568 135 70818984 1424500688
======================
   8      32 sdc 2918843 31563 394172944 33589520 42051355 903996462 16779103192 1388813852 153 70819988 1424641344
======================
   8      32 sdc 2918843 31563 394172944 33589520 42051988 903996462 16779427288 1388957008 128 70820992 1424784856
======================
   8      32 sdc 2918843 31563 394172944 33589520 42052614 903996462 16779747800 1389104720 152 70821996 1424932612
======================
   8      32 sdc 2918843 31563 394172944 33589520 42053290 903996462 16780093912 1389249272 148 70823000 1425076300
======================
   8      32 sdc 2918843 31563 394172944 33589520 42053966 903996462 16780440024 1389392692 144 70824004 1425219944
======================
   8      32 sdc 2918843 31563 394172944 33589520 42054631 903996462 16780780504 1389534784 151 70825008 1425363136
======================
   8      32 sdc 2918843 31563 394172944 33589520 42055277 903996462 16781111256 1389678396 145 70826012 1425507032
======================
   8      32 sdc 2918843 31563 394172944 33589520 42055902 903996462 16781431256 1389822400 128 70827016 1425650516
======================
   8      32 sdc 2918844 31563 394172952 33589708 42056547 903996462 16781761496 1389953008 140 70828020 1425780252
======================
   8      32 sdc 2918844 31563 394172952 33589708 42057220 903996462 16782106072 1390096148 139 70829020 1425923616
======================
   8      32 sdc 2918844 31563 394172952 33589708 42057858 903996462 16782432728 1390239540 141 70830024 1426068200
======================
   8      32 sdc 2918844 31563 394172952 33589708 42058511 903996462 16782767064 1390385036 128 70831028 1426211920
======================
   8      32 sdc 2918844 31563 394172952 33589708 42059148 903996462 16783093208 1390528052 131 70832032 1426355856
======================
   8      32 sdc 2918844 31563 394172952 33589708 42059790 903996462 16783421912 1390671876 129 70833036 1426499572
======================
   8      32 sdc 2918844 31563 394172952 33589708 42060433 903996462 16783751128 1390815208 157 70834040 1426642740
======================
   8      32 sdc 2918844 31563 394172952 33589708 42061069 903996462 16784076760 1390957552 130 70835044 1426786468
======================
   8      32 sdc 2918844 31563 394172952 33589708 42061733 903996462 16784416728 1391103020 138 70836048 1426930336
======================
   8      32 sdc 2918844 31563 394172952 33589708 42062408 903996462 16784762328 1391250212 135 70837068 1427077444
======================
   8      32 sdc 2918844 31563 394172952 33589708 42063052 903996462 16785092056 1391393400 131 70838072 1427221068
======================
   8      32 sdc 2918844 31563 394172952 33589708 42063698 903996462 16785422808 1391537636 157 70839076 1427364740
======================
   8      32 sdc 2918845 31563 394172960 33589924 42064344 903996462 16785753560 1391668912 150 70840080 1427496800
======================
   8      32 sdc 2918845 31563 394172960 33589924 42065002 903996462 16786090456 1391811696 132 70841084 1427640432
======================
   8      32 sdc 2918845 31563 394172960 33589924 42065627 903996462 16786410456 1391956684 147 70842084 1427784952
======================
   8      32 sdc 2918845 31563 394172960 33589924 42066278 903996462 16786743768 1392101628 136 70843088 1427928680
======================
   8      32 sdc 2918845 31563 394172960 33589924 42066942 903996462 16787083736 1392245412 144 70844092 1428072588
======================
   8      32 sdc 2918845 31563 394172960 33589924 42067617 903996462 16787429336 1392388844 141 70845096 1428216364
======================
   8      32 sdc 2918845 31563 394172960 33589924 42068247 903996462 16787751896 1392531652 151 70846100 1428359928
======================
   8      32 sdc 2918845 31563 394172960 33589924 42068874 903996462 16788072920 1392675316 132 70847104 1428503020
======================
   8      32 sdc 2918845 31563 394172960 33589924 42069545 903996462 16788416472 1392818748 133 70848108 1428645816
======================
   8      32 sdc 2918845 31563 394172960 33589924 42070209 903996462 16788756440 1392961460 141 70849112 1428789632
======================
   8      32 sdc 2918845 31563 394172960 33589924 42070842 903996462 16789080536 1393103200 148 70850116 1428933516
======================
   8      32 sdc 2918845 31563 394172960 33589924 42071506 903996462 16789420504 1393249696 125 70851120 1429077048
======================
   8      32 sdc 2918846 31563 394172968 33590144 42072149 903996462 16789749720 1393381160 154 70852124 1429208824
======================
   8      32 sdc 2918846 31563 394172968 33590144 42072796 903996462 16790080984 1393524296 147 70853128 1429352852
======================
   8      32 sdc 2918846 31563 394172968 33590144 42073438 903996462 16790409688 1393667856 145 70854132 1429496280
======================
   8      32 sdc 2918846 31563 394172968 33590144 42074065 903996462 16790730712 1393809220 158 70855136 1429640040
======================
   8      32 sdc 2918846 31563 394172968 33590144 42074584 903996462 16790996440 1393958836 151 70856136 1429786328
======================
   8      32 sdc 2918846 31563 394172968 33590144 42075248 903996462 16791336408 1394102324 145 70857140 1429929708
======================
   8      32 sdc 2918846 31563 394172968 33590144 42075891 903996462 16791665624 1394245592 156 70858144 1430073664
======================
   8      32 sdc 2918846 31563 394172968 33590144 42076539 903996462 16791997400 1394390080 148 70859148 1430217584
======================
   8      32 sdc 2918846 31563 394172968 33590144 42077213 903996462 16792342488 1394536220 146 70860152 1430364048
======================
   8      32 sdc 2918846 31563 394172968 33590144 42077867 903996462 16792677336 1394679036 132 70861156 1430507616
======================
   8      32 sdc 2918846 31563 394172968 33590144 42078491 903996462 16792996824 1394822400 148 70862160 1430651532
======================
   8      32 sdc 2918846 31563 394172968 33590144 42079146 903996462 16793332184 1394967432 133 70863160 1430794604
======================
   8      32 sdc 2918846 31563 394172968 33590144 42079271 903996462 16793396184 1394998720 40 70864164 1430851004
======================
   8      32 sdc 2918847 31563 394172976 33591728 42080457 903996462 16794003416 1395103308 152 70865168 1430932700
======================
   8      32 sdc 2918847 31563 394172976 33591728 42081125 903996462 16794345432 1395246188 156 70866172 1431076168
======================
   8      32 sdc 2918847 31563 394172976 33591728 42081749 903996462 16794664920 1395389576 140 70867176 1431219940
======================
   8      32 sdc 2918847 31563 394172976 33591728 42082413 903996462 16795004888 1395534460 148 70868180 1431363452
======================
   8      32 sdc 2918847 31563 394172976 33591728 42083074 903996462 16795343320 1395677304 156 70869184 1431506952
======================
   8      32 sdc 2918847 31563 394172976 33591728 42083702 903996462 16795664856 1395817928 142 70870188 1431649908
======================
   8      32 sdc 2918847 31563 394172976 33591728 42084367 903996462 16796005336 1395964092 149 70871192 1431793520
======================
   8      32 sdc 2918847 31563 394172976 33591728 42085032 903996462 16796345816 1396107656 156 70872196 1431936884
======================
   8      32 sdc 2918847 31563 394172976 33591728 42085677 903996462 16796676056 1396250396 151 70873200 1432080492
======================
   8      32 sdc 2918847 31563 394172976 33591728 42086319 903996462 16797004760 1396393744 149 70874200 1432223308
======================
   8      32 sdc 2918847 31563 394172976 33591728 42086952 903996462 16797328856 1396535784 39 70875204 1432357472
======================
   8      32 sdc 2918848 31563 394172984 33591948 42087586 903996462 16797653464 1396664732 156 70876208 1432494092
======================
   8      32 sdc 2918848 31563 394172984 33591948 42088245 903996462 16797991384 1396808228 137 70877212 1432637888
======================
   8      32 sdc 2918848 31563 394172984 33591948 42088900 903996462 16798326232 1396951520 154 70878216 1432781560
======================
   8      32 sdc 2918848 31563 394172984 33591948 42089529 903996462 16798648280 1397093864 133 70879220 1432925236
======================
   8      32 sdc 2918848 31563 394172984 33591948 42090197 903996462 16798990296 1397237640 137 70880224 1433068780
======================
   8      32 sdc 2918848 31563 394172984 33591948 42090845 903996462 16799322072 1397382416 129 70881228 1433212800
======================
   8      32 sdc 2918848 31563 394172984 33591948 42091470 903996462 16799642072 1397525792 145 70882232 1433356736
======================
   8      32 sdc 2918848 31563 394172984 33591948 42092132 903996462 16799981016 1397670828 154 70883236 1433500308
======================
   8      32 sdc 2918848 31563 394172984 33591948 42092803 903996462 16800324568 1397814688 155 70884236 1433643496
======================
   8      32 sdc 2918848 31563 394172984 33591948 42093477 903996462 16800669656 1397957832 153 70885240 1433787080
======================
   8      32 sdc 2918848 31563 394172984 33591948 42094129 903996462 16801003480 1398100308 141 70886244 1433930804
======================
   8      32 sdc 2918849 31563 394172992 33592172 42094730 903996462 16801311192 1398229272 149 70887248 1434056900
======================
   8      32 sdc 2918849 31563 394172992 33592172 42095388 903996462 16801648088 1398371056 131 70888252 1434200376
======================
   8      32 sdc 2918849 31563 394172992 33592172 42096065 903996462 16801994712 1398514828 158 70889256 1434344032
======================
   8      32 sdc 2918849 31563 394172992 33592172 42096709 903996462 16802324440 1398657728 154 70890260 1434488240
======================
   8      32 sdc 2918849 31563 394172992 33592172 42097339 903996462 16802647000 1398802140 132 70891264 1434631976
======================
   8      32 sdc 2918849 31563 394172992 33592172 42098002 903996462 16802986456 1398945168 141 70892268 1434775492
======================
   8      32 sdc 2918849 31563 394172992 33592172 42098644 903996462 16803315160 1399088424 139 70893268 1434918400
======================
   8      32 sdc 2918849 31563 394172992 33592172 42099285 903996462 16803643864 1399231736 138 70894272 1435062004
======================
   8      32 sdc 2918849 31563 394172992 33592172 42099926 903996462 16803971544 1399377144 137 70895276 1435206224
======================
   8      32 sdc 2918849 31563 394172992 33592172 42100581 903996462 16804306904 1399520216 154 70896280 1435349740
======================
   8      32 sdc 2918849 31563 394172992 33592172 42101240 903996462 16804644312 1399663864 135 70897284 1435493512
======================
   8      32 sdc 2918849 31563 394172992 33592172 42101888 903996462 16804976088 1399806592 142 70898288 1435636676
======================
   8      32 sdc 2918850 31563 394173000 33592400 42102509 903996462 16805294040 1399933160 149 70899292 1435763796
======================
   8      32 sdc 2918850 31563 394173000 33592400 42103176 903996462 16805635544 1400076316 154 70900296 1435907300
======================
   8      32 sdc 2918850 31563 394173000 33592400 42103848 903996462 16805979608 1400221476 154 70901300 1436052464
======================
   8      32 sdc 2918850 31563 394173000 33592400 42104472 903996462 16806299096 1400364780 138 70902300 1436195544
======================
   8      32 sdc 2918850 31563 394173000 33592400 42105106 903996462 16806623704 1400509408 144 70903304 1436339008
======================
   8      32 sdc 2918850 31563 394173000 33592400 42105783 903996462 16806970328 1400653200 139 70904308 1436482804
======================
   8      32 sdc 2918850 31563 394173000 33592400 42106301 903996462 16807235544 1400800584 143 70905312 1436630668
======================
   8      32 sdc 2918850 31563 394173000 33592400 42106950 903996462 16807567832 1400943136 134 70906316 1436774660
======================
   8      32 sdc 2918850 31563 394173000 33592400 42107574 903996462 16807887320 1401086388 150 70907320 1436918012
======================
   8      32 sdc 2918850 31563 394173000 33592400 42108235 903996462 16808225752 1401231216 129 70908324 1437061252
======================
   8      32 sdc 2918850 31563 394173000 33592400 42108911 903996462 16808571864 1401374512 157 70909328 1437204620
======================
   8      32 sdc 2918850 31563 394173000 33592400 42109553 903996462 16808900568 1401517024 155 70910332 1437348316
======================
   8      32 sdc 2918851 31563 394173008 33592596 42110172 903996462 16809217496 1401644596 157 70911336 1437475180
======================
   8      32 sdc 2918851 31563 394173008 33592596 42110831 903996462 16809554904 1401787392 138 70912336 1437618356
======================
   8      32 sdc 2918851 31563 394173008 33592596 42111487 903996462 16809890776 1401930712 154 70913340 1437761724
======================
   8      32 sdc 2918851 31563 394173008 33592596 42112129 903996462 16810219480 1402074028 152 70914344 1437905168
======================
   8      32 sdc 2918851 31563 394173008 33592596 42112753 903996462 16810538968 1402216984 136 70915348 1438048552
======================
   8      32 sdc 2918851 31563 394173008 33592596 42113410 903996462 16810875352 1402361560 151 70916352 1438192148
======================
   8      32 sdc 2918851 31563 394173008 33592596 42114074 903996462 16811215320 1402504804 130 70917356 1438335316
======================
   8      32 sdc 2918851 31563 394173008 33592596 42114721 903996462 16811546584 1402647664 155 70918360 1438478828
======================
   8      32 sdc 2918851 31563 394173008 33592596 42115360 903996462 16811873752 1402790284 156 70919364 1438622312
======================
   8      32 sdc 2918851 31563 394173008 33592596 42116036 903996462 16812219864 1402934692 152 70920364 1438765456
======================
   8      32 sdc 2918851 31563 394173008 33592596 42116700 903996462 16812559832 1403077684 128 70921368 1438908856
======================
   8      32 sdc 2918851 31563 394173008 33592596 42117324 903996462 16812879320 1403224636 152 70922372 1439056128
======================
   8      32 sdc 2918852 31563 394173016 33593044 42117796 903996462 16813120984 1403324536 129 70923376 1439155424
======================
   8      32 sdc 2918852 31563 394173016 33593044 42118471 903996462 16813466584 1403466668 158 70924376 1439297004
======================
   8      32 sdc 2918852 31563 394173016 33593044 42119145 903996462 16813811672 1403609328 156 70925380 1439440240
======================
   8      32 sdc 2918852 31563 394173016 33593044 42119817 903996462 16814155736 1403752432 156 70926384 1439583208
======================
   8      32 sdc 2918852 31563 394173016 33593044 42120436 903996462 16814472664 1403894696 145 70927388 1439726936
======================
   8      32 sdc 2918852 31563 394173016 33593044 42121100 903996462 16814812632 1404039220 153 70928392 1439870052
======================
   8      32 sdc 2918852 31563 394173016 33593044 42121774 903996462 16815157720 1404181148 151 70929396 1440012564
======================
   8      32 sdc 2918852 31563 394173016 33593044 42122414 903996462 16815485400 1404323500 151 70930396 1440155064
======================
   8      32 sdc 2918852 31563 394173016 33593044 42123063 903996462 16815817688 1404467416 142 70931400 1440298560
======================
   8      32 sdc 2918852 31563 394173016 33593044 42123728 903996462 16816158168 1404610688 149 70932404 1440441836
======================
   8      32 sdc 2918852 31563 394173016 33593044 42124376 903996462 16816489944 1404753372 141 70933408 1440584976
======================
   8      32 sdc 2918852 31563 394173016 33593044 42125017 903996462 16816818136 1404896316 140 70934412 1440728312
======================
   8      32 sdc 2918853 31563 394173024 33593460 42125493 903996462 16817061848 1404997320 159 70935416 1440829724
======================
   8      32 sdc 2918853 31563 394173024 33593460 42126136 903996462 16817391064 1405142012 156 70936416 1440973768
======================
   8      32 sdc 2918853 31563 394173024 33593460 42126792 903996462 16817726936 1405285948 140 70937420 1441117312
======================
   8      32 sdc 2918853 31563 394173024 33593460 42127456 903996462 16818066904 1405429208 148 70938424 1441261020
======================
   8      32 sdc 2918853 31563 394173024 33593460 42128085 903996462 16818388952 1405571936 145 70939428 1441403852
======================
   8      32 sdc 2918853 31563 394173024 33593460 42128754 903996462 16818731480 1405715784 130 70940432 1441547516
======================
   8      32 sdc 2918853 31563 394173024 33593460 42129419 903996462 16819071960 1405858660 137 70941432 1441690848
======================
   8      32 sdc 2918853 31563 394173024 33593460 42130043 903996462 16819391448 1406002020 153 70942436 1441834448
======================
   8      32 sdc 2918853 31563 394173024 33593460 42130682 903996462 16819718616 1406146924 154 70943440 1441977816
======================
   8      32 sdc 2918853 31563 394173024 33593460 42131358 903996462 16820064728 1406290336 150 70944444 1442121556
======================
   8      32 sdc 2918853 31563 394173024 33593460 42132032 903996462 16820409816 1406433380 148 70945448 1442265152
======================
   8      32 sdc 2918853 31563 394173024 33593460 42132709 903996462 16820756952 1406575788 143 70946452 1442407408
======================
   8      32 sdc 2918854 31563 394173032 33593696 42133316 903996462 16821067224 1406703572 144 70947452 1442536252
======================
   8      32 sdc 2918854 31563 394173032 33593696 42133942 903996462 16821387736 1406847588 158 70948456 1442679524
======================
   8      32 sdc 2918854 31563 394173032 33593696 42134618 903996462 16821733848 1406991668 154 70949460 1442823092
======================
   8      32 sdc 2918854 31563 394173032 33593696 42135290 903996462 16822077912 1407135996 132 70950476 1442968124
======================
   8      32 sdc 2918854 31563 394173032 33593696 42135799 903996462 16822338520 1407280972 157 70951492 1443112724
======================
   8      32 sdc 2918854 31563 394173032 33593696 42136467 903996462 16822680536 1407425304 129 70952500 1443256896
======================
   8      32 sdc 2918854 31563 394173032 33593696 42137128 903996462 16823018968 1407568972 140 70953512 1443401460
======================
   8      32 sdc 2918854 31563 394173032 33593696 42137770 903996462 16823347672 1407712416 138 70954512 1443544464
======================
   8      32 sdc 2918854 31563 394173032 33593696 42138411 903996462 16823675864 1407855752 137 70955516 1443688052
======================
   8      32 sdc 2918854 31563 394173032 33593696 42139042 903996462 16823998936 1408002636 146 70956520 1443832304
======================
   8      32 sdc 2918854 31563 394173032 33593696 42139707 903996462 16824339416 1408143864 153 70957524 1443975840
======================
   8      32 sdc 2918854 31563 394173032 33593696 42140372 903996462 16824679896 1408287488 128 70958528 1444119052
======================
   8      32 sdc 2918855 31563 394173040 33593928 42140992 903996462 16824997336 1408415612 151 70959532 1444248500
======================
   8      32 sdc 2918855 31563 394173040 33593928 42141640 903996462 16825329112 1408560072 143 70960532 1444391700
======================
   8      32 sdc 2918855 31563 394173040 33593928 42142315 903996462 16825674712 1408700032 129 70961536 1444531560
======================
   8      32 sdc 2918855 31563 394173040 33593928 42142967 903996462 16826008536 1408841592 149 70962540 1444674652
======================
   8      32 sdc 2918855 31563 394173040 33593928 42143592 903996462 16826328536 1408979956 155 70963540 1444811328
======================
   8      32 sdc 2918855 31563 394173040 33593928 42144268 903996462 16826674648 1409123384 151 70964544 1444954752
======================
   8      32 sdc 2918855 31563 394173040 33593928 42144944 903996462 16827020760 1409266800 147 70965548 1445098452
======================
   8      32 sdc 2918855 31563 394173040 33593928 42145616 903996462 16827364824 1409409376 147 70966552 1445241840
======================
   8      32 sdc 2918855 31563 394173040 33593928 42146240 903996462 16827684312 1409552336 131 70967556 1445385292
======================
   8      32 sdc 2918855 31563 394173040 33593928 42146874 903996462 16828008920 1409698276 137 70968556 1445530000
======================
   8      32 sdc 2918855 31563 394173040 33593928 42147544 903996462 16828351960 1409841480 139 70969560 1445673544
======================
   8      32 sdc 2918855 31563 394173040 33593928 42148201 903996462 16828688344 1409984000 154 70970564 1445816944
======================
   8      32 sdc 2918856 31563 394173048 33594156 42148823 903996462 16829006808 1410110084 140 70971564 1445942736
======================
   8      32 sdc 2918856 31563 394173048 33594156 42149479 903996462 16829342680 1410253932 156 70972568 1446086036
======================
   8      32 sdc 2918856 31563 394173048 33594156 42150143 903996462 16829682648 1410397140 132 70973568 1446229036
======================
   8      32 sdc 2918856 31563 394173048 33594156 42150787 903996462 16830012376 1410539344 128 70974572 1446371700
======================
   8      32 sdc 2918856 31563 394173048 33594156 42151406 903996462 16830329304 1410681148 149 70975576 1446515392
======================
   8      32 sdc 2918856 31563 394173048 33594156 42152054 903996462 16830661080 1410825900 141 70976580 1446658932
======================
   8      32 sdc 2918856 31563 394173048 33594156 42152716 903996462 16831000024 1410970356 151 70977584 1446802452
======================
   8      32 sdc 2918856 31563 394173048 33594156 42153374 903996462 16831336920 1411113072 133 70978588 1446945752
======================
   8      32 sdc 2918856 31563 394173048 33594156 42153938 903996462 16831625688 1411239276 145 70979592 1447089260
======================
   8      32 sdc 2918856 31563 394173048 33594156 42154522 903996462 16831924696 1411400356 137 70980596 1447232952
======================
   8      32 sdc 2918856 31563 394173048 33594156 42155202 903996462 16832272856 1411544296 129 70981600 1447376028
======================
   8      32 sdc 2918856 31563 394173048 33594156 42155846 903996462 16832602584 1411686444 157 70982604 1447519584
======================
   8      32 sdc 2918857 31563 394173056 33594376 42156461 903996462 16832917464 1411813596 154 70983608 1447646816
======================
   8      32 sdc 2918857 31563 394173056 33594376 42157123 903996462 16833256408 1411958188 132 70984612 1447790320
======================
   8      32 sdc 2918857 31563 394173056 33594376 42157787 903996462 16833596376 1412102772 140 70985616 1447936632
======================
   8      32 sdc 2918857 31563 394173056 33594376 42158471 903996462 16833946584 1412248268 128 70986620 1448080040
======================
   8      32 sdc 2918857 31563 394173056 33594376 42159084 903996462 16834260440 1412390656 155 70987648 1448227656
======================
   8      32 sdc 2918857 31563 394173056 33594376 42159730 903996462 16834591192 1412535968 149 70988652 1448371876
======================
   8      32 sdc 2918857 31563 394173056 33594376 42160403 903996462 16834935768 1412679568 148 70989656 1448515600
======================
   8      32 sdc 2918857 31563 394173056 33594376 42161043 903996462 16835263448 1412822072 148 70990656 1448660212
======================
   8      32 sdc 2918857 31563 394173056 33594376 42161693 903996462 16835596248 1412967660 138 70991664 1448803996
======================
   8      32 sdc 2918857 31563 394173056 33594376 42162352 903996462 16835933656 1413111220 151 70992664 1448947044
======================
   8      32 sdc 2918857 31563 394173056 33594376 42163005 903996462 16836267992 1413254256 138 70993668 1449090596
======================
   8      32 sdc 2918857 31563 394173056 33594376 42163645 903996462 16836595672 1413397404 50 70994672 1449227164
======================
   8      32 sdc 2918858 31563 394173064 33594820 42164130 903996462 16836843992 1413498304 134 70995676 1449335456
======================
   8      32 sdc 2918858 31563 394173064 33594820 42164774 903996462 16837173720 1413642192 130 70996680 1449478872
======================
   8      32 sdc 2918858 31563 394173064 33594820 42165431 903996462 16837510104 1413785932 145 70997684 1449622644
======================
   8      32 sdc 2918858 31563 394173064 33594820 42166090 903996462 16837847512 1413929100 158 70998688 1449765572
======================
   8      32 sdc 2918858 31563 394173064 33594820 42166723 903996462 16838171608 1414072764 133 70999692 1449909172
======================
   8      32 sdc 2918858 31563 394173064 33594820 42167389 903996462 16838512600 1414214924 139 71000692 1450052168
======================
   8      32 sdc 2918858 31563 394173064 33594820 42168061 903996462 16838856664 1414358372 139 71001696 1450195840
======================
   8      32 sdc 2918858 31563 394173064 33594820 42168685 903996462 16839176152 1414501884 155 71002700 1450339184
======================
   8      32 sdc 2918858 31563 394173064 33594820 42169327 903996462 16839504856 1414646448 153 71003704 1450482576
======================
   8      32 sdc 2918858 31563 394173064 33594820 42170003 903996462 16839850968 1414789764 149 71004708 1450626244
======================
   8      32 sdc 2918858 31563 394173064 33594820 42170667 903996462 16840190936 1414933100 157 71005712 1450770776
======================
   8      32 sdc 2918858 31563 394173064 33594820 42171344 903996462 16840537560 1415077976 31 71006712 1450904700
======================
   8      32 sdc 2918859 31563 394173072 33595240 42171824 903996462 16840783320 1415177468 151 71007716 1451014940
======================
   8      32 sdc 2918859 31563 394173072 33595240 42172448 903996462 16841102808 1415320808 135 71008720 1451158420
======================
   8      32 sdc 2918859 31563 394173072 33595240 42173118 903996462 16841445848 1415466220 137 71009724 1451302864
======================
   8      32 sdc 2918859 31563 394173072 33595240 42173782 903996462 16841785816 1415607688 145 71010728 1451446540
======================
   8      32 sdc 2918859 31563 394173072 33595240 42174418 903996462 16842111448 1415753600 149 71011732 1451590516
======================
   8      32 sdc 2918859 31563 394173072 33595240 42175076 903996462 16842448344 1415897232 131 71012736 1451734156
======================
   8      32 sdc 2918859 31563 394173072 33595240 42175732 903996462 16842784216 1416040044 147 71013740 1451877796
======================
   8      32 sdc 2918859 31563 394173072 33595240 42176374 903996462 16843113432 1416184272 145 71014740 1452021544
======================
   8      32 sdc 2918859 31563 394173072 33595240 42177019 903996462 16843443160 1416328624 140 71015748 1452165952
======================
   8      32 sdc 2918859 31563 394173072 33595240 42177656 903996462 16843769304 1416474608 143 71016752 1452311844
======================
   8      32 sdc 2918859 31563 394173072 33595240 42178315 903996462 16844106712 1416618520 156 71017756 1452455140
======================
   8      32 sdc 2918859 31563 394173072 33595240 42178979 903996462 16844446680 1416761604 76 71018760 1452595056
======================
   8      32 sdc 2918860 31563 394173080 33595676 42179463 903996462 16844694488 1416859780 129 71019760 1452697660
======================
   8      32 sdc 2918860 31563 394173080 33595676 42180106 903996462 16845023704 1417003436 158 71020764 1452841276
======================
   8      32 sdc 2918860 31563 394173080 33595676 42180776 903996462 16845366744 1417148092 128 71021768 1452986020
======================
   8      32 sdc 2918860 31563 394173080 33595676 42181438 903996462 16845705688 1417291180 138 71022768 1453129284
======================
   8      32 sdc 2918860 31563 394173080 33595676 42182058 903996462 16846023128 1417436080 158 71023772 1453272788
======================
   8      32 sdc 2918860 31563 394173080 33595676 42182735 903996462 16846369752 1417579684 127 71024780 1453416772
======================
   8      32 sdc 2918860 31563 394173080 33595676 42183413 903996462 16846716888 1417719108 143 71025784 1453556240
======================
   8      32 sdc 2918860 31563 394173080 33595676 42184089 903996462 16847063000 1417862352 139 71026784 1453698980
======================
   8      32 sdc 2918860 31563 394173080 33595676 42184719 903996462 16847385560 1418004256 149 71027788 1453842180
======================
   8      32 sdc 2918860 31563 394173080 33595676 42185346 903996462 16847706584 1418148352 130 71028796 1453986064
======================
   8      32 sdc 2918860 31563 394173080 33595676 42186015 903996462 16848049112 1418292292 133 71029800 1454129532
======================
   8      32 sdc 2918860 31563 394173080 33595676 42186681 903996462 16848390104 1418438984 54 71030800 1454270408
======================
   8      32 sdc 2918861 31563 394173088 33595904 42187301 903996462 16848707544 1418565420 153 71031804 1454403232
======================
   8      32 sdc 2918861 31563 394173088 33595904 42187948 903996462 16849038808 1418709316 151 71032808 1454546736
======================
   8      32 sdc 2918861 31563 394173088 33595904 42188648 903996462 16849397208 1418860848 155 71033908 1454704148
======================
   8      32 sdc 2918861 31563 394173088 33595904 42189228 903996462 16849694168 1418998160 151 71035064 1454870304
======================
   8      32 sdc 2918861 31563 394173088 33595904 42189907 903996462 16850041816 1419178392 144 71036084 1455016540
======================
   8      32 sdc 2918861 31563 394173088 33595904 42190562 903996462 16850377176 1419323036 129 71037096 1455160840
======================
   8      32 sdc 2918861 31563 394173088 33595904 42191230 903996462 16850719192 1419466972 133 71038104 1455304964
======================
   8      32 sdc 2918861 31563 394173088 33595904 42191881 903996462 16851052504 1419610072 154 71039108 1455448328
======================
   8      32 sdc 2918861 31563 394173088 33595904 42192524 903996462 16851381720 1419753780 151 71040116 1455592576
======================
   8      32 sdc 2918861 31563 394173088 33595904 42193148 903996462 16851701208 1419887892 135 71041116 1455734836
======================
   8      32 sdc 2918861 31563 394173088 33595904 42193863 903996462 16852067288 1420038424 157 71042120 1455876940
======================
   8      32 sdc 2918862 31563 394173096 33596140 42194467 903996462 16852376536 1420168332 142 71043128 1456001680
======================
   8      32 sdc 2918862 31563 394173096 33596140 42195106 903996462 16852703704 1420306640 143 71044128 1456144348
======================
   8      32 sdc 2918862 31563 394173096 33596140 42195782 903996462 16853049816 1420450180 139 71045132 1456287988
======================
   8      32 sdc 2918862 31563 394173096 33596140 42196457 903996462 16853395416 1420593472 136 71046136 1456431560
======================
   8      32 sdc 2918862 31563 394173096 33596140 42196974 903996462 16853660120 1420724076 131 71047144 1456578432
======================
   8      32 sdc 2918862 31563 394173096 33596140 42197599 903996462 16853980120 1420882824 146 71048148 1456722220
======================
   8      32 sdc 2918862 31563 394173096 33596140 42198257 903996462 16854317016 1421027996 128 71049152 1456865660
======================
   8      32 sdc 2918862 31563 394173096 33596140 42198933 903996462 16854663128 1421171532 156 71050160 1457009712
======================
   8      32 sdc 2918862 31563 394173096 33596140 42199577 903996462 16854992856 1421313672 152 71051164 1457153280
======================
   8      32 sdc 2918862 31563 394173096 33596140 42200196 903996462 16855309784 1421452216 141 71052168 1457297024
======================
   8      32 sdc 2918862 31563 394173096 33596140 42200884 903996462 16855662040 1421600884 157 71053172 1457440568
======================
   8      32 sdc 2918862 31563 394173096 33596140 42201545 903996462 16856000472 1421745788 136 71054176 1457585124
======================
   8      32 sdc 2918862 31563 394173096 33596140 42202055 903996462 16856261592 1421859840 40 71055180 1457699164
======================
   8      32 sdc 2918862 31563 394173096 33596140 42202055 903996462 16856261592 1421859840 40 71056180 1457739164
======================
   8      32 sdc 2918863 31563 394173104 33597800 42203433 903996462 16856967128 1422013260 155 71057184 1457853788
======================
   8      32 sdc 2918863 31563 394173104 33597800 42204093 903996462 16857305048 1422157588 135 71058192 1457997932
======================
   8      32 sdc 2918863 31563 394173104 33597800 42204599 903996462 16857564120 1422276380 141 71059196 1458142196
======================
   8      32 sdc 2918863 31563 394173104 33597800 42205195 903996462 16857869272 1422434376 153 71060200 1458286208
======================
   8      32 sdc 2918863 31563 394173104 33597800 42205908 903996462 16858234328 1422593272 136 71061204 1458433272
======================
   8      32 sdc 2918863 31563 394173104 33597800 42206583 903996462 16858579928 1422736296 133 71062208 1458576460
======================
   8      32 sdc 2918863 31563 394173104 33597800 42207208 903996462 16858899928 1422878492 148 71063212 1458720100
======================
   8      32 sdc 2918863 31563 394173104 33597800 42207842 903996462 16859224536 1423023868 154 71064220 1458864132
======================
   8      32 sdc 2918863 31563 394173104 33597800 42208518 903996462 16859570648 1423168608 150 71065232 1459008972
======================
   8      32 sdc 2918863 31563 394173104 33597800 42209189 903996462 16859914200 1423312776 151 71066244 1459153300
======================
   8      32 sdc 2918863 31563 394173104 33597800 42209733 903996462 16860192728 1423427372 42 71067248 1459268516
======================
   8      32 sdc 2918863 31563 394173104 33597800 42209733 903996462 16860192728 1423427372 42 71068260 1459311020
======================
   8      32 sdc 2918864 31563 394173112 33599440 42211045 903996462 16860864984 1423572656 157 71069264 1459426376
======================
   8      32 sdc 2918864 31563 394173112 33599440 42211768 903996462 16861234648 1423727508 138 71070264 1459569276
======================
   8      32 sdc 2918864 31563 394173112 33599440 42212231 903996462 16861471704 1423834596 155 71071268 1459711956
======================
   8      32 sdc 2918864 31563 394173112 33599440 42212933 903996462 16861831128 1424010340 232 71072268 1459915928
======================
   8      32 sdc 2918864 31563 394173112 33599440 42213571 903996462 16862157784 1424159116 202 71073272 1460134500
======================
   8      32 sdc 2918864 31563 394173112 33599440 42214251 903996462 16862505944 1424317340 216 71074276 1460345108
======================
   8      32 sdc 2918864 31563 394173112 33599440 42214893 903996462 16862834648 1424493956 214 71075276 1460549028
======================
   8      32 sdc 2918864 31563 394173112 33599440 42215492 903996462 16863141336 1424670284 191 71076284 1460746252
======================
   8      32 sdc 2918864 31563 394173112 33599440 42216164 903996462 16863485400 1424848660 184 71077288 1460935532
======================
   8      32 sdc 2918864 31563 394173112 33599440 42216822 903996462 16863822296 1425049264 166 71078292 1461116176
======================
   8      32 sdc 2918865 31563 394173120 33599576 42217465 903996462 16864151512 1425437684 142 71079296 1461283156
======================
   8      32 sdc 2918865 31563 394173120 33599576 42218100 903996462 16864476632 1425583680 147 71080300 1461426616
======================
   8      32 sdc 2918865 31563 394173120 33599576 42218743 903996462 16864805848 1425727260 144 71081300 1461569476
======================
   8      32 sdc 2918865 31563 394173120 33599576 42219396 903996462 16865140184 1425867916 131 71082308 1461714616
======================
   8      32 sdc 2918865 31563 394173120 33599576 42219929 903996462 16865413080 1425995920 142 71083308 1461857172
======================
   8      32 sdc 2918865 31563 394173120 33599576 42220558 903996462 16865735128 1426158784 153 71084316 1462001308
======================
   8      32 sdc 2918865 31563 394173120 33599576 42221233 903996462 16866080728 1426302600 150 71085316 1462144404
======================
   8      32 sdc 2918865 31563 394173120 33599576 42221909 903996462 16866426840 1426446128 146 71086320 1462288104
======================
   8      32 sdc 2918865 31563 394173120 33599576 42222579 903996462 16866769880 1426589004 148 71087324 1462431492
======================
   8      32 sdc 2918865 31563 394173120 33599576 42223217 903996462 16867096536 1426731620 150 71088324 1462574416
======================
   8      32 sdc 2918865 31563 394173120 33599576 42223840 903996462 16867415512 1426874772 135 71089328 1462717856
======================
   8      32 sdc 2918865 31563 394173120 33599576 42224509 903996462 16867758040 1427019428 138 71090332 1462861392
======================
   8      32 sdc 2918866 31563 394173128 33599828 42225158 903996933 16868090336 1427152188 150 71091332 1462981272
======================
   8      32 sdc 2918866 31563 394173128 33599828 42225801 903996933 16868418776 1427282048 147 71092336 1463124912
======================
   8      32 sdc 2918866 31563 394173128 33599828 42226444 903996933 16868747992 1427426232 144 71093340 1463269392
======================
   8      32 sdc 2918866 31563 394173128 33599828 42227102 903996933 16869085400 1427569148 158 71094340 1463412224
======================
   8      32 sdc 2918866 31563 394173128 33599828 42227607 903996933 16869343448 1427694200 133 71095348 1463552860
======================
   8      32 sdc 2918866 31563 394173128 33599828 42228249 903996933 16869672152 1427853736 131 71096352 1463696548
======================
   8      32 sdc 2918866 31563 394173128 33599828 42228894 903996933 16870002392 1427997880 158 71097360 1463840536
======================
   8      32 sdc 2918866 31563 394173128 33599828 42229549 903996933 16870337752 1428141708 143 71098364 1463984084
======================
   8      32 sdc 2918866 31563 394173128 33599828 42230196 903996933 16870669016 1428284232 136 71099368 1464127720
======================
   8      32 sdc 2918866 31563 394173128 33599828 42230838 903996933 16870997720 1428428064 134 71100368 1464270620
======================
   8      32 sdc 2918866 31563 394173128 33599828 42231493 903996933 16871333080 1428571700 151 71101372 1464413912
======================
   8      32 sdc 2918866 31563 394173128 33599828 42232169 903996933 16871679192 1428715084 147 71102376 1464557464
======================
   8      32 sdc 2918866 31563 394173128 33599828 42232776 903996933 16871989976 1428849940 48 71103380 1464688560
======================
   8      32 sdc 2918866 31563 394173128 33599828 42232824 903996933 16872014048 1428865272 1 71104384 1464693328
======================
   8      32 sdc 2918867 31563 394173136 33601564 42233295 903997416 16872231328 1428867672 0 71104940 1464696236
======================
   8      32 sdc 2918867 31563 394173136 33601564 42233295 903997416 16872231328 1428867672 0 71104940 1464696236
======================
   8      32 sdc 2918867 31563 394173136 33601564 42233295 903997416 16872231328 1428867672 0 71104940 1464696236
======================
   8      32 sdc 2918867 31563 394173136 33601564 42233295 903997416 16872231328 1428867672 0 71104940 1464696236
======================
   8      32 sdc 2918867 31563 394173136 33601564 42233295 903997416 16872231328 1428867672 0 71104940 1464696236
======================
   8      32 sdc 2918867 31563 394173136 33601564 42233295 903997416 16872231328 1428867672 0 71104940 1464696236
======================
   8      32 sdc 2919103 31563 394175018 33619008 42233308 903997416 16872231376 1428867672 1 71105704 1464713756
started
======================
   8      32 sdc 2919108 31563 394175058 33619332 42233310 903997416 16872231384 1428867672 0 71105952 1464714004
======================
   8      32 sdc 2919116 31563 394175122 33619348 42233310 903997416 16872231384 1428867672 0 71105968 1464714020
======================
   8      32 sdc 2919116 31563 394175122 33619348 42233310 903997416 16872231384 1428867672 0 71105968 1464714020
======================
   8      32 sdc 2919116 31563 394175122 33619348 42233310 903997416 16872231384 1428867672 0 71105968 1464714020
======================
   8      32 sdc 2919116 31563 394175122 33619348 42233310 903997416 16872231384 1428867672 0 71105968 1464714020
======================
   8      32 sdc 2919116 31563 394175122 33619348 42233310 903997416 16872231384 1428867672 0 71105968 1464714020
======================
   8      32 sdc 2919116 31563 394175122 33619348 42233313 903997418 16872231424 1428867672 0 71105968 1464714020
======================
   8      32 sdc 2919116 31563 394175122 33619348 42233313 903997418 16872231424 1428867672 0 71105968 1464714020
======================
   8      32 sdc 2919116 31563 394175122 33619348 42233313 903997418 16872231424 1428867672 0 71105968 1464714020
======================
   8      32 sdc 2919116 31563 394175122 33619348 42233313 903997418 16872231424 1428867672 0 71105968 1464714020
======================
   8      32 sdc 2919116 31563 394175122 33619348 42233313 903997418 16872231424 1428867672 0 71105968 1464714020
======================
   8      32 sdc 2919116 31563 394175122 33619348 42233315 903997419 16872231448 1428867672 0 71105968 1464714020
======================
   8      32 sdc 2919116 31563 394175122 33619348 42233315 903997419 16872231448 1428867672 0 71105968 1464714020
======================
   8      32 sdc 2919116 31563 394175122 33619348 42233315 903997419 16872231448 1428867672 0 71105968 1464714020
======================
   8      32 sdc 2919116 31563 394175122 33619348 42233315 903997419 16872231448 1428867672 0 71105968 1464714020
======================
   8      32 sdc 2919116 31563 394175122 33619348 42233315 903997419 16872231448 1428867672 0 71105968 1464714020
======================
   8      32 sdc 2919116 31563 394175122 33619348 42245593 903997420 16872332808 1428906820 143 71106320 1464762084
======================
   8      32 sdc 2919116 31563 394175122 33619348 42246354 903997420 16872339128 1429047028 150 71107324 1464904212
======================
   8      32 sdc 2919116 31563 394175122 33619348 42247366 903997420 16872347592 1429190468 130 71108328 1465047820
======================
   8      32 sdc 2919116 31563 394175122 33619348 42248521 903997420 16872357184 1429335436 135 71109332 1465191868
======================
   8      32 sdc 2919116 31563 394175122 33619348 42249540 903997420 16872365664 1429480604 132 71110332 1465336260
======================
   8      32 sdc 2919116 31563 394175122 33619348 42250599 903997421 16872374424 1429624468 131 71111336 1465481052
======================
   8      32 sdc 2919116 31563 394175122 33619348 42251680 903997421 16872383488 1429767832 138 71112340 1465625236
======================
   8      32 sdc 2919116 31563 394175122 33619348 42252755 903997421 16872392424 1429913180 151 71113340 1465768524
======================
   8      32 sdc 2919116 31563 394175122 33619348 42253102 903997421 16872395336 1429959484 0 71113652 1465806292
======================
   8      32 sdc 2919116 31563 394175122 33619348 42253102 903997421 16872395336 1429959484 0 71113652 1465806292
======================
   8      32 sdc 2919116 31563 394175122 33619348 42256255 903997422 16872421792 1430028532 152 71114200 1465883724
======================
   8      32 sdc 2919116 31563 394175122 33619348 42257421 903997422 16872431640 1430165944 138 71115204 1466026816
======================
   8      32 sdc 2919116 31563 394175122 33619348 42258638 903997422 16872442056 1430317240 137 71116204 1466170980
======================
   8      32 sdc 2919116 31563 394175122 33619348 42259814 903997422 16872451888 1430452612 145 71117208 1466314360
======================
   8      32 sdc 2919116 31563 394175122 33619348 42261017 903997422 16872462136 1430597396 158 71118212 1466459020
