======================
   8      32 sdc 1700132 12508 249477538 11587824 19363778 470967744 8254732856 533298916 0 34180972 545891664
======================
   8      32 sdc 1700132 12508 249477538 11587824 19363778 470967744 8254732856 533298916 0 34180972 545891664
======================
   8      32 sdc 1700135 12508 249477562 11587868 19363778 470967744 8254732856 533298916 0 34181016 545891708
======================
   8      32 sdc 1700135 12508 249477562 11587868 19363778 470967744 8254732856 533298916 0 34181016 545891708
======================
   8      32 sdc 1700135 12508 249477562 11587868 19363778 470967744 8254732856 533298916 0 34181016 545891708
======================
   8      32 sdc 1700135 12508 249477562 11587868 19363778 470967744 8254732856 533298916 0 34181016 545891708
======================
   8      32 sdc 1700135 12508 249477562 11587868 19363778 470967744 8254732856 533298916 0 34181016 545891708
======================
started
   8      32 sdc 1700135 12508 249477562 11587868 19363794 470967760 8254733104 533298916 0 34181016 545891708
======================
   8      32 sdc 1700138 12508 249477586 11587868 19363794 470967760 8254733104 533298916 0 34181016 545891708
======================
   8      32 sdc 1700142 12508 249477618 11587868 19363794 470967760 8254733104 533298916 0 34181016 545891708
======================
   8      32 sdc 1700142 12508 249477618 11587868 19363794 470967760 8254733104 533298916 0 34181016 545891708
======================
   8      32 sdc 1700143 12508 249477626 11587928 19364594 470967760 8255142704 533306384 0 34181144 545899236
======================
   8      32 sdc 1700143 12508 249477626 11587928 19364594 470967760 8255142704 533306384 0 34181144 545899236
======================
   8      32 sdc 1700143 12508 249477626 11587928 19364596 470967768 8255142784 533306384 0 34181144 545899236
======================
   8      32 sdc 1700143 12508 249477626 11587928 19364596 470967768 8255142784 533306384 0 34181144 545899236
======================
   8      32 sdc 1700143 12508 249477626 11587928 19366736 470967768 8256235944 533361816 129 34181644 545966900
======================
   8      32 sdc 1700143 12508 249477626 11587928 19367278 470967768 8256513448 533479968 129 34182692 546117248
======================
   8      32 sdc 1700143 12508 249477626 11587928 19367909 470967768 8256836520 533652736 138 34183704 546261960
======================
   8      32 sdc 1700143 12508 249477626 11587928 19368573 470967782 8257176488 533797928 29 34184712 546396272
======================
   8      32 sdc 1700143 12508 249477626 11587928 19369244 470967782 8257519648 533925784 128 34185724 546534960
======================
   8      32 sdc 1700143 12508 249477626 11587928 19369890 470967782 8257850400 534071192 154 34186740 546680284
======================
   8      32 sdc 1700143 12508 249477626 11587928 19370486 470967782 8258155552 534206420 134 34187744 546822336
======================
   8      32 sdc 1700143 12508 249477626 11587928 19371195 470967782 8258518560 534357328 128 34188748 546965340
======================
   8      32 sdc 1700144 12508 249477634 11588020 19371828 470967782 8258842656 534497852 128 34189756 547106700
======================
   8      32 sdc 1700144 12508 249477634 11588020 19372470 470967782 8259171360 534641332 158 34190760 547250348
======================
   8      32 sdc 1700144 12508 249477634 11588020 19373081 470967782 8259484704 534778288 155 34191764 547393488
======================
   8      32 sdc 1700144 12508 249477634 11588020 19373757 470967782 8259830304 534928408 151 34192768 547537164
======================
   8      32 sdc 1700144 12508 249477634 11588020 19374405 470967782 8260162080 535071900 143 34193772 547680840
======================
   8      32 sdc 1700144 12508 249477634 11588020 19375049 470967782 8260491808 535215588 139 34194780 547824908
======================
   8      32 sdc 1700144 12508 249477634 11588020 19375703 470967782 8260826656 535360232 157 34195784 547968316
======================
   8      32 sdc 1700144 12508 249477634 11588020 19376379 470967782 8261172768 535503680 153 34196788 548111912
======================
   8      32 sdc 1700144 12508 249477634 11588020 19377026 470967782 8261504032 535645380 146 34197796 548255076
======================
   8      32 sdc 1700144 12508 249477634 11588020 19377651 470967782 8261824032 535789252 129 34198800 548398544
======================
   8      32 sdc 1700144 12508 249477634 11588020 19378147 470967782 8262077984 535935936 145 34199800 548544016
======================
   8      32 sdc 1700144 12508 249477634 11588020 19378823 470967782 8262424096 536079392 116 34200804 548686788
======================
   8      32 sdc 1700145 12508 249477642 11588256 19379488 470967814 8262762312 536202228 139 34201808 548810576
======================
   8      32 sdc 1700145 12508 249477642 11588256 19380150 470967814 8263101256 536345816 149 34202812 548955580
======================
   8      32 sdc 1700145 12508 249477642 11588256 19380773 470967814 8263420232 536489036 134 34203812 549098628
======================
   8      32 sdc 1700145 12508 249477642 11588256 19381408 470967814 8263745352 536631756 139 34204816 549242228
======================
   8      32 sdc 1700145 12508 249477642 11588256 19382065 470967814 8264081736 536776020 154 34205816 549385164
======================
   8      32 sdc 1700145 12508 249477642 11588256 19382696 470967814 8264404808 536917040 131 34206820 549528328
======================
   8      32 sdc 1700145 12508 249477642 11588256 19383363 470967814 8264746312 537062664 136 34207824 549671456
======================
   8      32 sdc 1700145 12508 249477642 11588256 19384027 470967814 8265086280 537205844 144 34208824 549814248
======================
   8      32 sdc 1700145 12508 249477642 11588256 19384674 470967814 8265417544 537349124 137 34209832 549958372
======================
   8      32 sdc 1700145 12508 249477642 11588256 19385309 470967814 8265742664 537492332 142 34210832 550101452
======================
   8      32 sdc 1700145 12508 249477642 11588256 19385951 470967814 8266071368 537635804 140 34211836 550244956
======================
   8      32 sdc 1700145 12508 249477642 11588256 19386592 470967814 8266399560 537780092 32 34212840 550379652
======================
   8      32 sdc 1700146 12508 249477650 11588476 19387240 470967814 8266731336 537909656 132 34213840 550518284
======================
   8      32 sdc 1700146 12508 249477650 11588476 19387894 470967814 8267066184 538052432 150 34214844 550661768
======================
   8      32 sdc 1700146 12508 249477650 11588476 19388536 470967814 8267394888 538195900 149 34215848 550805360
======================
   8      32 sdc 1700146 12508 249477650 11588476 19389183 470967814 8267726152 538338864 141 34216852 550948948
======================
   8      32 sdc 1700146 12508 249477650 11588476 19389793 470967814 8268038472 538477452 139 34217852 551091824
======================
   8      32 sdc 1700146 12508 249477650 11588476 19390445 470967814 8268372296 538625352 138 34218856 551234928
======================
   8      32 sdc 1700146 12508 249477650 11588476 19391113 470967814 8268714312 538769840 131 34219856 551378116
======================
   8      32 sdc 1700146 12508 249477650 11588476 19391789 470967814 8269060424 538913432 130 34220860 551521556
======================
   8      32 sdc 1700146 12508 249477650 11588476 19392464 470967814 8269406024 539056584 156 34221864 551665160
======================
   8      32 sdc 1700146 12508 249477650 11588476 19393112 470967814 8269737800 539198568 148 34222868 551808700
======================
   8      32 sdc 1700146 12508 249477650 11588476 19393734 470967814 8270056264 539341840 134 34223876 551952808
======================
   8      32 sdc 1700147 12508 249477658 11588696 19394385 470967814 8270389576 539473544 130 34224892 552082124
======================
   8      32 sdc 1700147 12508 249477658 11588696 19395058 470967814 8270734152 539617068 129 34225900 552225964
======================
   8      32 sdc 1700147 12508 249477658 11588696 19395701 470967814 8271063368 539759580 158 34226900 552368884
======================
   8      32 sdc 1700147 12508 249477658 11588696 19396345 470967814 8271393096 539903180 154 34227904 552512492
======================
   8      32 sdc 1700147 12508 249477658 11588696 19396989 470967814 8271722824 540045560 150 34228904 552655396
======================
   8      32 sdc 1700147 12508 249477658 11588696 19397632 470967814 8272052040 540189596 147 34229908 552799424
======================
   8      32 sdc 1700147 12508 249477658 11588696 19398264 470967814 8272375624 540330840 155 34230912 552943016
======================
   8      32 sdc 1700147 12508 249477658 11588696 19398916 470967814 8272709448 540476916 143 34231916 553086880
======================
   8      32 sdc 1700147 12508 249477658 11588696 19399564 470967814 8273040712 540619836 136 34232916 553229740
======================
   8      32 sdc 1700147 12508 249477658 11588696 19400227 470967814 8273380680 540764136 144 34233920 553373448
======================
   8      32 sdc 1700147 12508 249477658 11588696 19400874 470967814 8273711944 540907000 137 34234920 553516544
======================
   8      32 sdc 1700147 12508 249477658 11588696 19401482 470967814 8274023240 541042960 137 34235924 553659856
