======================
   8      33 sdc1 524 0 19188 53217 102492 8844711 97991592 584385342 0 67704 584232324 1026 0 4294963200 3170
======================
   8      33 sdc1 524 0 19188 53217 102492 8844711 97991592 584385342 0 67704 584232324 1026 0 4294963200 3170
======================
   8      33 sdc1 524 0 19188 53217 102492 8844711 97991592 584385342 0 67704 584232324 1026 0 4294963200 3170
======================
   8      33 sdc1 524 0 19188 53217 102492 8844711 97991592 584385342 0 67704 584232324 1026 0 4294963200 3170
======================
   8      33 sdc1 526 0 19204 53225 102492 8844711 97991592 584385342 0 67720 584232328 1026 0 4294963200 3170
======================
   8      33 sdc1 526 0 19204 53225 102492 8844711 97991592 584385342 0 67720 584232328 1026 0 4294963200 3170
======================
   8      33 sdc1 526 0 19204 53225 102492 8844711 97991592 584385342 0 67720 584232328 1026 0 4294963200 3170
======================
   8      33 sdc1 526 0 19204 53225 102492 8844711 97991592 584385342 0 67720 584232328 1026 0 4294963200 3170
======================
   8      33 sdc1 527 0 19212 53228 102709 8844711 98213800 584387917 719 68024 584234504 1026 0 4294963200 3170
======================
   8      33 sdc1 527 0 19212 53228 102894 8844711 98403240 584542450 768 68140 584388660 1026 0 4294963200 3170
======================
   8      33 sdc1 527 0 19212 53228 103077 8844711 98590632 584855941 1007 68280 584701796 1026 0 4294963200 3170
======================
   8      33 sdc1 527 0 19212 53228 103289 8844711 98807720 585422835 1536 68452 585268268 1026 0 4294963200 3170
======================
   8      33 sdc1 527 0 19212 53228 103467 8844711 98989992 585998971 1536 68540 585844048 1026 0 4294963200 3170
======================
   8      33 sdc1 527 0 19212 53228 103644 8844711 99171240 586645535 1536 68624 586490256 1026 0 4294963200 3170
======================
   8      33 sdc1 527 0 19212 53228 103863 8844711 99395496 587573410 1517 68724 587417708 1026 0 4294963200 3170
======================
   8      33 sdc1 527 0 19212 53228 104031 8844711 99567528 588409016 1536 68808 588252960 1026 0 4294963200 3170
======================
   8      33 sdc1 527 0 19212 53228 104216 8844711 99756968 589435307 1536 68904 589278908 1026 0 4294963200 3170
======================
   8      33 sdc1 527 0 19212 53228 104422 8844711 99967912 590768474 1521 68996 590611688 1026 0 4294963200 3170
======================
   8      33 sdc1 527 0 19212 53228 104607 8844711 100157352 592055107 1536 69096 591897960 1026 0 4294963200 3170
======================
   8      33 sdc1 527 0 19212 53228 104793 8844711 100347816 593468412 1460 69180 593310904 1026 0 4294963200 3170
======================
   8      33 sdc1 527 0 19212 53228 104995 8844711 100554664 595051604 1258 69260 594893692 1026 0 4294963200 3170
======================
   8      33 sdc1 527 0 19212 53228 105185 8844711 100749224 596516273 1068 69332 596357980 1026 0 4294963200 3170
======================
   8      33 sdc1 527 0 19212 53228 105356 8844711 100924328 597919779 897 69404 597761152 1026 0 4294963200 3170
======================
   8      33 sdc1 527 0 19212 53228 105529 8844711 101101480 599343136 724 69472 599184132 1026 0 4294963200 3170
======================
   8      33 sdc1 527 0 19212 53228 105749 8844711 101326760 601133652 504 69548 600974188 1026 0 4294963200 3170
======================
   8      33 sdc1 528 0 19220 59003 105923 8844711 101504936 602577889 329 69620 602423844 1026 0 4294963200 3170
======================
   8      33 sdc1 528 0 19220 59003 106137 8844711 101724072 604052899 1507 69876 603898408 1026 0 4294963200 3170
======================
   8      33 sdc1 529 0 19228 65292 110499 8844754 106189072 632567398 1535 72172 632410304 1026 0 4294963200 3170
======================
   8      33 sdc1 529 0 19228 65292 110721 8844754 106416400 633211026 1498 72276 633053468 1026 0 4294963200 3170
======================
   8      33 sdc1 529 0 19228 65292 110905 8844754 106604816 633930819 1535 72364 633772912 1026 0 4294963200 3170
======================
   8      33 sdc1 529 0 19228 65292 111082 8844754 106786064 634781937 1536 72452 634623676 1026 0 4294963200 3170
======================
   8      33 sdc1 529 0 19228 65292 111295 8844754 107004176 636017699 1499 72548 635859024 1026 0 4294963200 3170
======================
   8      33 sdc1 529 0 19228 65292 111474 8844754 107187472 637236171 1536 72632 637077132 1026 0 4294963200 3170
======================
   8      33 sdc1 529 0 19228 65292 111662 8844754 107379984 638540660 1536 72736 638381256 1026 0 4294963200 3170
======================
   8      33 sdc1 529 0 19228 65292 111873 8844754 107596048 640114805 1499 72852 639954996 1026 0 4294963200 3170
======================
   8      33 sdc1 529 0 19228 65292 112054 8844754 107780376 641504744 1536 72952 641344592 1026 0 4294963200 3170
======================
   8      33 sdc1 529 0 19228 65292 112227 8844784 107957528 642968856 1536 73040 642808388 1026 0 4294963200 3170
======================
   8      33 sdc1 529 0 19228 65292 112405 8844784 108139800 644379997 1508 73136 644219188 1026 0 4294963200 3170
======================
   8      33 sdc1 529 0 19228 65292 112612 8844784 108351768 646095495 1301 73220 645934276 1026 0 4294963200 3170
======================
   8      33 sdc1 529 0 19228 65292 112797 8844784 108541208 647631338 1116 73308 647469780 1026 0 4294963200 3170
======================
   8      33 sdc1 529 0 19228 65292 112980 8844784 108729624 649133687 933 73392 648971768 1026 0 4294963200 3170
======================
   8      33 sdc1 529 0 19228 65292 113186 8844784 108939544 650807145 727 73476 650644844 1026 0 4294963200 3170
======================
   8      33 sdc1 529 0 19228 65292 113377 8844784 109135128 652308806 536 73556 652146140 1026 0 4294963200 3170
======================
   8      33 sdc1 529 0 19228 65292 113554 8844784 109316376 653697996 359 73628 653535008 1026 0 4294963200 3170
======================
   8      33 sdc1 530 0 19236 72366 113772 8844784 109530704 655386571 140 73744 655230212 1026 0 4294963200 3170
======================
   8      33 sdc1 530 0 19236 72366 113954 8844784 109717072 656833688 1166 73980 656676988 1026 0 4294963200 3170
======================
   8      33 sdc1 530 0 19236 72366 114130 8844784 109897296 656966183 1536 74144 656809132 1026 0 4294963200 3170
======================
   8      33 sdc1 530 0 19236 72366 114306 8844784 110077520 657261538 1531 74240 657104132 1026 0 4294963200 3170
======================
   8      33 sdc1 530 0 19236 72366 114517 8844784 110293584 657824804 1536 74340 657667012 1026 0 4294963200 3170
======================
   8      33 sdc1 530 0 19236 72366 114695 8844784 110475856 658474358 1536 74440 658316208 1026 0 4294963200 3170
======================
   8      33 sdc1 530 0 19236 72366 114881 8844784 110666320 659319396 1535 74564 659160884 1026 0 4294963200 3170
======================
   8      33 sdc1 530 0 19236 72366 115092 8844784 110882384 660491050 1536 74676 660332116 1026 0 4294963200 3170
======================
   8      33 sdc1 530 0 19236 72366 115269 8844784 111063632 661595429 1536 74768 661436176 1026 0 4294963200 3170
======================
   8      33 sdc1 530 0 19236 72366 115480 8844784 111279696 663067022 1499 74860 662907336 1026 0 4294963200 3170
======================
   8      33 sdc1 530 0 19236 72366 115665 8844815 111469136 664446060 1432 74948 664285980 1026 0 4294963200 3170
======================
   8      33 sdc1 530 0 19236 72366 115836 8844815 111644240 665818614 1261 75024 665658180 1026 0 4294963200 3170
======================
   8      33 sdc1 530 0 19236 72366 116017 8844815 111829584 667314633 1080 75104 667153840 1026 0 4294963200 3170
======================
   8      33 sdc1 530 0 19236 72366 116231 8844815 112048720 669082177 866 75196 668920956 1026 0 4294963200 3170
======================
   8      33 sdc1 530 0 19236 72366 116404 8844815 112225872 670433799 693 75268 670272212 1026 0 4294963200 3170
======================
   8      33 sdc1 530 0 19236 72366 116622 8844815 112449104 672189168 475 75348 672027156 1026 0 4294963200 3170
======================
   8      33 sdc1 530 0 19236 72366 116807 8844815 112638544 673696809 290 75412 673534444 1026 0 4294963200 3170
======================
   8      33 sdc1 530 0 19236 72366 116982 8844815 112816976 675183808 756 75580 675021116 1026 0 4294963200 3170
======================
   8      33 sdc1 530 0 19236 72366 117193 8844815 113033040 675498759 545 75660 675335640 1026 0 4294963200 3170
======================
   8      33 sdc1 530 0 19236 72366 117377 8844815 113221456 676363458 361 75736 676199968 1026 0 4294963200 3170
======================
   8      33 sdc1 530 0 19236 72366 117549 8844815 113397584 677140438 189 75812 676976612 1026 0 4294963200 3170
======================
   8      33 sdc1 531 0 19244 75470 117762 8844815 113615696 677898601 788 76020 677737464 1026 0 4294963200 3170
======================
   8      33 sdc1 531 0 19244 75470 117944 8844815 113802064 678017086 1536 76220 677855568 1026 0 4294963200 3170
======================
   8      33 sdc1 531 0 19244 75470 118119 8844815 113981264 678288351 1536 76308 678126488 1026 0 4294963200 3170
======================
   8      33 sdc1 531 0 19244 75470 118331 8844815 114198352 678828541 1512 76420 678666256 1026 0 4294963200 3170
======================
   8      33 sdc1 531 0 19244 75470 118519 8844815 114390864 679504220 1536 76532 679341588 1026 0 4294963200 3170
======================
   8      33 sdc1 531 0 19244 75470 118696 8844840 114571096 680307178 1536 76636 680144192 1026 0 4294963200 3170
======================
   8      33 sdc1 531 0 19244 75470 118914 8844840 114794328 681510892 1500 76752 681347476 1026 0 4294963200 3170
======================
   8      33 sdc1 531 0 19244 75470 119086 8844840 114970456 682633198 1536 76856 682469436 1026 0 4294963200 3170
======================
   8      33 sdc1 531 0 19244 75470 119266 8844840 115154776 683932891 1536 76952 683768788 1026 0 4294963200 3170
======================
   8      33 sdc1 531 0 19244 75470 119478 8844840 115371864 685543659 1499 77064 685379128 1026 0 4294963200 3170
======================
   8      33 sdc1 531 0 19244 75470 119653 8844840 115551064 686848533 1536 77168 686683660 1026 0 4294963200 3170
======================
   8      33 sdc1 531 0 19244 75470 119833 8844840 115735384 688246978 1536 77260 688081768 1026 0 4294963200 3170
======================
   8      33 sdc1 531 0 19244 75470 120043 8844840 115950424 689882366 1514 77368 689716732 1026 0 4294963200 3170
======================
   8      33 sdc1 531 0 19244 75470 120231 8844840 116142936 691393196 1350 77448 691227204 1026 0 4294963200 3170
======================
   8      33 sdc1 531 0 19244 75470 120410 8844840 116326232 692923662 1171 77528 692757324 1026 0 4294963200 3170
======================
   8      33 sdc1 531 0 19244 75470 120592 8844840 116512600 694380577 989 77604 694213848 1026 0 4294963200 3170
======================
   8      33 sdc1 531 0 19244 75470 120795 8844840 116719544 695999518 786 77684 695832400 1026 0 4294963200 3170
======================
   8      33 sdc1 531 0 19244 75470 120978 8844840 116906936 697470127 603 77764 697302636 1026 0 4294963200 3170
======================
   8      33 sdc1 531 0 19244 75470 121151 8844840 117084088 698851850 430 77840 698684024 1026 0 4294963200 3170
======================
   8      33 sdc1 532 0 19252 81249 121369 8844863 117306416 700685505 228 77952 700523020 1026 0 4294963200 3170
======================
   8      33 sdc1 532 0 19252 81249 121554 8844863 117495024 701568452 1536 78248 701405612 1026 0 4294963200 3170
======================
   8      33 sdc1 532 0 19252 81249 121739 8844863 117684464 702033386 1536 78344 701870208 1026 0 4294963200 3170
======================
   8      33 sdc1 532 0 19252 81249 121942 8844863 117892336 703048679 1499 78440 702885104 1026 0 4294963200 3170
======================
   8      33 sdc1 532 0 19252 81249 122124 8844863 118078704 703812476 1536 78536 703648524 1026 0 4294963200 3170
======================
   8      33 sdc1 532 0 19252 81249 122303 8844863 118262000 704554780 1533 78640 704390468 1026 0 4294963200 3170
======================
   8      33 sdc1 532 0 19252 81249 122514 8844863 118478064 705639660 1495 78748 705474940 1026 0 4294963200 3170
======================
   8      33 sdc1 532 0 19252 81249 122693 8844863 118661360 706723809 1535 78844 706558748 1026 0 4294963200 3170
======================
   8      33 sdc1 532 0 19252 81249 122868 8844863 118840560 707938003 1535 78940 707772572 1026 0 4294963200 3170
======================
   8      33 sdc1 532 0 19252 81249 123083 8844863 119060720 709527515 1498 79048 709361628 1026 0 4294963200 3170
======================
   8      33 sdc1 532 0 19252 81249 123259 8844863 119240944 710888423 1535 79148 710722168 1026 0 4294963200 3170
======================
   8      33 sdc1 532 0 19252 81249 123444 8844863 119430384 712387640 1536 79240 712221020 1026 0 4294963200 3170
======================
   8      33 sdc1 532 0 19252 81249 123626 8844863 119616752 713759285 1535 79348 713592292 1026 0 4294963200 3170
======================
   8      33 sdc1 532 0 19252 81249 123838 8844863 119833840 715383299 1536 79448 715215880 1026 0 4294963200 3170
======================
   8      33 sdc1 532 0 19252 81249 124013 8844863 120013040 716858259 1394 79512 716690480 1026 0 4294963200 3170
======================
   8      33 sdc1 532 0 19252 81249 124191 8844863 120195312 718354827 1216 79584 718186688 1026 0 4294963200 3170
======================
   8      33 sdc1 532 0 19252 81249 124402 8844863 120410360 720052448 1005 79664 719883880 1026 0 4294963200 3170
======================
   8      33 sdc1 532 0 19252 81249 124583 8844863 120595704 721485609 824 79744 721316700 1026 0 4294963200 3170
======================
   8      33 sdc1 532 0 19252 81249 124758 8844863 120774904 722967013 649 79812 722797756 1026 0 4294963200 3170
======================
   8      33 sdc1 532 0 19252 81249 124972 8844863 120994040 724643544 435 79900 724473844 1026 0 4294963200 3170
======================
   8      33 sdc1 533 0 19260 87210 125157 8844879 121183480 726204927 608 80036 726040796 1026 0 4294963200 3170
======================
   8      33 sdc1 533 0 19260 87210 125373 8844879 121402648 727354351 1499 80276 727189812 1026 0 4294963200 3170
======================
   8      33 sdc1 533 0 19260 87210 125554 8844879 121587992 728147422 1536 80384 727982524 1026 0 4294963200 3170
======================
   8      33 sdc1 533 0 19260 87210 125727 8844879 121765144 728989548 1536 80476 728824324 1026 0 4294963200 3170
======================
   8      33 sdc1 533 0 19260 87210 125940 8844879 121982352 729852715 1499 80580 729687060 1026 0 4294963200 3170
======================
   8      33 sdc1 533 0 19260 87210 126116 8844879 122162576 730655325 1536 80684 730489328 1026 0 4294963200 3170
======================
   8      33 sdc1 533 0 19260 87210 126293 8844879 122343824 731622615 1536 80788 731456272 1026 0 4294963200 3170
======================
   8      33 sdc1 533 0 19260 87210 126510 8844879 122566032 733016067 1499 80908 732849304 1026 0 4294963200 3170
======================
   8      33 sdc1 533 0 19260 87210 126685 8844879 122745232 734268985 1536 80996 734101880 1026 0 4294963200 3170
======================
   8      33 sdc1 533 0 19260 87210 126870 8844879 122934672 735667281 1536 81084 735499796 1026 0 4294963200 3170
======================
   8      33 sdc1 533 0 19260 87210 127084 8844910 123153808 737282936 1478 81184 737115008 1026 0 4294963200 3170
======================
   8      33 sdc1 533 0 19260 87210 127261 8844910 123335056 738766850 1301 81260 738598556 1026 0 4294963200 3170
======================
   8      33 sdc1 533 0 19260 87210 127439 8844910 123517328 740165385 1123 81336 739996748 1026 0 4294963200 3170
======================
   8      33 sdc1 533 0 19260 87210 127641 8844910 123725200 741683794 921 81416 741514756 1026 0 4294963200 3170
======================
   8      33 sdc1 533 0 19260 87210 127830 8844910 123917712 743261816 732 81516 743092428 1026 0 4294963200 3170
======================
   8      33 sdc1 533 0 19260 87210 128007 8844910 124098960 744728731 555 81592 744558976 1026 0 4294963200 3170
======================
   8      33 sdc1 533 0 19260 87210 128221 8844910 124317328 746453334 1030 81780 746283140 1026 0 4294963200 3170
======================
   8      33 sdc1 533 0 19260 87210 128394 8844910 124494480 747805654 857 81856 747635108 1026 0 4294963200 3170
======================
   8      33 sdc1 533 0 19260 87210 128579 8844910 124683920 748746927 672 81936 748576028 1026 0 4294963200 3170
======================
   8      33 sdc1 533 0 19260 87210 128793 8844910 124903056 749956549 458 82008 749785196 1026 0 4294963200 3170
======================
   8      33 sdc1 533 0 19260 87210 128976 8844910 125090448 750925029 275 82088 750753284 1026 0 4294963200 3170
======================
   8      33 sdc1 534 0 19268 92394 129154 8844910 125272720 751870310 96 82160 751703368 1026 0 4294963200 3170
======================
   8      33 sdc1 534 0 19268 92394 129367 8844910 125490832 752389671 1499 82472 752222304 1026 0 4294963200 3170
======================
   8      33 sdc1 534 0 19268 92394 129540 8844910 125667984 752609377 1536 82576 752441640 1026 0 4294963200 3170
======================
   8      33 sdc1 534 0 19268 92394 129717 8844910 125849232 753067455 1536 82680 752899380 1026 0 4294963200 3170
======================
   8      33 sdc1 534 0 19268 92394 129933 8844910 126070416 753793731 1498 82796 753625248 1026 0 4294963200 3170
======================
   8      33 sdc1 534 0 19268 92394 130111 8844910 126252688 754531864 1535 82904 754363036 1026 0 4294963200 3170
======================
   8      33 sdc1 534 0 19268 92394 130296 8844910 126442128 755459035 1535 82988 755289828 1026 0 4294963200 3170
======================
   8      33 sdc1 534 0 19268 92394 130510 8844910 126661264 756751978 1498 83092 756582348 1026 0 4294963200 3170
======================
   8      33 sdc1 534 0 19268 92394 130687 8844910 126842512 757925076 1535 83204 757755096 1026 0 4294963200 3170
======================
   8      33 sdc1 534 0 19268 92394 130864 8844910 127023760 759156843 1536 83284 758986492 1026 0 4294963200 3170
======================
   8      33 sdc1 534 0 19268 92394 131044 8844910 127208080 760507000 1535 83368 760336268 1026 0 4294963200 3170
======================
   8      33 sdc1 534 0 19268 92394 131252 8844910 127421072 762219406 1536 83476 762048276 1026 0 4294963200 3170
======================
   8      33 sdc1 534 0 19268 92394 131430 8844910 127603344 763746837 1536 83564 763575356 1026 0 4294963200 3170
======================
   8      33 sdc1 534 0 19268 92394 131647 8844910 127825552 765524659 1429 83664 765352748 1026 0 4294963200 3170
======================
   8      33 sdc1 534 0 19268 92394 131822 8844910 128004752 766967410 1254 83728 766795132 1026 0 4294963200 3170
======================
   8      33 sdc1 534 0 19268 92394 132007 8844910 128194192 768468174 1069 83800 768295516 1026 0 4294963200 3170
======================
   8      33 sdc1 534 0 19268 92394 132222 8844910 128414352 770156920 854 83880 769983824 1026 0 4294963200 3170
======================
   8      33 sdc1 534 0 19268 92394 132401 8844910 128597648 771538341 675 83940 771364888 1026 0 4294963200 3170
======================
   8      33 sdc1 534 0 19268 92394 132578 8844910 128777880 772928325 498 84020 772754512 1026 0 4294963200 3170
======================
   8      33 sdc1 534 0 19268 92394 132793 8844910 128998040 774710146 283 84092 774535908 1026 0 4294963200 3170
======================
   8      33 sdc1 535 0 19276 99588 132969 8844910 129178264 776182824 106 84176 776015412 1026 0 4294963200 3170
======================
   8      33 sdc1 535 0 19276 99588 133145 8844958 129357656 777232561 1535 84488 777064788 1026 0 4294963200 3170
======================
   8      33 sdc1 535 0 19276 99588 133360 8844958 129577816 777441757 1502 84612 777273568 1026 0 4294963200 3170
======================
   8      33 sdc1 535 0 19276 99588 133536 8844958 129758040 777783534 1513 84708 777614976 1026 0 4294963200 3170
======================
   8      33 sdc1 535 0 19276 99588 133723 8844958 129947696 778320502 1536 84824 778151576 1026 0 4294963200 3170
======================
   8      33 sdc1 535 0 19276 99588 133942 8844958 130171952 779168282 1536 84936 778998948 1026 0 4294963200 3170
======================
   8      33 sdc1 535 0 19276 99588 134113 8844958 130347056 780007163 1496 85032 779837480 1026 0 4294963200 3170
======================
   8      33 sdc1 535 0 19276 99588 134295 8844958 130533424 781061314 1536 85124 780891252 1026 0 4294963200 3170
======================
   8      33 sdc1 535 0 19276 99588 134510 8844958 130752568 782519877 1536 85252 782349384 1026 0 4294963200 3170
======================
   8      33 sdc1 535 0 19276 99588 134687 8844974 130933816 783749536 1536 85348 783578676 1026 0 4294963200 3170
======================
   8      33 sdc1 535 0 19276 99588 134856 8844974 131106872 784955028 1536 85448 784783832 1026 0 4294963200 3170
======================
   8      33 sdc1 535 0 19276 99588 135042 8844974 131297336 786463234 1536 85548 786291680 1026 0 4294963200 3170
======================
   8      33 sdc1 535 0 19276 99588 135254 8844974 131514424 788223898 1509 85668 788051932 1026 0 4294963200 3170
======================
   8      33 sdc1 535 0 19276 99588 135442 8844974 131706936 789764769 1481 85764 789592424 1026 0 4294963200 3170
======================
   8      33 sdc1 535 0 19276 99588 135614 8844974 131883064 791157876 1309 85840 790985176 1026 0 4294963200 3170
======================
   8      33 sdc1 535 0 19276 99588 135833 8844974 132107320 792915927 1090 85932 792742796 1026 0 4294963200 3170
======================
   8      33 sdc1 535 0 19276 99588 136006 8844974 132284472 794267670 917 86000 794094180 1026 0 4294963200 3170
======================
   8      33 sdc1 535 0 19276 99588 136202 8844974 132486200 795841595 721 86084 795667720 1026 0 4294963200 3170
======================
   8      33 sdc1 535 0 19276 99588 136398 8844974 132682960 797454624 525 86164 797280396 1026 0 4294963200 3170
======================
   8      33 sdc1 535 0 19276 99588 136573 8844974 132862160 798890988 350 86256 798716400 1026 0 4294963200 3170
======================
   8      33 sdc1 536 0 19284 106655 136790 8844974 133084368 800632189 132 86356 800464232 1026 0 4294963200 3170
======================
   8      33 sdc1 536 0 19284 106655 136963 8844974 133261520 801758757 1536 86636 801590464 1026 0 4294963200 3170
======================
   8      33 sdc1 536 0 19284 106655 137148 8844974 133450960 801946888 1536 86728 801778232 1026 0 4294963200 3170
======================
   8      33 sdc1 536 0 19284 106655 137370 8844974 133678288 802419952 1499 86832 802250844 1026 0 4294963200 3170
======================
   8      33 sdc1 536 0 19284 106655 137541 8844974 133853392 802985916 1536 86940 802816456 1026 0 4294963200 3170
======================
   8      33 sdc1 536 0 19284 106655 137724 8844974 134040784 803748761 1536 87036 803578928 1026 0 4294963200 3170
======================
   8      33 sdc1 536 0 19284 106655 137932 8844974 134253776 804760434 1499 87148 804590176 1026 0 4294963200 3170
======================
   8      33 sdc1 536 0 19284 106655 138114 8844974 134440144 805818728 1536 87256 805648104 1026 0 4294963200 3170
======================
   8      33 sdc1 536 0 19284 106655 138286 8844974 134616272 806933517 1536 87352 806762540 1026 0 4294963200 3170
======================
   8      33 sdc1 536 0 19284 106655 138500 8844974 134835408 808449249 1499 87460 808277832 1026 0 4294963200 3170
======================
   8      33 sdc1 536 0 19284 106655 138677 8844974 135016656 809804573 1536 87556 809632812 1026 0 4294963200 3170
======================
   8      33 sdc1 536 0 19284 106655 138862 8845005 135206096 811334865 1357 87628 811162724 1026 0 4294963200 3170
======================
   8      33 sdc1 536 0 19284 106655 139078 8845005 135427280 813027865 1141 87740 812855300 1026 0 4294963200 3170
======================
   8      33 sdc1 536 0 19284 106655 139260 8845005 135613648 814488663 959 87804 814315720 1026 0 4294963200 3170
======================
   8      33 sdc1 536 0 19284 106655 139432 8845005 135789776 815914264 787 87884 815740968 1026 0 4294963200 3170
======================
   8      33 sdc1 536 0 19284 106655 139646 8845005 136008912 817664190 573 87968 817490448 1026 0 4294963200 3170
======================
   8      33 sdc1 536 0 19284 106655 139823 8845005 136190160 819079117 396 88040 818905004 1026 0 4294963200 3170
======================
   8      33 sdc1 536 0 19284 106655 140002 8845005 136373456 820514064 217 88116 820339584 1026 0 4294963200 3170
======================
   8      33 sdc1 536 0 19284 106655 140211 8845005 136586704 822001053 553 88292 821826124 1026 0 4294963200 3170
======================
   8      33 sdc1 536 0 19284 106655 140392 8845005 136772048 822226196 372 88368 822050904 1026 0 4294963200 3170
======================
   8      33 sdc1 536 0 19284 106655 140577 8845005 136961488 822634927 187 88452 822459284 1026 0 4294963200 3170
======================
   8      33 sdc1 537 0 19292 109003 140787 8845005 137176528 823439198 877 88660 823265504 1026 0 4294963200 3170
======================
   8      33 sdc1 537 0 19292 109003 140970 8845005 137363920 823574043 1536 88876 823399984 1026 0 4294963200 3170
======================
   8      33 sdc1 537 0 19292 109003 141144 8845005 137542096 823867210 1536 88976 823692784 1026 0 4294963200 3170
======================
   8      33 sdc1 537 0 19292 109003 141365 8845005 137768400 824482217 1498 89088 824307340 1026 0 4294963200 3170
======================
   8      33 sdc1 537 0 19292 109003 141531 8845005 137938384 825085122 1535 89184 824909916 1026 0 4294963200 3170
======================
   8      33 sdc1 537 0 19292 109003 141711 8845005 138122704 825890035 1535 89284 825714488 1026 0 4294963200 3170
======================
   8      33 sdc1 537 0 19292 109003 141924 8845005 138340816 827056213 1498 89392 826880220 1026 0 4294963200 3170
======================
   8      33 sdc1 537 0 19292 109003 142102 8845005 138523088 828212628 1535 89484 828036256 1026 0 4294963200 3170
======================
   8      33 sdc1 537 0 19292 109003 142287 8845005 138712528 829513638 1536 89580 829336884 1026 0 4294963200 3170
======================
   8      33 sdc1 537 0 19292 109003 142498 8845005 138928592 831047575 1499 89692 830870412 1026 0 4294963200 3170
======================
   8      33 sdc1 537 0 19292 109003 142679 8845005 139113936 832484523 1536 89792 832307012 1026 0 4294963200 3170
======================
   8      33 sdc1 537 0 19292 109003 142856 8845005 139295184 833907046 1536 89896 833729152 1026 0 4294963200 3170
======================
   8      33 sdc1 537 0 19292 109003 143073 8845005 139517392 835659008 1496 90016 835480688 1026 0 4294963200 3170
======================
   8      33 sdc1 537 0 19292 109003 143251 8845005 139699664 837040881 1354 90100 836862200 1026 0 4294963200 3170
======================
   8      33 sdc1 537 0 19292 109003 143424 8845005 139875800 838464631 1181 90196 838285608 1026 0 4294963200 3170
======================
   8      33 sdc1 537 0 19292 109003 143641 8845005 140098008 840286253 964 90296 840106788 1026 0 4294963200 3170
======================
   8      33 sdc1 537 0 19292 109003 143816 8845005 140277208 841674053 789 90364 841494256 1026 0 4294963200 3170
======================
   8      33 sdc1 537 0 19292 109003 144001 8845005 140466648 843173727 604 90444 842993560 1026 0 4294963200 3170
======================
   8      33 sdc1 537 0 19292 109003 144179 8845005 140648920 844539012 426 90532 844358488 1026 0 4294963200 3170
======================
   8      33 sdc1 538 0 19300 115142 144391 8845005 140866008 846329477 373 90652 846154672 1026 0 4294963200 3170
======================
   8      33 sdc1 538 0 19300 115142 144565 8845053 141044184 847160769 314 90744 846985624 1026 0 4294963200 3170
======================
   8      33 sdc1 538 0 19300 115142 144767 8845053 141248368 847851081 1516 91024 847675508 1026 0 4294963200 3170
======================
   8      33 sdc1 538 0 19300 115142 144964 8845053 141450096 848283873 1536 91128 848107880 1026 0 4294963200 3170
======================
   8      33 sdc1 538 0 19300 115142 145137 8845053 141627248 849034137 1536 91224 848857788 1026 0 4294963200 3170
======================
   8      33 sdc1 538 0 19300 115142 145322 8845053 141816688 849706875 1527 91324 849530176 1026 0 4294963200 3170
======================
   8      33 sdc1 538 0 19300 115142 145528 8845053 142027632 850506103 1536 91444 850329004 1026 0 4294963200 3170
======================
   8      33 sdc1 538 0 19300 115142 145713 8845053 142217072 851395163 1536 91548 851217708 1026 0 4294963200 3170
======================
   8      33 sdc1 538 0 19300 115142 145929 8845053 142438256 852661070 1498 91664 852483172 1026 0 4294963200 3170
======================
   8      33 sdc1 538 0 19300 115142 146110 8845053 142623600 853892290 1501 91768 853714012 1026 0 4294963200 3170
======================
   8      33 sdc1 538 0 19300 115142 146277 8845053 142794608 855118345 1535 91868 854939724 1026 0 4294963200 3170
======================
   8      33 sdc1 538 0 19300 115142 146502 8845053 143025008 856747958 1495 91992 856568884 1026 0 4294963200 3170
======================
   8      33 sdc1 538 0 19300 115142 146675 8845053 143202160 858112824 1498 92092 857933428 1026 0 4294963200 3170
======================
   8      33 sdc1 538 0 19300 115142 146849 8845053 143380336 859559817 1536 92200 859380084 1026 0 4294963200 3170
======================
   8      33 sdc1 538 0 19300 115142 147067 8845053 143603568 861328129 1382 92308 861147952 1026 0 4294963200 3170
======================
   8      33 sdc1 538 0 19300 115142 147241 8845053 143781744 862760459 1208 92380 862579940 1026 0 4294963200 3170
======================
   8      33 sdc1 538 0 19300 115142 147429 8845053 143974256 864280569 1020 92452 864099656 1026 0 4294963200 3170
======================
   8      33 sdc1 538 0 19300 115142 147636 8845053 144186224 865815836 813 92548 865634488 1026 0 4294963200 3170
======================
   8      33 sdc1 538 0 19300 115142 147823 8845053 144376696 867225312 626 92636 867043608 1026 0 4294963200 3170
======================
   8      33 sdc1 538 0 19300 115142 147996 8845053 144553848 868630373 453 92720 868448324 1026 0 4294963200 3170
======================
   8      33 sdc1 539 0 19308 120979 148173 8845069 144735096 870167887 758 92864 869991308 1026 0 4294963200 3170
======================
   8      33 sdc1 539 0 19308 120979 148389 8845069 144956280 871489019 1536 93072 871311992 1026 0 4294963200 3170
======================
   8      33 sdc1 539 0 19308 120979 148566 8845069 145136624 872311096 1536 93164 872133716 1026 0 4294963200 3170
======================
   8      33 sdc1 539 0 19308 120979 148745 8845069 145318904 873089124 1536 93268 872911416 1026 0 4294963200 3170
======================
   8      33 sdc1 539 0 19308 120979 148951 8845069 145529848 873999717 1536 93392 873821564 1026 0 4294963200 3170
======================
   8      33 sdc1 539 0 19308 120979 149139 8845069 145722360 874889351 1536 93488 874710804 1026 0 4294963200 3170
======================
   8      33 sdc1 539 0 19308 120979 149321 8845069 145908728 875887357 1536 93576 875708444 1026 0 4294963200 3170
======================
   8      33 sdc1 539 0 19308 120979 149530 8845069 146121744 877240404 1513 93696 877061104 1026 0 4294963200 3170
======================
   8      33 sdc1 539 0 19308 120979 149718 8845069 146314256 878594046 1536 93788 878414352 1026 0 4294963200 3170
======================
   8      33 sdc1 539 0 19308 120979 149886 8845069 146486288 879845212 1536 93888 879665188 1026 0 4294963200 3170
======================
   8      33 sdc1 539 0 19308 120979 150097 8845069 146703376 881524742 1510 93992 881344276 1026 0 4294963200 3170
======================
   8      33 sdc1 539 0 19308 120979 150293 8845100 146903056 883045221 1327 94084 882864344 1026 0 4294963200 3170
======================
   8      33 sdc1 539 0 19308 120979 150465 8845100 147079184 884422597 1155 94156 884241360 1026 0 4294963200 3170
======================
   8      33 sdc1 539 0 19308 120979 150685 8845100 147304464 886178030 935 94240 885996336 1026 0 4294963200 3170
======================
   8      33 sdc1 539 0 19308 120979 150865 8845100 147488784 887638058 755 94320 887456012 1026 0 4294963200 3170
======================
   8      33 sdc1 539 0 19308 120979 151050 8845100 147678224 889131862 570 94388 888949448 1026 0 4294963200 3170
======================
   8      33 sdc1 539 0 19308 120979 151257 8845100 147889424 890825488 1036 94564 890642664 1026 0 4294963200 3170
======================
   8      33 sdc1 539 0 19308 120979 151433 8845100 148069648 892229362 860 94628 892046180 1026 0 4294963200 3170
======================
   8      33 sdc1 539 0 19308 120979 151616 8845100 148257040 893152091 677 94688 892968532 1026 0 4294963200 3170
======================
   8      33 sdc1 539 0 19308 120979 151831 8845100 148477200 894336384 462 94768 894152404 1026 0 4294963200 3170
======================
   8      33 sdc1 539 0 19308 120979 152001 8845100 148651280 895266956 292 94848 895082616 1026 0 4294963200 3170
======================
   8      33 sdc1 540 0 19316 126495 152184 8845100 148838672 896242300 108 94920 896063120 1026 0 4294963200 3170
======================
   8      33 sdc1 540 0 19316 126495 152398 8845124 149056792 896939120 1496 95204 896759492 1026 0 4294963200 3170
======================
   8      33 sdc1 540 0 19316 126495 152577 8845124 149237232 897102009 1536 95312 896922024 1026 0 4294963200 3170
======================
   8      33 sdc1 540 0 19316 126495 152768 8845124 149432816 897451976 1536 95416 897271600 1026 0 4294963200 3170
======================
   8      33 sdc1 540 0 19316 126495 152973 8845124 149642736 898044035 1499 95532 897863256 1026 0 4294963200 3170
======================
   8      33 sdc1 540 0 19316 126495 153155 8845124 149829104 898746793 1536 95628 898565676 1026 0 4294963200 3170
======================
   8      33 sdc1 540 0 19316 126495 153334 8845124 150012400 899593998 1536 95732 899412520 1026 0 4294963200 3170
======================
   8      33 sdc1 540 0 19316 126495 153546 8845124 150229488 900810045 1496 95860 900628124 1026 0 4294963200 3170
======================
   8      33 sdc1 540 0 19316 126495 153723 8845124 150410736 901982802 1536 95960 901800504 1026 0 4294963200 3170
======================
   8      33 sdc1 540 0 19316 126495 153896 8845124 150587888 903185830 1536 96060 903003188 1026 0 4294963200 3170
======================
   8      33 sdc1 540 0 19316 126495 154112 8845124 150809072 904788147 1499 96176 904605076 1026 0 4294963200 3170
======================
   8      33 sdc1 540 0 19316 126495 154290 8845124 150991344 906190487 1536 96280 906007064 1026 0 4294963200 3170
======================
   8      33 sdc1 540 0 19316 126495 154475 8845124 151180784 907728868 1536 96384 907545080 1026 0 4294963200 3170
======================
   8      33 sdc1 540 0 19316 126495 154691 8845124 151401968 909370576 1446 96476 909186392 1026 0 4294963200 3170
======================
   8      33 sdc1 540 0 19316 126495 154866 8845124 151581168 910788393 1271 96560 910603844 1026 0 4294963200 3170
======================
   8      33 sdc1 540 0 19316 126495 155045 8845124 151764464 912232771 1092 96636 912047860 1026 0 4294963200 3170
======================
   8      33 sdc1 540 0 19316 126495 155258 8845124 151982576 914031869 879 96732 913846552 1026 0 4294963200 3170
======================
   8      33 sdc1 540 0 19316 126495 155431 8845124 152159728 915400152 706 96812 915214456 1026 0 4294963200 3170
======================
   8      33 sdc1 540 0 19316 126495 155609 8845124 152342000 916813002 528 96880 916626936 1026 0 4294963200 3170
======================
   8      33 sdc1 540 0 19316 126495 155823 8845124 152561136 918568876 314 96972 918382376 1026 0 4294963200 3170
======================
   8      33 sdc1 541 0 19324 133388 156002 8845124 152744432 920091169 134 97060 919911200 1026 0 4294963200 3170
======================
   8      33 sdc1 541 0 19324 133388 156188 8845146 152934056 921355730 768 97288 921175380 1026 0 4294963200 3170
======================
   8      33 sdc1 541 0 19324 133388 156403 8845146 153154216 921536253 1499 97516 921355468 1026 0 4294963200 3170
======================
   8      33 sdc1 541 0 19324 133388 156580 8845146 153335464 921864901 1536 97616 921683752 1026 0 4294963200 3170
======================
   8      33 sdc1 541 0 19324 133388 156755 8845146 153513648 922348500 1536 97708 922167004 1026 0 4294963200 3170
======================
   8      33 sdc1 541 0 19324 133388 156975 8845162 153738928 923131871 1499 97828 922949944 1026 0 4294963200 3170
======================
   8      33 sdc1 541 0 19324 133388 157143 8845162 153910960 923901763 1536 97940 923719472 1026 0 4294963200 3170
======================
   8      33 sdc1 541 0 19324 133388 157322 8845162 154094256 924894264 1536 98036 924711616 1026 0 4294963200 3170
======================
   8      33 sdc1 541 0 19324 133388 157541 8845162 154318512 926278967 1499 98160 926095868 1026 0 4294963200 3170
======================
   8      33 sdc1 541 0 19324 133388 157717 8845162 154498736 927502317 1536 98284 927318868 1026 0 4294963200 3170
======================
   8      33 sdc1 541 0 19324 133388 157902 8845162 154688176 928897802 1536 98380 928713984 1026 0 4294963200 3170
======================
   8      33 sdc1 541 0 19324 133388 158114 8845162 154905264 930573077 1499 98500 930388804 1026 0 4294963200 3170
======================
   8      33 sdc1 541 0 19324 133388 158289 8845162 155084464 932010434 1536 98620 931825824 1026 0 4294963200 3170
======================
   8      33 sdc1 541 0 19324 133388 158469 8845162 155268784 933417367 1512 98716 933232404 1026 0 4294963200 3170
======================
   8      33 sdc1 541 0 19324 133388 158686 8845162 155490992 935177572 1295 98800 934992180 1026 0 4294963200 3170
======================
   8      33 sdc1 541 0 19324 133388 158859 8845162 155668144 936618177 1122 98880 936432456 1026 0 4294963200 3170
======================
   8      33 sdc1 541 0 19324 133388 159044 8845162 155856584 938100859 937 98964 937914792 1026 0 4294963200 3170
======================
   8      33 sdc1 541 0 19324 133388 159247 8845162 156064456 939733503 734 99060 939547024 1026 0 4294963200 3170
======================
   8      33 sdc1 541 0 19324 133388 159428 8845162 156248896 941199873 553 99144 941013040 1026 0 4294963200 3170
======================
   8      33 sdc1 541 0 19324 133388 159646 8845162 156472128 942942507 335 99244 942755204 1026 0 4294963200 3170
======================
   8      33 sdc1 542 0 19332 140413 159831 8845162 156661568 944457385 149 99316 944276736 1026 0 4294963200 3170
======================
   8      33 sdc1 542 0 19332 140413 160005 8845162 156839744 945724603 1536 99608 945543604 1026 0 4294963200 3170
======================
   8      33 sdc1 542 0 19332 140413 160220 8845162 157059904 945914201 1499 99720 945732780 1026 0 4294963200 3170
======================
   8      33 sdc1 542 0 19332 140413 160402 8845162 157246272 946279856 1536 99828 946098052 1026 0 4294963200 3170
======================
   8      33 sdc1 542 0 19332 140413 160575 8845162 157423424 946788652 1536 99932 946606508 1026 0 4294963200 3170
======================
   8      33 sdc1 542 0 19332 140413 160791 8845162 157644608 947593480 1499 100036 947410892 1026 0 4294963200 3170
======================
   8      33 sdc1 542 0 19332 140413 160960 8845162 157817664 948381871 1499 100128 948198912 1026 0 4294963200 3170
======================
   8      33 sdc1 542 0 19332 140413 161144 8845162 158006080 949409452 1536 100220 949226128 1026 0 4294963200 3170
======================
   8      33 sdc1 542 0 19332 140413 161358 8845162 158225216 950823943 1512 100344 950640216 1026 0 4294963200 3170
======================
   8      33 sdc1 542 0 19332 140413 161543 8845162 158414656 952134000 1512 100448 951949880 1026 0 4294963200 3170
======================
   8      33 sdc1 542 0 19332 140413 161717 8845162 158592832 953448301 1536 100560 953263816 1026 0 4294963200 3170
======================
   8      33 sdc1 542 0 19332 140413 161936 8845193 158817088 955196089 1325 100664 955011168 1026 0 4294963200 3170
======================
   8      33 sdc1 542 0 19332 140413 162109 8845193 158994240 956539222 1152 100748 956353940 1026 0 4294963200 3170
======================
   8      33 sdc1 542 0 19332 140413 162289 8845193 159178560 957944054 972 100808 957758424 1026 0 4294963200 3170
======================
   8      33 sdc1 542 0 19332 140413 162501 8845193 159395648 959638995 760 100900 959452944 1026 0 4294963200 3170
======================
   8      33 sdc1 542 0 19332 140413 162674 8845193 159572800 961059078 587 100980 960872688 1026 0 4294963200 3170
======================
   8      33 sdc1 542 0 19332 140413 162854 8845193 159756352 962525467 952 101116 962338696 1026 0 4294963200 3170
======================
   8      33 sdc1 542 0 19332 140413 163068 8845193 159975488 964291558 738 101200 964104388 1026 0 4294963200 3170
======================
   8      33 sdc1 542 0 19332 140413 163253 8845193 160164928 965245687 553 101288 965058096 1026 0 4294963200 3170
======================
   8      33 sdc1 542 0 19332 140413 163435 8845193 160351296 966196383 371 101372 966008412 1026 0 4294963200 3170
======================
   8      33 sdc1 543 0 19340 144668 163644 8845193 160565312 967273256 161 101456 967089108 1026 0 4294963200 3170
======================
   8      33 sdc1 543 0 19340 144668 163822 8845193 160747584 968062555 1071 101680 967878028 1026 0 4294963200 3170
======================
   8      33 sdc1 543 0 19340 144668 163997 8845193 160926784 968188124 1536 101848 968003256 1026 0 4294963200 3170
======================
   8      33 sdc1 543 0 19340 144668 164211 8845193 161145920 968570283 1499 101960 968384996 1026 0 4294963200 3170
======================
   8      33 sdc1 543 0 19340 144668 164390 8845193 161329216 969111019 1535 102068 968925368 1026 0 4294963200 3170
======================
   8      33 sdc1 543 0 19340 144668 164568 8845193 161511488 969786818 1535 102152 969600808 1026 0 4294963200 3170
======================
   8      33 sdc1 543 0 19340 144668 164779 8845193 161727552 970746899 1512 102276 970560484 1026 0 4294963200 3170
======================
   8      33 sdc1 543 0 19340 144668 164967 8845193 161920064 971797341 1498 102372 971610532 1026 0 4294963200 3170
======================
   8      33 sdc1 543 0 19340 144668 165148 8845193 162105408 972974098 1535 102484 972786944 1026 0 4294963200 3170
======================
   8      33 sdc1 543 0 19340 144668 165320 8845193 162281536 974157103 1535 102588 973969572 1026 0 4294963200 3170
======================
   8      33 sdc1 543 0 19340 144668 165532 8845193 162498624 975756567 1499 102708 975568560 1026 0 4294963200 3170
======================
   8      33 sdc1 543 0 19340 144668 165706 8845193 162676800 977065623 1536 102812 976877268 1026 0 4294963200 3170
======================
   8      33 sdc1 543 0 19340 144668 165889 8845193 162864192 978573716 1536 102912 978384988 1026 0 4294963200 3170
======================
   8      33 sdc1 543 0 19340 144668 166103 8845193 163083328 980292045 1499 103016 980102892 1026 0 4294963200 3170
======================
   8      33 sdc1 543 0 19340 144668 166279 8845193 163263552 981729374 1368 103100 981539864 1026 0 4294963200 3170
======================
   8      33 sdc1 543 0 19340 144668 166467 8845193 163456064 983197362 1180 103184 983007468 1026 0 4294963200 3170
======================
   8      33 sdc1 543 0 19340 144668 166679 8845193 163673152 984942870 968 103272 984752572 1026 0 4294963200 3170
======================
   8      33 sdc1 543 0 19340 144668 166854 8845193 163852352 986415714 793 103344 986225064 1026 0 4294963200 3170
======================
   8      33 sdc1 543 0 19340 144668 167032 8845193 164034624 987784355 615 103408 987593372 1026 0 4294963200 3170
======================
   8      33 sdc1 543 0 19340 144668 167243 8845193 164250688 989556159 404 103504 989364772 1026 0 4294963200 3170
======================
   8      33 sdc1 543 0 19340 144668 167428 8845193 164439112 991090145 219 103588 990898412 1026 0 4294963200 3170
======================
   8      33 sdc1 544 0 19348 151740 167599 8845216 164614216 992586266 64 103664 992401264 1026 0 4294963200 3170
======================
   8      33 sdc1 544 0 19348 151740 167812 8845241 164831496 993125796 1536 104004 992940372 1026 0 4294963200 3170
======================
   8      33 sdc1 544 0 19348 151740 167991 8845241 165013888 993349538 1536 104116 993163768 1026 0 4294963200 3170
======================
   8      33 sdc1 544 0 19348 151740 168201 8845241 165226984 993821101 1514 104240 993634880 1026 0 4294963200 3170
======================
   8      33 sdc1 544 0 19348 151740 168395 8845257 165425640 994439410 1536 104348 994252800 1026 0 4294963200 3170
======================
   8      33 sdc1 544 0 19348 151740 168575 8845257 165609960 995178677 1536 104452 994991680 1026 0 4294963200 3170
======================
   8      33 sdc1 544 0 19348 151740 168756 8845257 165795304 996087189 1535 104560 995899864 1026 0 4294963200 3170
======================
   8      33 sdc1 544 0 19348 151740 168959 8845257 166003176 997307278 1536 104668 997119548 1026 0 4294963200 3170
======================
   8      33 sdc1 544 0 19348 151740 169139 8845257 166187496 998562998 1536 104756 998374924 1026 0 4294963200 3170
======================
   8      33 sdc1 544 0 19348 151740 169320 8845257 166372840 999905557 1533 104860 999717124 1026 0 4294963200 3170
======================
   8      33 sdc1 544 0 19348 151740 169528 8845257 166585832 1001486672 1536 104976 1001297836 1026 0 4294963200 3170
======================
   8      33 sdc1 544 0 19348 151740 169711 8845257 166770304 1002936995 1536 105076 1002747804 1026 0 4294963200 3170
======================
   8      33 sdc1 544 0 19348 151740 169897 8845257 166959744 1004379207 1536 105192 1004189648 1026 0 4294963200 3170
======================
   8      33 sdc1 544 0 19348 151740 170115 8845257 167184000 1006117483 1379 105300 1005927496 1026 0 4294963200 3170
======================
   8      33 sdc1 544 0 19348 151740 170285 8845257 167358080 1007518899 1209 105376 1007328552 1026 0 4294963200 3170
======================
   8      33 sdc1 544 0 19348 151740 170497 8845257 167576192 1009268636 997 105464 1009077836 1026 0 4294963200 3170
======================
   8      33 sdc1 544 0 19348 151740 170673 8845257 167755392 1010685044 821 105556 1010493876 1026 0 4294963200 3170
======================
   8      33 sdc1 544 0 19348 151740 170857 8845257 167943808 1012155728 637 105644 1011964188 1026 0 4294963200 3170
======================
   8      33 sdc1 544 0 19348 151740 171065 8845257 168156800 1013792216 429 105772 1013600256 1026 0 4294963200 3170
======================
   8      33 sdc1 545 0 19356 158253 171246 8845257 168342144 1015277368 247 105860 1015091572 1026 0 4294963200 3170
======================
   8      33 sdc1 545 0 19356 158253 171418 8845257 168518272 1016310034 1536 106124 1016123892 1026 0 4294963200 3170
======================
   8      33 sdc1 545 0 19356 158253 171636 8845257 168741504 1016788860 1503 106256 1016602288 1026 0 4294963200 3170
======================
   8      33 sdc1 545 0 19356 158253 171821 8845257 168930944 1017617007 1536 106360 1017430068 1026 0 4294963200 3170
======================
   8      33 sdc1 545 0 19356 158253 171997 8845257 169111168 1018421752 1536 106464 1018234452 1026 0 4294963200 3170
======================
   8      33 sdc1 545 0 19356 158253 172214 8845257 169333376 1019382562 1499 106584 1019194808 1026 0 4294963200 3170
======================
   8      33 sdc1 545 0 19356 158253 172391 8845257 169514624 1020258018 1536 106688 1020069912 1026 0 4294963200 3170
======================
   8      33 sdc1 545 0 19356 158253 172567 8845257 169694848 1021280207 1536 106800 1021091768 1026 0 4294963200 3170
======================
   8      33 sdc1 545 0 19356 158253 172745 8845257 169877120 1022436972 1535 106912 1022248192 1026 0 4294963200 3170
======================
   8      33 sdc1 545 0 19356 158253 172954 8845257 170091136 1023906207 1499 107048 1023717024 1026 0 4294963200 3170
======================
   8      33 sdc1 545 0 19356 158253 173137 8845257 170278528 1025328361 1536 107148 1025138808 1026 0 4294963200 3170
======================
   8      33 sdc1 545 0 19356 158253 173347 8845289 170493568 1026978450 1491 107264 1026788476 1026 0 4294963200 3170
======================
   8      33 sdc1 545 0 19356 158253 173535 8845289 170686080 1028471395 1303 107364 1028281044 1026 0 4294963200 3170
======================
   8      33 sdc1 545 0 19356 158253 173710 8845289 170865280 1029921631 1128 107444 1029730924 1026 0 4294963200 3170
======================
   8      33 sdc1 545 0 19356 158253 173911 8845289 171071104 1031532714 927 107544 1031341616 1026 0 4294963200 3170
======================
   8      33 sdc1 545 0 19356 158253 174104 8845289 171268736 1033164030 734 107632 1032972548 1026 0 4294963200 3170
======================
   8      33 sdc1 545 0 19356 158253 174275 8845289 171443840 1034535970 563 107708 1034344128 1026 0 4294963200 3170
======================
   8      33 sdc1 545 0 19356 158253 174495 8845289 171668360 1036309855 840 107852 1036117572 1026 0 4294963200 3170
======================
   8      33 sdc1 545 0 19356 158253 174667 8845289 171844488 1037602421 668 107924 1037409784 1026 0 4294963200 3170
======================
   8      33 sdc1 545 0 19356 158253 174848 8845289 172029832 1038510410 487 108004 1038317436 1026 0 4294963200 3170
======================
   8      33 sdc1 545 0 19356 158253 175058 8845289 172244872 1039646127 277 108100 1039452724 1026 0 4294963200 3170
======================
   8      33 sdc1 546 0 19364 162500 175243 8845289 172434312 1040624870 91 108184 1040435360 1026 0 4294963200 3170
======================
   8      33 sdc1 546 0 19364 162500 175419 8845289 172614536 1041099043 1536 108512 1040909176 1026 0 4294963200 3170
======================
   8      33 sdc1 546 0 19364 162500 175638 8845289 172838792 1041402589 1499 108632 1041212284 1026 0 4294963200 3170
======================
   8      33 sdc1 546 0 19364 162500 175812 8845289 173016968 1041862139 1536 108740 1041671496 1026 0 4294963200 3170
======================
   8      33 sdc1 546 0 19364 162500 175992 8845289 173201288 1042463631 1535 108840 1042272636 1026 0 4294963200 3170
======================
   8      33 sdc1 546 0 19364 162500 176206 8845289 173420424 1043347632 1498 108968 1043156200 1026 0 4294963200 3170
======================
   8      33 sdc1 546 0 19364 162500 176380 8845289 173598600 1044228307 1514 109068 1044036536 1026 0 4294963200 3170
======================
   8      33 sdc1 546 0 19364 162500 176558 8845289 173780872 1045296380 1535 109176 1045104256 1026 0 4294963200 3170
======================
   8      33 sdc1 546 0 19364 162500 176747 8845289 173974408 1046500163 1534 109284 1046307656 1026 0 4294963200 3170
======================
   8      33 sdc1 546 0 19364 162500 176955 8845289 174187400 1048029384 1499 109396 1047836428 1026 0 4294963200 3170
======================
   8      33 sdc1 546 0 19364 162500 177133 8845289 174369672 1049503278 1536 109504 1049309956 1026 0 4294963200 3170
======================
   8      33 sdc1 546 0 19364 162500 177345 8845289 174586760 1051113251 1502 109636 1050919464 1026 0 4294963200 3170
======================
   8      33 sdc1 546 0 19364 162500 177528 8845289 174774152 1052604100 1536 109756 1052409932 1026 0 4294963200 3170
======================
   8      33 sdc1 546 0 19364 162500 177706 8845289 174956424 1054075129 1470 109856 1053880624 1026 0 4294963200 3170
======================
   8      33 sdc1 546 0 19364 162500 177880 8845289 175133584 1055427036 1296 109948 1055232156 1026 0 4294963200 3170
======================
   8      33 sdc1 546 0 19364 162500 178095 8845289 175353744 1057127635 1081 110040 1056932336 1026 0 4294963200 3170
======================
   8      33 sdc1 546 0 19364 162500 178273 8845289 175536016 1058575924 903 110132 1058380288 1026 0 4294963200 3170
======================
   8      33 sdc1 546 0 19364 162500 178488 8845289 175756176 1060369107 688 110236 1060173020 1026 0 4294963200 3170
======================
   8      33 sdc1 546 0 19364 162500 178676 8845289 175948688 1061825774 500 110316 1061629312 1026 0 4294963200 3170
======================
   8      33 sdc1 546 0 19364 162500 178847 8845289 176123792 1063236259 329 110400 1063039424 1026 0 4294963200 3170
======================
   8      33 sdc1 547 0 19372 169637 179025 8845289 176306064 1064685618 150 110504 1064495576 1026 0 4294963200 3170
======================
   8      33 sdc1 547 0 19372 169637 179242 8845337 176527432 1066191522 731 110744 1066001044 1026 0 4294963200 3170
======================
   8      33 sdc1 547 0 19372 169637 179415 8845337 176704584 1066314583 1536 110964 1066123760 1026 0 4294963200 3170
======================
   8      33 sdc1 547 0 19372 169637 179596 8845337 176889928 1066610602 1535 111084 1066419416 1026 0 4294963200 3170
======================
   8      33 sdc1 547 0 19372 169637 179806 8845337 177104968 1067160833 1499 111200 1066969268 1026 0 4294963200 3170
======================
   8      33 sdc1 547 0 19372 169637 179983 8845337 177285296 1067786937 1536 111324 1067595028 1026 0 4294963200 3170
======================
   8      33 sdc1 547 0 19372 169637 180197 8845352 177502512 1068753362 1508 111468 1068561028 1026 0 4294963200 3170
======================
   8      33 sdc1 547 0 19372 169637 180382 8845352 177691952 1069774964 1536 111580 1069582264 1026 0 4294963200 3170
======================
   8      33 sdc1 547 0 19372 169637 180565 8845352 177879344 1070950406 1536 111676 1070757348 1026 0 4294963200 3170
======================
   8      33 sdc1 547 0 19372 169637 180761 8845352 178080048 1072365012 1515 111808 1072171548 1026 0 4294963200 3170
======================
   8      33 sdc1 547 0 19372 169637 180956 8845352 178279728 1073832426 1536 111916 1073638560 1026 0 4294963200 3170
======================
   8      33 sdc1 547 0 19372 169637 181131 8845352 178458928 1075141596 1536 112020 1074947396 1026 0 4294963200 3170
======================
   8      33 sdc1 547 0 19372 169637 181313 8845352 178645296 1076492572 1536 112136 1076298040 1026 0 4294963200 3170
======================
   8      33 sdc1 547 0 19372 169637 181523 8845352 178859328 1078130338 1500 112260 1077935376 1026 0 4294963200 3170
======================
   8      33 sdc1 547 0 19372 169637 181699 8845352 179039552 1079673994 1324 112344 1079478672 1026 0 4294963200 3170
======================
   8      33 sdc1 547 0 19372 169637 181887 8845352 179232064 1081136586 1136 112432 1080940900 1026 0 4294963200 3170
======================
   8      33 sdc1 547 0 19372 169637 182094 8845352 179444032 1082807765 929 112532 1082611652 1026 0 4294963200 3170
======================
   8      33 sdc1 547 0 19372 169637 182279 8845352 179633472 1084316371 744 112612 1084119884 1026 0 4294963200 3170
======================
   8      33 sdc1 547 0 19372 169637 182449 8845352 179806536 1085695886 574 112700 1085499040 1026 0 4294963200 3170
======================
   8      33 sdc1 547 0 19372 169637 182671 8845352 180032960 1087549300 352 112824 1087351996 1026 0 4294963200 3170
======================
   8      33 sdc1 548 0 19380 176721 182841 8845352 180207040 1088892919 181 112920 1088702348 1026 0 4294963200 3170
======================
   8      33 sdc1 548 0 19380 176721 183022 8845352 180392384 1090289499 1536 113204 1090098572 1026 0 4294963200 3170
======================
   8      33 sdc1 548 0 19380 176721 183236 8845352 180611520 1090504162 1499 113332 1090312820 1026 0 4294963200 3170
======================
   8      33 sdc1 548 0 19380 176721 183412 8845352 180791744 1090840407 1536 113444 1090648696 1026 0 4294963200 3170
======================
   8      33 sdc1 548 0 19380 176721 183597 8845352 180981184 1091409041 1536 113544 1091216960 1026 0 4294963200 3170
======================
   8      33 sdc1 548 0 19380 176721 183811 8845352 181200320 1092371021 1499 113664 1092178512 1026 0 4294963200 3170
======================
   8      33 sdc1 548 0 19380 176721 183993 8845352 181386688 1093270717 1536 113772 1093077832 1026 0 4294963200 3170
======================
   8      33 sdc1 548 0 19380 176721 184164 8845352 181561792 1094235714 1536 113876 1094042460 1026 0 4294963200 3170
======================
   8      33 sdc1 548 0 19380 176721 184384 8845352 181787072 1095649689 1499 114000 1095456008 1026 0 4294963200 3170
======================
   8      33 sdc1 548 0 19380 176721 184552 8845352 181959104 1096857710 1536 114116 1096663696 1026 0 4294963200 3170
======================
   8      33 sdc1 548 0 19380 176721 184733 8845352 182144448 1098231767 1536 114228 1098037388 1026 0 4294963200 3170
======================
   8      33 sdc1 548 0 19380 176721 184949 8845384 182365632 1099912847 1402 114356 1099718044 1026 0 4294963200 3170
======================
   8      33 sdc1 548 0 19380 176721 185124 8845384 182544832 1101340501 1227 114444 1101145352 1026 0 4294963200 3170
======================
   8      33 sdc1 548 0 19380 176721 185309 8845384 182734272 1102812874 1042 114532 1102617352 1026 0 4294963200 3170
======================
   8      33 sdc1 548 0 19380 176721 185529 8845384 182959552 1104548301 822 114644 1104352336 1026 0 4294963200 3170
======================
   8      33 sdc1 548 0 19380 176721 185698 8845384 183132608 1105944883 653 114728 1105748608 1026 0 4294963200 3170
======================
   8      33 sdc1 548 0 19380 176721 185877 8845384 183315144 1107450952 971 114872 1107254332 1026 0 4294963200 3170
======================
   8      33 sdc1 548 0 19380 176721 186093 8845384 183536328 1109175617 755 114976 1108978564 1026 0 4294963200 3170
======================
   8      33 sdc1 548 0 19380 176721 186270 8845384 183717576 1110248106 578 115064 1110050688 1026 0 4294963200 3170
======================
   8      33 sdc1 548 0 19380 176721 186451 8845384 183902920 1111163370 397 115148 1110965592 1026 0 4294963200 3170
======================
   8      33 sdc1 548 0 19380 176721 186664 8845384 184121032 1112304750 184 115240 1112106520 1026 0 4294963200 3170
======================
   8      33 sdc1 549 0 19388 180949 186832 8845384 184293064 1113216371 481 115428 1113022008 1026 0 4294963200 3170
======================
   8      33 sdc1 549 0 19388 180949 187020 8845384 184485576 1113461761 1535 115704 1113267000 1026 0 4294963200 3170
======================
   8      33 sdc1 549 0 19388 180949 187233 8845384 184703688 1113805048 1535 115828 1113609832 1026 0 4294963200 3170
======================
   8      33 sdc1 549 0 19388 180949 187415 8845384 184890056 1114281464 1495 115940 1114085896 1026 0 4294963200 3170
======================
   8      33 sdc1 549 0 19388 180949 187590 8845384 185069256 1114902613 1535 116044 1114706672 1026 0 4294963200 3170
======================
   8      33 sdc1 549 0 19388 180949 187806 8845384 185290440 1115870505 1498 116172 1115674136 1026 0 4294963200 3170
======================
   8      33 sdc1 549 0 19388 180949 187979 8845384 185467592 1116817808 1499 116284 1116621108 1026 0 4294963200 3170
======================
   8      33 sdc1 549 0 19388 180949 188156 8845384 185648840 1117912017 1536 116396 1117714928 1026 0 4294963200 3170
======================
   8      33 sdc1 549 0 19388 180949 188374 8845384 185872072 1119379334 1500 116516 1119181808 1026 0 4294963200 3170
======================
   8      33 sdc1 549 0 19388 180949 188558 8845384 186060488 1120786767 1500 116624 1120588892 1026 0 4294963200 3170
======================
   8      33 sdc1 549 0 19388 180949 188743 8845384 186249928 1122314558 1536 116736 1122116288 1026 0 4294963200 3170
======================
   8      33 sdc1 549 0 19388 180949 188945 8845384 186456776 1123907807 1536 116868 1123709120 1026 0 4294963200 3170
======================
   8      33 sdc1 549 0 19388 180949 189128 8845384 186644168 1125326158 1536 116972 1125127088 1026 0 4294963200 3170
======================
   8      33 sdc1 549 0 19388 180949 189301 8845384 186821320 1126732198 1372 117056 1126532792 1026 0 4294963200 3170
======================
   8      33 sdc1 549 0 19388 180949 189520 8845384 187045576 1128526503 1153 117160 1128326660 1026 0 4294963200 3170
======================
   8      33 sdc1 549 0 19388 180949 189692 8845384 187221704 1129807243 981 117252 1129607048 1026 0 4294963200 3170
======================
   8      33 sdc1 549 0 19388 180949 189873 8845384 187407048 1131311797 800 117336 1131111252 1026 0 4294963200 3170
======================
   8      33 sdc1 549 0 19388 180949 190085 8845384 187623120 1133038182 588 117444 1132837220 1026 0 4294963200 3170
======================
   8      33 sdc1 549 0 19388 180949 190261 8845384 187803344 1134455180 412 117524 1134253868 1026 0 4294963200 3170
======================
   8      33 sdc1 549 0 19388 180949 190446 8845384 187992784 1135990528 227 117616 1135788860 1026 0 4294963200 3170
======================
   8      33 sdc1 550 0 19396 188062 190666 8845406 188218064 1137972006 23 117740 1137777032 1026 0 4294963200 3170
======================
   8      33 sdc1 550 0 19396 188062 190837 8845432 188392328 1138103089 1536 118048 1137907776 1026 0 4294963200 3170
======================
   8      33 sdc1 550 0 19396 188062 191019 8845432 188578696 1138356473 1536 118160 1138160792 1026 0 4294963200 3170
======================
   8      33 sdc1 550 0 19396 188062 191228 8845432 188792712 1138838134 1498 118280 1138642048 1026 0 4294963200 3170
======================
   8      33 sdc1 550 0 19396 188062 191408 8845432 188975208 1139431114 1535 118396 1139234688 1026 0 4294963200 3170
======================
   8      33 sdc1 550 0 19396 188062 191587 8845432 189158504 1140181843 1535 118508 1139985048 1026 0 4294963200 3170
======================
   8      33 sdc1 550 0 19396 188062 191801 8845432 189377640 1141292304 1498 118620 1141095096 1026 0 4294963200 3170
======================
   8      33 sdc1 550 0 19396 188062 191977 8845432 189557864 1142368016 1535 118724 1142170444 1026 0 4294963200 3170
======================
   8      33 sdc1 550 0 19396 188062 192165 8845432 189750376 1143612999 1536 118844 1143415064 1026 0 4294963200 3170
======================
   8      33 sdc1 550 0 19396 188062 192378 8845432 189968488 1145148111 1499 118992 1144949744 1026 0 4294963200 3170
======================
   8      33 sdc1 550 0 19396 188062 192553 8845432 190147688 1146521828 1536 119100 1146323132 1026 0 4294963200 3170
======================
   8      33 sdc1 550 0 19396 188062 192730 8845432 190328936 1147957040 1536 119208 1147757992 1026 0 4294963200 3170
======================
   8      33 sdc1 550 0 19396 188062 192943 8845432 190547048 1149639661 1499 119332 1149440208 1026 0 4294963200 3170
======================
   8      33 sdc1 550 0 19396 188062 193120 8845432 190727280 1151007470 1397 119432 1150807640 1026 0 4294963200 3170
======================
   8      33 sdc1 550 0 19396 188062 193300 8845432 190911600 1152562724 1217 119516 1152362540 1026 0 4294963200 3170
======================
   8      33 sdc1 550 0 19396 188062 193510 8845432 191126640 1154243867 1007 119616 1154043244 1026 0 4294963200 3170
======================
   8      33 sdc1 550 0 19396 188062 193692 8845432 191313008 1155745623 825 119704 1155544624 1026 0 4294963200 3170
======================
   8      33 sdc1 550 0 19396 188062 193877 8845432 191502448 1157300736 640 119784 1157099376 1026 0 4294963200 3170
======================
   8      33 sdc1 550 0 19396 188062 194096 8845432 191726704 1158999265 421 119900 1158797448 1026 0 4294963200 3170
======================
   8      33 sdc1 550 0 19396 188062 194265 8845432 191899760 1160420966 252 119980 1160218784 1026 0 4294963200 3170
======================
   8      33 sdc1 551 0 19404 195502 194448 8845432 192087152 1161978274 68 120068 1161783172 1026 0 4294963200 3170
======================
   8      33 sdc1 551 0 19404 195502 194653 8845447 192297072 1162698520 1499 120392 1162503024 1026 0 4294963200 3170
======================
   8      33 sdc1 551 0 19404 195502 194839 8845447 192487536 1162911816 1536 120500 1162715944 1026 0 4294963200 3170
======================
   8      33 sdc1 551 0 19404 195502 195008 8845447 192660592 1163248612 1536 120604 1163052400 1026 0 4294963200 3170
======================
   8      33 sdc1 551 0 19404 195502 195233 8845447 192888064 1163928270 1498 120748 1163731628 1026 0 4294963200 3170
======================
   8      33 sdc1 551 0 19404 195502 195405 8845447 193064192 1164612183 1536 120860 1164415212 1026 0 4294963200 3170
======================
   8      33 sdc1 551 0 19404 195502 195590 8845447 193253632 1165519102 1536 120964 1165321776 1026 0 4294963200 3170
======================
   8      33 sdc1 551 0 19404 195502 195805 8845447 193473792 1166787836 1499 121076 1166590068 1026 0 4294963200 3170
======================
   8      33 sdc1 551 0 19404 195502 195978 8845447 193650944 1167979845 1536 121188 1167781740 1026 0 4294963200 3170
======================
   8      33 sdc1 551 0 19404 195502 196159 8845447 193836288 1169310221 1536 121296 1169111772 1026 0 4294963200 3170
======================
   8      33 sdc1 551 0 19404 195502 196371 8845479 194053376 1170918485 1477 121424 1170719620 1026 0 4294963200 3170
======================
   8      33 sdc1 551 0 19404 195502 196548 8845479 194234624 1172262701 1300 121516 1172063480 1026 0 4294963200 3170
======================
   8      33 sdc1 551 0 19404 195502 196721 8845479 194411776 1173614684 1127 121596 1173415108 1026 0 4294963200 3170
======================
   8      33 sdc1 551 0 19404 195502 196941 8845479 194637056 1175466129 907 121704 1175266116 1026 0 4294963200 3170
======================
   8      33 sdc1 551 0 19404 195502 197114 8845479 194814208 1176786690 734 121784 1176586332 1026 0 4294963200 3170
======================
   8      33 sdc1 551 0 19404 195502 197299 8845479 195003648 1178299884 549 121868 1178099172 1026 0 4294963200 3170
======================
   8      33 sdc1 551 0 19404 195502 197517 8845479 195226120 1180034492 844 122040 1179833336 1026 0 4294963200 3170
======================
   8      33 sdc1 551 0 19404 195502 197694 8845479 195407368 1181443365 667 122128 1181241872 1026 0 4294963200 3170
======================
   8      33 sdc1 551 0 19404 195502 197870 8845479 195587592 1182237063 491 122212 1182035248 1026 0 4294963200 3170
======================
   8      33 sdc1 551 0 19404 195502 198081 8845479 195803656 1183464257 280 122324 1183262020 1026 0 4294963200 3170
======================
   8      33 sdc1 552 0 19412 199387 198258 8845479 195984904 1184256368 102 122428 1184057664 1026 0 4294963200 3170
======================
   8      33 sdc1 552 0 19412 199387 198478 8845479 196210184 1184726516 1499 122772 1184527344 1026 0 4294963200 3170
======================
   8      33 sdc1 552 0 19412 199387 198653 8845479 196389384 1184957104 1536 122872 1184757572 1026 0 4294963200 3170
======================
   8      33 sdc1 552 0 19412 199387 198830 8845479 196570632 1185399857 1536 122980 1185199948 1026 0 4294963200 3170
======================
   8      33 sdc1 552 0 19412 199387 199024 8845479 196769288 1186036634 1533 123104 1185836312 1026 0 4294963200 3170
======================
   8      33 sdc1 552 0 19412 199387 199228 8845479 196978184 1186935545 1530 123220 1186734808 1026 0 4294963200 3170
======================
   8      33 sdc1 552 0 19412 199387 199406 8845479 197160456 1187842999 1535 123324 1187641868 1026 0 4294963200 3170
======================
   8      33 sdc1 552 0 19412 199387 199583 8845479 197341704 1188889503 1532 123444 1188688004 1026 0 4294963200 3170
======================
   8      33 sdc1 552 0 19412 199387 199798 8845479 197561864 1190313670 1535 123564 1190111776 1026 0 4294963200 3170
======================
   8      33 sdc1 552 0 19412 199387 199970 8845479 197737992 1191654236 1535 123668 1191451984 1026 0 4294963200 3170
======================
   8      33 sdc1 552 0 19412 199387 200190 8845479 197963272 1193301145 1499 123796 1193098456 1026 0 4294963200 3170
======================
   8      33 sdc1 552 0 19412 199387 200364 8845479 198141448 1194623490 1536 123896 1194420480 1026 0 4294963200 3170
======================
   8      33 sdc1 552 0 19412 199387 200543 8845479 198324744 1196061760 1536 123996 1195858412 1026 0 4294963200 3170
======================
   8      33 sdc1 552 0 19412 199387 200752 8845479 198538760 1197804470 1450 124112 1197600716 1026 0 4294963200 3170
======================
   8      33 sdc1 552 0 19412 199387 200940 8845479 198731272 1199324830 1262 124196 1199120732 1026 0 4294963200 3170
======================
   8      33 sdc1 552 0 19412 199387 201117 8845479 198912520 1200678184 1085 124276 1200473740 1026 0 4294963200 3170
======================
   8      33 sdc1 552 0 19412 199387 201334 8845479 199134728 1202434482 868 124392 1202229608 1026 0 4294963200 3170
======================
   8      33 sdc1 552 0 19412 199387 201509 8845479 199313928 1203892376 693 124476 1203687148 1026 0 4294963200 3170
======================
   8      33 sdc1 552 0 19412 199387 201688 8845479 199497224 1205347254 514 124572 1205141664 1026 0 4294963200 3170
======================
   8      33 sdc1 552 0 19412 199387 201867 8845479 199680520 1206724608 335 124660 1206518644 1026 0 4294963200 3170
======================
   8      33 sdc1 553 0 19420 206578 202078 8845479 199895568 1208443799 123 124756 1208244564 1026 0 4294963200 3170
======================
   8      33 sdc1 553 0 19420 206578 202266 8845526 200087232 1209768355 1536 125068 1209568732 1026 0 4294963200 3170
======================
   8      33 sdc1 553 0 19420 206578 202451 8845526 200276672 1209902908 1536 125176 1209702900 1026 0 4294963200 3170
======================
   8      33 sdc1 553 0 19420 206578 202652 8845526 200482496 1210262846 1499 125300 1210062436 1026 0 4294963200 3170
======================
   8      33 sdc1 553 0 19420 206578 202830 8845526 200663752 1210754910 1536 125412 1210554120 1026 0 4294963200 3170
======================
   8      33 sdc1 553 0 19420 206578 203014 8845541 200851248 1211428858 1535 125528 1211227720 1026 0 4294963200 3170
======================
   8      33 sdc1 553 0 19420 206578 203225 8845541 201067312 1212412658 1502 125660 1212211096 1026 0 4294963200 3170
======================
   8      33 sdc1 553 0 19420 206578 203407 8845541 201251760 1213444774 1536 125780 1213242840 1026 0 4294963200 3170
======================
   8      33 sdc1 553 0 19420 206578 203573 8845541 201421744 1214512479 1536 125892 1214310216 1026 0 4294963200 3170
======================
   8      33 sdc1 553 0 19420 206578 203795 8845541 201649072 1216063134 1499 126020 1215860452 1026 0 4294963200 3170
======================
   8      33 sdc1 553 0 19420 206578 203970 8845541 201828272 1217377622 1536 126128 1217174588 1026 0 4294963200 3170
======================
   8      33 sdc1 553 0 19420 206578 204158 8845541 202020784 1218881670 1536 126240 1218678260 1026 0 4294963200 3170
======================
   8      33 sdc1 553 0 19420 206578 204339 8845541 202206128 1220338157 1532 126348 1220134400 1026 0 4294963200 3170
======================
   8      33 sdc1 553 0 19420 206578 204548 8845541 202420144 1222063075 1501 126472 1221858892 1026 0 4294963200 3170
======================
   8      33 sdc1 553 0 19420 206578 204724 8845541 202600368 1223543620 1325 126552 1223339108 1026 0 4294963200 3170
======================
   8      33 sdc1 553 0 19420 206578 204941 8845541 202822576 1225192998 1108 126652 1224988044 1026 0 4294963200 3170
======================
   8      33 sdc1 553 0 19420 206578 205120 8845541 203004968 1226598235 929 126744 1226392920 1026 0 4294963200 3170
======================
   8      33 sdc1 553 0 19420 206578 205294 8845541 203182136 1228074460 755 126856 1227868812 1026 0 4294963200 3170
======================
   8      33 sdc1 553 0 19420 206578 205468 8845541 203360312 1229435247 581 126940 1229229272 1026 0 4294963200 3170
======================
   8      33 sdc1 553 0 19420 206578 205686 8845541 203583544 1231218726 363 127036 1231012308 1026 0 4294963200 3170
======================
   8      33 sdc1 554 0 19428 213534 205874 8845541 203776056 1232773267 174 127140 1232573396 1026 0 4294963200 3170
======================
   8      33 sdc1 554 0 19428 213534 206049 8845541 203955256 1234129158 1536 127436 1233928952 1026 0 4294963200 3170
======================
   8      33 sdc1 554 0 19428 213534 206262 8845541 204173368 1234336060 1499 127560 1234135416 1026 0 4294963200 3170
======================
   8      33 sdc1 554 0 19428 213534 206437 8845541 204352568 1234659367 1536 127672 1234458352 1026 0 4294963200 3170
======================
   8      33 sdc1 554 0 19428 213534 206613 8845541 204532792 1235274758 1536 127776 1235073428 1026 0 4294963200 3170
======================
   8      33 sdc1 554 0 19428 213534 206828 8845541 204752952 1236187297 1499 127904 1235985544 1026 0 4294963200 3170
======================
   8      33 sdc1 554 0 19428 213534 207002 8845541 204931128 1237044036 1536 128020 1236841944 1026 0 4294963200 3170
======================
   8      33 sdc1 554 0 19428 213534 207186 8845541 205119544 1238074524 1536 128128 1237872052 1026 0 4294963200 3170
======================
   8      33 sdc1 554 0 19428 213534 207377 8845541 205315128 1239267299 1536 128248 1239064432 1026 0 4294963200 3170
======================
   8      33 sdc1 554 0 19428 213534 207583 8845541 205526072 1240705815 1508 128372 1240502540 1026 0 4294963200 3170
======================
   8      33 sdc1 554 0 19428 213534 207757 8845541 205704248 1242019507 1536 128480 1241815864 1026 0 4294963200 3170
======================
   8      33 sdc1 554 0 19428 213534 207934 8845572 205885496 1243514397 1411 128568 1243310412 1026 0 4294963200 3170
======================
   8      33 sdc1 554 0 19428 213534 208152 8845572 206108728 1245248911 1193 128684 1245044508 1026 0 4294963200 3170
======================
   8      33 sdc1 554 0 19428 213534 208324 8845572 206284856 1246620494 1021 128760 1246415704 1026 0 4294963200 3170
======================
   8      33 sdc1 554 0 19428 213534 208505 8845572 206470200 1248105322 840 128844 1247900184 1026 0 4294963200 3170
======================
   8      33 sdc1 554 0 19428 213534 208717 8845572 206687288 1249875651 628 128952 1249670088 1026 0 4294963200 3170
======================
   8      33 sdc1 554 0 19428 213534 208898 8845572 206872632 1251365219 447 129040 1251159304 1026 0 4294963200 3170
======================
   8      33 sdc1 554 0 19428 213534 209110 8845572 207089720 1253083075 235 129160 1252876736 1026 0 4294963200 3170
======================
   8      33 sdc1 554 0 19428 213534 209296 8845572 207279416 1254666856 594 129320 1254460156 1026 0 4294963200 3170
======================
   8      33 sdc1 554 0 19428 213534 209473 8845572 207460664 1254810131 417 129404 1254603064 1026 0 4294963200 3170
======================
   8      33 sdc1 554 0 19428 213534 209672 8845572 207664440 1255214913 219 129500 1255007440 1026 0 4294963200 3170
======================
   8      33 sdc1 555 0 19436 215895 209861 8845572 207857976 1256091954 481 129660 1255886448 1026 0 4294963200 3170
======================
   8      33 sdc1 555 0 19436 215895 210044 8845572 208045368 1256213741 1536 129936 1256007852 1026 0 4294963200 3170
======================
   8      33 sdc1 555 0 19436 215895 210214 8845572 208219448 1256479487 1536 130036 1256273260 1026 0 4294963200 3170
======================
   8      33 sdc1 555 0 19436 215895 210429 8845572 208439608 1257062730 1507 130164 1256856080 1026 0 4294963200 3170
======================
   8      33 sdc1 555 0 19436 215895 210607 8845572 208621880 1257727382 1535 130276 1257520384 1026 0 4294963200 3170
======================
   8      33 sdc1 555 0 19436 215895 210795 8845572 208814392 1258553439 1535 130384 1258346036 1026 0 4294963200 3170
======================
   8      33 sdc1 555 0 19436 215895 211006 8845572 209030456 1259690751 1511 130524 1259482952 1026 0 4294963200 3170
======================
   8      33 sdc1 555 0 19436 215895 211185 8845572 209213752 1260832589 1535 130632 1260624452 1026 0 4294963200 3170
======================
   8      33 sdc1 555 0 19436 215895 211387 8845572 209421624 1262215851 1511 130748 1262007336 1026 0 4294963200 3170
======================
   8      33 sdc1 555 0 19436 215895 211575 8845572 209613112 1263575604 1514 130876 1263366736 1026 0 4294963200 3170
======================
   8      33 sdc1 555 0 19436 215895 211757 8845572 209799480 1265034294 1536 130992 1264825044 1026 0 4294963200 3170
======================
   8      33 sdc1 555 0 19436 215895 211948 8845572 209995064 1266582355 1520 131116 1266372692 1026 0 4294963200 3170
======================
   8      33 sdc1 555 0 19436 215895 212141 8845572 210192696 1268142553 1536 131236 1267932516 1026 0 4294963200 3170
======================
   8      33 sdc1 555 0 19436 215895 212319 8845572 210374968 1269579640 1412 131336 1269369228 1026 0 4294963200 3170
======================
   8      33 sdc1 555 0 19436 215895 212517 8845572 210577720 1271102547 1214 131428 1270891720 1026 0 4294963200 3170
======================
   8      33 sdc1 555 0 19436 215895 212721 8845572 210785600 1272743042 1010 131528 1272531792 1026 0 4294963200 3170
======================
   8      33 sdc1 555 0 19436 215895 212893 8845572 210961728 1274191569 838 131616 1273979988 1026 0 4294963200 3170
======================
   8      33 sdc1 555 0 19436 215895 213082 8845572 211155264 1275683900 649 131704 1275471920 1026 0 4294963200 3170
======================
   8      33 sdc1 556 0 19444 221481 213284 8845572 211362112 1277382484 446 131788 1277175676 1026 0 4294963200 3170
======================
   8      33 sdc1 556 0 19444 221481 213466 8845597 211548480 1278871827 1536 132040 1278664676 1026 0 4294963200 3170
======================
   8      33 sdc1 556 0 19444 221481 213676 8845625 211763520 1280039758 1369 132156 1279832192 1026 0 4294963200 3170
======================
   8      33 sdc1 556 0 19444 221481 213860 8845625 211950104 1280840782 1185 132240 1280632868 1026 0 4294963200 3170
======================
   8      33 sdc1 556 0 19444 221481 214035 8845625 212129304 1281617684 1010 132332 1281409432 1026 0 4294963200 3170
======================
   8      33 sdc1 556 0 19444 221481 214254 8845625 212353560 1282641137 791 132436 1282432416 1026 0 4294963200 3170
======================
   8      33 sdc1 556 0 19444 221481 214439 8845625 212543000 1283544583 606 132520 1283335504 1026 0 4294963200 3170
======================
   8      33 sdc1 556 0 19444 221481 214607 8845625 212714240 1284509733 768 132660 1284300308 1026 0 4294963200 3170
======================
   8      33 sdc1 556 0 19444 221481 214823 8845625 212935424 1285942947 1524 132884 1285733112 1026 0 4294963200 3170
======================
   8      33 sdc1 556 0 19444 221481 215004 8845625 213120768 1286804168 1518 132984 1286593968 1026 0 4294963200 3170
======================
   8      33 sdc1 556 0 19444 221481 215179 8845625 213299968 1287498354 1536 133116 1287287804 1026 0 4294963200 3170
======================
   8      33 sdc1 556 0 19444 221481 215355 8845625 213480192 1288315417 1536 133228 1288104512 1026 0 4294963200 3170
======================
   8      33 sdc1 556 0 19444 221481 215571 8845625 213701376 1289510668 1499 133372 1289299332 1026 0 4294963200 3170
======================
   8      33 sdc1 556 0 19444 221481 215747 8845625 213881600 1290564994 1536 133488 1290353300 1026 0 4294963200 3170
======================
   8      33 sdc1 556 0 19444 221481 215956 8845625 214096640 1291904527 1512 133620 1291692384 1026 0 4294963200 3170
======================
   8      33 sdc1 556 0 19444 221481 216145 8845625 214289152 1293173578 1429 133732 1292961048 1026 0 4294963200 3170
======================
   8      33 sdc1 556 0 19444 221481 216332 8845625 214480640 1294471058 1242 133824 1294258140 1026 0 4294963200 3170
======================
   8      33 sdc1 556 0 19444 221481 216496 8845625 214648576 1295754774 1078 133920 1295541548 1026 0 4294963200 3170
======================
   8      33 sdc1 556 0 19444 221481 216715 8845625 214872832 1297625121 859 134028 1297411452 1026 0 4294963200 3170
======================
   8      33 sdc1 556 0 19444 221481 216891 8845625 215053056 1299084582 683 134112 1298870560 1026 0 4294963200 3170
======================
   8      33 sdc1 556 0 19444 221481 217085 8845625 215251712 1300650688 489 134220 1300436292 1026 0 4294963200 3170
======================
   8      33 sdc1 556 0 19444 221481 217283 8845625 215454464 1302301007 292 134312 1302086220 1026 0 4294963200 3170
======================
   8      33 sdc1 557 0 19452 228571 217457 8845625 215631624 1303755219 117 134412 1303547144 1026 0 4294963200 3170
======================
   8      33 sdc1 557 0 19452 228571 217674 8845625 215853832 1304823394 1504 134704 1304614892 1026 0 4294963200 3170
======================
   8      33 sdc1 557 0 19452 228571 217859 8845625 216043272 1305031593 1536 134812 1304822744 1026 0 4294963200 3170
======================
   8      33 sdc1 557 0 19452 228571 218037 8845625 216225544 1305409800 1536 134916 1305200616 1026 0 4294963200 3170
======================
   8      33 sdc1 557 0 19452 228571 218252 8845625 216445704 1306097307 1499 135036 1305887688 1026 0 4294963200 3170
======================
   8      33 sdc1 557 0 19452 228571 218424 8845625 216621832 1306784913 1536 135140 1306574932 1026 0 4294963200 3170
======================
   8      33 sdc1 557 0 19452 228571 218606 8845625 216808200 1307672341 1536 135252 1307461992 1026 0 4294963200 3170
======================
   8      33 sdc1 557 0 19452 228571 218817 8845625 217024264 1308911681 1516 135400 1308700912 1026 0 4294963200 3170
======================
   8      33 sdc1 557 0 19452 228571 218994 8845625 217205512 1310123663 1524 135508 1309912544 1026 0 4294963200 3170
======================
   8      33 sdc1 557 0 19452 228571 219179 8845625 217394952 1311483843 1536 135620 1311272360 1026 0 4294963200 3170
======================
   8      33 sdc1 557 0 19452 228571 219380 8845651 217600776 1313022465 1395 135728 1312810576 1026 0 4294963200 3170
======================
   8      33 sdc1 557 0 19452 228571 219568 8845651 217793288 1314454758 1207 135820 1314242492 1026 0 4294963200 3170
======================
   8      33 sdc1 557 0 19452 228571 219745 8845651 217974536 1315813968 1030 135908 1315601376 1026 0 4294963200 3170
======================
   8      33 sdc1 557 0 19452 228571 219966 8845651 218200840 1317673879 809 136008 1317460852 1026 0 4294963200 3170
======================
   8      33 sdc1 557 0 19452 228571 220141 8845651 218380040 1319077150 634 136088 1318863784 1026 0 4294963200 3170
======================
   8      33 sdc1 557 0 19452 228571 220323 8845651 218565600 1320525148 1093 136252 1320311424 1026 0 4294963200 3170
======================
   8      33 sdc1 557 0 19452 228571 220527 8845651 218774496 1322190319 889 136352 1321976184 1026 0 4294963200 3170
======================
   8      33 sdc1 557 0 19452 228571 220707 8845651 218958816 1323199433 709 136448 1322984928 1026 0 4294963200 3170
======================
   8      33 sdc1 557 0 19452 228571 220884 8845651 219140064 1324016091 532 136532 1323801228 1026 0 4294963200 3170
======================
   8      33 sdc1 557 0 19452 228571 221101 8845651 219362272 1325341662 315 136632 1325126348 1026 0 4294963200 3170
======================
   8      33 sdc1 558 0 19460 233582 221286 8845651 219551712 1326396213 129 136724 1326185548 1026 0 4294963200 3170
======================
   8      33 sdc1 558 0 19460 233582 221464 8845651 219733984 1327178866 1536 137016 1326967836 1026 0 4294963200 3170
======================
   8      33 sdc1 558 0 19460 233582 221671 8845651 219945952 1327400466 1499 137136 1327189016 1026 0 4294963200 3170
======================
   8      33 sdc1 558 0 19460 233582 221854 8845651 220133344 1327791207 1535 137248 1327579376 1026 0 4294963200 3170
======================
   8      33 sdc1 558 0 19460 233582 222028 8845651 220311520 1328324072 1535 137360 1328111888 1026 0 4294963200 3170
======================
   8      33 sdc1 558 0 19460 233582 222238 8845651 220526560 1329158546 1498 137480 1328945932 1026 0 4294963200 3170
======================
   8      33 sdc1 558 0 19460 233582 222422 8845651 220714976 1330062737 1535 137588 1329849748 1026 0 4294963200 3170
======================
   8      33 sdc1 558 0 19460 233582 222595 8845651 220892128 1331065303 1535 137696 1330851948 1026 0 4294963200 3170
======================
   8      33 sdc1 558 0 19460 233582 222786 8845651 221087712 1332354862 1536 137808 1332141108 1026 0 4294963200 3170
======================
   8      33 sdc1 558 0 19460 233582 222993 8845651 221299680 1333850071 1536 137944 1333635908 1026 0 4294963200 3170
======================
   8      33 sdc1 558 0 19460 233582 223181 8845651 221492192 1335293198 1536 138056 1335078660 1026 0 4294963200 3170
======================
   8      33 sdc1 558 0 19460 233582 223347 8845651 221662176 1336626609 1536 138156 1336411744 1026 0 4294963200 3170
======================
   8      33 sdc1 558 0 19460 233582 223563 8845651 221883360 1338326465 1536 138280 1338111172 1026 0 4294963200 3170
======================
   8      33 sdc1 558 0 19460 233582 223747 8845651 222071776 1339841467 1510 138392 1339625808 1026 0 4294963200 3170
======================
   8      33 sdc1 558 0 19460 233582 223917 8845651 222244840 1341232636 1340 138484 1341016628 1026 0 4294963200 3170
======================
   8      33 sdc1 558 0 19460 233582 224131 8845651 222463976 1342977272 1126 138596 1342760824 1026 0 4294963200 3170
======================
   8      33 sdc1 558 0 19460 233582 224307 8845651 222644200 1344378669 950 138680 1344161860 1026 0 4294963200 3170
======================
   8      33 sdc1 558 0 19460 233582 224503 8845651 222844904 1345937408 754 138772 1345720180 1026 0 4294963200 3170
======================
   8      33 sdc1 558 0 19460 233582 224711 8845651 223057896 1347633258 546 138872 1347415620 1026 0 4294963200 3170
======================
   8      33 sdc1 558 0 19460 233582 224884 8845651 223235048 1348983194 373 138968 1348765184 1026 0 4294963200 3170
======================
   8      33 sdc1 558 0 19460 233582 225069 8845651 223424488 1350493450 188 139064 1350275068 1026 0 4294963200 3170
======================
   8      33 sdc1 559 0 19468 240723 225272 8845715 223631528 1352233309 198 139188 1352021672 1026 0 4294963200 3170
======================
   8      33 sdc1 559 0 19468 240723 225461 8845715 223819296 1352341465 10 139284 1352129460 1026 0 4294963200 3170
======================
   8      33 sdc1 559 0 19468 240723 225479 8845736 223829768 1352352554 0 139308 1352140500 1026 0 4294963200 3170
======================
   8      33 sdc1 559 0 19468 240723 225479 8845736 223829768 1352352554 0 139308 1352140500 1026 0 4294963200 3170
======================
   8      33 sdc1 559 0 19468 240723 225479 8845736 223829768 1352352554 0 139308 1352140500 1026 0 4294963200 3170
======================
   8      33 sdc1 559 0 19468 240723 225479 8845736 223829768 1352352554 0 139308 1352140500 1026 0 4294963200 3170
======================
   8      33 sdc1 559 0 19468 240723 225479 8845736 223829768 1352352554 0 139308 1352140500 1026 0 4294963200 3170
======================
   8      33 sdc1 559 0 19468 240723 225479 8845736 223829768 1352352554 0 139308 1352140500 1026 0 4294963200 3170
======================
   8      33 sdc1 559 0 19468 240723 225479 8845736 223829768 1352352554 0 139308 1352140500 1026 0 4294963200 3170
======================
   8      33 sdc1 559 0 19468 240723 225479 8845736 223829768 1352352554 0 139308 1352140500 1026 0 4294963200 3170
======================
   8      33 sdc1 559 0 19468 240723 225479 8845736 223829768 1352352554 0 139308 1352140500 1026 0 4294963200 3170
======================
   8      33 sdc1 559 0 19468 240723 225484 8845736 223829808 1352352570 0 139328 1352140500 1026 0 4294963200 3170
started
======================
   8      33 sdc1 692 0 20526 242472 225485 8845736 223829816 1352352574 0 139384 1352141976 1026 0 4294963200 3170
======================
   8      33 sdc1 791 0 86774 243370 225485 8845736 223829816 1352352574 2 139708 1352142672 1026 0 4294963200 3170
======================
   8      33 sdc1 1064 0 277142 245293 225485 8845736 223829816 1352352574 2 140548 1352144148 1026 0 4294963200 3170
======================
   8      33 sdc1 1345 0 473798 247218 225485 8845736 223829816 1352352574 2 141356 1352145652 1026 0 4294963200 3170
======================
   8      33 sdc1 1618 0 663990 249138 225485 8845736 223829816 1352352574 2 142228 1352147152 1026 0 4294963200 3170
======================
   8      33 sdc1 1897 0 858918 251073 225485 8845736 223829816 1352352574 2 143072 1352148640 1026 0 4294963200 3170
======================
   8      33 sdc1 2176 0 1052822 252994 225485 8845736 223829816 1352352574 2 143932 1352150100 1026 0 4294963200 3170
======================
   8      33 sdc1 2455 0 1247750 254923 225485 8845736 223829816 1352352574 2 144796 1352151584 1026 0 4294963200 3170
======================
   8      33 sdc1 2736 0 1444726 256866 225485 8845736 223829816 1352352574 1 145664 1352153088 1026 0 4294963200 3170
======================
   8      33 sdc1 3020 0 1641638 258792 225485 8845736 223829816 1352352574 2 146508 1352154572 1026 0 4294963200 3170
======================
   8      33 sdc1 3305 0 1841126 260740 225485 8845736 223829816 1352352574 2 147328 1352156052 1026 0 4294963200 3170
======================
   8      33 sdc1 3565 0 2023222 262637 225485 8845736 223829816 1352352574 2 148144 1352157488 1026 0 4294963200 3170
======================
   8      33 sdc1 3843 0 2216102 264565 225485 8845736 223829816 1352352574 2 149016 1352158972 1026 0 4294963200 3170
======================
   8      33 sdc1 4102 0 2396902 266449 225485 8845736 223829816 1352352574 2 149812 1352160444 1026 0 4294963200 3170
======================
   8      33 sdc1 4374 0 2587094 268370 225485 8845736 223829816 1352352574 2 150620 1352161928 1026 0 4294963200 3170
======================
   8      33 sdc1 4657 0 2784838 270313 225485 8845736 223829816 1352352574 2 151476 1352163420 1026 0 4294963200 3170
======================
   8      33 sdc1 4936 0 2979766 272250 225485 8845736 223829816 1352352574 2 152284 1352164940 1026 0 4294963200 3170
======================
   8      33 sdc1 5213 0 3173926 274173 225485 8845736 223829816 1352352574 2 153124 1352166432 1026 0 4294963200 3170
======================
   8      33 sdc1 5486 0 3364198 276091 225485 8845736 223829816 1352352574 2 153968 1352167920 1026 0 4294963200 3170
======================
   8      33 sdc1 5768 0 3561206 278022 225485 8845736 223829816 1352352574 2 154804 1352169392 1026 0 4294963200 3170
======================
   8      33 sdc1 6046 0 3755110 279944 225485 8845736 223829816 1352352574 2 155648 1352170864 1026 0 4294963200 3170
======================
   8      33 sdc1 6308 0 3937462 281846 225485 8845736 223829816 1352352574 2 156456 1352172332 1026 0 4294963200 3170
======================
   8      33 sdc1 6587 0 4132390 283775 225485 8845736 223829816 1352352574 2 157320 1352173808 1026 0 4294963200 3170
======================
   8      33 sdc1 6844 0 4312310 285636 225485 8845736 223829816 1352352574 2 158116 1352175240 1026 0 4294963200 3170
======================
   8      33 sdc1 7127 0 4509670 287570 225485 8845736 223829816 1352352574 2 158960 1352176728 1026 0 4294963200 3170
======================
   8      33 sdc1 7406 0 4704598 289490 225485 8845736 223829816 1352352574 2 159788 1352178204 1026 0 4294963200 3170
======================
   8      33 sdc1 7684 0 4898822 291413 225485 8845736 223829816 1352352574 2 160640 1352179652 1026 0 4294963200 3170
======================
   8      33 sdc1 7964 0 5094454 293342 225485 8845736 223829816 1352352574 2 161488 1352181124 1026 0 4294963200 3170
======================
   8      33 sdc1 8243 0 5289382 295265 225485 8845736 223829816 1352352574 2 162348 1352182612 1026 0 4294963200 3170
======================
   8      33 sdc1 8525 0 5486886 297196 225485 8845736 223829816 1352352574 2 163168 1352184076 1026 0 4294963200 3170
======================
   8      33 sdc1 8806 0 5683094 299117 225485 8845736 223829816 1352352574 2 164012 1352185552 1026 0 4294963200 3170
======================
   8      33 sdc1 9079 0 5873462 301008 225485 8845736 223829816 1352352574 2 164820 1352187008 1026 0 4294963200 3170
======================
   8      33 sdc1 9335 0 6051782 302902 225488 8845738 223829856 1352352584 2 165616 1352188472 1026 0 4294963200 3170
======================
   8      33 sdc1 9591 0 6230662 304815 225488 8845738 223829856 1352352584 2 166400 1352189932 1026 0 4294963200 3170
======================
   8      33 sdc1 9859 0 6418534 306743 225488 8845738 223829856 1352352584 2 167204 1352191396 1026 0 4294963200 3170
======================
   8      33 sdc1 10125 0 6602870 308642 225488 8845738 223829856 1352352584 2 168004 1352192840 1026 0 4294963200 3170
======================
   8      33 sdc1 10399 0 6794790 310570 225488 8845738 223829856 1352352584 2 168864 1352194312 1026 0 4294963200 3170
======================
   8      33 sdc1 10675 0 6987142 312499 225488 8845738 223829856 1352352584 2 169684 1352195784 1026 0 4294963200 3170
======================
   8      33 sdc1 10927 0 7163206 314404 225488 8845738 223829856 1352352584 2 170464 1352197280 1026 0 4294963200 3170
======================
   8      33 sdc1 11209 0 7360710 316339 225488 8845738 223829856 1352352584 2 171348 1352198772 1026 0 4294963200 3170
======================
   8      33 sdc1 11494 0 7559350 318279 225488 8845738 223829856 1352352584 2 172216 1352200236 1026 0 4294963200 3170
======================
   8      33 sdc1 11760 0 7745558 320176 225488 8845738 223829856 1352352584 2 173028 1352201704 1026 0 4294963200 3170
======================
   8      33 sdc1 12023 0 7928422 322081 225488 8845738 223829856 1352352584 2 173816 1352203188 1026 0 4294963200 3170
======================
   8      33 sdc1 12309 0 8128870 324023 225488 8845738 223829856 1352352584 2 174664 1352204684 1026 0 4294963200 3170
======================
   8      33 sdc1 12596 0 8329062 325959 225488 8845738 223829856 1352352584 2 175540 1352206168 1026 0 4294963200 3170
======================
   8      33 sdc1 12883 0 8529254 327897 225488 8845738 223829856 1352352584 2 176420 1352207604 1026 0 4294963200 3170
======================
   8      33 sdc1 13169 0 8728918 329835 225488 8845738 223829856 1352352584 1 177296 1352209064 1026 0 4294963200 3170
======================
   8      33 sdc1 13432 0 8912822 331704 225488 8845738 223829856 1352352584 2 178096 1352210528 1026 0 4294963200 3170
======================
   8      33 sdc1 13701 0 9100934 333689 225488 8845738 223829856 1352352584 2 178956 1352212084 1026 0 4294963200 3170
======================
   8      33 sdc1 13983 0 9298438 335634 225488 8845738 223829856 1352352584 2 179792 1352213608 1026 0 4294963200 3170
======================
   8      33 sdc1 14265 0 9494998 337578 225488 8845738 223829856 1352352584 2 180664 1352215128 1026 0 4294963200 3170
======================
   8      33 sdc1 14518 0 9671414 339456 225488 8845738 223829856 1352352584 2 181468 1352216608 1026 0 4294963200 3170
======================
   8      33 sdc1 14775 0 9851782 341358 225488 8845738 223829856 1352352584 2 182236 1352218096 1026 0 4294963200 3170
======================
   8      33 sdc1 15055 0 10046966 343296 225488 8845738 223829856 1352352584 2 183088 1352219592 1026 0 4294963200 3170
======================
   8      33 sdc1 15339 0 10245350 345247 225488 8845738 223829856 1352352584 2 183992 1352221080 1026 0 4294963200 3170
======================
   8      33 sdc1 15617 0 10439254 347172 225488 8845738 223829856 1352352584 2 184868 1352222580 1026 0 4294963200 3170
======================
   8      33 sdc1 15904 0 10639766 349112 225488 8845738 223829856 1352352584 2 185768 1352224064 1026 0 4294963200 3170
======================
   8      33 sdc1 16190 0 10839766 351046 225488 8845738 223829856 1352352584 2 186640 1352225548 1026 0 4294963200 3170
======================
   8      33 sdc1 16471 0 11035910 352987 225488 8845738 223829856 1352352584 2 187516 1352227032 1026 0 4294963200 3170
======================
   8      33 sdc1 16751 0 11231542 354905 225488 8845738 223829856 1352352584 2 188356 1352228524 1026 0 4294963200 3170
======================
   8      33 sdc1 17036 0 11430838 356848 225488 8845738 223829856 1352352584 2 189260 1352230024 1026 0 4294963200 3170
======================
   8      33 sdc1 17284 0 11604086 358709 225488 8845738 223829856 1352352584 2 190024 1352231480 1026 0 4294963200 3170
======================
   8      33 sdc1 17352 0 11651782 359180 225488 8845738 223829856 1352352584 0 190232 1352231836 1026 0 4294963200 3170
