======================
   8      32 sdc 91335 70409 1316706 846600 616481 27728963 226762504 155551672 0 1147932 156427492
======================
   8      32 sdc 91335 70409 1316706 846600 616481 27728963 226762504 155551672 0 1147932 156427492
======================
   8      32 sdc 91338 70409 1316730 846648 616481 27728963 226762504 155551672 0 1147980 156427540
======================
   8      32 sdc 91338 70409 1316730 846648 616481 27728963 226762504 155551672 0 1147980 156427540
======================
   8      32 sdc 91338 70409 1316730 846648 616481 27728963 226762504 155551672 0 1147980 156427540
======================
   8      32 sdc 91345 70409 1316786 846716 616481 27728963 226762504 155551672 0 1148048 156427608
======================
   8      32 sdc 91345 70409 1316786 846716 616481 27728963 226762504 155551672 0 1148048 156427608
======================
   8      32 sdc 91345 70409 1316786 846716 616595 27735989 226819624 155551704 0 1148060 156427640
======================
   8      32 sdc 91345 70409 1316786 846716 616595 27735989 226819624 155551704 0 1148060 156427640
======================
   8      32 sdc 91345 70409 1316786 846716 616595 27735989 226819624 155551704 0 1148060 156427640
======================
   8      32 sdc 91345 70409 1316786 846716 616595 27735989 226819624 155551704 0 1148060 156427640
======================
   8      32 sdc 91345 70409 1316786 846716 617406 27776124 227147192 155562376 0 1148796 156438308
======================
   8      32 sdc 91345 70409 1316786 846716 617629 27790098 227260768 155582328 0 1149324 156458260
======================
   8      32 sdc 91345 70409 1316786 846716 617629 27790098 227260768 155582328 0 1149324 156458260
======================
   8      32 sdc 91345 70409 1316786 846716 617629 27790098 227260768 155582328 0 1149324 156458260
======================
   8      32 sdc 91345 70409 1316786 846716 617629 27790098 227260768 155582328 0 1149324 156458260
======================
   8      32 sdc 91345 70409 1316786 846716 617803 27799510 227336160 155583660 10 1149440 156459808
======================
   8      32 sdc 91345 70409 1316786 846716 619229 27874464 227945640 155593848 8 1150440 156469800
======================
   8      32 sdc 91345 70409 1316786 846716 619709 27898410 228143904 155597176 0 1150776 156473084
======================
   8      32 sdc 91345 70409 1316786 846716 619709 27898410 228143904 155597176 0 1150776 156473084
======================
   8      32 sdc 91345 70409 1316786 846716 619709 27898410 228143904 155597176 0 1150776 156473084
======================
   8      32 sdc 91345 70409 1316786 846716 619709 27898410 228143904 155597176 0 1150776 156473084
======================
   8      32 sdc 91345 70409 1316786 846716 619979 27915325 228281384 155597316 0 1150828 156473224
======================
   8      32 sdc 91345 70409 1316786 846716 619979 27915325 228281384 155597316 0 1150828 156473224
======================
   8      32 sdc 91345 70409 1316786 846716 619979 27915325 228281384 155597316 0 1150828 156473224
======================
   8      32 sdc 91345 70409 1316786 846716 619979 27915325 228281384 155597316 0 1150828 156473224
======================
   8      32 sdc 91345 70409 1316786 846716 619979 27915325 228281384 155597316 0 1150828 156473224
======================
   8      32 sdc 91345 70409 1316786 846716 620184 27928170 228385784 155597384 0 1150868 156473288
======================
   8      32 sdc 91345 70409 1316786 846716 620352 27936842 228456504 155598268 0 1150972 156474172
======================
   8      32 sdc 91345 70409 1316786 846716 620352 27936842 228456504 155598268 0 1150972 156474172
======================
   8      32 sdc 91345 70409 1316786 846716 620352 27936842 228456504 155598268 0 1150972 156474172
======================
   8      32 sdc 91345 70409 1316786 846716 620352 27936842 228456504 155598268 0 1150972 156474172
======================
   8      32 sdc 91345 70409 1316786 846716 620562 27949987 228563344 155598748 0 1151012 156474652
======================
   8      32 sdc 91345 70409 1316786 846716 620578 27950927 228570416 155598844 8 1151028 156474780
======================
   8      32 sdc 91345 70409 1316786 846716 622057 28027406 229191752 155607008 9 1152028 156482940
======================
   8      32 sdc 91345 70409 1316786 846716 623778 28113533 229896160 155615864 8 1153032 156491788
======================
   8      32 sdc 91345 70409 1316786 846716 624422 28152963 230162128 155692740 139 1154032 156600848
======================
   8      32 sdc 91345 70409 1316786 846716 625089 28193065 230477048 155861924 136 1155036 156831924
======================
   8      32 sdc 91345 70409 1316786 846716 625737 28233560 230808400 156072860 135 1156036 156964184
======================
   8      32 sdc 91345 70409 1316786 846716 625956 28247545 230919848 156117708 137 1157040 157101020
======================
   8      32 sdc 91345 70409 1316786 846716 625956 28247545 230919848 156117708 137 1158044 157238568
======================
   8      32 sdc 91345 70409 1316786 846716 626445 28278256 231168176 156481176 141 1159048 157372764
======================
   8      32 sdc 91345 70409 1316786 846716 627004 28312726 231453128 156654952 130 1160048 157568880
======================
   8      32 sdc 91345 70409 1316786 846716 627525 28345977 231719072 156811044 138 1161052 157704912
======================
   8      32 sdc 91345 70409 1316786 846716 628174 28386147 232050592 156943880 129 1162052 157835288
======================
   8      32 sdc 91345 70409 1316786 846716 628826 28427307 232383984 157074572 130 1163056 157966656
======================
   8      32 sdc 91345 70409 1316786 846716 629521 28467562 232706440 157218800 154 1164060 158109076
======================
   8      32 sdc 91345 70409 1316786 846716 630051 28489864 232958272 157365128 0 1164960 158241008
======================
   8      32 sdc 91345 70409 1316786 846716 630051 28489864 232958272 157365128 0 1164960 158241008
======================
   8      32 sdc 91345 70409 1316786 846716 630051 28489864 232958272 157365128 0 1164960 158241008
======================
   8      32 sdc 91345 70409 1316786 846716 630051 28489864 232958272 157365128 0 1164960 158241008
======================
   8      32 sdc 91345 70409 1316786 846716 630051 28489864 232958272 157365128 0 1164960 158241008
======================
   8      32 sdc 91345 70409 1316786 846716 630813 28530778 233291680 157369560 0 1165524 158245436
======================
   8      32 sdc 91345 70409 1316786 846716 630813 28530778 233291680 157369560 0 1165524 158245436
======================
   8      32 sdc 91345 70409 1316786 846716 630813 28530778 233291680 157369560 0 1165524 158245436
======================
   8      32 sdc 91345 70409 1316786 846716 630813 28530778 233291680 157369560 0 1165524 158245436
======================
   8      32 sdc 91345 70409 1316786 846716 630813 28530778 233291680 157369560 0 1165524 158245436
======================
   8      32 sdc 91345 70409 1316786 846716 631123 28550132 233448392 157369792 8 1165608 158245664
======================
   8      32 sdc 91345 70409 1316786 846716 632448 28616573 233989344 157378528 8 1166612 158254416
======================
   8      32 sdc 91345 70409 1316786 846716 634197 28703144 234696336 157387108 8 1167612 158262980
======================
   8      32 sdc 91345 70409 1316786 846716 635098 28756543 235079176 157476960 130 1168616 158368756
======================
   8      32 sdc 91345 70409 1316786 846716 635872 28795044 235397784 157614064 131 1169616 158500696
======================
   8      32 sdc 91345 70409 1316786 846716 636586 28842429 235731280 157759956 201 1170620 158752448
======================
   8      32 sdc 91345 70409 1316786 846716 637142 28872792 236014928 157977528 129 1171624 158889316
======================
   8      32 sdc 91345 70409 1316786 846716 637876 28914113 236385912 158104584 62 1172628 158982336
======================
   8      32 sdc 91345 70409 1316786 846716 638523 28956892 236698568 158223336 131 1173628 159114468
======================
   8      32 sdc 91345 70409 1316786 846716 639078 28991776 236982080 158350868 130 1174632 159248340
======================
   8      32 sdc 91345 70409 1316786 846716 639547 29024028 237222144 158493248 174 1175636 159493456
======================
   8      32 sdc 91345 70409 1316786 846716 640211 29058767 237520008 158728264 141 1176636 159630520
======================
   8      32 sdc 91345 70409 1316786 846716 640385 29065734 237582136 158736364 159 1177640 159786536
======================
   8      32 sdc 91345 70409 1316786 846716 640659 29081645 237707760 158930644 141 1178644 159942532
======================
   8      32 sdc 91345 70409 1316786 846716 641171 29098836 237919008 159114956 0 1179052 159990784
======================
   8      32 sdc 91345 70409 1316786 846716 641388 29112444 238029608 159115052 0 1179104 159990880
======================
   8      32 sdc 91345 70409 1316786 846716 641388 29112444 238029608 159115052 0 1179104 159990880
======================
   8      32 sdc 91345 70409 1316786 846716 641388 29112444 238029608 159115052 0 1179104 159990880
======================
   8      32 sdc 91345 70409 1316786 846716 641388 29112444 238029608 159115052 0 1179104 159990880
======================
   8      32 sdc 91345 70409 1316786 846716 641715 29127111 238149560 159115860 0 1179416 159991684
======================
   8      32 sdc 91345 70409 1316786 846716 641971 29143123 238279704 159115948 0 1179476 159991768
======================
   8      32 sdc 91345 70409 1316786 846716 641971 29143123 238279704 159115948 0 1179476 159991768
======================
   8      32 sdc 91345 70409 1316786 846716 641971 29143123 238279704 159115948 0 1179476 159991768
======================
   8      32 sdc 91345 70409 1316786 846716 641971 29143123 238279704 159115948 0 1179476 159991768
======================
   8      32 sdc 91345 70409 1316786 846716 642001 29144542 238291160 159116016 2 1179496 159991836
======================
   8      32 sdc 91345 70409 1316786 846716 643769 29228753 238978936 159122492 2 1180500 159998312
======================
   8      32 sdc 91345 70409 1316786 846716 645810 29319617 239721224 159125608 4 1181500 160001416
======================
   8      32 sdc 91345 70409 1316786 846716 647036 29380144 240167624 159208160 103 1182500 160093416
======================
   8      32 sdc 91345 70409 1316786 846716 647653 29414207 240428624 159333016 130 1183504 160222576
======================
   8      32 sdc 91345 70409 1316786 846716 647925 29429840 240567888 159470068 106 1184508 160353708
======================
   8      32 sdc 91345 70409 1316786 846716 648958 29496163 241091984 159665668 135 1185508 160552500
======================
   8      32 sdc 91345 70409 1316786 846716 649599 29536025 241418832 159795776 130 1186512 160686700
======================
   8      32 sdc 91345 70409 1316786 846716 650397 29574056 241730048 159898628 129 1187516 160823372
======================
   8      32 sdc 91345 70409 1316786 846716 651047 29615028 242062704 160063960 129 1188516 160952672
======================
   8      32 sdc 91345 70409 1316786 846716 651489 29643462 242289008 160152976 138 1189520 161085672
======================
   8      32 sdc 91345 70409 1316786 846716 651490 29653479 242289008 160152976 298 1190524 161365616
======================
   8      32 sdc 91345 70409 1316786 846716 652252 29691269 242678008 160702656 138 1191528 161592960
======================
   8      32 sdc 91345 70409 1316786 846716 654799 29726448 243048920 160851696 0 1192480 161727464
======================
   8      32 sdc 91345 70409 1316786 846716 654799 29726448 243048920 160851696 0 1192480 161727464
======================
   8      32 sdc 91345 70409 1316786 846716 654799 29726448 243048920 160851696 0 1192480 161727464
======================
   8      32 sdc 91345 70409 1316786 846716 655038 29741392 243170384 160851868 0 1192536 161727632
======================
   8      32 sdc 91345 70409 1316786 846716 655038 29741392 243170384 160851868 0 1192536 161727632
======================
   8      32 sdc 91345 70409 1316786 846716 655038 29741392 243170384 160851868 0 1192536 161727632
======================
   8      32 sdc 91345 70409 1316786 846716 655038 29741392 243170384 160851868 0 1192536 161727632
======================
   8      32 sdc 91345 70409 1316786 846716 655038 29741392 243170384 160851868 0 1192536 161727632
======================
   8      32 sdc 91345 70409 1316786 846716 655368 29762105 243338728 160852008 0 1192604 161727768
======================
   8      32 sdc 91345 70409 1316786 846716 655368 29762105 243338728 160852008 0 1192604 161727768
======================
   8      32 sdc 91345 70409 1316786 846716 655368 29762105 243338728 160852008 0 1192604 161727768
======================
   8      32 sdc 91345 70409 1316786 846716 655493 29769534 243399160 160852148 0 1192708 161727904
======================
   8      32 sdc 91345 70409 1316786 846716 655621 29777625 243464696 160852248 1 1192784 161728000
======================
   8      32 sdc 91345 70409 1316786 846716 656565 29836324 243942056 160853244 0 1193204 161728992
======================
   8      32 sdc 91345 70409 1316786 846716 656740 29847294 244031216 160853384 0 1193308 161729132
======================
   8      32 sdc 91345 70409 1316786 846716 656740 29847294 244031216 160853384 0 1193308 161729132
======================
   8      32 sdc 91345 70409 1316786 846716 658380 29949010 244857720 160854656 1 1194256 161730400
======================
   8      32 sdc 91345 70409 1316786 846716 658705 29969295 245022944 160868180 0 1194616 161743924
======================
   8      32 sdc 91345 70409 1316786 846716 659245 30003077 245297512 160870252 0 1194788 161745988
======================
   8      32 sdc 91345 70409 1316786 846716 659245 30003077 245297512 160870252 0 1194788 161745988
======================
   8      32 sdc 91345 70409 1316786 846716 660328 30080558 245847008 160871168 159 1195752 161792460
======================
   8      32 sdc 91345 70409 1316786 846716 660328 30080558 245847008 160871168 159 1196756 161952096
======================
   8      32 sdc 91345 70409 1316786 846716 660868 30112271 246119944 161203904 137 1197756 162093328
======================
   8      32 sdc 91345 70409 1316786 846716 661548 30154881 246461312 161387660 137 1198760 162316856
======================
   8      32 sdc 91345 70409 1316786 846716 662159 30193212 246774144 161562876 135 1199764 162454452
======================
   8      32 sdc 91345 70409 1316786 846716 662814 30234765 247109504 161701408 139 1200768 162591516
======================
   8      32 sdc 91345 70409 1316786 846716 664217 30261161 247329072 161837096 145 1201772 162731404
======================
   8      32 sdc 91345 70409 1316786 846716 664705 30291970 247578744 161974296 146 1202776 162870348
======================
   8      32 sdc 91345 70409 1316786 846716 665174 30321727 247818872 162113544 151 1203780 163103292
======================
   8      32 sdc 91345 70409 1316786 846716 665475 30340438 247970624 162265664 150 1204676 163198088
======================
   8      32 sdc 91345 70409 1316786 846716 665601 30348250 248035136 162392404 148 1205676 163335976
======================
   8      32 sdc 91345 70409 1316786 846716 665971 30370219 248224080 162584856 129 1206680 163474740
======================
   8      32 sdc 91345 70409 1316786 846716 666596 30412228 248542656 162721852 173 1207684 163612660
======================
   8      32 sdc 91345 70409 1316786 846716 667248 30448890 248874576 162888148 107 1208636 163767432
======================
   8      32 sdc 91345 70409 1316786 846716 667907 30492910 249209776 162983940 151 1209640 163906172
======================
   8      32 sdc 91345 70409 1316786 846716 668544 30532978 249534168 163130876 154 1210644 164049428
======================
   8      32 sdc 91345 70409 1316786 846716 670089 30534743 249637568 163260500 0 1211268 164136212
======================
   8      32 sdc 91345 70409 1316786 846716 670309 30548494 249748856 163260600 1 1211300 164136312
======================
   8      32 sdc 91345 70409 1316786 846716 670446 30556994 249818424 163260656 0 1211332 164136368
======================
   8      32 sdc 91345 70409 1316786 846716 670446 30556994 249818424 163260656 0 1211332 164136368
======================
   8      32 sdc 91345 70409 1316786 846716 670446 30556994 249818424 163260656 0 1211332 164136368
======================
   8      32 sdc 91345 70409 1316786 846716 670732 30575008 249964824 163260876 0 1211500 164136584
======================
   8      32 sdc 91345 70409 1316786 846716 671377 30615636 250294608 163261264 1 1211756 164136972
======================
   8      32 sdc 91345 70409 1316786 846716 671472 30621326 250341280 163261296 0 1211784 164137004
======================
   8      32 sdc 91345 70409 1316786 846716 671472 30621326 250341280 163261296 0 1211784 164137004
======================
   8      32 sdc 91345 70409 1316786 846716 671472 30621326 250341280 163261296 0 1211784 164137004
======================
   8      32 sdc 91345 70409 1316786 846716 671990 30652832 250597472 163261800 0 1212200 164137496
======================
   8      32 sdc 91345 70409 1316786 846716 672373 30676965 250793568 163261924 1 1212268 164137620
======================
   8      32 sdc 91345 70409 1316786 846716 673916 30773894 251581128 163263184 1 1213236 164138872
======================
   8      32 sdc 91345 70409 1316786 846716 674896 30843920 252082888 163330128 132 1214240 164220636
======================
   8      32 sdc 91345 70409 1316786 846716 675525 30884114 252404936 163467352 141 1215244 164357024
======================
   8      32 sdc 91345 70409 1316786 846716 676182 30924749 252741832 163603812 129 1216248 164493872
======================
   8      32 sdc 91345 70409 1316786 846716 676526 30958139 252917448 163677728 315 1217252 164649676
======================
   8      32 sdc 91345 70409 1316786 846716 677303 30987062 253313808 163943092 0 1218188 164818760
======================
   8      32 sdc 91345 70409 1316786 846716 678122 31047037 253731096 164022176 137 1219188 164911952
======================
   8      32 sdc 91345 70409 1316786 846716 678936 31085839 254063880 164156256 130 1220192 165048744
======================
   8      32 sdc 91345 70409 1316786 846716 680693 31107561 254235352 164278948 138 1221192 165189336
======================
   8      32 sdc 91345 70409 1316786 846716 681338 31157488 254564576 164432984 288 1222196 165336648
======================
   8      32 sdc 91345 70409 1316786 846716 681439 31163694 254616288 164449052 285 1223200 165624400
======================
   8      32 sdc 91345 70409 1316786 846716 681901 31183317 254852824 164919616 135 1224204 165881116
======================
   8      32 sdc 91345 70409 1316786 846716 682742 31236772 255280424 165065648 148 1225204 166019956
======================
   8      32 sdc 91345 70409 1316786 846716 686023 31250961 255494736 165201128 0 1225672 166076784
======================
   8      32 sdc 91345 70409 1316786 846716 686352 31271616 255662608 165201260 0 1225736 166076908
======================
   8      32 sdc 91345 70409 1316786 846716 686352 31271616 255662608 165201260 0 1225736 166076908
======================
   8      32 sdc 91345 70409 1316786 846716 686352 31271616 255662608 165201260 0 1225736 166076908
======================
   8      32 sdc 91345 70409 1316786 846716 686352 31271616 255662608 165201260 0 1225736 166076908
======================
   8      32 sdc 91345 70409 1316786 846716 686352 31271616 255662608 165201260 0 1225736 166076908
======================
   8      32 sdc 91345 70409 1316786 846716 686714 31294207 255846224 165201380 0 1225808 166077024
======================
   8      32 sdc 91345 70409 1316786 846716 686714 31294207 255846224 165201380 0 1225808 166077024
======================
   8      32 sdc 91345 70409 1316786 846716 686714 31294207 255846224 165201380 0 1225808 166077024
======================
   8      32 sdc 91345 70409 1316786 846716 686714 31294207 255846224 165201380 0 1225808 166077024
======================
   8      32 sdc 91345 70409 1316786 846716 686876 31304411 255929152 165201512 0 1225912 166077156
======================
   8      32 sdc 91345 70409 1316786 846716 687247 31327661 256118120 165201672 0 1225988 166077312
======================
   8      32 sdc 91345 70409 1316786 846716 687399 31336987 256193944 165201804 0 1226092 166077444
======================
   8      32 sdc 91345 70409 1316786 846716 687549 31346375 256270248 165201940 0 1226196 166077580
======================
   8      32 sdc 91345 70409 1316786 846716 688355 31397149 256682888 165202620 0 1226716 166078248
======================
   8      32 sdc 91345 70409 1316786 846716 688355 31397149 256682888 165202620 0 1226716 166078248
======================
   8      32 sdc 91345 70409 1316786 846716 689683 31487148 257361744 165210764 103 1227348 166090288
======================
   8      32 sdc 91345 70409 1316786 846716 690326 31529553 257689848 165335444 135 1228352 166225560
======================
   8      32 sdc 91345 70409 1316786 846716 690823 31562250 257944312 165448964 157 1229356 166365048
======================
   8      32 sdc 91345 70409 1316786 846716 690823 31562250 257944312 165448964 157 1230360 166522676
======================
   8      32 sdc 91345 70409 1316786 846716 690823 31562250 257944312 165448964 157 1231360 166679676
======================
   8      32 sdc 91345 70409 1316786 846716 691374 31605036 258225992 165919272 286 1232364 166837508
======================
   8      32 sdc 91345 70409 1316786 846716 691950 31632044 258520760 166167728 140 1233368 167059516
======================
   8      32 sdc 91345 70409 1316786 846716 692508 31666946 258805944 166304660 136 1234372 167196712
======================
   8      32 sdc 91345 70409 1316786 846716 693084 31702906 259100856 166441420 131 1235376 167333252
======================
   8      32 sdc 91345 70409 1316786 846716 694659 31726990 259298968 166579564 145 1236380 167471840
======================
   8      32 sdc 91345 70409 1316786 846716 695208 31766847 259580056 166708840 230 1237384 167626576
======================
   8      32 sdc 91345 70409 1316786 846716 695592 31787336 259776488 166855844 171 1238384 167888268
======================
   8      32 sdc 91345 70409 1316786 846716 696130 31818460 260050560 167132688 129 1239388 168025436
======================
   8      32 sdc 91345 70409 1316786 846716 696434 31837491 260205736 167237504 129 1240392 168165620
======================
   8      32 sdc 91345 70409 1316786 846716 696826 31862506 260404544 167412488 138 1241396 168304044
======================
   8      32 sdc 91345 70409 1316786 846716 697405 31907833 260699112 167540188 282 1242400 168466164
======================
   8      32 sdc 91345 70409 1316786 846716 697964 31933790 260984344 167786444 136 1243404 168678456
======================
   8      32 sdc 91345 70409 1316786 846716 698537 31969685 261276248 167864732 136 1244404 168818728
======================
   8      32 sdc 91345 70409 1316786 846716 699077 31998490 261549800 168066448 140 1245408 168961900
======================
   8      32 sdc 91345 70409 1316786 846716 700779 31998707 261594744 168167560 0 1245996 169043152
======================
   8      32 sdc 91345 70409 1316786 846716 701013 32020455 261713536 168176640 114 1246208 169066432
======================
   8      32 sdc 91345 70409 1316786 846716 701128 32020455 261771512 168197948 0 1246324 169073532
======================
   8      32 sdc 91345 70409 1316786 846716 701128 32020455 261771512 168197948 0 1246324 169073532
======================
   8      32 sdc 91345 70409 1316786 846716 701128 32020455 261771512 168197948 0 1246324 169073532
======================
   8      32 sdc 91345 70409 1316786 846716 701712 32057295 262070520 168198436 1 1246696 169074016
======================
   8      32 sdc 91345 70409 1316786 846716 702198 32087768 262318576 168198724 0 1246832 169074300
======================
   8      32 sdc 91345 70409 1316786 846716 702198 32087768 262318576 168198724 0 1246832 169074300
======================
   8      32 sdc 91345 70409 1316786 846716 702198 32087768 262318576 168198724 0 1246832 169074300
======================
   8      32 sdc 91345 70409 1316786 846716 702198 32087768 262318576 168198724 0 1246832 169074300
======================
   8      32 sdc 91345 70409 1316786 846716 702198 32087768 262318576 168198724 0 1246832 169074300
======================
   8      32 sdc 91345 70409 1316786 846716 703769 32186448 263120000 168199820 2 1247640 169075392
======================
   8      32 sdc 91345 70409 1316786 846716 704942 32262512 263720576 168201248 36 1248644 169077272
======================
   8      32 sdc 91345 70409 1316786 846716 705474 32302360 263992960 168317404 136 1249648 169209588
======================
   8      32 sdc 91345 70409 1316786 846716 706049 32338900 264287360 168454320 141 1250648 169345828
======================
   8      32 sdc 91345 70409 1316786 846716 706612 32373476 264575616 168590984 128 1251652 169482624
======================
   8      32 sdc 91345 70409 1316786 846716 707194 32410906 264870048 168728700 147 1252656 169638772
======================
   8      32 sdc 91345 70409 1316786 846716 707202 32410906 264874144 168730756 139 1253660 169778400
======================
   8      32 sdc 91345 70409 1316786 846716 707574 32435098 265064104 169031632 151 1254664 169918756
======================
   8      32 sdc 91345 70409 1316786 846716 708496 32481964 265522168 169072316 1 1255600 169947852
======================
   8      32 sdc 91345 70409 1316786 846716 713590 32539686 265958504 169163264 132 1256604 170048672
======================
   8      32 sdc 91345 70409 1316786 846716 714165 32582774 266252904 169282112 242 1257608 170216192
======================
   8      32 sdc 91345 70409 1316786 846716 714776 32611670 266548200 169459700 140 1258528 170344788
======================
   8      32 sdc 91345 70409 1316786 846716 716266 32645913 266819280 169502308 153 1259532 170487340
======================
   8      32 sdc 91345 70409 1316786 846716 719771 32662025 267053184 169718556 0 1260280 170594080
======================
   8      32 sdc 91345 70409 1316786 846716 719771 32662025 267053184 169718556 0 1260280 170594080
======================
   8      32 sdc 91345 70409 1316786 846716 720132 32684520 267236024 169718688 0 1260352 170594212
======================
   8      32 sdc 91345 70409 1316786 846716 720132 32684520 267236024 169718688 0 1260352 170594212
======================
   8      32 sdc 91345 70409 1316786 846716 720132 32694348 267236024 169718688 156 1260624 170629380
======================
   8      32 sdc 91345 70409 1316786 846716 720891 32738585 267624224 169875700 100 1261628 170757536
======================
   8      32 sdc 91345 70409 1316786 846716 721362 32770343 267864896 169995784 136 1262628 170892480
======================
   8      32 sdc 91345 70409 1316786 846716 721826 32808528 268100992 170129540 280 1263632 171072260
======================
   8      32 sdc 91345 70409 1316786 846716 722020 32814347 268200320 170231960 179 1264636 171312640
======================
   8      32 sdc 91345 70409 1316786 846716 722260 32826572 268321424 170563720 135 1265640 171459792
======================
   8      32 sdc 91345 70409 1316786 846716 722814 32860922 268604112 170704056 130 1266644 171595588
======================
   8      32 sdc 91345 70409 1316786 846716 723377 32896383 268892368 170839724 129 1267648 171731860
======================
   8      32 sdc 91345 70409 1316786 846716 723954 32933177 269186568 170970240 139 1268652 171885328
======================
   8      32 sdc 91345 70409 1316786 846716 724526 32968524 269477768 171130160 132 1269656 172022580
======================
   8      32 sdc 91345 70409 1316786 846716 725082 33003340 269761400 171259600 129 1270660 172153032
======================
   8      32 sdc 91345 70409 1316786 846716 726394 33034346 270037240 171384940 130 1271664 172286844
======================
   8      32 sdc 91345 70409 1316786 846716 729994 33062247 270272128 171528700 131 1272668 172419216
======================
   8      32 sdc 91345 70409 1316786 846716 731249 33097494 270553184 171639464 154 1273672 172555116
======================
   8      32 sdc 91345 70409 1316786 846716 731693 33117771 270772280 171739800 46 1274660 172633912
======================
   8      32 sdc 91345 70409 1316786 846716 731739 33117771 270794888 171760708 0 1274744 172636200
======================
   8      32 sdc 91345 70409 1316786 846716 731739 33117771 270794888 171760708 0 1274744 172636200
======================
   8      32 sdc 91345 70409 1316786 846716 731739 33117771 270794888 171760708 0 1274744 172636200
======================
   8      32 sdc 91345 70409 1316786 846716 731739 33117771 270794888 171760708 0 1274744 172636200
======================
   8      32 sdc 91345 70409 1316786 846716 731739 33117771 270794888 171760708 0 1274744 172636200
======================
   8      32 sdc 91345 70409 1316786 846716 731739 33117771 270794888 171760708 0 1274744 172636200
======================
   8      32 sdc 91345 70409 1316786 846716 731740 33117771 270794888 171760708 0 1274744 172636200
======================
   8      32 sdc 91345 70409 1316786 846716 731740 33117771 270794888 171760708 0 1274744 172636200
======================
   8      32 sdc 91345 70409 1316786 846716 731740 33117771 270794888 171760708 0 1274744 172636200
======================
   8      32 sdc 91345 70409 1316786 846716 731740 33117771 270794888 171760708 0 1274744 172636200
======================
   8      32 sdc 91345 70409 1316786 846716 731740 33117771 270794888 171760708 0 1274744 172636200
======================
   8      32 sdc 91345 70409 1316786 846716 731740 33117771 270794888 171760708 0 1274744 172636200
======================
   8      32 sdc 91345 70409 1316786 846716 731740 33117771 270794888 171760708 0 1274744 172636200
======================
   8      32 sdc 91345 70409 1316786 846716 731740 33117771 270794888 171760708 0 1274744 172636200
======================
   8      32 sdc 91345 70409 1316786 846716 731740 33117771 270794888 171760708 0 1274744 172636200
======================
   8      32 sdc 91345 70409 1316786 846716 731740 33117771 270794888 171760708 0 1274744 172636200
======================
   8      32 sdc 91345 70409 1316786 846716 731740 33117771 270794888 171760708 0 1274744 172636200
======================
   8      32 sdc 91345 70409 1316786 846716 731757 33117771 270794952 171760712 0 1274748 172636204
started
======================
   8      32 sdc 91618 70409 1318964 848584 731759 33117771 270794960 171760712 0 1274812 172638072
======================
   8      32 sdc 92331 70563 1325940 854060 731759 33117771 270794960 171760712 0 1275184 172643548
======================
   8      32 sdc 94243 71028 1345068 872096 731759 33117771 270794960 171760712 33 1276168 172661712
======================
   8      32 sdc 96059 71336 1362140 893036 731759 33117771 270794960 171760712 24 1277140 172683280
======================
   8      32 sdc 97649 72014 1380452 910712 731759 33117771 270794960 171760712 1 1278112 172700204
======================
   8      32 sdc 99408 72662 1399868 926708 731759 33117771 270794960 171760712 33 1279088 172716192
======================
   8      32 sdc 101156 73280 1418948 944424 731772 33118424 270800288 171760800 32 1280040 172734156
======================
   8      32 sdc 103186 73588 1437716 965076 731772 33118424 270800288 171760800 33 1281036 172754780
======================
   8      32 sdc 104702 74390 1456212 979580 731772 33118424 270800288 171760800 1 1282004 172769164
======================
   8      32 sdc 106182 75125 1474380 994168 731772 33118424 270800288 171760800 1 1282976 172783756
======================
   8      32 sdc 108133 75674 1494516 1013324 731772 33118424 270800288 171760800 1 1283964 172802904
======================
   8      32 sdc 110094 76281 1514972 1030812 731786 33119190 270806528 171760800 1 1284940 172820392
======================
   8      32 sdc 111829 77340 1537812 1044548 731786 33119190 270806528 171760800 32 1285904 172834376
======================
   8      32 sdc 113996 77676 1557924 1065028 731786 33119190 270806528 171760800 32 1286876 172854732
======================
   8      32 sdc 116034 78164 1578252 1080836 731786 33119190 270806528 171760800 33 1287836 172874632
======================
   8      32 sdc 117789 78744 1597084 1104780 731786 33119190 270806528 171760800 32 1288816 172894488
======================
   8      32 sdc 119705 79509 1618716 1121524 732121 33120202 270817200 171785720 141 1289812 172947444
======================
   8      32 sdc 121054 80662 1639012 1134180 733331 33120442 270828904 171867476 32 1290804 173030688
======================
   8      32 sdc 123091 81485 1661836 1150416 733331 33120442 270828904 171867476 1 1291772 173046680
======================
   8      32 sdc 125405 81972 1684380 1169904 733331 33120442 270828904 171867476 1 1292756 173066160
======================
   8      32 sdc 127016 82626 1702900 1186324 733331 33120442 270828904 171867476 1 1293732 173082588
======================
   8      32 sdc 129318 83257 1726532 1205000 733350 33121533 270837784 171867716 1 1294720 173101500
======================
   8      32 sdc 131517 83710 1747604 1225720 733350 33121533 270837784 171867716 1 1295704 173122212
======================
   8      32 sdc 133234 84536 1768404 1241352 733350 33121533 270837784 171867716 1 1296680 173137864
======================
   8      32 sdc 135096 84902 1786324 1262108 733350 33121533 270837784 171867716 32 1297652 173159368
======================
   8      32 sdc 135260 84902 1787636 1281524 733350 33121533 270837784 171867716 32 1298652 173189152
======================
   8      32 sdc 135325 84933 1788156 1305460 733366 33122447 270845224 171867736 1 1299656 173202228
======================
   8      32 sdc 136498 85056 1798804 1325320 733366 33122447 270845224 171867736 1 1300640 173221872
======================
   8      32 sdc 138954 85485 1821988 1344964 733366 33122447 270845224 171867736 32 1301620 173241748
======================
   8      32 sdc 140723 86068 1840948 1363320 733366 33122447 270845224 171867736 0 1302612 173259852
======================
   8      32 sdc 143061 86559 1863708 1382424 733366 33122447 270845224 171867736 32 1303600 173278956
======================
   8      32 sdc 145185 87349 1886964 1400076 733645 33123590 270856512 171886288 136 1304596 173324760
======================
   8      32 sdc 146234 88833 1907620 1411264 735455 33123819 270872912 172011264 1 1305592 173451344
======================
   8      32 sdc 148222 89374 1928244 1431056 735455 33123819 270872912 172011264 32 1306572 173471376
======================
   8      32 sdc 150313 89831 1948740 1450676 735455 33123819 270872912 172011264 33 1307548 173490872
======================
   8      32 sdc 152656 90524 1973204 1467764 735455 33123819 270872912 172011264 31 1308528 173508076
======================
   8      32 sdc 154840 90857 1993428 1488820 735480 33125269 270884712 172011420 45 1309508 173530020
======================
   8      32 sdc 156734 91491 2013812 1508200 735480 33125269 270884712 172011420 32 1310468 173548548
======================
   8      32 sdc 158789 92215 2035972 1525996 735480 33125269 270884712 172011420 1 1311452 173566224
======================
   8      32 sdc 160377 92760 2053428 1540088 735480 33125269 270884712 172011420 31 1312436 173586756
======================
   8      32 sdc 160570 92791 2055228 1560268 735480 33125269 270884712 172011420 33 1313436 173612632
======================
   8      32 sdc 160765 92791 2056788 1597736 735499 33126390 270893832 172011424 32 1314436 173639112
======================
   8      32 sdc 160959 92882 2059092 1615760 735499 33126390 270893832 172011424 1 1315428 173656228
======================
   8      32 sdc 162352 93297 2073668 1630148 735499 33126390 270893832 172011424 1 1316420 173670388
======================
   8      32 sdc 164329 93922 2094652 1645324 735499 33126390 270893832 172011424 33 1317412 173685552
======================
   8      32 sdc 166840 94340 2118196 1664176 735499 33126390 270893832 172011424 31 1318380 173704528
======================
   8      32 sdc 169073 94871 2140212 1684212 735796 33127754 270907016 172024708 129 1319340 173744000
======================
   8      32 sdc 170245 96424 2162644 1695472 738243 33127960 270928344 172150432 32 1320340 173874840
======================
   8      32 sdc 172214 97053 2183348 1712820 738243 33127960 270928344 172150432 1 1321324 173892076
======================
   8      32 sdc 174145 97794 2204924 1730452 738243 33127960 270928344 172150432 1 1322308 173909696
======================
   8      32 sdc 176544 98328 2228772 1747496 738243 33127960 270928344 172150432 32 1323272 173926864
======================
   8      32 sdc 178692 98842 2250172 1766288 738277 33130006 270944984 172150676 31 1324228 173945896
======================
   8      32 sdc 180620 99409 2270276 1785308 738277 33130006 270944984 172150676 30 1325200 173965032
======================
   8      32 sdc 182509 100005 2290316 1802320 738277 33130006 270944984 172150676 32 1326176 173981940
======================
   8      32 sdc 184720 100633 2313188 1819264 738277 33130006 270944984 172150676 31 1327144 173998880
======================
   8      32 sdc 186707 101287 2334492 1836484 738277 33130006 270944984 172150676 31 1328108 174016220
======================
   8      32 sdc 188477 101942 2354060 1854868 738315 33132336 270963928 172150920 25 1329080 174034800
======================
   8      32 sdc 190234 102683 2373980 1871080 738315 33132336 270963928 172150920 1 1330048 174050816
======================
   8      32 sdc 192161 103154 2393548 1888664 738315 33132336 270963928 172150920 1 1331024 174068404
======================
   8      32 sdc 194006 103692 2412748 1907716 738315 33132336 270963928 172150920 31 1332000 174087480
======================
   8      32 sdc 195924 104341 2433460 1925420 738315 33132336 270963928 172150920 32 1332972 174105664
======================
   8      32 sdc 196907 104519 2442796 1933920 738360 33135045 270985960 172150928 0 1333404 174113660
======================
   8      32 sdc 196907 104519 2442796 1933920 738360 33135045 270985960 172150928 0 1333404 174113660
