======================
   8      32 sdc 2922004 31572 394200692 33702940 43203319 927308030 17321783696 1697025888 0 72875124 1733062396
======================
   8      32 sdc 2922004 31572 394200692 33702940 43203319 927308030 17321783696 1697025888 0 72875124 1733062396
======================
   8      32 sdc 2922007 31572 394200716 33702956 43203319 927308030 17321783696 1697025888 0 72875140 1733062412
======================
   8      32 sdc 2922007 31572 394200716 33702956 43203319 927308030 17321783696 1697025888 0 72875140 1733062412
======================
   8      32 sdc 2922008 31572 394200724 33702956 43204514 927308030 17322395536 1697076512 131 72875796 1733147240
======================
   8      32 sdc 2922008 31572 394200724 33702956 43204782 927308030 17322532752 1697215572 151 72876800 1733291004
======================
   8      32 sdc 2922008 31572 394200724 33702956 43205015 927308030 17322652048 1697338236 142 72877800 1733434308
======================
   8      32 sdc 2922008 31572 394200724 33702956 43205281 927308030 17322787736 1697509824 133 72878804 1733579368
======================
   8      32 sdc 2922008 31572 394200724 33702956 43205489 927308053 17322893912 1697586248 146 72879820 1733719128
======================
   8      32 sdc 2922008 31572 394200724 33702956 43205489 927308053 17322893912 1697586248 146 72880824 1733865712
======================
   8      32 sdc 2922008 31572 394200724 33702956 43205872 927308053 17323090008 1697957000 147 72881832 1734011204
======================
   8      32 sdc 2922008 31572 394200724 33702956 43206543 927308053 17323433560 1698100888 148 72882836 1734154660
======================
   8      32 sdc 2922008 31572 394200724 33702956 43207623 927308053 17323986520 1698252372 156 72883840 1734297828
======================
   8      32 sdc 2922008 31572 394200724 33702956 43209002 927308053 17324692568 1698390480 153 72884848 1734441468
======================
   8      32 sdc 2922008 31572 394200724 33702956 43209732 927308053 17325066328 1698531816 159 72885856 1734585244
======================
   8      32 sdc 2922008 31572 394200724 33702956 43210392 927308053 17325404248 1698675692 139 72886864 1734729204
======================
   8      32 sdc 2922009 31572 394200732 33703188 43211038 927308068 17325733608 1698795368 129 72887868 1734850108
======================
   8      32 sdc 2922009 31572 394200732 33703188 43211692 927308085 17326062040 1698938972 147 72888876 1734994124
======================
   8      32 sdc 2922009 31572 394200732 33703188 43212287 927308085 17326366680 1699071908 128 72889880 1735136152
======================
   8      32 sdc 2922009 31572 394200732 33703188 43212969 927308085 17326715864 1699223764 150 72890884 1735279096
======================
   8      32 sdc 2922009 31572 394200732 33703188 43213624 927308085 17327051736 1699366912 135 72891884 1735421960
======================
   8      32 sdc 2922009 31572 394200732 33703188 43214228 927308095 17327360048 1699506212 142 72892888 1735562196
======================
   8      32 sdc 2922009 31572 394200732 33703188 43214922 927308095 17327715376 1699651376 137 72893892 1735705804
======================
   8      32 sdc 2922009 31572 394200732 33703188 43215598 927308095 17328061488 1699794576 133 72894896 1735849092
======================
   8      32 sdc 2922009 31572 394200732 33703188 43216213 927308095 17328376368 1699941748 157 72895896 1735992876
======================
   8      32 sdc 2922009 31572 394200732 33703188 43216854 927308095 17328704560 1700081228 157 72896900 1736136520
======================
   8      32 sdc 2922009 31572 394200732 33703188 43217512 927308095 17329041456 1700226056 139 72897904 1736280348
======================
   8      32 sdc 2922009 31572 394200732 33703188 43218181 927308095 17329383984 1700369356 142 72898904 1736423608
======================
   8      32 sdc 2922010 31572 394200740 33703356 43218857 927308095 17329730096 1700504060 129 72899908 1736558124
======================
   8      32 sdc 2922010 31572 394200740 33703356 43219497 927308095 17330057776 1700646264 129 72900912 1736701836
======================
   8      32 sdc 2922010 31572 394200740 33703356 43220121 927308095 17330377264 1700792492 143 72901916 1736846308
======================
   8      32 sdc 2922010 31572 394200740 33703356 43220769 927308095 17330709040 1700933668 135 72902916 1736989024
======================
   8      32 sdc 2922010 31572 394200740 33703356 43221416 927308095 17331040304 1701077896 128 72903920 1737131820
======================
   8      32 sdc 2922010 31572 394200740 33703356 43222058 927308095 17331369008 1701220256 158 72904920 1737274900
======================
   8      32 sdc 2922010 31572 394200740 33703356 43222722 927308095 17331708976 1701363888 134 72905924 1737418700
======================
   8      32 sdc 2922010 31572 394200740 33703356 43223379 927308095 17332045360 1701506516 149 72906932 1737562728
======================
   8      32 sdc 2922010 31572 394200740 33703356 43224021 927308095 17332374064 1701649768 147 72907932 1737705484
======================
   8      32 sdc 2922010 31572 394200740 33703356 43224547 927308095 17332643376 1701767296 133 72908936 1737847088
======================
   8      32 sdc 2922010 31572 394200740 33703356 43225298 927308095 17333027888 1701934204 150 72909940 1737990472
======================
   8      32 sdc 2922010 31572 394200740 33703356 43225955 927308095 17333364272 1702078084 133 72910940 1738133224
======================
   8      32 sdc 2922011 31572 394200748 33703532 43226619 927308095 17333704240 1702207944 134 72911944 1738263456
======================
   8      32 sdc 2922011 31572 394200748 33703532 43227263 927308095 17334033968 1702350476 130 72912948 1738406456
======================
   8      32 sdc 2922011 31572 394200748 33703532 43227861 927308095 17334340144 1702483712 140 72913948 1738549092
======================
   8      32 sdc 2922011 31572 394200748 33703532 43228405 927308095 17334618672 1702640632 140 72914952 1738695928
======================
   8      32 sdc 2922011 31572 394200748 33703532 43229032 927308095 17334939696 1702782668 153 72915956 1738839104
======================
   8      32 sdc 2922011 31572 394200748 33703532 43229652 927308095 17335257136 1702926220 141 72916960 1738982412
======================
   8      32 sdc 2922011 31572 394200748 33703532 43230323 927308095 17335600688 1703070092 142 72917960 1739125156
======================
   8      32 sdc 2922011 31572 394200748 33703532 43230998 927308095 17335946288 1703213128 139 72918964 1739268344
======================
   8      32 sdc 2922011 31572 394200748 33703532 43231674 927308095 17336292400 1703356748 135 72919968 1739412128
======================
   8      32 sdc 2922011 31572 394200748 33703532 43232311 927308095 17336618544 1703498368 138 72920968 1739554808
======================
   8      32 sdc 2922011 31572 394200748 33703532 43232936 927308095 17336938544 1703641868 153 72921972 1739698136
======================
   8      32 sdc 2922011 31572 394200748 33703532 43233604 927308095 17337280560 1703786172 157 72922980 1739842000
======================
   8      32 sdc 2922012 31572 394200756 33703724 43234268 927308095 17337620528 1703914548 134 72923980 1739971288
======================
   8      32 sdc 2922012 31572 394200756 33703724 43234909 927308095 17337948720 1704057492 133 72924984 1740114548
======================
   8      32 sdc 2922012 31572 394200756 33703724 43235558 927308095 17338281008 1704201376 156 72925984 1740257360
======================
   8      32 sdc 2922012 31572 394200756 33703724 43236189 927308095 17338604080 1704344520 133 72926988 1740401284
======================
   8      32 sdc 2922012 31572 394200756 33703724 43236830 927308095 17338932272 1704487748 132 72927988 1740544268
======================
   8      32 sdc 2922012 31572 394200756 33703724 43237472 927308095 17339260976 1704630568 130 72928992 1740686840
======================
   8      32 sdc 2922012 31572 394200756 33703724 43237964 927308095 17339512880 1704740292 150 72929996 1740832140
======================
   8      32 sdc 2922012 31572 394200756 33703724 43238765 927308095 17339922992 1704919648 149 72930996 1740975768
======================
   8      32 sdc 2922012 31572 394200756 33703724 43239430 927308095 17340263472 1705063320 156 72932004 1741119872
======================
   8      32 sdc 2922012 31572 394200756 33703724 43240075 927308095 17340593712 1705206752 151 72933008 1741263604
======================
   8      32 sdc 2922012 31572 394200756 33703724 43240690 927308095 17340908592 1705353124 144 72934012 1741407500
======================
   8      32 sdc 2922012 31572 394200756 33703724 43241399 927308095 17341271600 1705495148 84 72935016 1741548436
======================
   8      32 sdc 2922013 31572 394200764 33703944 43242025 927308095 17341592112 1705617528 156 72936016 1741675172
======================
   8      32 sdc 2922013 31572 394200764 33703944 43242608 927308095 17341890608 1705762496 149 72937020 1741818988
======================
   8      32 sdc 2922013 31572 394200764 33703944 43243319 927308095 17342254640 1705906228 142 72938024 1741962756
======================
   8      32 sdc 2922013 31572 394200764 33703944 43243972 927308095 17342588976 1706049888 129 72939024 1742105900
======================
   8      32 sdc 2922013 31572 394200764 33703944 43244625 927308095 17342923312 1706191928 148 72940028 1742249456
======================
   8      32 sdc 2922013 31572 394200764 33703944 43245250 927308095 17343243312 1706335828 131 72941032 1742393132
======================
   8      32 sdc 2922013 31572 394200764 33703944 43245904 927308095 17343578160 1706480476 149 72942036 1742536984
======================
   8      32 sdc 2922013 31572 394200764 33703944 43246582 927308095 17343925296 1706624928 143 72943040 1742680936
======================
   8      32 sdc 2922013 31572 394200764 33703944 43247227 927308095 17344255536 1706767280 138 72944044 1742824392
======================
   8      32 sdc 2922013 31572 394200764 33703944 43247862 927308095 17344580656 1706911436 143 72945048 1742967948
======================
   8      32 sdc 2922013 31572 394200764 33703944 43248521 927308095 17344918576 1707054992 156 72946052 1743111560
======================
   8      32 sdc 2922014 31572 394200772 33704180 43249145 927308095 17345237552 1707189832 140 72947056 1743235828
======================
   8      32 sdc 2922014 31572 394200772 33704180 43249788 927308095 17345566768 1707321464 137 72948060 1743378576
======================
   8      32 sdc 2922014 31572 394200772 33704180 43250429 927308095 17345894960 1707465268 136 72949060 1743522396
======================
   8      32 sdc 2922014 31572 394200772 33704180 43251070 927308095 17346223152 1707608788 135 72950064 1743666208
======================
   8      32 sdc 2922014 31572 394200772 33704180 43251719 927308095 17346555440 1707753548 158 72951068 1743810272
======================
   8      32 sdc 2922014 31572 394200772 33704180 43252362 927308095 17346884656 1707896668 155 72952072 1743954032
======================
   8      32 sdc 2922014 31572 394200772 33704180 43253008 927308095 17347215408 1708040632 149 72953072 1744097016
======================
   8      32 sdc 2922014 31572 394200772 33704180 43253663 927308095 17347550768 1708185500 134 72954076 1744240696
======================
   8      32 sdc 2922014 31572 394200772 33704180 43254336 927308095 17347895344 1708326136 133 72955076 1744383628
======================
   8      32 sdc 2922014 31572 394200772 33704180 43254819 927308095 17348142640 1708437344 130 72956080 1744524264
======================
   8      32 sdc 2922014 31572 394200772 33704180 43255614 927308095 17348549680 1708610520 135 72957084 1744667072
======================
   8      32 sdc 2922014 31572 394200772 33704180 43256290 927308095 17348895792 1708754108 131 72958088 1744810480
======================
   8      32 sdc 2922015 31572 394200780 33704400 43256937 927308095 17349227056 1708878188 158 72959088 1744935240
======================
   8      32 sdc 2922015 31572 394200780 33704400 43257603 927308095 17349568048 1709026552 132 72960092 1745081544
======================
   8      32 sdc 2922015 31572 394200780 33704400 43258227 927308095 17349887536 1709166676 148 72961096 1745225168
======================
   8      32 sdc 2922015 31572 394200780 33704400 43258737 927308095 17350149168 1709285140 150 72962100 1745369776
======================
   8      32 sdc 2922015 31572 394200780 33704400 43259385 927308095 17350480944 1709455308 142 72963100 1745513248
======================
   8      32 sdc 2922015 31572 394200780 33704400 43259996 927308095 17350793264 1709599276 139 72964104 1745657916
======================
   8      32 sdc 2922015 31572 394200780 33704400 43260678 927308095 17351142448 1709744892 129 72965108 1745801112
======================
   8      32 sdc 2922015 31572 394200780 33704400 43261343 927308095 17351482928 1709887352 136 72966112 1745944724
======================
   8      32 sdc 2922015 31572 394200780 33704400 43261988 927308095 17351813168 1710030296 131 72967116 1746088216
======================
   8      32 sdc 2922015 31572 394200780 33704400 43262629 927308095 17352141360 1710173584 130 72968120 1746231692
======================
   8      32 sdc 2922015 31572 394200780 33704400 43263271 927308095 17352470064 1710316964 128 72969120 1746374556
======================
   8      32 sdc 2922015 31572 394200780 33704400 43263797 927308095 17352739376 1710434304 146 72970124 1746518800
======================
   8      32 sdc 2922015 31572 394200780 33704400 43264447 927308095 17353072176 1710577064 12 72971132 1746623988
======================
   8      32 sdc 2922015 31572 394200780 33704400 43264447 927308095 17353072176 1710577064 12 72972136 1746636036
======================
   8      32 sdc 2922016 31572 394200788 33706040 43265833 927308095 17353781808 1710685168 156 72973140 1746744828
======================
   8      32 sdc 2922016 31572 394200788 33706040 43266472 927308095 17354108976 1710825928 157 72974144 1746888856
======================
   8      32 sdc 2922016 31572 394200788 33706040 43266959 927308095 17354358320 1710962864 150 72975148 1747035788
======================
   8      32 sdc 2922016 31572 394200788 33706040 43267633 927308095 17354703408 1711122004 148 72976156 1747179968
======================
   8      32 sdc 2922016 31572 394200788 33706040 43268285 927308095 17355037232 1711265060 136 72977160 1747323760
======================
   8      32 sdc 2922016 31572 394200788 33706040 43268962 927308095 17355383856 1711408736 131 72978164 1747467340
======================
   8      32 sdc 2922016 31572 394200788 33706040 43269640 927308095 17355730992 1711552740 157 72979172 1747611416
======================
   8      32 sdc 2922016 31572 394200788 33706040 43270312 927308095 17356075056 1711695580 157 72980176 1747755076
======================
   8      32 sdc 2922016 31572 394200788 33706040 43270938 927308095 17356395568 1711839084 139 72981180 1747898928
======================
   8      32 sdc 2922016 31572 394200788 33706040 43271574 927308095 17356721200 1711984888 143 72982184 1748043460
======================
   8      32 sdc 2922017 31572 394200796 33706244 43272221 927308095 17357052464 1712113488 156 72983188 1748171400
======================
   8      32 sdc 2922017 31572 394200796 33706244 43272881 927308095 17357390384 1712254840 136 72984192 1748314772
======================
   8      32 sdc 2922017 31572 394200796 33706244 43273522 927308095 17357718576 1712397952 135 72985192 1748457552
======================
   8      32 sdc 2922017 31572 394200796 33706244 43274169 927308095 17358049840 1712539880 128 72986196 1748600672
======================
   8      32 sdc 2922017 31572 394200796 33706244 43274818 927308095 17358382128 1712683344 151 72987200 1748743280
======================
   8      32 sdc 2922017 31572 394200796 33706244 43275459 927308095 17358710320 1712826476 150 72988200 1748886152
======================
   8      32 sdc 2922017 31572 394200796 33706244 43276101 927308095 17359039024 1712969892 148 72989204 1749029692
======================
   8      32 sdc 2922017 31572 394200796 33706244 43276744 927308095 17359368240 1713113480 145 72990208 1749173140
======================
   8      32 sdc 2922017 31572 394200796 33706244 43277361 927308095 17359684144 1713258164 136 72991208 1749313576
======================
   8      32 sdc 2922017 31572 394200796 33706244 43278065 927308095 17360044592 1713397108 136 72992212 1749456936
======================
   8      32 sdc 2922017 31572 394200796 33706244 43278707 927308095 17360373296 1713540412 134 72993216 1749600232
======================
   8      32 sdc 2922017 31572 394200796 33706244 43279331 927308095 17360692784 1713686192 150 72994220 1749741776
======================
   8      32 sdc 2922018 31572 394200804 33706472 43280013 927308095 17361041968 1713809024 142 72995220 1749868296
======================
   8      32 sdc 2922018 31572 394200804 33706472 43280651 927308095 17361368624 1713951724 144 72996228 1750012572
======================
   8      32 sdc 2922018 31572 394200804 33706472 43281257 927308095 17361678896 1714098256 146 72997232 1750155392
======================
   8      32 sdc 2922018 31572 394200804 33706472 43281933 927308095 17362025008 1714238292 142 72998232 1750298376
======================
   8      32 sdc 2922018 31572 394200804 33706472 43282609 927308095 17362371120 1714382696 138 72999236 1750442176
======================
   8      32 sdc 2922018 31572 394200804 33706472 43283157 927308095 17362651696 1714499540 134 73000240 1750584088
======================
   8      32 sdc 2922018 31572 394200804 33706472 43283893 927308095 17363028528 1714665204 134 73001240 1750725408
======================
   8      32 sdc 2922018 31572 394200804 33706472 43284540 927308095 17363359792 1714810292 158 73002244 1750869112
======================
   8      32 sdc 2922018 31572 394200804 33706472 43285211 927308095 17363703344 1714954012 128 73003248 1751012868
======================
   8      32 sdc 2922018 31572 394200804 33706472 43285857 927308095 17364034096 1715096764 154 73004252 1751156676
======================
   8      32 sdc 2922018 31572 394200804 33706472 43286499 927308095 17364362800 1715240488 152 73005256 1751300472
======================
   8      32 sdc 2922018 31572 394200804 33706472 43287163 927308095 17364702768 1715385480 128 73006272 1751444468
======================
   8      32 sdc 2922019 31572 394200812 33706700 43287796 927308095 17365026864 1715510100 135 73007276 1751571956
======================
   8      32 sdc 2922019 31572 394200812 33706700 43288397 927308095 17365334576 1715653348 142 73008280 1751717032
======================
   8      32 sdc 2922019 31572 394200812 33706700 43289080 927308095 17365684272 1715798608 131 73009284 1751860612
======================
   8      32 sdc 2922019 31572 394200812 33706700 43289711 927308095 17366007344 1715941844 140 73010284 1752003900
======================
   8      32 sdc 2922019 31572 394200812 33706700 43290375 927308095 17366347312 1716085876 148 73011288 1752147408
======================
   8      32 sdc 2922019 31572 394200812 33706700 43291027 927308095 17366681136 1716228636 136 73012288 1752290476
======================
   8      32 sdc 2922019 31572 394200812 33706700 43291634 927308095 17366991920 1716373260 137 73013292 1752435104
======================
   8      32 sdc 2922019 31572 394200812 33706700 43292335 927308095 17367350832 1716517328 140 73014296 1752578640
======================
   8      32 sdc 2922019 31572 394200812 33706700 43293010 927308095 17367696432 1716660756 137 73015296 1752721892
======================
   8      32 sdc 2922019 31572 394200812 33706700 43293633 927308095 17368015408 1716803212 154 73016300 1752865644
======================
   8      32 sdc 2922019 31572 394200812 33706700 43294268 927308095 17368340528 1716948860 142 73017308 1753009896
======================
   8      32 sdc 2922019 31572 394200812 33706700 43294939 927308095 17368684080 1717092740 128 73018312 1753153744
======================
   8      32 sdc 2922019 31572 394200812 33706700 43295153 927308095 17368793648 1717146444 26 73019316 1753213124
======================
   8      32 sdc 2922019 31572 394200812 33706700 43295153 927308095 17368793648 1717146444 26 73020316 1753239124
======================
   8      32 sdc 2922020 31572 394200820 33709284 43296431 927308095 17369447984 1717239048 128 73021324 1753288416
======================
   8      32 sdc 2922020 31572 394200820 33709284 43297370 927308095 17369928752 1717368276 149 73022332 1753432160
======================
   8      32 sdc 2922020 31572 394200820 33709284 43298047 927308095 17370275376 1717511860 144 73023336 1753575608
======================
   8      32 sdc 2922020 31572 394200820 33709284 43298698 927308095 17370608688 1717655780 133 73024340 1753720212
======================
   8      32 sdc 2922020 31572 394200820 33709284 43299338 927308095 17370936368 1717798644 133 73025344 1753863480
======================
   8      32 sdc 2922020 31572 394200820 33709284 43300003 927308095 17371276848 1717942956 140 73026348 1754007360
======================
   8      32 sdc 2922020 31572 394200820 33709284 43300664 927308095 17371615280 1718086376 151 73027352 1754150984
======================
   8      32 sdc 2922020 31572 394200820 33709284 43301305 927308095 17371943984 1718229520 150 73028352 1754293828
======================
   8      32 sdc 2922020 31572 394200820 33709284 43301947 927308095 17372272176 1718373712 148 73029356 1754436176
======================
   8      32 sdc 2922020 31572 394200820 33709284 43302589 927308095 17372600880 1718515368 146 73030360 1754579928
======================
   8      32 sdc 2922020 31572 394200820 33709284 43302799 927308095 17372708400 1718562504 60 73031364 1754661940
======================
   8      32 sdc 2922021 31572 394200828 33710352 43303876 927308095 17373259824 1718719636 132 73032368 1754784440
======================
   8      32 sdc 2922021 31572 394200828 33710352 43304524 927308095 17373591600 1718862484 156 73033372 1754927788
======================
   8      32 sdc 2922021 31572 394200828 33710352 43305127 927308095 17373900336 1719009392 129 73034376 1755068748
======================
   8      32 sdc 2922021 31572 394200828 33710352 43305847 927308095 17374268976 1719147508 145 73035384 1755212692
======================
   8      32 sdc 2922021 31572 394200828 33710352 43306472 927308095 17374588976 1719290488 128 73036388 1755356100
======================
   8      32 sdc 2922021 31572 394200828 33710352 43307106 927308095 17374913584 1719435028 134 73037392 1755499680
======================
   8      32 sdc 2922021 31572 394200828 33710352 43307782 927308095 17375259696 1719578484 130 73038396 1755642916
======================
   8      32 sdc 2922021 31572 394200828 33710352 43308406 927308095 17375579184 1719711768 146 73039400 1755786700
======================
   8      32 sdc 2922021 31572 394200828 33710352 43309122 927308095 17375945776 1719866872 134 73040404 1755930284
======================
   8      32 sdc 2922021 31572 394200828 33710352 43309754 927308095 17376269360 1720007412 142 73041404 1756073408
======================
   8      32 sdc 2922021 31572 394200828 33710352 43310378 927308095 17376588848 1720150784 158 73042408 1756216508
======================
   8      32 sdc 2922022 31572 394200836 33710560 43311024 927308095 17376919600 1720277532 144 73043412 1756342928
======================
   8      32 sdc 2922022 31572 394200836 33710560 43311693 927308095 17377262128 1720420332 147 73044416 1756486292
======================
   8      32 sdc 2922022 31572 394200836 33710560 43312208 927308095 17377525808 1720535312 144 73045416 1756629468
======================
   8      32 sdc 2922022 31572 394200836 33710560 43312976 927308095 17377919024 1720707608 144 73046420 1756773040
======================
   8      32 sdc 2922022 31572 394200836 33710560 43313625 927308095 17378251312 1720850596 135 73047424 1756916500
======================
   8      32 sdc 2922022 31572 394200836 33710560 43314267 927308095 17378580016 1720994068 133 73048428 1757060052
======================
   8      32 sdc 2922022 31572 394200836 33710560 43314875 927308095 17378891312 1721130640 133 73049428 1757202796
======================
   8      32 sdc 2922022 31572 394200836 33710560 43315550 927308095 17379236912 1721280420 130 73050432 1757346000
======================
   8      32 sdc 2922022 31572 394200836 33710560 43316210 927308095 17379574832 1721424180 142 73051436 1757489744
======================
   8      32 sdc 2922022 31572 394200836 33710560 43316873 927308095 17379914288 1721566944 151 73052436 1757632076
======================
   8      32 sdc 2922022 31572 394200836 33710560 43317514 927308095 17380242480 1721709572 150 73053440 1757775504
======================
   8      32 sdc 2922022 31572 394200836 33710560 43318159 927308095 17380572720 1721852872 60 73054444 1757913164
======================
   8      32 sdc 2922023 31572 394200844 33710884 43318778 927308095 17380889648 1721970392 146 73055444 1758035552
======================
   8      32 sdc 2922023 31572 394200844 33710884 43319430 927308095 17381223472 1722112496 134 73056448 1758179072
======================
   8      32 sdc 2922023 31572 394200844 33710884 43320054 927308095 17381542960 1722255996 150 73057452 1758322804
======================
   8      32 sdc 2922023 31572 394200844 33710884 43320656 927308095 17381851184 1722401864 156 73058452 1758466092
======================
   8      32 sdc 2922023 31572 394200844 33710884 43321338 927308095 17382200368 1722541784 146 73059456 1758609364
======================
   8      32 sdc 2922023 31572 394200844 33710884 43322008 927308095 17382543408 1722686996 148 73060456 1758752344
======================
   8      32 sdc 2922023 31572 394200844 33710884 43322632 927308095 17382862896 1722829372 132 73061460 1758896000
======================
   8      32 sdc 2922023 31572 394200844 33710884 43323263 927308095 17383185968 1722973892 141 73062464 1759039732
======================
   8      32 sdc 2922023 31572 394200844 33710884 43323894 927308095 17383509040 1723108084 150 73063472 1759184304
======================
   8      32 sdc 2922023 31572 394200844 33710884 43324604 927308095 17383872560 1723261508 144 73064476 1759327876
======================
   8      32 sdc 2922023 31572 394200844 33710884 43325246 927308095 17384201264 1723405052 142 73065476 1759470972
======================
   8      32 sdc 2922023 31572 394200844 33710884 43325825 927308095 17384497712 1723533056 42 73066480 1759595460
======================
   8      32 sdc 2922024 31572 394200852 33712020 43326511 927308095 17384848944 1723594744 150 73067484 1759652092
======================
   8      32 sdc 2922024 31572 394200852 33712020 43327153 927308095 17385177648 1723727768 148 73068488 1759795400
======================
   8      32 sdc 2922024 31572 394200852 33712020 43327794 927308095 17385505840 1723871336 147 73069492 1759938936
======================
   8      32 sdc 2922024 31572 394200852 33712020 43328291 927308095 17385760304 1724017952 130 73070492 1760084920
======================
   8      32 sdc 2922024 31572 394200852 33712020 43328840 927308095 17386041392 1724138276 157 73071496 1760230712
======================
   8      32 sdc 2922024 31572 394200852 33712020 43329614 927308095 17386437680 1724307744 151 73072500 1760374564
======================
   8      32 sdc 2922024 31572 394200852 33712020 43330256 927308095 17386766384 1724450436 149 73073500 1760517472
======================
   8      32 sdc 2922024 31572 394200852 33712020 43330849 927308095 17387070000 1724587740 132 73074504 1760662292
======================
   8      32 sdc 2922024 31572 394200852 33712020 43331573 927308095 17387440688 1724738088 144 73075504 1760805136
======================
   8      32 sdc 2922024 31572 394200852 33712020 43332224 927308095 17387774000 1724880816 133 73076508 1760948300
======================
   8      32 sdc 2922024 31572 394200852 33712020 43332848 927308095 17388093488 1725024208 149 73077512 1761091980
======================
   8      32 sdc 2922024 31572 394200852 33712020 43333503 927308095 17388428848 1725168632 44 73078512 1761227520
======================
   8      32 sdc 2922025 31572 394200860 33712232 43334156 927308095 17388763184 1725294784 148 73079516 1761361288
======================
   8      32 sdc 2922025 31572 394200860 33712232 43334831 927308095 17389108784 1725437944 145 73080520 1761504740
======================
   8      32 sdc 2922025 31572 394200860 33712232 43335495 927308095 17389448752 1725580128 153 73081520 1761647588
======================
   8      32 sdc 2922025 31572 394200860 33712232 43336119 927308095 17389768240 1725724916 137 73082524 1761791456
======================
   8      32 sdc 2922025 31572 394200860 33712232 43336790 927308095 17390111792 1725868116 138 73083528 1761934460
======================
   8      32 sdc 2922025 31572 394200860 33712232 43337445 927308095 17390447152 1726010552 155 73084532 1762077636
======================
   8      32 sdc 2922025 31572 394200860 33712232 43338086 927308095 17390775344 1726154620 154 73085536 1762221388
======================
   8      32 sdc 2922025 31572 394200860 33712232 43338744 927308095 17391112240 1726297968 136 73086540 1762364920
======================
   8      32 sdc 2922025 31572 394200860 33712232 43339410 927308095 17391453232 1726441576 142 73087548 1762508784
======================
   8      32 sdc 2922025 31572 394200860 33712232 43340054 927308095 17391782960 1726584556 138 73088548 1762651872
======================
   8      32 sdc 2922025 31572 394200860 33712232 43340696 927308095 17392111664 1726728008 136 73089552 1762795316
======================
   8      32 sdc 2922025 31572 394200860 33712232 43341172 927308095 17392355376 1726870288 55 73090556 1762930020
======================
   8      32 sdc 2922026 31572 394200868 33712420 43341806 927308095 17392679984 1726997264 149 73091560 1763064416
======================
   8      32 sdc 2922026 31572 394200868 33712420 43342470 927308095 17393019952 1727141140 157 73092564 1763208056
======================
   8      32 sdc 2922026 31572 394200868 33712420 43343128 927308095 17393356848 1727283680 139 73093568 1763351464
======================
   8      32 sdc 2922026 31572 394200868 33712420 43343767 927308095 17393684016 1727427916 140 73094568 1763494580
======================
   8      32 sdc 2922026 31572 394200868 33712420 43344443 927308095 17394030128 1727571564 136 73095572 1763638176
======================
   8      32 sdc 2922026 31572 394200868 33712420 43345032 927308095 17394331696 1727704040 155 73096576 1763780108
======================
   8      32 sdc 2922026 31572 394200868 33712420 43345713 927308095 17394680368 1727854836 146 73097576 1763922920
======================
   8      32 sdc 2922026 31572 394200868 33712420 43346366 927308095 17395014704 1727999228 133 73098580 1764066208
======================
   8      32 sdc 2922026 31572 394200868 33712420 43347041 927308095 17395360304 1728142660 130 73099580 1764209112
======================
   8      32 sdc 2922026 31572 394200868 33712420 43347667 927308095 17395680816 1728280584 144 73100584 1764352956
======================
   8      32 sdc 2922026 31572 394200868 33712420 43348376 927308095 17396043824 1728428568 139 73101588 1764496752
======================
   8      32 sdc 2922026 31572 394200868 33712420 43348887 927308095 17396305456 1728546132 20 73102592 1764605620
======================
   8      32 sdc 2922027 31572 394200876 33712880 43349478 927308095 17396608048 1728670928 157 73103600 1764738168
======================
   8      32 sdc 2922027 31572 394200876 33712880 43350149 927308095 17396951600 1728814268 149 73104604 1764881240
======================
   8      32 sdc 2922027 31572 394200876 33712880 43350809 927308095 17397289520 1728956572 138 73105608 1765024476
======================
   8      32 sdc 2922027 31572 394200876 33712880 43351451 927308095 17397618224 1729101292 136 73106612 1765168868
======================
   8      32 sdc 2922027 31572 394200876 33712880 43352115 927308095 17397958192 1729244840 144 73107616 1765312544
======================
   8      32 sdc 2922027 31572 394200876 33712880 43352763 927308095 17398289968 1729387732 136 73108616 1765455460
======================
   8      32 sdc 2922027 31572 394200876 33712880 43353405 927308095 17398618672 1729531084 134 73109620 1765598828
======================
   8      32 sdc 2922027 31572 394200876 33712880 43354046 927308095 17398946864 1729674208 133 73110624 1765742216
======================
   8      32 sdc 2922027 31572 394200876 33712880 43354690 927308095 17399276592 1729818152 129 73111624 1765885324
======================
   8      32 sdc 2922027 31572 394200876 33712880 43355348 927308095 17399613488 1729961620 143 73112628 1766029136
======================
   8      32 sdc 2922027 31572 394200876 33712880 43355966 927308095 17399929904 1730104292 133 73113632 1766173072
======================
   8      32 sdc 2922027 31572 394200876 33712880 43356569 927308095 17400238640 1730233648 18 73114632 1766291488
======================
   8      32 sdc 2922028 31572 394200884 33713376 43357131 927308095 17400526384 1730344364 157 73115636 1766409008
======================
   8      32 sdc 2922028 31572 394200884 33713376 43357819 927308095 17400878640 1730484640 141 73116640 1766552656
======================
   8      32 sdc 2922028 31572 394200884 33713376 43358440 927308095 17401196592 1730628616 128 73117644 1766696560
======================
   8      32 sdc 2922028 31572 394200884 33713376 43359102 927308095 17401535536 1730771904 138 73118652 1766840436
======================
   8      32 sdc 2922028 31572 394200884 33713376 43359772 927308095 17401878576 1730915032 140 73119652 1766982936
======================
   8      32 sdc 2922028 31572 394200884 33713376 43360336 927308095 17402167344 1731034296 152 73120656 1767127596
======================
   8      32 sdc 2922028 31572 394200884 33713376 43361113 927308095 17402565168 1731204168 143 73121664 1767274256
======================
   8      32 sdc 2922028 31572 394200884 33713376 43361737 927308095 17402884656 1731347600 129 73122668 1767417596
======================
   8      32 sdc 2922028 31572 394200884 33713376 43362378 927308095 17403212848 1731491992 158 73123668 1767560380
======================
   8      32 sdc 2922028 31572 394200884 33713376 43363054 927308095 17403558960 1731635052 154 73124672 1767703736
======================
   8      32 sdc 2922028 31572 394200884 33713376 43363664 927308095 17403871280 1731768064 152 73125676 1767848052
======================
   8      32 sdc 2922029 31572 394200892 33713616 43364318 927308095 17404206128 1731907624 138 73126676 1767970916
======================
   8      32 sdc 2922029 31572 394200892 33713616 43364977 927308095 17404543536 1732044904 151 73127680 1768114144
======================
   8      32 sdc 2922029 31572 394200892 33713616 43365593 927308095 17404859440 1732181884 143 73128684 1768258908
======================
   8      32 sdc 2922029 31572 394200892 33713616 43366280 927308095 17405210672 1732331532 128 73129684 1768401216
======================
   8      32 sdc 2922029 31572 394200892 33713616 43366912 927308095 17405534256 1732474784 136 73130688 1768544660
======================
   8      32 sdc 2922029 31572 394200892 33713616 43367558 927308095 17405865008 1732618480 130 73131692 1768687684
======================
   8      32 sdc 2922029 31572 394200892 33713616 43368223 927308095 17406205488 1732761372 137 73132696 1768830936
======================
   8      32 sdc 2922029 31572 394200892 33713616 43368825 927308095 17406513712 1732897400 143 73133700 1768975664
======================
   8      32 sdc 2922029 31572 394200892 33713616 43369484 927308095 17406851120 1733048376 156 73134700 1769118500
======================
   8      32 sdc 2922029 31572 394200892 33713616 43370168 927308095 17407201328 1733192956 144 73135704 1769261928
======================
   8      32 sdc 2922029 31572 394200892 33713616 43370844 927308095 17407547440 1733336172 140 73136708 1769405336
======================
   8      32 sdc 2922029 31572 394200892 33713616 43371470 927308095 17407867952 1733478348 154 73137712 1769548664
======================
   8      32 sdc 2922030 31572 394200900 33713844 43372082 927308095 17408181296 1733602760 154 73138712 1769672324
======================
   8      32 sdc 2922030 31572 394200900 33713844 43372758 927308095 17408527408 1733747108 150 73139716 1769816284
======================
   8      32 sdc 2922030 31572 394200900 33713844 43373397 927308095 17408854576 1733891116 151 73140720 1769959412
======================
   8      32 sdc 2922030 31572 394200900 33713844 43374077 927308095 17409202736 1734032344 143 73141724 1770102896
======================
   8      32 sdc 2922030 31572 394200900 33713844 43374699 927308095 17409521200 1734176156 129 73142728 1770246516
======================
   8      32 sdc 2922030 31572 394200900 33713844 43375364 927308095 17409861680 1734320812 136 73143732 1770390020
======================
   8      32 sdc 2922030 31572 394200900 33713844 43376032 927308095 17410203696 1734463480 140 73144736 1770533704
======================
   8      32 sdc 2922030 31572 394200900 33713844 43376574 927308095 17410481200 1734584712 142 73145740 1770677208
======================
   8      32 sdc 2922030 31572 394200900 33713844 43377322 927308095 17410864176 1734752176 130 73146740 1770819564
======================
   8      32 sdc 2922030 31572 394200900 33713844 43377978 927308095 17411200048 1734893444 146 73147744 1770963184
======================
   8      32 sdc 2922030 31572 394200900 33713844 43378626 927308095 17411531824 1735036808 138 73148748 1771107020
======================
   8      32 sdc 2922030 31572 394200900 33713844 43379244 927308095 17411848240 1735179964 128 73149752 1771249896
======================
   8      32 sdc 2922031 31572 394200908 33714304 43379746 927308095 17412105264 1735291536 131 73150752 1771361888
======================
   8      32 sdc 2922031 31572 394200908 33714304 43380389 927308095 17412434480 1735435348 128 73151756 1771505332
======================
   8      32 sdc 2922031 31572 394200908 33714304 43381054 927308095 17412774960 1735578908 135 73152760 1771648680
======================
   8      32 sdc 2922031 31572 394200908 33714304 43381702 927308095 17413106736 1735721548 127 73153764 1771792244
======================
   8      32 sdc 2922031 31572 394200908 33714304 43382354 927308095 17413440560 1735866652 147 73154772 1771936520
======================
   8      32 sdc 2922031 31572 394200908 33714304 43382882 927308095 17413710896 1735979728 131 73155776 1772077168
======================
   8      32 sdc 2922031 31572 394200908 33714304 43383669 927308095 17414113840 1736151760 144 73156780 1772220580
======================
   8      32 sdc 2922031 31572 394200908 33714304 43384302 927308095 17414437936 1736293732 151 73157788 1772364700
======================
   8      32 sdc 2922031 31572 394200908 33714304 43384961 927308095 17414775344 1736438456 132 73158792 1772508124
======================
   8      32 sdc 2922031 31572 394200908 33714304 43385519 927308095 17415061040 1736556872 150 73159796 1772652976
======================
   8      32 sdc 2922031 31572 394200908 33714304 43386313 927308095 17415467568 1736727632 156 73160800 1772797256
======================
   8      32 sdc 2922031 31572 394200908 33714304 43386934 927308095 17415785520 1736872408 143 73161800 1772939688
======================
   8      32 sdc 2922032 31572 394200916 33714532 43387569 927308095 17416110640 1736992772 148 73162804 1773063964
======================
   8      32 sdc 2922032 31572 394200916 33714532 43388210 927308095 17416438832 1737137492 147 73163808 1773207440
======================
   8      32 sdc 2922032 31572 394200916 33714532 43388886 927308095 17416784944 1737280908 143 73164812 1773351064
======================
   8      32 sdc 2922032 31572 394200916 33714532 43389527 927308095 17417113136 1737423868 142 73165816 1773494844
======================
   8      32 sdc 2922032 31572 394200916 33714532 43390185 927308095 17417450032 1737567908 156 73166820 1773638176
======================
   8      32 sdc 2922032 31572 394200916 33714532 43390849 927308095 17417790512 1737711008 132 73167824 1773781472
======================
   8      32 sdc 2922032 31572 394200916 33714532 43391493 927308095 17418119728 1737854292 128 73168824 1773924508
======================
   8      32 sdc 2922032 31572 394200916 33714532 43392078 927308095 17418419248 1737993116 151 73169828 1774067920
======================
   8      32 sdc 2922032 31572 394200916 33714532 43392771 927308095 17418774064 1738140864 130 73170832 1774211376
======================
   8      32 sdc 2922032 31572 394200916 33714532 43393420 927308095 17419106352 1738284740 153 73171836 1774355092
======================
   8      32 sdc 2922032 31572 394200916 33714532 43394084 927308095 17419446320 1738428320 129 73172836 1774498088
======================
   8      32 sdc 2922032 31572 394200916 33714532 43394730 927308095 17419777072 1738570752 155 73173840 1774641256
======================
   8      32 sdc 2922032 31572 394200916 33714532 43394906 927308095 17419867184 1738609932 17 73174844 1774680648
======================
   8      32 sdc 2922033 31572 394200924 33716168 43395986 927308095 17420420144 1738664688 158 73175848 1774731560
======================
   8      32 sdc 2922033 31572 394200924 33716168 43396669 927308095 17420769840 1738802972 147 73176848 1774874548
======================
   8      32 sdc 2922033 31572 394200924 33716168 43397286 927308095 17421085744 1738945468 138 73177852 1775018224
======================
   8      32 sdc 2922033 31572 394200924 33716168 43397958 927308095 17421429808 1739090036 138 73178856 1775161724
======================
   8      32 sdc 2922033 31572 394200924 33716168 43398634 927308095 17421775920 1739233532 134 73179860 1775305120
======================
   8      32 sdc 2922033 31572 394200924 33716168 43399310 927308095 17422122032 1739376944 130 73180864 1775448548
======================
   8      32 sdc 2922033 31572 394200924 33716168 43399954 927308095 17422451760 1739517868 158 73181864 1775590384
======================
   8      32 sdc 2922033 31572 394200924 33716168 43400579 927308095 17422771760 1739661596 141 73182868 1775734408
======================
   8      32 sdc 2922033 31572 394200924 33716168 43401141 927308095 17423059504 1739785072 155 73183872 1775879488
======================
   8      32 sdc 2922033 31572 394200924 33716168 43401838 927308095 17423416368 1739940400 130 73184876 1776026016
======================
   8      32 sdc 2922033 31572 394200924 33716168 43402547 927308095 17423779376 1740094916 56 73185880 1776161348
======================
   8      32 sdc 2922034 31572 394200932 33716388 43403160 927308095 17424093232 1740226356 140 73186880 1776298456
======================
   8      32 sdc 2922034 31572 394200932 33716388 43403824 927308095 17424433200 1740369728 148 73187884 1776441776
======================
   8      32 sdc 2922034 31572 394200932 33716388 43404468 927308095 17424762928 1740512280 144 73188888 1776585212
======================
   8      32 sdc 2922034 31572 394200932 33716388 43405079 927308095 17425075760 1740652744 141 73189892 1776728968
======================
   8      32 sdc 2922034 31572 394200932 33716388 43405729 927308095 17425408560 1740797732 131 73190892 1776871384
======================
   8      32 sdc 2922034 31572 394200932 33716388 43406401 927308095 17425753136 1740942988 131 73191896 1777015056
======================
   8      32 sdc 2922034 31572 394200932 33716388 43407048 927308095 17426083888 1741085600 156 73192900 1777158216
======================
   8      32 sdc 2922034 31572 394200932 33716388 43407691 927308095 17426413104 1741229248 153 73193904 1777301632
======================
   8      32 sdc 2922034 31572 394200932 33716388 43408348 927308095 17426749488 1741373016 136 73194904 1777444632
======================
   8      32 sdc 2922034 31572 394200932 33716388 43409024 927308095 17427095600 1741516576 132 73195908 1777588224
======================
   8      32 sdc 2922034 31572 394200932 33716388 43409535 927308095 17427357232 1741630156 133 73196912 1777729716
======================
   8      32 sdc 2922034 31572 394200932 33716388 43410266 927308095 17427731504 1741793840 17 73197912 1777854504
======================
   8      32 sdc 2922035 31572 394200940 33716624 43410871 927308095 17428041264 1741918688 143 73198916 1777996668
======================
   8      32 sdc 2922035 31572 394200940 33716624 43411602 927308095 17428415536 1742068020 148 73199920 1778140144
======================
   8      32 sdc 2922035 31572 394200940 33716624 43412278 927308095 17428761648 1742211456 144 73200924 1778283628
======================
   8      32 sdc 2922035 31572 394200940 33716624 43412766 927308095 17429011504 1742356868 136 73201928 1778430512
======================
   8      32 sdc 2922035 31572 394200940 33716624 43413404 927308095 17429338160 1742501436 138 73202932 1778573632
======================
   8      32 sdc 2922035 31572 394200940 33716624 43414080 927308095 17429684272 1742644888 134 73203936 1778716972
======================
   8      32 sdc 2922035 31572 394200940 33716624 43414725 927308095 17430014512 1742791344 129 73204940 1778864504
======================
   8      32 sdc 2922035 31572 394200940 33716624 43415374 927308095 17430346800 1742934724 152 73205940 1779007328
======================
   8      32 sdc 2922035 31572 394200940 33716624 43416026 927308095 17430680624 1743078268 140 73206944 1779150840
======================
   8      32 sdc 2922035 31572 394200940 33716624 43416690 927308095 17431020592 1743221548 148 73207948 1779294216
======================
   8      32 sdc 2922035 31572 394200940 33716624 43417333 927308095 17431349808 1743364424 145 73208948 1779437180
======================
   8      32 sdc 2922035 31572 394200940 33716624 43417914 927308095 17431647280 1743495812 49 73209952 1779566316
======================
   8      32 sdc 2922036 31572 394200948 33716944 43418590 927308095 17431993392 1743624568 144 73210956 1779697824
======================
   8      32 sdc 2922036 31572 394200948 33716944 43419239 927308095 17432325680 1743768704 135 73211964 1779841968
======================
   8      32 sdc 2922036 31572 394200948 33716944 43419897 927308095 17432662576 1743911592 149 73212964 1779984780
======================
   8      32 sdc 2922036 31572 394200948 33716944 43420246 927308095 17432841264 1744019544 152 73213968 1780128476
======================
   8      32 sdc 2922036 31572 394200948 33716944 43420948 927308095 17433200688 1744179236 154 73214976 1780275240
======================
   8      32 sdc 2922036 31572 394200948 33716944 43421726 927308095 17433599024 1744346208 134 73215980 1780418988
======================
   8      32 sdc 2922036 31572 394200948 33716944 43422371 927308095 17433929264 1744488292 129 73216984 1780562284
======================
   8      32 sdc 2922036 31572 394200948 33716944 43422996 927308095 17434249264 1744631736 144 73217988 1780706008
======================
   8      32 sdc 2922036 31572 394200948 33716944 43423613 927308095 17434565168 1744772752 135 73218988 1780849328
======================
   8      32 sdc 2922036 31572 394200948 33716944 43424327 927308095 17434930736 1744920184 157 73219992 1780992824
======================
   8      32 sdc 2922036 31572 394200948 33716944 43425003 927308095 17435276848 1745063480 153 73220996 1781136332
======================
   8      32 sdc 2922037 31572 394200956 33717176 43425638 927308095 17435601968 1745201416 100 73222000 1781260508
======================
   8      32 sdc 2922037 31572 394200956 33717176 43426263 927308095 17435921968 1745329696 143 73223004 1781404092
======================
   8      32 sdc 2922037 31572 394200956 33717176 43426853 927308095 17436224048 1745461624 129 73224008 1781545992
======================
   8      32 sdc 2922037 31572 394200956 33717176 43427485 927308095 17436547632 1745593700 137 73225008 1781687608
======================
   8      32 sdc 2922037 31572 394200956 33717176 43428087 927308095 17436855856 1745749968 210 73226012 1781850956
======================
   8      32 sdc 2922037 31572 394200956 33717176 43428737 927308095 17437188656 1745902348 200 73227016 1782046564
======================
   8      32 sdc 2922037 31572 394200956 33717176 43429396 927308095 17437526064 1746059268 181 73228020 1782234372
======================
   8      32 sdc 2922037 31572 394200956 33717176 43429977 927308095 17437823536 1746214048 176 73229024 1782413144
======================
   8      32 sdc 2922037 31572 394200956 33717176 43430646 927308095 17438166064 1746397864 179 73230028 1782585128
======================
   8      32 sdc 2922037 31572 394200956 33717176 43431313 927308095 17438507568 1746569152 167 73231032 1782753024
======================
   8      32 sdc 2922037 31572 394200956 33717176 43431960 927308095 17438838832 1746766824 160 73232032 1782911348
======================
   8      32 sdc 2922037 31572 394200956 33717176 43432624 927308095 17439178800 1746959184 136 73233036 1783062388
======================
   8      32 sdc 2922037 31572 394200956 33717176 43433273 927308095 17439511088 1747133500 50 73234040 1783200404
======================
   8      32 sdc 2922038 31572 394200964 33718168 43433889 927308535 17439825968 1747152224 143 73235044 1783223976
======================
   8      32 sdc 2922038 31572 394200964 33718168 43434551 927308535 17440164912 1747294560 153 73236044 1783367396
======================
   8      32 sdc 2922038 31572 394200964 33718168 43435226 927308535 17440510512 1747436840 150 73237048 1783510964
======================
   8      32 sdc 2922038 31572 394200964 33718168 43435718 927308535 17440762416 1747578276 138 73238052 1783653500
======================
   8      32 sdc 2922038 31572 394200964 33718168 43436375 927308535 17441098800 1747722724 153 73239056 1783796704
======================
   8      32 sdc 2922038 31572 394200964 33718168 43437050 927308535 17441444400 1747865572 150 73240056 1783939352
======================
   8      32 sdc 2922038 31572 394200964 33718168 43437726 927308535 17441790512 1748008724 146 73241060 1784082604
======================
   8      32 sdc 2922038 31572 394200964 33718168 43438387 927308535 17442128944 1748151196 157 73242064 1784226004
======================
   8      32 sdc 2922038 31572 394200964 33718168 43439011 927308535 17442448432 1748294392 141 73243068 1784369656
======================
   8      32 sdc 2922038 31572 394200964 33718168 43439658 927308535 17442779696 1748438872 134 73244072 1784512832
======================
   8      32 sdc 2922038 31572 394200964 33718168 43440334 927308535 17443125808 1748582084 130 73245076 1784656128
======================
   8      32 sdc 2922038 31572 394200964 33718168 43440985 927308535 17443459120 1748724532 26 73246080 1784788688
======================
   8      32 sdc 2922039 31572 394200972 33718424 43441602 927308554 17443773664 1748825860 152 73247080 1784900764
======================
   8      32 sdc 2922039 31572 394200972 33718424 43442259 927308554 17444110048 1748968792 135 73248084 1785044328
======================
   8      32 sdc 2922039 31572 394200972 33718424 43442921 927308554 17444448992 1749113104 145 73249088 1785188044
======================
   8      32 sdc 2922039 31572 394200972 33718424 43443552 927308554 17444772064 1749256704 154 73250092 1785331732
======================
   8      32 sdc 2922039 31572 394200972 33718424 43444194 927308554 17445100768 1749400240 152 73251096 1785475348
======================
   8      32 sdc 2922039 31572 394200972 33718424 43444845 927308564 17445433152 1749527896 142 73252096 1785602600
======================
   8      32 sdc 2922039 31572 394200972 33718424 43445504 927308564 17445770560 1749670328 155 73253100 1785745968
======================
   8      32 sdc 2922039 31572 394200972 33718424 43446140 927308564 17446096192 1749814364 131 73254100 1785888892
======================
   8      32 sdc 2922039 31572 394200972 33718424 43446789 927308564 17446428480 1749958408 150 73255104 1786032536
======================
   8      32 sdc 2922039 31572 394200972 33718424 43447466 927308564 17446775104 1750101972 145 73256108 1786175940
======================
   8      32 sdc 2922039 31572 394200972 33718424 43448099 927308574 17447098272 1750232628 152 73257112 1786304764
======================
   8      32 sdc 2922040 31572 394200980 33718732 43448710 927308574 17447411104 1750364360 115 73258116 1786423792
======================
   8      32 sdc 2922040 31572 394200980 33718732 43449158 927309022 17447621368 1750452548 0 73258912 1786511872
======================
   8      32 sdc 2922040 31572 394200980 33718732 43449158 927309022 17447621368 1750452548 0 73258912 1786511872
======================
   8      32 sdc 2922040 31572 394200980 33718732 43449158 927309022 17447621368 1750452548 0 73258912 1786511872
======================
   8      32 sdc 2922040 31572 394200980 33718732 43449158 927309022 17447621368 1750452548 0 73258912 1786511872
======================
   8      32 sdc 2922040 31572 394200980 33718732 43449158 927309022 17447621368 1750452548 0 73258912 1786511872
======================
   8      32 sdc 2922040 31572 394200980 33718732 43449158 927309022 17447621368 1750452548 0 73258912 1786511872
======================
   8      32 sdc 2922276 31572 394202862 33728400 43449177 927309022 17447621440 1750452548 1 73259692 1786521984
======================
started
   8      32 sdc 2922281 31572 394202902 33729180 43449179 927309022 17447621448 1750452548 0 73260028 1786522320
======================
   8      32 sdc 2922281 31572 394202902 33729180 43449179 927309022 17447621448 1750452548 0 73260028 1786522320
======================
   8      32 sdc 2922289 31572 394202966 33729180 43449179 927309022 17447621448 1750452548 0 73260028 1786522320
======================
   8      32 sdc 2922289 31572 394202966 33729180 43449179 927309022 17447621448 1750452548 0 73260028 1786522320
======================
   8      32 sdc 2922289 31572 394202966 33729180 43449179 927309022 17447621448 1750452548 0 73260028 1786522320
======================
   8      32 sdc 2922289 31572 394202966 33729180 43449179 927309022 17447621448 1750452548 0 73260028 1786522320
======================
   8      32 sdc 2922289 31572 394202966 33729180 43449179 927309022 17447621448 1750452548 0 73260028 1786522320
======================
   8      32 sdc 2922289 31572 394202966 33729180 43449182 927309024 17447621488 1750452548 0 73260028 1786522320
======================
   8      32 sdc 2922289 31572 394202966 33729180 43450698 927309024 17448397688 1750456956 69 73260144 1786526788
======================
   8      32 sdc 2922289 31572 394202966 33729180 43451997 927309024 17449062264 1750465900 157 73260444 1786556688
======================
   8      32 sdc 2922289 31572 394202966 33729180 43452275 927309024 17449204600 1750592804 135 73261460 1786701656
======================
   8      32 sdc 2922289 31572 394202966 33729180 43452684 927309025 17449414008 1750758760 143 73262540 1786856520
======================
   8      32 sdc 2922289 31572 394202966 33729180 43453070 927309025 17449610640 1750904756 142 73263552 1787001784
======================
   8      32 sdc 2922289 31572 394202966 33729180 43453419 927309025 17449789328 1751049508 145 73264584 1787150076
======================
   8      32 sdc 2922289 31572 394202966 33729180 43453780 927309025 17449974160 1751193156 136 73265588 1787294156
======================
   8      32 sdc 2922289 31572 394202966 33729180 43454157 927309025 17450167184 1751341152 143 73266592 1787437812
======================
   8      32 sdc 2922289 31572 394202966 33729180 43454485 927309026 17450335120 1751483256 129 73267596 1787582460
======================
   8      32 sdc 2922289 31572 394202966 33729180 43454885 927309026 17450538920 1751629036 146 73268600 1787727076
======================
   8      32 sdc 2922289 31572 394202966 33729180 43455237 927309026 17450719144 1751771264 146 73269604 1787871880
======================
   8      32 sdc 2922289 31572 394202966 33729180 43455600 927309026 17450905000 1751915744 135 73270604 1788014980
======================
   8      32 sdc 2922289 31572 394202966 33729180 43455987 927309026 17451103144 1752062500 132 73271608 1788158748
======================
   8      32 sdc 2922289 31572 394202966 33729180 43456348 927309027 17451286976 1752203316 157 73272612 1788302664
======================
   8      32 sdc 2922289 31572 394202966 33729180 43456664 927309027 17451448768 1752344084 129 73273616 1788450784
======================
   8      32 sdc 2922289 31572 394202966 33729180 43457058 927309027 17451650496 1752495008 151 73274616 1788594680
======================
   8      32 sdc 2922289 31572 394202966 33729180 43457446 927309027 17451849152 1752641228 147 73275620 1788739056
======================
   8      32 sdc 2922289 31572 394202966 33729180 43457834 927309027 17452047808 1752786524 143 73276628 1788884156
======================
   8      32 sdc 2922289 31572 394202966 33729180 43458234 927309028 17452251608 1752932532 129 73277632 1789028060
======================
   8      32 sdc 2922289 31572 394202966 33729180 43458613 927309028 17452445656 1753074116 134 73278636 1789172112
======================
   8      32 sdc 2922289 31572 394202966 33729180 43459003 927309028 17452645336 1753207128 128 73279644 1789313508
======================
   8      32 sdc 2922289 31572 394202966 33729180 43459407 927309028 17452852184 1753361432 140 73280648 1789457368
======================
   8      32 sdc 2922289 31572 394202966 33729180 43459767 927309028 17453036504 1753497100 132 73281648 1789599068
======================
   8      32 sdc 2922289 31572 394202966 33729180 43460188 927309029 17453251056 1753645608 129 73282652 1789741100
======================
   8      32 sdc 2922289 31572 394202966 33729180 43460591 927309029 17453457392 1753788820 142 73283656 1789884252
======================
   8      32 sdc 2922289 31572 394202966 33729180 43460946 927309029 17453639152 1753926632 139 73284656 1790027668
======================
   8      32 sdc 2922289 31572 394202966 33729180 43461261 927309029 17453800432 1754046052 144 73285660 1790171012
======================
   8      32 sdc 2922289 31572 394202966 33729180 43461622 927309029 17453985264 1754216620 135 73286664 1790314540
======================
   8      32 sdc 2922289 31572 394202966 33729180 43462022 927309030 17454189568 1754360504 153 73287664 1790457116
======================
   8      32 sdc 2922289 31572 394202966 33729180 43462405 927309030 17454385160 1754506160 154 73288668 1790602608
======================
   8      32 sdc 2922289 31572 394202966 33729180 43462791 927309030 17454582792 1754647544 152 73289684 1790750228
======================
   8      32 sdc 2922289 31572 394202966 33729180 43463211 927309030 17454797832 1754801656 148 73290688 1790895988
======================
   8      32 sdc 2922289 31572 394202966 33729180 43463603 927309030 17454998536 1754942392 140 73291692 1791038336
======================
   8      32 sdc 2922289 31572 394202966 33729180 43463994 927309031 17455198728 1755087276 134 73292696 1791183948
======================
   8      32 sdc 2922289 31572 394202966 33729180 43464361 927309031 17455385632 1755221064 152 73293700 1791327636
======================
   8      32 sdc 2922289 31572 394202966 33729180 43464745 927309031 17455582240 1755369512 152 73294700 1791473796
======================
   8      32 sdc 2922289 31572 394202966 33729180 43465121 927309031 17455774752 1755512308 128 73295704 1791616848
======================
   8      32 sdc 2922289 31572 394202966 33729180 43465526 927309031 17455982112 1755664212 139 73296708 1791760604
======================
   8      32 sdc 2922289 31572 394202966 33729180 43465924 927309032 17456184888 1755807296 159 73297712 1791903772
======================
   8      32 sdc 2922289 31572 394202966 33729180 43466227 927309032 17456340024 1755938984 144 73298716 1792047188
======================
   8      32 sdc 2922289 31572 394202966 33729180 43466587 927309032 17456524344 1756087868 136 73299716 1792189832
======================
   8      32 sdc 2922289 31572 394202966 33729180 43466983 927309032 17456727096 1756239596 156 73300720 1792333288
======================
   8      32 sdc 2922289 31572 394202966 33729180 43467374 927309032 17456927288 1756380672 149 73301724 1792477744
======================
   8      32 sdc 2922289 31572 394202966 33729180 43467754 927309033 17457120848 1756520620 155 73302728 1792622748
======================
   8      32 sdc 2922289 31572 394202966 33729180 43468137 927309033 17457316944 1756665776 156 73303728 1792767904
======================
   8      32 sdc 2922289 31572 394202966 33729180 43468489 927309033 17457497168 1756809788 156 73304732 1792911268
======================
   8      32 sdc 2922289 31572 394202966 33729180 43468867 927309033 17457690704 1756958896 130 73305736 1793055360
======================
   8      32 sdc 2922289 31572 394202966 33729180 43469248 927309033 17457885776 1757095696 133 73306736 1793200160
======================
   8      32 sdc 2922289 31572 394202966 33729180 43469638 927309034 17458084456 1757234624 129 73307740 1793341656
======================
   8      32 sdc 2922289 31572 394202966 33729180 43470046 927309034 17458293352 1757387040 137 73308748 1793484624
======================
   8      32 sdc 2922289 31572 394202966 33729180 43470426 927309034 17458487912 1757524232 141 73309756 1793623540
======================
   8      32 sdc 2922289 31572 394202966 33729180 43470829 927309034 17458694248 1757669932 154 73310760 1793765980
======================
   8      32 sdc 2922289 31572 394202966 33729180 43471191 927309034 17458879592 1757801264 144 73311768 1793910632
======================
   8      32 sdc 2922289 31572 394202966 33729180 43471529 927309035 17459051648 1757956976 128 73312768 1794053752
======================
   8      32 sdc 2922289 31572 394202966 33729180 43471881 927309035 17459231872 1758091500 128 73313772 1794196868
