======================
   8      32 sdc 1699197 12508 249467652 11556588 18827927 447661096 7988869800 364430808 0 33132448 376980464
======================
   8      32 sdc 1699197 12508 249467652 11556588 18827927 447661096 7988869800 364430808 0 33132448 376980464
======================
   8      32 sdc 1699200 12508 249467676 11556636 18827927 447661096 7988869800 364430808 0 33132496 376980512
======================
   8      32 sdc 1699200 12508 249467676 11556636 18827927 447661096 7988869800 364430808 0 33132496 376980512
======================
   8      32 sdc 1699200 12508 249467676 11556636 18827927 447661096 7988869800 364430808 0 33132496 376980512
======================
   8      32 sdc 1699200 12508 249467676 11556636 18827927 447661096 7988869800 364430808 0 33132496 376980512
======================
   8      32 sdc 1699200 12508 249467676 11556636 18827927 447661096 7988869800 364430808 0 33132496 376980512
======================
started
   8      32 sdc 1699200 12508 249467676 11556636 18827943 447661112 7988870048 364430808 0 33132496 376980512
======================
   8      32 sdc 1699201 12508 249467684 11556636 18827943 447661112 7988870048 364430808 0 33132496 376980512
======================
   8      32 sdc 1699206 12508 249467724 11556636 18827943 447661112 7988870048 364430808 0 33132496 376980512
======================
   8      32 sdc 1699206 12508 249467724 11556636 18827943 447661112 7988870048 364430808 0 33132496 376980512
======================
   8      32 sdc 1699207 12508 249467732 11556656 18828263 447661112 7989033888 364433704 0 33132548 376983428
======================
   8      32 sdc 1699207 12508 249467732 11556656 18828263 447661112 7989033888 364433704 0 33132548 376983428
======================
   8      32 sdc 1699207 12508 249467732 11556656 18828263 447661112 7989033888 364433704 0 33132548 376983428
======================
   8      32 sdc 1699207 12508 249467732 11556656 18828265 447661119 7989033960 364433704 0 33132548 376983428
======================
   8      32 sdc 1699207 12508 249467732 11556656 18828265 447661119 7989033960 364433704 0 33132548 376983428
======================
   8      32 sdc 1699207 12508 249467732 11556656 18828703 447661119 7989258216 364436376 130 33132580 376986836
======================
   8      32 sdc 1699207 12508 249467732 11556656 18831284 447661119 7990579688 364564348 130 33133596 377130696
======================
   8      32 sdc 1699207 12508 249467732 11556656 18831903 447661133 7990896616 364708016 139 33134600 377274224
======================
   8      32 sdc 1699207 12508 249467732 11556656 18832547 447661133 7991225952 364836632 133 33135604 377401724
======================
   8      32 sdc 1699207 12508 249467732 11556656 18833067 447661133 7991491688 364947472 0 33136380 377497184
======================
   8      32 sdc 1699207 12508 249467732 11556656 18833067 447661133 7991491688 364947472 0 33136380 377497184
======================
   8      32 sdc 1699207 12508 249467732 11556656 18833067 447661133 7991491688 364947472 0 33136380 377497184
======================
   8      32 sdc 1699207 12508 249467732 11556656 18833069 447661139 7991491752 364947472 0 33136380 377497184
======================
   8      32 sdc 1699207 12508 249467732 11556656 18833069 447661139 7991491752 364947472 0 33136380 377497184
======================
   8      32 sdc 1699208 12508 249467740 11556684 18835639 447661139 7992807592 364979820 150 33136756 377544340
======================
   8      32 sdc 1699208 12508 249467740 11556684 18836281 447661139 7993136296 365121792 148 33137760 377687960
======================
   8      32 sdc 1699208 12508 249467740 11556684 18836923 447661139 7993465000 365265844 146 33138764 377832072
======================
   8      32 sdc 1699208 12508 249467740 11556684 18837565 447661152 7993793704 365409604 145 33139764 377975232
======================
   8      32 sdc 1699208 12508 249467740 11556684 18838206 447661152 7994121504 365537964 65 33140768 378098600
======================
   8      32 sdc 1699208 12508 249467740 11556684 18838271 447661152 7994154272 365552052 0 33140864 378101788
======================
   8      32 sdc 1699208 12508 249467740 11556684 18838271 447661152 7994154272 365552052 0 33140864 378101788
======================
   8      32 sdc 1699208 12508 249467740 11556684 18838271 447661152 7994154272 365552052 0 33140864 378101788
======================
   8      32 sdc 1699208 12508 249467740 11556684 18838273 447661157 7994154328 365552052 0 33140864 378101788
======================
   8      32 sdc 1699208 12508 249467740 11556684 18838273 447661157 7994154328 365552052 0 33140864 378101788
======================
   8      32 sdc 1699208 12508 249467740 11556684 18839780 447661157 7994925912 365668380 137 33141796 378233536
======================
   8      32 sdc 1699208 12508 249467740 11556684 18840456 447661157 7995272024 365811792 133 33142796 378376468
======================
   8      32 sdc 1699208 12508 249467740 11556684 18841105 447661157 7995604312 365954556 156 33143800 378520608
======================
   8      32 sdc 1699208 12508 249467740 11556684 18841729 447661168 7995923800 366097788 113 33144804 378663504
======================
   8      32 sdc 1699208 12508 249467740 11556684 18842231 447661168 7996180408 366235312 143 33145804 378800132
======================
   8      32 sdc 1699208 12508 249467740 11556684 18842906 447661168 7996526008 366378584 140 33146808 378943740
======================
   8      32 sdc 1699209 12508 249467748 11556744 18843567 447661168 7996864440 366520860 67 33147812 379081524
======================
   8      32 sdc 1699209 12508 249467748 11556744 18843635 447661168 7996898752 366535104 0 33147916 379084896
======================
   8      32 sdc 1699209 12508 249467748 11556744 18843637 447661176 7996898832 366535104 0 33147916 379084896
======================
   8      32 sdc 1699209 12508 249467748 11556744 18843637 447661176 7996898832 366535104 0 33147916 379084896
======================
   8      32 sdc 1699209 12508 249467748 11556744 18843637 447661176 7996898832 366535104 0 33147916 379084896
======================
   8      32 sdc 1699209 12508 249467748 11556744 18843637 447661176 7996898832 366535104 0 33147916 379084896
======================
   8      32 sdc 1699209 12508 249467748 11556744 18845146 447661204 7997667632 366650636 153 33148852 379217076
======================
   8      32 sdc 1699209 12508 249467748 11556744 18845802 447661212 7998003504 366795272 84 33149856 379357688
======================
   8      32 sdc 1699209 12508 249467748 11556744 18846443 447661212 7998330752 366922296 150 33150860 379488440
======================
   8      32 sdc 1699209 12508 249467748 11556744 18847084 447661212 7998658944 367065596 149 33151864 379632032
======================
   8      32 sdc 1699209 12508 249467748 11556744 18847749 447661212 7998999424 367210036 156 33152868 379775628
======================
   8      32 sdc 1699209 12508 249467748 11556744 18848378 447661212 7999321472 367346716 135 33153876 379920000
======================
   8      32 sdc 1699209 12508 249467748 11556744 18849052 447661222 7999666136 367494984 150 33154876 380060520
======================
   8      32 sdc 1699209 12508 249467748 11556744 18849694 447661222 7999994840 367637736 148 33155880 380204160
======================
   8      32 sdc 1699209 12508 249467748 11556744 18850336 447661222 8000323544 367781232 128 33156884 380347352
======================
   8      32 sdc 1699209 12508 249467748 11556744 18850465 447661222 8000389088 367809852 0 33157084 380360228
======================
   8      32 sdc 1699209 12508 249467748 11556744 18850465 447661222 8000389088 367809852 0 33157084 380360228
======================
   8      32 sdc 1699209 12508 249467748 11556744 18850467 447661229 8000389160 367809852 0 33157084 380360228
======================
   8      32 sdc 1699209 12508 249467748 11556744 18850467 447661229 8000389160 367809852 0 33157084 380360228
======================
   8      32 sdc 1699209 12508 249467748 11556744 18850467 447661229 8000389160 367809852 0 33157084 380360228
======================
   8      32 sdc 1699210 12508 249467756 11556780 18851952 447661229 8001149480 367916448 144 33157984 380482708
======================
   8      32 sdc 1699210 12508 249467756 11556780 18852593 447661229 8001477672 368059672 143 33158988 380626252
======================
   8      32 sdc 1699210 12508 249467756 11556780 18853246 447661238 8001812008 368204104 70 33159992 380765844
======================
   8      32 sdc 1699210 12508 249467756 11556780 18853882 447661238 8002137208 368330204 137 33160992 380896924
======================
   8      32 sdc 1699210 12508 249467756 11556780 18854506 447661238 8002456696 368473528 153 33161996 381040348
======================
   8      32 sdc 1699210 12508 249467756 11556780 18855166 447661238 8002794616 368618120 133 33163000 381183784
======================
   8      32 sdc 1699210 12508 249467756 11556780 18855841 447661238 8003140216 368761252 130 33164000 381326564
======================
   8      32 sdc 1699210 12508 249467756 11556780 18856517 447661238 8003486328 368904488 158 33165004 381469876
======================
   8      32 sdc 1699210 12508 249467756 11556780 18857173 447661238 8003822200 369046336 142 33166008 381613612
