======================
   8      16 sdb 40440845 573528 3445466482 83838464 73374215 398587653 19138025048 2710927604 0 24646668 2794897976
======================
   8      16 sdb 40440845 573528 3445466482 83838464 73374215 398587653 19138025048 2710927604 0 24646668 2794897976
======================
   8      16 sdb 40440845 573528 3445466482 83838464 73374215 398587653 19138025048 2710927604 0 24646668 2794897976
======================
   8      16 sdb 40440845 573528 3445466482 83838464 73374215 398587653 19138025048 2710927604 0 24646668 2794897976
======================
   8      16 sdb 40440845 573528 3445466482 83838464 73410194 398622194 19138588456 2711020760 120 24647324 2794991080
======================
   8      16 sdb 40440845 573528 3445466482 83838464 73427113 398638833 19138857672 2711073532 0 24647696 2795043816
======================
   8      16 sdb 40440845 573528 3445466482 83838464 73427113 398638833 19138857672 2711073532 0 24647696 2795043816
======================
   8      16 sdb 40440845 573528 3445466482 83838464 73427113 398638833 19138857672 2711073532 0 24647696 2795043816
======================
   8      16 sdb 40440845 573528 3445466482 83838464 73427113 398638833 19138857672 2711073532 0 24647696 2795043816
======================
   8      16 sdb 40440845 573528 3445466482 83838464 73427113 398638833 19138857672 2711073532 0 24647696 2795043816
======================
   8      16 sdb 40440845 573528 3445466482 83838464 73427113 398638833 19138857672 2711073532 0 24647696 2795043816
======================
   8      16 sdb 40440845 573528 3445466482 83838464 73427291 398649940 19138947952 2711076880 0 24647764 2795047156
======================
   8      16 sdb 40440845 573528 3445466482 83838464 73427291 398649940 19138947952 2711076880 0 24647764 2795047156
======================
   8      16 sdb 40440845 573528 3445466482 83838464 73427291 398649940 19138947952 2711076880 0 24647764 2795047156
======================
   8      16 sdb 40440845 573528 3445466482 83838464 73427291 398649940 19138947952 2711076880 0 24647764 2795047156
======================
   8      16 sdb 40440845 573528 3445466482 83838464 73427801 398676308 19139159944 2711080140 10 24648152 2795050488
======================
   8      16 sdb 40440845 573528 3445466482 83838464 73428340 398706448 19139408424 2711083436 0 24648388 2795053716
======================
   8      16 sdb 40440845 573528 3445466482 83838464 73428340 398706448 19139408424 2711083436 0 24648388 2795053716
======================
   8      16 sdb 40440845 573528 3445466482 83838464 73428340 398706448 19139408424 2711083436 0 24648388 2795053716
======================
   8      16 sdb 40440845 573528 3445466482 83838464 73428340 398706448 19139408424 2711083436 0 24648388 2795053716
======================
   8      16 sdb 40440845 573528 3445466482 83838464 73428340 398706448 19139408424 2711083436 0 24648388 2795053716
======================
   8      16 sdb 40440845 573528 3445466482 83838464 73429306 398758850 19139835032 2711088328 8 24648980 2795058624
======================
   8      16 sdb 40440845 573528 3445466482 83838464 73431051 398851309 19140587784 2711096928 8 24649980 2795067188
======================
   8      16 sdb 40440845 573528 3445466482 83838464 73431883 398894217 19140938920 2711101092 0 24650468 2795071384
======================
   8      16 sdb 40440845 573528 3445466482 83838464 73431883 398894217 19140938920 2711101092 0 24650468 2795071384
======================
   8      16 sdb 40440845 573528 3445466482 83838464 73431883 398894217 19140938920 2711101092 0 24650468 2795071384
======================
   8      16 sdb 40440845 573528 3445466482 83838464 73432238 398916371 19141118984 2711101284 0 24650580 2795071576
======================
   8      16 sdb 40440845 573528 3445466482 83838464 73432238 398916371 19141118984 2711101284 0 24650580 2795071576
======================
   8      16 sdb 40440845 573528 3445466482 83838464 73432238 398916371 19141118984 2711101284 0 24650580 2795071576
======================
   8      16 sdb 40440845 573528 3445466482 83838464 73432238 398916371 19141118984 2711101284 0 24650580 2795071576
======================
   8      16 sdb 40440845 573528 3445466482 83838464 73432238 398916371 19141118984 2711101284 0 24650580 2795071576
======================
   8      16 sdb 40440845 573528 3445466482 83838464 73432426 398928107 19141214376 2711101352 0 24650616 2795071640
======================
   8      16 sdb 40440845 573528 3445466482 83838464 73432426 398928107 19141214376 2711101352 0 24650616 2795071640
======================
   8      16 sdb 40440845 573528 3445466482 83838464 73432426 398928107 19141214376 2711101352 0 24650616 2795071640
======================
   8      16 sdb 40440845 573528 3445466482 83838464 73432426 398928107 19141214376 2711101352 0 24650616 2795071640
======================
   8      16 sdb 40440845 573528 3445466482 83838464 73432426 398928107 19141214376 2711101352 0 24650616 2795071640
======================
   8      16 sdb 40440845 573528 3445466482 83838464 73432614 398939863 19141309928 2711101428 0 24650644 2795071716
======================
   8      16 sdb 40440845 573528 3445466482 83838464 73432614 398939863 19141309928 2711101428 0 24650644 2795071716
======================
   8      16 sdb 40440845 573528 3445466482 83838464 73432798 398948944 19141384048 2711102316 0 24650748 2795072600
======================
   8      16 sdb 40440845 573528 3445466482 83838464 73432798 398948944 19141384048 2711102316 0 24650748 2795072600
======================
   8      16 sdb 40440845 573528 3445466482 83838464 73432885 398954444 19141428592 2711102356 1 24650768 2795072644
======================
   8      16 sdb 40440845 573528 3445466482 83838464 73433175 398969893 19141554656 2711103280 0 24650888 2795073560
======================
   8      16 sdb 40440845 573528 3445466482 83838464 73433735 398997724 19141781784 2711105844 0 24651200 2795076120
======================
   8      16 sdb 40440845 573528 3445466482 83838464 73434262 399022902 19141984920 2711108260 8 24651488 2795078568
======================
   8      16 sdb 40440845 573528 3445466482 83838464 73435214 399075341 19142356696 2711118620 141 24652488 2795154792
======================
   8      16 sdb 40440845 573528 3445466482 83838464 73437156 399170252 19143174104 2711204324 36 24653484 2795175612
======================
   8      16 sdb 40440845 573528 3445466482 83838464 73440046 399304388 19144284440 2711218000 8 24654488 2795188880
======================
   8      16 sdb 40440845 573528 3445466482 83838464 73441856 399394949 19145022720 2711226968 8 24655488 2795197804
======================
   8      16 sdb 40440845 573528 3445466482 83838464 73443708 399486054 19145768000 2711236308 8 24656492 2795207132
======================
   8      16 sdb 40440845 573528 3445466482 83838464 73445529 399580322 19146499632 2711244908 148 24657496 2795216400
======================
   8      16 sdb 40440845 573528 3445466482 83838464 73446130 399600197 19146700432 2711247444 1 24657556 2795218252
======================
   8      16 sdb 40440845 573528 3445466482 83838464 73446562 399627174 19146919992 2711247716 0 24657748 2795218524
======================
   8      16 sdb 40440845 573528 3445466482 83838464 73446562 399627174 19146919992 2711247716 0 24657748 2795218524
======================
   8      16 sdb 40440845 573528 3445466482 83838464 73446562 399627174 19146919992 2711247716 0 24657748 2795218524
======================
   8      16 sdb 40440845 573528 3445466482 83838464 73446562 399627174 19146919992 2711247716 0 24657748 2795218524
======================
   8      16 sdb 40440845 573528 3445466482 83838464 73446819 399643263 19147050760 2711249052 0 24657804 2795219860
======================
   8      16 sdb 40440845 573528 3445466482 83838464 73446819 399643263 19147050760 2711249052 0 24657804 2795219860
======================
   8      16 sdb 40440845 573528 3445466482 83838464 73446819 399643263 19147050760 2711249052 0 24657804 2795219860
======================
   8      16 sdb 40440845 573528 3445466482 83838464 73446819 399643263 19147050760 2711249052 0 24657804 2795219860
======================
   8      16 sdb 40440845 573528 3445466482 83838464 73446819 399643263 19147050760 2711249052 0 24657804 2795219860
======================
   8      16 sdb 40440845 573528 3445466482 83838464 73448153 399713062 19147619824 2711254668 0 24658520 2795225460
======================
   8      16 sdb 40440845 573528 3445466482 83838464 73448332 399721995 19147692712 2711255584 0 24658628 2795226376
======================
   8      16 sdb 40440845 573528 3445466482 83838464 73448332 399721995 19147692712 2711255584 0 24658628 2795226376
======================
   8      16 sdb 40440845 573528 3445466482 83838464 73448332 399721995 19147692712 2711255584 0 24658628 2795226376
======================
   8      16 sdb 40440845 573528 3445466482 83838464 73448332 399721995 19147692712 2711255584 0 24658628 2795226376
======================
   8      16 sdb 40440845 573528 3445466482 83838464 73448588 399737847 19147821568 2711255684 0 24658672 2795226476
======================
   8      16 sdb 40440845 573528 3445466482 83838464 73450141 399814660 19148446600 2711263416 11 24659560 2795234212
======================
   8      16 sdb 40440845 573528 3445466482 83838464 73452097 399907440 19149205688 2711271888 4 24660584 2795242704
======================
   8      16 sdb 40440845 573528 3445466482 83838464 73455047 400027590 19150190296 2711275012 3 24661592 2795245800
======================
   8      16 sdb 40440845 573528 3445466482 83838464 73457278 400126757 19150994536 2711277956 23 24662620 2795248828
======================
   8      16 sdb 40440845 573528 3445466482 83838464 73458898 400210431 19151684752 2711279892 0 24663236 2795250664
======================
   8      16 sdb 40440845 573528 3445466482 83838464 73458898 400210431 19151684752 2711279892 0 24663236 2795250664
======================
   8      16 sdb 40440845 573528 3445466482 83838464 73458898 400210431 19151684752 2711279892 0 24663236 2795250664
======================
   8      16 sdb 40440845 573528 3445466482 83838464 73458898 400210431 19151684752 2711279892 0 24663236 2795250664
======================
   8      16 sdb 40440845 573528 3445466482 83838464 73458898 400210431 19151684752 2711279892 0 24663236 2795250664
======================
   8      16 sdb 40440845 573528 3445466482 83838464 73459143 400225687 19151808760 2711280028 0 24663276 2795250792
======================
   8      16 sdb 40440845 573528 3445466482 83838464 73459143 400225687 19151808760 2711280028 0 24663276 2795250792
======================
   8      16 sdb 40440845 573528 3445466482 83838464 73459143 400225687 19151808760 2711280028 0 24663276 2795250792
======================
   8      16 sdb 40440845 573528 3445466482 83838464 73459143 400225687 19151808760 2711280028 0 24663276 2795250792
======================
   8      16 sdb 40440845 573528 3445466482 83838464 73459143 400225687 19151808760 2711280028 0 24663276 2795250792
======================
   8      16 sdb 40440845 573528 3445466482 83838464 73460202 400276798 19152225920 2711281332 4 24663692 2795252092
======================
   8      16 sdb 40440845 573528 3445466482 83838464 73460733 400300462 19152419680 2711282028 0 24663940 2795252780
======================
   8      16 sdb 40440845 573528 3445466482 83838464 73460733 400300462 19152419680 2711282028 0 24663940 2795252780
======================
   8      16 sdb 40440845 573528 3445466482 83838464 73460733 400300462 19152419680 2711282028 0 24663940 2795252780
======================
   8      16 sdb 40440845 573528 3445466482 83838464 73460733 400300462 19152419680 2711282028 0 24663940 2795252780
======================
   8      16 sdb 40440845 573528 3445466482 83838464 73461037 400319516 19152574544 2711282160 0 24664012 2795252912
======================
   8      16 sdb 40440845 573528 3445466482 83838464 73462260 400373960 19153018928 2711283728 3 24664572 2795254476
======================
   8      16 sdb 40440845 573528 3445466482 83838464 73464322 400471476 19153816000 2711286332 2 24665576 2795257068
======================
   8      16 sdb 40440845 573528 3445466482 83838464 73466654 400596893 19154837904 2711288080 2 24666576 2795258784
======================
   8      16 sdb 40440845 573528 3445466482 83838464 73467864 400679215 19155438232 2711354232 138 24667580 2795334852
======================
   8      16 sdb 40440845 573528 3445466482 83838464 73468709 400740493 19155864128 2711498140 277 24668584 2795535716
======================
   8      16 sdb 40440845 573528 3445466482 83838464 73471165 400800406 19156444456 2711700124 130 24669588 2795709084
======================
   8      16 sdb 40440845 573528 3445466482 83838464 73473050 400815662 19156639816 2711775376 0 24669892 2795746048
======================
   8      16 sdb 40440845 573528 3445466482 83838464 73473050 400815662 19156639816 2711775376 0 24669892 2795746048
======================
   8      16 sdb 40440845 573528 3445466482 83838464 73473050 400815662 19156639816 2711775376 0 24669892 2795746048
======================
   8      16 sdb 40440845 573528 3445466482 83838464 73473350 400834494 19156792872 2711775480 0 24669952 2795746152
======================
   8      16 sdb 40440845 573528 3445466482 83838464 73473350 400834494 19156792872 2711775480 0 24669952 2795746152
======================
   8      16 sdb 40440845 573528 3445466482 83838464 73473688 400854750 19156957624 2711775916 0 24670160 2795746584
======================
   8      16 sdb 40440845 573528 3445466482 83838464 73473688 400854750 19156957624 2711775916 0 24670160 2795746584
======================
   8      16 sdb 40440845 573528 3445466482 83838464 73473688 400854750 19156957624 2711775916 0 24670160 2795746584
======================
   8      16 sdb 40440845 573528 3445466482 83838464 73474041 400876906 19157137696 2711776088 0 24670228 2795746756
======================
   8      16 sdb 40440845 573528 3445466482 83838464 73474041 400876906 19157137696 2711776088 0 24670228 2795746756
======================
   8      16 sdb 40440845 573528 3445466482 83838464 73474464 400902510 19157345744 2711776440 1 24670488 2795747104
======================
   8      16 sdb 40440845 573528 3445466482 83838464 73476110 401001846 19158153456 2711777808 1 24671488 2795748460
======================
   8      16 sdb 40440845 573528 3445466482 83838464 73477750 401101581 19158964296 2711779112 1 24672492 2795749752
======================
   8      16 sdb 40440845 573528 3445466482 83838464 73480721 401220684 19159941352 2711804496 0 24673348 2795775120
======================
   8      16 sdb 40440845 573528 3445466482 83838464 73480721 401220684 19159941352 2711804496 0 24673348 2795775120
======================
   8      16 sdb 40440845 573528 3445466482 83838464 73480721 401220684 19159941352 2711804496 0 24673348 2795775120
======================
   8      16 sdb 40440845 573528 3445466482 83838464 73480721 401220684 19159941352 2711804496 0 24673348 2795775120
======================
   8      16 sdb 40440845 573528 3445466482 83838464 73480721 401220684 19159941352 2711804496 0 24673348 2795775120
======================
   8      16 sdb 40440845 573528 3445466482 83838464 73481114 401245321 19160141592 2711804648 0 24673424 2795775264
======================
   8      16 sdb 40440845 573528 3445466482 83838464 73481114 401245321 19160141592 2711804648 0 24673424 2795775264
======================
   8      16 sdb 40440845 573528 3445466482 83838464 73481114 401245321 19160141592 2711804648 0 24673424 2795775264
======================
   8      16 sdb 40440845 573528 3445466482 83838464 73481114 401245321 19160141592 2711804648 0 24673424 2795775264
======================
   8      16 sdb 40440845 573528 3445466482 83838464 73481114 401245321 19160141592 2711804648 0 24673424 2795775264
======================
   8      16 sdb 40440845 573528 3445466482 83838464 73481482 401268275 19160328160 2711804784 0 24673488 2795775396
======================
   8      16 sdb 40440845 573528 3445466482 83838464 73482352 401319682 19160746376 2711805532 0 24674008 2795776136
======================
   8      16 sdb 40440845 573528 3445466482 83838464 73482352 401319682 19160746376 2711805532 0 24674008 2795776136
======================
   8      16 sdb 40440845 573528 3445466482 83838464 73482352 401319682 19160746376 2711805532 0 24674008 2795776136
======================
   8      16 sdb 40440845 573528 3445466482 83838464 73482352 401319682 19160746376 2711805532 0 24674008 2795776136
======================
   8      16 sdb 40440845 573528 3445466482 83838464 73482772 401345796 19160958632 2711805736 0 24674104 2795776332
======================
   8      16 sdb 40440845 573528 3445466482 83838464 73483356 401381661 19161249760 2711806236 1 24674468 2795776824
======================
   8      16 sdb 40440845 573528 3445466482 83838464 73485516 401513372 19162320568 2711807892 2 24675476 2795778464
======================
   8      16 sdb 40440845 573528 3445466482 83838464 73486588 401588069 19162862928 2711900104 128 24676480 2795877380
======================
   8      16 sdb 40440845 573528 3445466482 83838464 73487873 401660318 19163514288 2711951820 3 24677492 2795922372
======================
   8      16 sdb 40440845 573528 3445466482 83838464 73494131 401792565 19164622296 2711965188 3 24678424 2795935696
======================
   8      16 sdb 40440845 573528 3445466482 83838464 73494264 401800692 19164689728 2711966136 0 24678460 2795936644
======================
   8      16 sdb 40440845 573528 3445466482 83838464 73494264 401800692 19164689728 2711966136 0 24678460 2795936644
======================
   8      16 sdb 40440845 573528 3445466482 83838464 73494264 401800692 19164689728 2711966136 0 24678460 2795936644
======================
   8      16 sdb 40440845 573528 3445466482 83838464 73494264 401800692 19164689728 2711966136 0 24678460 2795936644
======================
   8      16 sdb 40440845 573528 3445466482 83838464 73494633 401823705 19164876776 2711966276 0 24678528 2795936784
======================
   8      16 sdb 40440845 573528 3445466482 83838464 73494633 401823705 19164876776 2711966276 0 24678528 2795936784
======================
   8      16 sdb 40440845 573528 3445466482 83838464 73494633 401823705 19164876776 2711966276 0 24678528 2795936784
======================
   8      16 sdb 40440845 573528 3445466482 83838464 73494633 401823705 19164876776 2711966276 0 24678528 2795936784
======================
   8      16 sdb 40440845 573528 3445466482 83838464 73494633 401823705 19164876776 2711966276 0 24678528 2795936784
======================
   8      16 sdb 40440845 573528 3445466482 83838464 73494995 401846391 19165061160 2711966416 0 24678592 2795936924
======================
   8      16 sdb 40440845 573528 3445466482 83838464 73495153 401856139 19165140408 2711966568 0 24678696 2795937076
======================
   8      16 sdb 40440845 573528 3445466482 83838464 73495153 401856139 19165140408 2711966568 0 24678696 2795937076
======================
   8      16 sdb 40440845 573528 3445466482 83838464 73495153 401856139 19165140408 2711966568 0 24678696 2795937076
======================
   8      16 sdb 40440845 573528 3445466482 83838464 73495153 401856139 19165140408 2711966568 0 24678696 2795937076
======================
   8      16 sdb 40440845 573528 3445466482 83838464 73495523 401879267 19165328392 2711966720 0 24678764 2795937228
======================
   8      16 sdb 40440845 573528 3445466482 83838464 73496331 401928592 19165729352 2711967356 2 24679260 2795937860
======================
   8      16 sdb 40440845 573528 3445466482 83838464 73497945 402026703 19166526872 2711968916 1 24680264 2795939400
======================
   8      16 sdb 40440845 573528 3445466482 83838464 73499490 402123257 19167295536 2711970984 34 24681264 2795941796
======================
   8      16 sdb 40440845 573528 3445466482 83838464 73499908 402155526 19167508872 2712100788 129 24682268 2796077592
======================
   8      16 sdb 40440845 573528 3445466482 83838464 73501036 402226706 19168062776 2712243844 178 24683272 2796299040
======================
   8      16 sdb 40440845 573528 3445466482 83838464 73502577 402310051 19168830824 2712365376 1 24684272 2796335820
======================
   8      16 sdb 40440845 573528 3445466482 83838464 73502982 402334849 19169032736 2712365720 0 24684544 2796336160
======================
   8      16 sdb 40440845 573528 3445466482 83838464 73502982 402334849 19169032736 2712365720 0 24684544 2796336160
======================
   8      16 sdb 40440845 573528 3445466482 83838464 73502982 402334849 19169032736 2712365720 0 24684544 2796336160
======================
   8      16 sdb 40440845 573528 3445466482 83838464 73503438 402363511 19169265680 2712365976 0 24684672 2796336412
======================
   8      16 sdb 40440845 573528 3445466482 83838464 73503438 402363511 19169265680 2712365976 0 24684672 2796336412
======================
   8      16 sdb 40440845 573528 3445466482 83838464 73503438 402363511 19169265680 2712365976 0 24684672 2796336412
======================
   8      16 sdb 40440845 573528 3445466482 83838464 73503438 402363511 19169265680 2712365976 0 24684672 2796336412
======================
   8      16 sdb 40440845 573528 3445466482 83838464 73503438 402363511 19169265680 2712365976 0 24684672 2796336412
======================
   8      16 sdb 40440845 573528 3445466482 83838464 73503797 402385997 19169448440 2712366152 0 24684740 2796336588
======================
   8      16 sdb 40440845 573528 3445466482 83838464 73503797 402385997 19169448440 2712366152 0 24684740 2796336588
======================
   8      16 sdb 40440845 573528 3445466482 83838464 73504109 402404877 19169601976 2712366404 0 24684948 2796336836
======================
   8      16 sdb 40440845 573528 3445466482 83838464 73504109 402404877 19169601976 2712366404 0 24684948 2796336836
======================
   8      16 sdb 40440845 573528 3445466482 83838464 73504109 402404877 19169601976 2712366404 0 24684948 2796336836
======================
   8      16 sdb 40440845 573528 3445466482 83838464 73504492 402428839 19169796736 2712366568 0 24685024 2796337000
======================
   8      16 sdb 40440845 573528 3445466482 83838464 73504492 402428839 19169796736 2712366568 0 24685024 2796337000
======================
   8      16 sdb 40440845 573528 3445466482 83838464 73504806 402448129 19169953568 2712366848 0 24685232 2796337280
======================
   8      16 sdb 40440845 573528 3445466482 83838464 73506110 402527448 19170598320 2712368016 1 24686088 2796338440
======================
   8      16 sdb 40440845 573528 3445466482 83838464 73507981 402635986 19171481208 2712369796 2 24687092 2796340212
======================
   8      16 sdb 40440845 573528 3445466482 83838464 73509840 402749579 19172405272 2712428416 1 24688088 2796398820
======================
   8      16 sdb 40440845 573528 3445466482 83838464 73511374 402842524 19173160872 2712429744 1 24689092 2796400128
======================
   8      16 sdb 40440845 573528 3445466482 83838464 73514082 402931328 19173893376 2712431252 0 24689660 2796401616
======================
   8      16 sdb 40440845 573528 3445466482 83838464 73514082 402931328 19173893376 2712431252 0 24689660 2796401616
======================
   8      16 sdb 40440845 573528 3445466482 83838464 73514082 402931328 19173893376 2712431252 0 24689660 2796401616
======================
   8      16 sdb 40440845 573528 3445466482 83838464 73514646 402966776 19174181472 2712431644 0 24689832 2796402004
======================
   8      16 sdb 40440845 573528 3445466482 83838464 73514646 402966776 19174181472 2712431644 0 24689832 2796402004
======================
   8      16 sdb 40440845 573528 3445466482 83838464 73514646 402966776 19174181472 2712431644 0 24689832 2796402004
======================
   8      16 sdb 40440845 573528 3445466482 83838464 73514646 402966776 19174181472 2712431644 0 24689832 2796402004
======================
   8      16 sdb 40440845 573528 3445466482 83838464 73514646 402966776 19174181472 2712431644 0 24689832 2796402004
======================
   8      16 sdb 40440845 573528 3445466482 83838464 73515031 402990820 19174376896 2712431820 0 24689900 2796402180
======================
   8      16 sdb 40440845 573528 3445466482 83838464 73515031 402990820 19174376896 2712431820 0 24689900 2796402180
======================
   8      16 sdb 40440845 573528 3445466482 83838464 73515189 403000392 19174454736 2712431928 0 24690004 2796402288
======================
   8      16 sdb 40440845 573528 3445466482 83838464 73515189 403000392 19174454736 2712431928 0 24690004 2796402288
======================
   8      16 sdb 40440845 573528 3445466482 83838464 73515189 403000392 19174454736 2712431928 0 24690004 2796402288
======================
   8      16 sdb 40440845 573528 3445466482 83838464 73515618 403027295 19174673392 2712432124 0 24690080 2796402484
======================
   8      16 sdb 40440845 573528 3445466482 83838464 73515618 403027295 19174673392 2712432124 0 24690080 2796402484
======================
   8      16 sdb 40440845 573528 3445466482 83838464 73515618 403027295 19174673392 2712432124 0 24690080 2796402484
======================
   8      16 sdb 40440845 573528 3445466482 83838464 73517065 403114851 19175385024 2712433632 1 24691024 2796403992
======================
   8      16 sdb 40440845 573528 3445466482 83838464 73518585 403207872 19176141360 2712434956 1 24692028 2796405304
======================
   8      16 sdb 40440845 573528 3445466482 83838464 73519723 403287176 19176718720 2712568380 133 24693024 2796551944
======================
   8      16 sdb 40440845 573528 3445466482 83838464 73520932 403354769 19177262728 2712665204 147 24694028 2796637804
======================
   8      16 sdb 40440845 573528 3445466482 83838464 73522621 403449094 19178103496 2712687364 1 24695032 2796657700
======================
   8      16 sdb 40440845 573528 3445466482 83838464 73528064 403524547 19178750976 2712696048 0 24695808 2796666380
======================
   8      16 sdb 40440845 573528 3445466482 83838464 73528064 403524547 19178750976 2712696048 0 24695808 2796666380
======================
   8      16 sdb 40440845 573528 3445466482 83838464 73528700 403564255 19179073712 2712696292 0 24695964 2796666616
======================
   8      16 sdb 40440845 573528 3445466482 83838464 73528700 403564255 19179073712 2712696292 0 24695964 2796666616
======================
   8      16 sdb 40440880 573528 3445466762 83838468 73528834 403572518 19179140400 2712696724 1 24696056 2796667052
======================
   8      16 sdb 40440880 573528 3445466762 83838468 73530375 403665970 19179900552 2712698100 1 24697060 2796668420
======================
   8      16 sdb 40440880 573528 3445466762 83838468 73531957 403759432 19180660856 2712699476 1 24698064 2796669784
======================
   8      16 sdb 40440880 573528 3445466762 83838468 73533632 403851068 19181406312 2712701828 3 24699028 2796672124
======================
   8      16 sdb 40440880 573528 3445466762 83838468 73536694 403919744 19181981032 2712756756 3 24700036 2796727672
======================
   8      16 sdb 40440880 573528 3445466762 83838468 73538990 403958194 19182307528 2712759904 0 24700296 2796730800
======================
   8      16 sdb 40440880 573528 3445466762 83838468 73538990 403958194 19182307528 2712759904 0 24700296 2796730800
======================
   8      16 sdb 40440880 573528 3445466762 83838468 73538990 403958194 19182307528 2712759904 0 24700296 2796730800
======================
   8      16 sdb 40440880 573528 3445466762 83838468 73538990 403958194 19182307528 2712759904 0 24700296 2796730800
======================
   8      16 sdb 40440880 573528 3445466762 83838468 73538990 403958194 19182307528 2712759904 0 24700296 2796730800
======================
   8      16 sdb 40440880 573528 3445466762 83838468 73538990 403958194 19182307528 2712759904 0 24700296 2796730800
======================
   8      16 sdb 40440880 573528 3445466762 83838468 73538990 403958194 19182307528 2712759904 0 24700296 2796730800
======================
   8      16 sdb 40440880 573528 3445466762 83838468 73538990 403958194 19182307528 2712759904 0 24700296 2796730800
======================
   8      16 sdb 40440880 573528 3445466762 83838468 73538990 403958194 19182307528 2712759904 0 24700296 2796730800
======================
   8      16 sdb 40440880 573528 3445466762 83838468 73538990 403958194 19182307528 2712759904 0 24700296 2796730800
======================
   8      16 sdb 40440880 573528 3445466762 83838468 73538990 403958194 19182307528 2712759904 0 24700296 2796730800
======================
   8      16 sdb 40440880 573528 3445466762 83838468 73538990 403958194 19182307528 2712759904 0 24700296 2796730800
======================
   8      16 sdb 40440880 573528 3445466762 83838468 73538990 403958194 19182307528 2712759904 0 24700296 2796730800
======================
   8      16 sdb 40440880 573528 3445466762 83838468 73538990 403958194 19182307528 2712759904 0 24700296 2796730800
started
======================
   8      16 sdb 40440880 573528 3445466762 83838468 73538990 403958194 19182307528 2712759904 0 24700296 2796730800
======================
   8      16 sdb 40440880 573528 3445466762 83838468 73538990 403958194 19182307528 2712759904 0 24700296 2796730800
======================
   8      16 sdb 40442520 576572 3445504722 83840184 73538990 403958194 19182307528 2712759904 1 24701168 2796732528
======================
   8      16 sdb 40446234 579831 3445561538 83843040 73538990 403958194 19182307528 2712759904 39 24702152 2796735456
======================
   8      16 sdb 40450318 582990 3445620034 83846816 73538990 403958194 19182307528 2712759904 1 24703148 2796739164
======================
   8      16 sdb 40454138 586425 3445678890 83849244 73538990 403958194 19182307528 2712759904 1 24704120 2796741588
======================
   8      16 sdb 40458670 589612 3445741434 83852080 73538990 403958194 19182307528 2712759904 1 24705096 2796744432
======================
   8      16 sdb 40462027 592843 3445794986 83854828 73539021 403960017 19182322360 2712759916 1 24706088 2796747196
======================
   8      16 sdb 40466859 598930 3445883698 83857808 73539021 403960017 19182322360 2712759916 1 24707068 2796750168
======================
   8      16 sdb 40470923 602333 3445944010 83860224 73539021 403960017 19182322360 2712759916 2 24708036 2796752604
======================
   8      16 sdb 40475309 605551 3446005890 83863444 73539021 403960017 19182322360 2712759916 1 24709020 2796755824
======================
   8      16 sdb 40479588 608735 3446066386 83866716 73539021 403960017 19182322360 2712759916 1 24709992 2796759096
======================
   8      16 sdb 40483206 611904 3446121482 83869032 73539072 403963115 19182347552 2712760100 1 24710972 2796761604
======================
   8      16 sdb 40486982 615443 3446180906 83871700 73539072 403963115 19182347552 2712760100 1 24711956 2796764268
======================
   8      16 sdb 40490805 618829 3446239450 83873964 73539072 403963115 19182347552 2712760100 1 24712936 2796766556
======================
   8      16 sdb 40494483 622198 3446296698 83876188 73539072 403963115 19182347552 2712760100 1 24713892 2796768772
======================
   8      16 sdb 40497778 625272 3446348442 83878584 73539072 403963115 19182347552 2712760100 1 24714872 2796771168
======================
   8      16 sdb 40501812 628729 3446409242 83881220 73539138 403967172 19182380536 2712760396 1 24715844 2796774108
======================
   8      16 sdb 40505104 632151 3446463754 83883136 73539138 403967172 19182380536 2712760396 1 24716788 2796776036
======================
   8      16 sdb 40509138 635359 3446522522 83885496 73539138 403967172 19182380536 2712760396 1 24717736 2796778400
======================
   8      16 sdb 40512885 640049 3446591058 83887724 73539138 403967172 19182380536 2712760396 1 24718684 2796780628
======================
   8      16 sdb 40515683 643221 3446639858 83890500 73539138 403967172 19182380536 2712760396 16 24719620 2796783400
======================
   8      16 sdb 40518318 646868 3446690546 83892060 73543890 403977602 19182501944 2712848044 130 24720600 2796876708
======================
   8      16 sdb 40520650 650435 3446738898 83894932 73549850 403977972 19182552576 2712977996 145 24721604 2797015944
======================
   8      16 sdb 40523455 653448 3446786194 83896904 73550823 403978083 19182561304 2713002532 1 24722468 2797031940
======================
   8      16 sdb 40525442 655182 3446816602 83897816 73550823 403978083 19182561304 2713002532 1 24722920 2797032860
======================
   8      16 sdb 40525901 655182 3446820274 83897908 73551541 404023343 19182928888 2713002932 2 24723076 2797033400
======================
   8      16 sdb 40526377 655182 3446824082 83898072 73551851 404042772 19183087040 2713004088 0 24723192 2797034672
======================
   8      16 sdb 40526732 655182 3446826922 83898300 73552880 404107475 19183612896 2713004584 1 24723464 2797035408
======================
   8      16 sdb 40527015 655182 3446829186 83898744 73552880 404107475 19183612896 2713004584 0 24723888 2797035832
======================
   8      16 sdb 40527527 655182 3446833282 83898800 73552880 404107475 19183612896 2713004584 0 24723940 2797035884
======================
   8      16 sdb 40527542 655182 3446833402 83898804 73558598 404172206 19184176456 2713090572 146 24724732 2797122904
======================
   8      16 sdb 40527619 655182 3446834018 83898860 73578551 404172283 19184336688 2713198536 0 24725544 2797229844
======================
   8      16 sdb 40530436 655939 3446862530 83900308 73578551 404172283 19184336688 2713198536 1 24725856 2797231300
======================
   8      16 sdb 40534043 659298 3446919114 83902864 73578551 404172283 19184336688 2713198536 1 24726808 2797233852
======================
   8      16 sdb 40538059 662595 3446978434 83905628 73578551 404172283 19184336688 2713198536 1 24727740 2797236628
======================
   8      16 sdb 40541040 665372 3447025178 83907696 73579240 404215589 19184688648 2713199948 1 24728684 2797240092
======================
   8      16 sdb 40543391 669096 3447074746 83909728 73586554 404236122 19184909248 2713281232 138 24729672 2797325044
======================
   8      16 sdb 40545727 670367 3447104146 83910704 73590302 404242631 19184993480 2713321332 0 24730160 2797364476
======================
   8      16 sdb 40546130 670367 3447107370 83910776 73592852 404307324 19185531424 2713325468 152 24730396 2797368816
======================
   8      16 sdb 40546321 670367 3447108898 83910852 73606430 404307331 19185640096 2713392964 0 24730948 2797436228
======================
   8      16 sdb 40546784 670367 3447112602 83910940 73606430 404307331 19185640096 2713392964 0 24731036 2797436316
======================
   8      16 sdb 40546818 670367 3447112874 83911096 73623687 404372049 19186295888 2713450292 1 24731784 2797493784
======================
   8      16 sdb 40546957 670367 3447113986 83911748 73651849 404414371 19186858608 2713554452 132 24732744 2797598536
======================
   8      16 sdb 40547078 670367 3447114954 83912380 73667861 404429546 19187108232 2713686480 144 24733744 2797737632
======================
   8      16 sdb 40547473 670367 3447118114 83912556 73671071 404441612 19187229312 2713717188 4 24734028 2797762048
======================
   8      16 sdb 40547501 670367 3447118338 83913084 73671954 404496607 19187678472 2713717656 1 24734724 2797763048
======================
   8      16 sdb 40547868 670367 3447121274 83913332 73671954 404496607 19187678472 2713717656 0 24734968 2797763292
======================
   8      16 sdb 40548148 670367 3447123514 83913416 73672984 404561301 19188204256 2713719252 1 24735240 2797764988
======================
   8      16 sdb 40548189 670367 3447123842 83914308 73672984 404561301 19188204256 2713719252 1 24736144 2797765892
======================
   8      16 sdb 40548571 670367 3447126898 83914568 73672984 404561301 19188204256 2713719252 0 24736376 2797766124
======================
   8      16 sdb 40548828 670367 3447128954 83914624 73675051 404626007 19188738440 2713725292 144 24736700 2797775224
======================
   8      16 sdb 40548828 670367 3447128954 83914624 73681379 404626035 19188789288 2713870904 152 24737700 2797918528
======================
   8      16 sdb 40548828 670367 3447128954 83914624 73696764 404626119 19188913040 2714015180 154 24738704 2798062324
======================
   8      16 sdb 40548865 670367 3447129250 83915360 73702412 404626136 19188958352 2714036228 1 24739608 2798083896
======================
   8      16 sdb 40549212 670367 3447132026 83915764 73702412 404626136 19188958352 2714036228 0 24739964 2798084280
======================
   8      16 sdb 40553280 671894 3447176938 83918452 73703240 404678203 19189381512 2714039464 1 24740636 2798090204
======================
   8      16 sdb 40555093 673059 3447201306 83919556 73703240 404678203 19189381512 2714039464 0 24741004 2798091296
======================
   8      16 sdb 40555452 673059 3447204178 83919592 73704269 404742910 19189907400 2714039800 0 24741212 2798091656
======================
   8      16 sdb 40555452 673059 3447204178 83919592 73710675 404742931 19189958816 2714164208 147 24742104 2798218124
======================
   8      16 sdb 40555452 673059 3447204178 83919592 73715400 404742947 19189996736 2714307516 158 24743108 2798361364
======================
   8      16 sdb 40555452 673059 3447204178 83919592 73722551 404742983 19190054232 2714452880 143 24744112 2798505724
======================
   8      16 sdb 40555452 673059 3447204178 83919592 73726010 404742998 19190082024 2714487960 0 24744352 2798539780
======================
   8      16 sdb 40555452 673059 3447204178 83919592 73726010 404742998 19190082024 2714487960 0 24744352 2798539780
