======================
   8      32 sdc 2786732 31507 373007964 29606448 37714911 818517893 14646911160 241466832 0 62735752 273027452
======================
   8      32 sdc 2786732 31507 373007964 29606448 37714911 818517893 14646911160 241466832 0 62735752 273027452
======================
   8      32 sdc 2786735 31507 373007988 29606488 37714911 818517893 14646911160 241466832 0 62735792 273027492
======================
   8      32 sdc 2786735 31507 373007988 29606488 37714911 818517893 14646911160 241466832 0 62735792 273027492
======================
   8      32 sdc 2786736 31507 373007996 29606520 37716117 818517893 14647528632 241492044 136 62736276 273082504
======================
   8      32 sdc 2786736 31507 373007996 29606520 37716386 818517893 14647666360 241627256 155 62737280 273226776
======================
   8      32 sdc 2786736 31507 373007996 29606520 37716656 818517893 14647804600 241772316 141 62738284 273371328
======================
   8      32 sdc 2786736 31507 373007996 29606520 37716921 818517893 14647940280 241915936 133 62739288 273515952
======================
   8      32 sdc 2786736 31507 373007996 29606520 37717080 818517916 14648020864 242013660 135 62740292 273657208
======================
   8      32 sdc 2786736 31507 373007996 29606520 37717280 818517916 14648123264 242169304 137 62741296 273806152
======================
   8      32 sdc 2786736 31507 373007996 29606520 37717737 818517916 14648357248 242334388 150 62742400 273967364
======================
   8      32 sdc 2786736 31507 373007996 29606520 37718538 818517916 14648767360 242481512 149 62743404 274113016
======================
   8      32 sdc 2786736 31507 373007996 29606520 37719015 818517916 14649011584 242695416 152 62744408 274262772
======================
   8      32 sdc 2786736 31507 373007996 29606520 37719256 818517916 14649134976 242718112 135 62745412 274399428
======================
   8      32 sdc 2786736 31507 373007996 29606520 37720402 818517916 14649721728 242973288 141 62746416 274541100
======================
   8      32 sdc 2786736 31507 373007996 29606520 37721379 818517916 14650221952 243106456 156 62747424 274684556
======================
   8      32 sdc 2786736 31507 373007996 29606520 37722046 818517916 14650563456 243251988 129 62748424 274827616
======================
   8      32 sdc 2786737 31507 373008004 29606688 37722691 818517916 14650893696 243382140 154 62749428 274958892
======================
   8      32 sdc 2786737 31507 373008004 29606688 37723333 818517916 14651222400 243525632 152 62750432 275102480
======================
   8      32 sdc 2786737 31507 373008004 29606688 37723975 818517916 14651551616 243670128 150 62751436 275246880
======================
   8      32 sdc 2786737 31507 373008004 29606688 37724616 818517916 14651879296 243813228 149 62752440 275390424
======================
   8      32 sdc 2786737 31507 373008004 29606688 37725261 818517916 14652209536 243957608 144 62753444 275534092
======================
   8      32 sdc 2786737 31507 373008004 29606688 37725904 818517916 14652538752 244100548 141 62754448 275677656
======================
   8      32 sdc 2786737 31507 373008004 29606688 37726546 818517916 14652867456 244244288 139 62755452 275821324
======================
   8      32 sdc 2786737 31507 373008004 29606688 37727220 818517916 14653212544 244387824 137 62756456 275963648
======================
   8      32 sdc 2786737 31507 373008004 29606688 37727883 818517916 14653552000 244528488 146 62757460 276106476
======================
   8      32 sdc 2786737 31507 373008004 29606688 37728509 818517916 14653872512 244674388 128 62758464 276251808
======================
   8      32 sdc 2786737 31507 373008004 29606688 37729131 818517916 14654190976 244818896 146 62759464 276395232
======================
   8      32 sdc 2786737 31507 373008004 29606688 37729801 818517916 14654534016 244962812 148 62760468 276538772
======================
   8      32 sdc 2786738 31507 373008012 29607112 37730317 818517916 14654798208 245072264 132 62761472 276648360
======================
   8      32 sdc 2786738 31507 373008012 29607112 37730990 818517916 14655142784 245215060 131 62762476 276791848
======================
   8      32 sdc 2786738 31507 373008012 29607112 37731626 818517916 14655468416 245357804 135 62763480 276935368
======================
   8      32 sdc 2786738 31507 373008012 29607112 37732251 818517916 14655788416 245500728 150 62764484 277078256
======================
   8      32 sdc 2786738 31507 373008012 29607112 37732913 818517916 14656127360 245645632 128 62765488 277221776
======================
   8      32 sdc 2786738 31507 373008012 29607112 37733554 818517916 14656455552 245788244 159 62766492 277365404
======================
   8      32 sdc 2786738 31507 373008012 29607112 37734199 818517916 14656785792 245931900 154 62767496 277509220
======================
   8      32 sdc 2786738 31507 373008012 29607112 37734860 818517916 14657124224 246075912 133 62768500 277652756
======================
   8      32 sdc 2786738 31507 373008012 29607112 37735515 818517916 14657459584 246213064 150 62769504 277790696
======================
   8      32 sdc 2786738 31507 373008012 29607112 37736157 818517916 14657788288 246356660 148 62770508 277934324
======================
   8      32 sdc 2786738 31507 373008012 29607112 37736799 818517916 14658116992 246500192 146 62771512 278077904
======================
   8      32 sdc 2786738 31507 373008012 29607112 37737438 818517916 14658444160 246643272 147 62772512 278221284
======================
   8      32 sdc 2786739 31507 373008020 29607336 37738080 818517916 14658773376 246772380 133 62773516 278349284
======================
   8      32 sdc 2786739 31507 373008020 29607336 37738745 818517916 14659113344 246917760 140 62774520 278494688
======================
   8      32 sdc 2786739 31507 373008020 29607336 37739386 818517916 14659441536 247060820 139 62775524 278638412
======================
   8      32 sdc 2786739 31507 373008020 29607336 37740037 818517916 14659774848 247205624 128 62776528 278781976
======================
   8      32 sdc 2786739 31507 373008020 29607336 37740676 818517916 14660102016 247352648 129 62777532 278931252
======================
   8      32 sdc 2786739 31507 373008020 29607336 37741304 818517916 14660423552 247496668 141 62778536 279074792
======================
   8      32 sdc 2786739 31507 373008020 29607336 37741953 818517916 14660755840 247641528 132 62779540 279218184
======================
   8      32 sdc 2786739 31507 373008020 29607336 37742629 818517916 14661101952 247785036 128 62780544 279361528
======================
   8      32 sdc 2786739 31507 373008020 29607336 37743288 818517916 14661439360 247927072 141 62781548 279504148
======================
   8      32 sdc 2786739 31507 373008020 29607336 37743949 818517916 14661777792 248068876 152 62782552 279647716
======================
   8      32 sdc 2786739 31507 373008020 29607336 37744578 818517916 14662099840 248213196 131 62783552 279790744
======================
   8      32 sdc 2786739 31507 373008020 29607336 37745209 818517916 14662422912 248358092 140 62784556 279934652
======================
   8      32 sdc 2786740 31507 373008028 29607560 37745863 818517916 14662757760 248487932 147 62785560 280064724
======================
   8      32 sdc 2786740 31507 373008028 29607560 37746522 818517916 14663095168 248629228 128 62786564 280206596
======================
   8      32 sdc 2786740 31507 373008028 29607560 37747160 818517916 14663421824 248771740 130 62787572 280350656
======================
   8      32 sdc 2786740 31507 373008028 29607560 37747816 818517916 14663757696 248920744 146 62788576 280498660
======================
   8      32 sdc 2786740 31507 373008028 29607560 37748445 818517916 14664079744 249063812 157 62789580 280642092
======================
   8      32 sdc 2786740 31507 373008028 29607560 37749087 818517916 14664408448 249207192 155 62790584 280785648
======================
   8      32 sdc 2786740 31507 373008028 29607560 37749729 818517916 14664737152 249350636 153 62791588 280929160
======================
   8      32 sdc 2786740 31507 373008028 29607560 37750370 818517916 14665065344 249493972 152 62792588 281072264
======================
   8      32 sdc 2786740 31507 373008028 29607560 37751037 818517916 14665406848 249638948 157 62793592 281216312
======================
   8      32 sdc 2786740 31507 373008028 29607560 37751695 818517916 14665743744 249781712 139 62794596 281359944
======================
   8      32 sdc 2786740 31507 373008028 29607560 37752332 818517916 14666069888 249925032 142 62795600 281503660
======================
   8      32 sdc 2786740 31507 373008028 29607560 37752985 818517916 14666404224 250069136 73 62796604 281643468
======================
   8      32 sdc 2786740 31507 373008028 29607560 37753041 818517916 14666432896 250081400 17 62797608 281662888
======================
   8      32 sdc 2786740 31507 373008028 29607560 37753041 818517916 14666432896 250081400 17 62798612 281679956
======================
   8      32 sdc 2786741 31507 373008036 29609976 37754897 818517916 14667383168 250202836 152 62799616 281782656
======================
   8      32 sdc 2786741 31507 373008036 29609976 37755563 818517916 14667724160 250344460 133 62800620 281925856
======================
   8      32 sdc 2786741 31507 373008036 29609976 37756239 818517916 14668070272 250489228 129 62801624 282069052
======================
   8      32 sdc 2786741 31507 373008036 29609976 37756869 818517916 14668392832 250629960 139 62802628 282212488
======================
   8      32 sdc 2786741 31507 373008036 29609976 37757498 818517916 14668714880 250774456 150 62803632 282355564
======================
   8      32 sdc 2786741 31507 373008036 29609976 37758171 818517916 14669059456 250918568 149 62804632 282498252
======================
   8      32 sdc 2786741 31507 373008036 29609976 37758840 818517916 14669401984 251061420 152 62805640 282642324
======================
   8      32 sdc 2786741 31507 373008036 29609976 37759482 818517916 14669730688 251204172 150 62806640 282784596
======================
   8      32 sdc 2786741 31507 373008036 29609976 37760130 818517916 14670062464 251346764 142 62807644 282927940
======================
   8      32 sdc 2786742 31507 373008044 29610168 37760772 818517916 14670391168 251480656 150 62808648 283060248
======================
   8      32 sdc 2786742 31507 373008044 29610168 37761416 818517916 14670720896 251622804 146 62809652 283203772
======================
   8      32 sdc 2786742 31507 373008044 29610168 37762057 818517916 14671049088 251766420 145 62810656 283347648
======================
   8      32 sdc 2786742 31507 373008044 29610168 37762700 818517916 14671378304 251910492 142 62811660 283491660
======================
   8      32 sdc 2786742 31507 373008044 29610168 37763185 818517916 14671626624 252022100 137 62812664 283636936
======================
   8      32 sdc 2786742 31507 373008044 29610168 37763853 818517916 14671968640 252199404 141 62813668 283780416
======================
   8      32 sdc 2786742 31507 373008044 29610168 37764496 818517916 14672297856 252342912 138 62814672 283923900
======================
   8      32 sdc 2786742 31507 373008044 29610168 37765148 818517916 14672631680 252487212 158 62815676 284067332
======================
   8      32 sdc 2786742 31507 373008044 29610168 37765824 818517916 14672977792 252631404 154 62816680 284211756
======================
   8      32 sdc 2786742 31507 373008044 29610168 37766464 818517916 14673305472 252772380 154 62817680 284354588
======================
   8      32 sdc 2786742 31507 373008044 29610168 37767093 818517916 14673627520 252916696 133 62818684 284497952
======================
   8      32 sdc 2786742 31507 373008044 29610168 37767751 818517916 14673964416 253061608 147 62819688 284641596
======================
   8      32 sdc 2786743 31507 373008052 29610388 37768405 818517916 14674299264 253197320 137 62820692 284767020
======================
   8      32 sdc 2786743 31507 373008052 29610388 37769081 818517916 14674645376 253330224 133 62821696 284910328
======================
   8      32 sdc 2786743 31507 373008052 29610388 37769732 818517916 14674978688 253471644 154 62822700 285054492
======================
   8      32 sdc 2786743 31507 373008052 29610388 37770362 818517916 14675301248 253616520 132 62823704 285197956
======================
   8      32 sdc 2786743 31507 373008052 29610388 37771001 818517916 14675628416 253761228 133 62824708 285341532
======================
   8      32 sdc 2786743 31507 373008052 29610388 37771653 818517916 14675962240 253903824 153 62825712 285484928
======================
   8      32 sdc 2786743 31507 373008052 29610388 37772295 818517916 14676290944 254047236 151 62826716 285628516
======================
   8      32 sdc 2786743 31507 373008052 29610388 37772952 818517916 14676627328 254191556 134 62827720 285772312
======================
   8      32 sdc 2786743 31507 373008052 29610388 37773619 818517916 14676968832 254335060 139 62828724 285915872
======================
   8      32 sdc 2786743 31507 373008052 29610388 37774261 818517916 14677297536 254477884 137 62829728 286059304
======================
   8      32 sdc 2786743 31507 373008052 29610388 37774903 818517916 14677626240 254621364 135 62830728 286202280
======================
   8      32 sdc 2786743 31507 373008052 29610388 37775545 818517916 14677954944 254764776 133 62831732 286345648
======================
   8      32 sdc 2786744 31507 373008060 29610584 37776156 818517916 14678267776 254888780 135 62832736 286470444
======================
   8      32 sdc 2786744 31507 373008060 29610584 37776821 818517916 14678608256 255033100 142 62833740 286614184
======================
   8      32 sdc 2786744 31507 373008060 29610584 37777463 818517916 14678936960 255176384 140 62834744 286757804
======================
   8      32 sdc 2786744 31507 373008060 29610584 37778104 818517916 14679265664 255319592 139 62835748 286901316
======================
   8      32 sdc 2786744 31507 373008060 29610584 37778767 818517916 14679604608 255464268 148 62836752 287045072
======================
   8      32 sdc 2786744 31507 373008060 29610584 37779394 818517916 14679925632 255605048 129 62837756 287188132
======================
   8      32 sdc 2786744 31507 373008060 29610584 37780024 818517916 14680248192 255749576 139 62838756 287331228
======================
   8      32 sdc 2786744 31507 373008060 29610584 37780694 818517916 14680591232 255894372 141 62839764 287475296
======================
   8      32 sdc 2786744 31507 373008060 29610584 37781365 818517916 14680934784 256038020 142 62840764 287618292
======================
   8      32 sdc 2786744 31507 373008060 29610584 37782040 818517916 14681280896 256181320 139 62841768 287761860
======================
   8      32 sdc 2786744 31507 373008060 29610584 37782672 818517916 14681603968 256325188 147 62842772 287907376
======================
   8      32 sdc 2786744 31507 373008060 29610584 37783298 818517916 14681924480 256469276 129 62843776 288050880
======================
   8      32 sdc 2786744 31507 373008060 29610584 37783672 818517916 14682115968 256552540 42 62844780 288143600
======================
   8      32 sdc 2786745 31507 373008068 29612156 37783860 818517916 14682212224 256619908 132 62845784 288188464
======================
   8      32 sdc 2786745 31507 373008068 29612156 37785246 818517916 14682921856 256747636 154 62846788 288330480
======================
   8      32 sdc 2786745 31507 373008068 29612156 37785863 818517916 14683237760 256892472 145 62847792 288474148
======================
   8      32 sdc 2786745 31507 373008068 29612156 37786522 818517916 14683575168 257034532 143 62848796 288617232
======================
   8      32 sdc 2786745 31507 373008068 29612156 37787148 818517916 14683895680 257178300 140 62849800 288761380
======================
   8      32 sdc 2786745 31507 373008068 29612156 37787790 818517916 14684224384 257321616 138 62850804 288904800
======================
   8      32 sdc 2786745 31507 373008068 29612156 37788432 818517916 14684553088 257465036 136 62851808 289048228
======================
   8      32 sdc 2786745 31507 373008068 29612156 37789080 818517916 14684884864 257607512 128 62852808 289190612
======================
   8      32 sdc 2786745 31507 373008068 29612156 37789746 818517916 14685225856 257751396 134 62853812 289333252
======================
   8      32 sdc 2786745 31507 373008068 29612156 37790393 818517916 14685557120 257893884 128 62854816 289476392
======================
   8      32 sdc 2786745 31507 373008068 29612156 37791035 818517916 14685885824 258037108 157 62855820 289619596
======================
   8      32 sdc 2786746 31507 373008076 29612572 37791536 818517916 14686142336 258143056 155 62856824 289725412
======================
   8      32 sdc 2786746 31507 373008076 29612572 37792206 818517916 14686485376 258285152 157 62857832 289869632
======================
   8      32 sdc 2786746 31507 373008076 29612572 37792837 818517916 14686808448 258428896 134 62858836 290013168
======================
   8      32 sdc 2786746 31507 373008076 29612572 37793469 818517916 14687132032 258573512 142 62859840 290156744
======================
   8      32 sdc 2786746 31507 373008076 29612572 37794127 818517916 14687468928 258709644 156 62860844 290293460
======================
   8      32 sdc 2786746 31507 373008076 29612572 37794798 818517916 14687812480 258853024 157 62861848 290437036
======================
   8      32 sdc 2786746 31507 373008076 29612572 37795440 818517916 14688141184 258994836 155 62862852 290580728
======================
   8      32 sdc 2786746 31507 373008076 29612572 37796070 818517916 14688463744 259139704 133 62863856 290724236
======================
   8      32 sdc 2786746 31507 373008076 29612572 37796730 818517916 14688801664 259284552 145 62864860 290867904
======================
   8      32 sdc 2786746 31507 373008076 29612572 37797406 818517916 14689147776 259429328 141 62865864 291012848
======================
   8      32 sdc 2786746 31507 373008076 29612572 37798049 818517916 14689476992 259572064 138 62866868 291156276
======================
   8      32 sdc 2786746 31507 373008076 29612572 37798689 818517916 14689804672 259714668 138 62867868 291299184
======================
   8      32 sdc 2786747 31507 373008084 29612792 37799332 818517916 14690133888 259844568 135 62868872 291428068
======================
   8      32 sdc 2786747 31507 373008084 29612792 37799983 818517916 14690467200 259987772 156 62869876 291571796
======================
   8      32 sdc 2786747 31507 373008084 29612792 37800625 818517916 14690795904 260131448 154 62870880 291715576
======================
   8      32 sdc 2786747 31507 373008084 29612792 37801267 818517916 14691124608 260278808 152 62871884 291863004
======================
   8      32 sdc 2786747 31507 373008084 29612792 37801905 818517916 14691451264 260421636 154 62872888 292006420
======================
   8      32 sdc 2786747 31507 373008084 29612792 37802575 818517916 14691794304 260566328 156 62873892 292150016
======================
   8      32 sdc 2786747 31507 373008084 29612792 37803222 818517916 14692125568 260709108 149 62874896 292293540
======================
   8      32 sdc 2786747 31507 373008084 29612792 37803864 818517916 14692454272 260852628 147 62875900 292437168
======================
   8      32 sdc 2786747 31507 373008084 29612792 37804534 818517916 14692797312 261001732 152 62876904 292585460
======================
   8      32 sdc 2786747 31507 373008084 29612792 37805192 818517916 14693134208 261143012 134 62877904 292728268
======================
   8      32 sdc 2786747 31507 373008084 29612792 37805821 818517916 14693456256 261287444 145 62878908 292871936
======================
   8      32 sdc 2786747 31507 373008084 29612792 37806467 818517916 14693787008 261432308 139 62879912 293015444
======================
   8      32 sdc 2786748 31507 373008092 29613012 37807120 818517916 14694121344 261560336 129 62880916 293143704
======================
   8      32 sdc 2786748 31507 373008092 29613012 37807797 818517916 14694467968 261705228 156 62881920 293288456
======================
   8      32 sdc 2786748 31507 373008092 29613012 37808461 818517916 14694807936 261847536 132 62882924 293432172
======================
   8      32 sdc 2786748 31507 373008092 29613012 37809089 818517916 14695129472 261990884 144 62883928 293575904
======================
   8      32 sdc 2786748 31507 373008092 29613012 37809604 818517916 14695393152 262135252 141 62884932 293719048
======================
   8      32 sdc 2786748 31507 373008092 29613012 37810278 818517916 14695738240 262278464 139 62885936 293862620
======================
   8      32 sdc 2786748 31507 373008092 29613012 37810915 818517916 14696064384 262420332 142 62886940 294006124
======================
   8      32 sdc 2786748 31507 373008092 29613012 37811564 818517916 14696396672 262564548 133 62887944 294149388
======================
   8      32 sdc 2786748 31507 373008092 29613012 37812233 818517916 14696739200 262708932 136 62888948 294292920
======================
   8      32 sdc 2786748 31507 373008092 29613012 37812886 818517916 14697073536 262851872 155 62889948 294435976
======================
   8      32 sdc 2786748 31507 373008092 29613012 37813528 818517916 14697402752 262995148 153 62890952 294579348
======================
   8      32 sdc 2786748 31507 373008092 29613012 37814170 818517916 14697730944 263138716 151 62891956 294723040
======================
   8      32 sdc 2786749 31507 373008100 29613208 37814787 818517916 14698046848 263267168 155 62892960 294852464
======================
   8      32 sdc 2786749 31507 373008100 29613208 37815452 818517916 14698387328 263411756 130 62893964 294995572
======================
   8      32 sdc 2786749 31507 373008100 29613208 37816115 818517916 14698726784 263554748 139 62894968 295139264
======================
   8      32 sdc 2786749 31507 373008100 29613208 37816757 818517916 14699055488 263697920 137 62895972 295282612
======================
   8      32 sdc 2786749 31507 373008100 29613208 37817262 818517916 14699314048 263844360 144 62896976 295428464
======================
   8      32 sdc 2786749 31507 373008100 29613208 37817928 818517916 14699655040 263986180 150 62897980 295571968
======================
   8      32 sdc 2786749 31507 373008100 29613208 37818556 818517916 14699976576 264128864 130 62898980 295713364
======================
   8      32 sdc 2786749 31507 373008100 29613208 37819194 818517916 14700303232 264273160 132 62899984 295856608
======================
   8      32 sdc 2786749 31507 373008100 29613208 37819870 818517916 14700649344 264416048 128 62900988 295999380
======================
   8      32 sdc 2786749 31507 373008100 29613208 37820547 818517916 14700995968 264559436 155 62901992 296142864
======================
   8      32 sdc 2786749 31507 373008100 29613208 37821220 818517916 14701340544 264702176 154 62902996 296286368
======================
   8      32 sdc 2786749 31507 373008100 29613208 37821850 818517916 14701663104 264844828 132 62904000 296429708
======================
   8      32 sdc 2786750 31507 373008108 29613448 37822456 818517916 14701973376 264967704 139 62905004 296552444
======================
   8      32 sdc 2786750 31507 373008108 29613448 37823126 818517916 14702316416 265112152 141 62906008 296696648
======================
   8      32 sdc 2786750 31507 373008108 29613448 37823791 818517916 14702656896 265254912 148 62907012 296840016
======================
   8      32 sdc 2786750 31507 373008108 29613448 37824431 818517916 14702984576 265397932 148 62908016 296983592
======================
   8      32 sdc 2786750 31507 373008108 29613448 37824945 818517916 14703247744 265545652 146 62909016 297129912
======================
   8      32 sdc 2786750 31507 373008108 29613448 37825602 818517916 14703584128 265688916 129 62910020 297273420
======================
   8      32 sdc 2786750 31507 373008108 29613448 37826244 818517916 14703912832 265832660 141 62911024 297417168
======================
   8      32 sdc 2786750 31507 373008108 29613448 37826886 818517916 14704241536 265976868 157 62912028 297560396
======================
   8      32 sdc 2786750 31507 373008108 29613448 37827526 818517916 14704569216 266118896 157 62913032 297703388
======================
   8      32 sdc 2786750 31507 373008108 29613448 37828186 818517916 14704907136 266262576 137 62914036 297847136
======================
   8      32 sdc 2786750 31507 373008108 29613448 37828851 818517916 14705247616 266406160 144 62915036 297990044
======================
   8      32 sdc 2786750 31507 373008108 29613448 37829493 818517916 14705576320 266551268 142 62916040 298136104
======================
   8      32 sdc 2786751 31507 373008116 29613684 37830113 818517916 14705893760 266681832 132 62917044 298265992
======================
   8      32 sdc 2786751 31507 373008116 29613684 37830787 818517916 14706238848 266825052 130 62918048 298409408
======================
   8      32 sdc 2786751 31507 373008116 29613684 37831443 818517916 14706574720 266967536 146 62919052 298553196
======================
   8      32 sdc 2786751 31507 373008116 29613684 37832067 818517916 14706894208 267110808 130 62920056 298696332
======================
   8      32 sdc 2786751 31507 373008116 29613684 37832714 818517916 14707225472 267255040 155 62921060 298839912
======================
   8      32 sdc 2786751 31507 373008116 29613684 37833381 818517916 14707566976 267397980 128 62922064 298983004
======================
   8      32 sdc 2786751 31507 373008116 29613684 37834054 818517916 14707911552 267541168 159 62923064 299126096
======================
   8      32 sdc 2786751 31507 373008116 29613684 37834680 818517916 14708232064 267683856 141 62924068 299269816
======================
   8      32 sdc 2786751 31507 373008116 29613684 37835312 818517916 14708555648 267829988 149 62925072 299414440
======================
   8      32 sdc 2786751 31507 373008116 29613684 37835989 818517916 14708902272 267973244 144 62926076 299557932
======================
   8      32 sdc 2786751 31507 373008116 29613684 37836644 818517916 14709237632 268117348 148 62927080 299702972
======================
   8      32 sdc 2786751 31507 373008116 29613684 37837283 818517916 14709564800 268258804 149 62928084 299845144
======================
   8      32 sdc 2786751 31507 373008116 29613684 37837421 818517916 14709635456 268291104 21 62929084 299881260
======================
   8      32 sdc 2786752 31507 373008124 29615484 37838320 818517916 14710095744 268346744 135 62930092 299919948
======================
   8      32 sdc 2786752 31507 373008124 29615484 37839081 818517916 14710485376 268473308 142 62931096 300060968
======================
   8      32 sdc 2786752 31507 373008124 29615484 37839712 818517916 14710808448 268616684 151 62932100 300204388
======================
   8      32 sdc 2786752 31507 373008124 29615484 37840347 818517916 14711133568 268759112 156 62933104 300347156
======================
   8      32 sdc 2786752 31507 373008124 29615484 37841002 818517916 14711468928 268903316 141 62934108 300490912
======================
   8      32 sdc 2786752 31507 373008124 29615484 37841662 818517916 14711806848 269046836 153 62935112 300634172
======================
   8      32 sdc 2786752 31507 373008124 29615484 37842303 818517916 14712135040 269189328 152 62936112 300776908
======================
   8      32 sdc 2786752 31507 373008124 29615484 37842953 818517916 14712467840 269333564 142 62937116 300920344
======================
   8      32 sdc 2786752 31507 373008124 29615484 37843627 818517916 14712812928 269474312 140 62938120 301061368
======================
   8      32 sdc 2786752 31507 373008124 29615484 37844278 818517916 14713146240 269616560 129 62939124 301204636
======================
   8      32 sdc 2786752 31507 373008124 29615484 37844896 818517916 14713463168 269761168 151 62940128 301349852
======================
   8      32 sdc 2786753 31507 373008132 29615692 37845526 818517916 14713785216 269891416 148 62941128 301478288
======================
   8      32 sdc 2786753 31507 373008132 29615692 37846201 818517916 14714130816 270033792 145 62942132 301621092
======================
   8      32 sdc 2786753 31507 373008132 29615692 37846877 818517916 14714476928 270177364 141 62943140 301765316
======================
   8      32 sdc 2786753 31507 373008132 29615692 37847541 818517916 14714816896 270320040 149 62944140 301908416
======================
   8      32 sdc 2786753 31507 373008132 29615692 37848161 818517916 14715134336 270464736 137 62945144 302051984
======================
   8      32 sdc 2786753 31507 373008132 29615692 37848837 818517916 14715480448 270608780 133 62946148 302195880
======================
   8      32 sdc 2786753 31507 373008132 29615692 37849496 818517916 14715817856 270751272 146 62947152 302339532
======================
   8      32 sdc 2786753 31507 373008132 29615692 37850131 818517916 14716142976 270894068 151 62948156 302482596
======================
   8      32 sdc 2786753 31507 373008132 29615692 37850784 818517916 14716477312 271038080 138 62949156 302625520
======================
   8      32 sdc 2786753 31507 373008132 29615692 37851449 818517916 14716817792 271181832 145 62950160 302769168
======================
   8      32 sdc 2786753 31507 373008132 29615692 37852093 818517916 14717147520 271324880 141 62951164 302912944
======================
   8      32 sdc 2786753 31507 373008132 29615692 37852734 818517916 14717475712 271468976 68 62952168 303052636
======================
   8      32 sdc 2786754 31507 373008140 29615932 37853343 818517916 14717787520 271596612 138 62953172 303185416
======================
   8      32 sdc 2786754 31507 373008140 29615932 37853993 818517916 14718120320 271741392 128 62954176 303328908
======================
   8      32 sdc 2786754 31507 373008140 29615932 37854652 818517916 14718457728 271884968 141 62955180 303472844
======================
   8      32 sdc 2786754 31507 373008140 29615932 37855269 818517916 14718773632 272019952 132 62956184 303615800
======================
   8      32 sdc 2786754 31507 373008140 29615932 37855801 818517916 14719046016 272168740 144 62957184 303756028
======================
   8      32 sdc 2786754 31507 373008140 29615932 37856475 818517916 14719391104 272311860 142 62958188 303899740
======================
   8      32 sdc 2786754 31507 373008140 29615932 37857125 818517916 14719723904 272454864 132 62959192 304043368
======================
   8      32 sdc 2786754 31507 373008140 29615932 37857750 818517916 14720043904 272598492 147 62960196 304186996
======================
   8      32 sdc 2786754 31507 373008140 29615932 37858410 818517916 14720381824 272743328 135 62961204 304330952
======================
   8      32 sdc 2786754 31507 373008140 29615932 37859077 818517916 14720723328 272886132 132 62962208 304474664
======================
   8      32 sdc 2786754 31507 373008140 29615932 37859748 818517916 14721066880 273026060 133 62963212 304614688
======================
   8      32 sdc 2786754 31507 373008140 29615932 37860409 818517916 14721405312 273168848 73 62964216 304754228
======================
   8      32 sdc 2786755 31507 373008148 29616172 37861007 818517916 14721711488 273296984 156 62965220 304886628
======================
   8      32 sdc 2786755 31507 373008148 29616172 37861654 818517916 14722042752 273440940 149 62966224 305029572
======================
   8      32 sdc 2786755 31507 373008148 29616172 37862331 818517916 14722389376 273584616 144 62967224 305172612
======================
   8      32 sdc 2786755 31507 373008148 29616172 37862963 818517916 14722712960 273723272 152 62968228 305315716
======================
   8      32 sdc 2786755 31507 373008148 29616172 37863624 818517916 14723051392 273871976 131 62969232 305460028
======================
   8      32 sdc 2786755 31507 373008148 29616172 37864283 818517916 14723388800 274014460 144 62970236 305603440
======================
   8      32 sdc 2786755 31507 373008148 29616172 37864926 818517916 14723718016 274157928 141 62971240 305747096
======================
   8      32 sdc 2786755 31507 373008148 29616172 37865568 818517916 14724046720 274301592 139 62972244 305890828
======================
   8      32 sdc 2786755 31507 373008148 29616172 37866208 818517916 14724374400 274444788 139 62973248 306034492
======================
   8      32 sdc 2786755 31507 373008148 29616172 37866860 818517916 14724708224 274590448 141 62974252 306178756
======================
   8      32 sdc 2786755 31507 373008148 29616172 37867524 818517916 14725048192 274733672 135 62975252 306321912
======================
   8      32 sdc 2786756 31507 373008156 29616404 37868146 818517916 14725366656 274870592 155 62976256 306450384
======================
   8      32 sdc 2786756 31507 373008156 29616404 37868795 818517916 14725698944 275004500 146 62977260 306594012
======================
   8      32 sdc 2786756 31507 373008156 29616404 37869462 818517916 14726040448 275148760 151 62978264 306737448
======================
   8      32 sdc 2786756 31507 373008156 29616404 37870138 818517916 14726386560 275294456 147 62979268 306882972
======================
   8      32 sdc 2786756 31507 373008156 29616404 37870629 818517916 14726637952 275406084 136 62980272 307024992
======================
   8      32 sdc 2786756 31507 373008156 29616404 37871287 818517916 14726974848 275579700 150 62981276 307168360
======================
   8      32 sdc 2786756 31507 373008156 29616404 37871964 818517916 14727321472 275723172 145 62982276 307311260
======================
   8      32 sdc 2786756 31507 373008156 29616404 37872638 818517916 14727666560 275866120 143 62983280 307454760
======================
   8      32 sdc 2786756 31507 373008156 29616404 37873287 818517916 14727998848 276008604 134 62984284 307598348
======================
   8      32 sdc 2786756 31507 373008156 29616404 37873912 818517916 14728318848 276152168 149 62985288 307741852
======================
   8      32 sdc 2786756 31507 373008156 29616404 37874566 818517916 14728653696 276297000 135 62986292 307885392
======================
   8      32 sdc 2786756 31507 373008156 29616404 37875242 818517916 14728999808 276440392 131 62987296 308028688
======================
   8      32 sdc 2786757 31507 373008164 29616636 37875865 818517916 14729318784 276574384 151 62988300 308156288
======================
   8      32 sdc 2786757 31507 373008164 29616636 37876510 818517916 14729649024 276710096 146 62989304 308299576
======================
   8      32 sdc 2786757 31507 373008164 29616636 37877175 818517916 14729989504 276853764 153 62990308 308442852
======================
   8      32 sdc 2786757 31507 373008164 29616636 37877834 818517916 14730326912 276996500 134 62991312 308585980
======================
   8      32 sdc 2786757 31507 373008164 29616636 37878315 818517916 14730573184 277105764 133 62992316 308727480
======================
   8      32 sdc 2786757 31507 373008164 29616636 37878950 818517916 14730898304 277280848 138 62993316 308870532
======================
   8      32 sdc 2786757 31507 373008164 29616636 37879599 818517916 14731230592 277425296 129 62994320 309013752
======================
   8      32 sdc 2786757 31507 373008164 29616636 37880264 818517916 14731571072 277568592 136 62995324 309157172
======================
   8      32 sdc 2786757 31507 373008164 29616636 37880918 818517916 14731905920 277711092 154 62996328 309300344
======================
   8      32 sdc 2786757 31507 373008164 29616636 37881550 818517916 14732229504 277854356 130 62997332 309442820
======================
   8      32 sdc 2786757 31507 373008164 29616636 37882214 818517916 14732569472 277997572 138 62998336 309586448
======================
   8      32 sdc 2786757 31507 373008164 29616636 37882886 818517916 14732913536 278141444 138 62999340 309730044
======================
   8      32 sdc 2786758 31507 373008172 29616860 37883496 818517916 14733225856 278279284 138 63000344 309858256
======================
   8      32 sdc 2786758 31507 373008172 29616860 37884124 818517916 14733547392 278409336 150 63001348 309999096
======================
   8      32 sdc 2786758 31507 373008172 29616860 37884801 818517916 14733894016 278553564 145 63002352 310142680
======================
   8      32 sdc 2786758 31507 373008172 29616860 37885475 818517916 14734239104 278696600 143 63003352 310285676
======================
   8      32 sdc 2786758 31507 373008172 29616860 37885989 818517916 14734502272 278813500 141 63004356 310428936
======================
   8      32 sdc 2786758 31507 373008172 29616860 37886611 818517916 14734820736 278982212 134 63005360 310572348
======================
   8      32 sdc 2786758 31507 373008172 29616860 37887260 818517916 14735153024 279128460 150 63006364 310717256
======================
   8      32 sdc 2786758 31507 373008172 29616860 37887928 818517916 14735495040 279272180 154 63007368 310861092
======================
   8      32 sdc 2786758 31507 373008172 29616860 37888570 818517916 14735823744 279414588 152 63008372 311004704
======================
   8      32 sdc 2786758 31507 373008172 29616860 37889216 818517916 14736154496 279559032 146 63009376 311148352
======================
   8      32 sdc 2786758 31507 373008172 29616860 37889881 818517916 14736494976 279702504 153 63010380 311291828
======================
   8      32 sdc 2786758 31507 373008172 29616860 37890531 818517916 14736827776 279845500 143 63011384 311435480
======================
   8      32 sdc 2786759 31507 373008180 29617108 37891143 818517916 14737141120 279982800 154 63012384 311558764
======================
   8      32 sdc 2786759 31507 373008180 29617108 37891783 818517916 14737468800 280111068 154 63013388 311701320
======================
   8      32 sdc 2786759 31507 373008180 29617108 37892427 818517916 14737798528 280255448 150 63014392 311845324
======================
   8      32 sdc 2786759 31507 373008180 29617108 37893091 818517916 14738138496 280399200 158 63015396 311988668
======================
   8      32 sdc 2786759 31507 373008180 29617108 37893605 818517916 14738401664 280511444 156 63016400 312136584
======================
   8      32 sdc 2786759 31507 373008180 29617108 37894244 818517916 14738728832 280690408 157 63017404 312280164
======================
   8      32 sdc 2786759 31507 373008180 29617108 37894918 818517916 14739073920 280834076 155 63018408 312423832
======================
   8      32 sdc 2786759 31507 373008180 29617108 37895580 818517916 14739412864 280976932 133 63019412 312567544
======================
   8      32 sdc 2786759 31507 373008180 29617108 37896204 818517916 14739732352 281120652 149 63020416 312711432
======================
   8      32 sdc 2786759 31507 373008180 29617108 37896847 818517916 14740061568 281267168 146 63021420 312856788
======================
   8      32 sdc 2786759 31507 373008180 29617108 37897523 818517916 14740407680 281410964 142 63022420 313000072
======================
   8      32 sdc 2786759 31507 373008180 29617108 37898197 818517916 14740752768 281553324 143 63023424 313142840
======================
   8      32 sdc 2786760 31507 373008188 29617324 37898848 818517916 14741086080 281688780 133 63024428 313273756
======================
   8      32 sdc 2786760 31507 373008188 29617324 37899473 818517916 14741406080 281826880 148 63025432 313417456
======================
   8      32 sdc 2786760 31507 373008188 29617324 37900109 818517916 14741731712 281976368 152 63026436 313565692
======================
   8      32 sdc 2786760 31507 373008188 29617324 37900780 818517916 14742075264 282119808 153 63027440 313709596
======================
   8      32 sdc 2786760 31507 373008188 29617324 37901285 818517916 14742333824 282228844 128 63028448 313849912
======================
   8      32 sdc 2786760 31507 373008188 29617324 37901935 818517916 14742666624 282403968 150 63029452 313993580
======================
   8      32 sdc 2786760 31507 373008188 29617324 37902600 818517916 14743007616 282547588 153 63030456 314136932
======================
   8      32 sdc 2786760 31507 373008188 29617324 37903254 818517916 14743341952 282690692 143 63031460 314280720
======================
   8      32 sdc 2786760 31507 373008188 29617324 37903895 818517916 14743670144 282830036 142 63032464 314419928
======================
   8      32 sdc 2786760 31507 373008188 29617324 37904537 818517916 14743998848 282973180 140 63033468 314563512
======================
   8      32 sdc 2786760 31507 373008188 29617324 37905179 818517916 14744327552 283116904 138 63034472 314707028
======================
   8      32 sdc 2786760 31507 373008188 29617324 37905841 818517916 14744666496 283260596 148 63035476 314850624
======================
   8      32 sdc 2786760 31507 373008188 29617324 37906462 818517916 14744984448 283396252 36 63036480 314979348
======================
   8      32 sdc 2786761 31507 373008196 29617564 37907105 818517916 14745313664 283534896 136 63037480 315123340
======================
   8      32 sdc 2786761 31507 373008196 29617564 37907760 818517916 14745649024 283678840 153 63038484 315268220
======================
   8      32 sdc 2786761 31507 373008196 29617564 37908436 818517916 14745995136 283822256 149 63039488 315411808
======================
   8      32 sdc 2786761 31507 373008196 29617564 37909068 818517916 14746318720 283964048 157 63040492 315555052
======================
   8      32 sdc 2786761 31507 373008196 29617564 37909720 818517916 14746652544 284109264 145 63041496 315698740
======================
   8      32 sdc 2786761 31507 373008196 29617564 37910387 818517916 14746994048 284252220 150 63042500 315842416
======================
   8      32 sdc 2786761 31507 373008196 29617564 37911061 818517916 14747339136 284396492 148 63043504 315986064
======================
   8      32 sdc 2786761 31507 373008196 29617564 37911727 818517916 14747680128 284538820 154 63044508 316129632
======================
   8      32 sdc 2786761 31507 373008196 29617564 37912352 818517916 14748000128 284682532 137 63045512 316273416
======================
   8      32 sdc 2786761 31507 373008196 29617564 37912993 818517916 14748328320 284827412 136 63046516 316417036
======================
   8      32 sdc 2786761 31507 373008196 29617564 37913666 818517916 14748672896 284970248 135 63047520 316560564
======================
   8      32 sdc 2786761 31507 373008196 29617564 37914141 818517916 14748916096 285072676 37 63048524 316664860
======================
   8      32 sdc 2786762 31507 373008204 29618312 37914934 818517916 14749322112 285186276 138 63049528 316777700
======================
   8      32 sdc 2786762 31507 373008204 29618312 37915582 818517916 14749653888 285330260 130 63050528 316920560
======================
   8      32 sdc 2786762 31507 373008204 29618312 37916236 818517916 14749988736 285472768 148 63051532 317063816
======================
   8      32 sdc 2786762 31507 373008204 29618312 37916859 818517916 14750307712 285615376 133 63052536 317206940
======================
   8      32 sdc 2786762 31507 373008204 29618312 37917504 818517916 14750637952 285759312 128 63053540 317350008
======================
   8      32 sdc 2786762 31507 373008204 29618312 37918160 818517916 14750973824 285902484 144 63054544 317493268
======================
   8      32 sdc 2786762 31507 373008204 29618312 37918825 818517916 14751314304 286045712 151 63055548 317636240
======================
   8      32 sdc 2786762 31507 373008204 29618312 37919465 818517916 14751641984 286188260 151 63056552 317779352
======================
   8      32 sdc 2786762 31507 373008204 29618312 37920106 818517916 14751970176 286331036 150 63057556 317922672
======================
   8      32 sdc 2786762 31507 373008204 29618312 37920786 818517916 14752318336 286475292 142 63058556 318065148
======================
   8      32 sdc 2786762 31507 373008204 29618312 37921442 818517916 14752654208 286617128 158 63059560 318208200
======================
   8      32 sdc 2786762 31507 373008204 29618312 37921841 818517916 14752858496 286708584 17 63060564 318293584
======================
   8      32 sdc 2786762 31507 373008204 29618312 37921841 818517916 14752858496 286708584 17 63061568 318310652
======================
   8      32 sdc 2786763 31507 373008212 29620200 37923210 818517916 14753559424 286816108 141 63062572 318409004
======================
   8      32 sdc 2786763 31507 373008212 29620200 37923885 818517916 14753905024 286960408 138 63063576 318552516
======================
   8      32 sdc 2786763 31507 373008212 29620200 37924530 818517916 14754235264 287102456 133 63064580 318695812
======================
   8      32 sdc 2786763 31507 373008212 29620200 37925154 818517916 14754554752 287245488 149 63065584 318839188
======================
   8      32 sdc 2786763 31507 373008212 29620200 37925821 818517916 14754896256 287390260 154 63066588 318982624
======================
   8      32 sdc 2786763 31507 373008212 29620200 37926489 818517916 14755238272 287533852 158 63067592 319127268
======================
   8      32 sdc 2786763 31507 373008212 29620200 37927136 818517916 14755569536 287677772 151 63068592 319270296
======================
   8      32 sdc 2786763 31507 373008212 29620200 37927785 818517916 14755901824 287821564 142 63069596 319413600
======================
   8      32 sdc 2786763 31507 373008212 29620200 37928444 818517916 14756239232 287964908 155 63070600 319556884
======================
   8      32 sdc 2786763 31507 373008212 29620200 37929091 818517916 14756570496 288107548 148 63071604 319700412
======================
   8      32 sdc 2786764 31507 373008220 29620620 37929573 818517916 14756817280 288218612 132 63072608 319806652
======================
   8      32 sdc 2786764 31507 373008220 29620620 37930215 818517916 14757145984 288356360 130 63073612 319949608
======================
   8      32 sdc 2786764 31507 373008220 29620620 37930857 818517916 14757474688 288499932 128 63074616 320093108
======================
   8      32 sdc 2786764 31507 373008220 29620620 37931515 818517916 14757811584 288643896 142 63075620 320237080
======================
   8      32 sdc 2786764 31507 373008220 29620620 37932160 818517916 14758141824 288786812 137 63076624 320380288
======================
   8      32 sdc 2786764 31507 373008220 29620620 37932797 818517916 14758467968 288929248 140 63077628 320523928
======================
   8      32 sdc 2786764 31507 373008220 29620620 37933468 818517916 14758811520 289074132 141 63078628 320666924
======================
   8      32 sdc 2786764 31507 373008220 29620620 37934135 818517916 14759153024 289215532 146 63079632 320809284
======================
   8      32 sdc 2786764 31507 373008220 29620620 37934760 818517916 14759473024 289359396 129 63080636 320952856
======================
   8      32 sdc 2786764 31507 373008220 29620620 37935400 818517916 14759800704 289504068 129 63081640 321096448
======================
   8      32 sdc 2786764 31507 373008220 29620620 37936073 818517916 14760145280 289646576 128 63082644 321239492
======================
   8      32 sdc 2786764 31507 373008220 29620620 37936752 818517916 14760492928 289790496 153 63083648 321383192
======================
   8      32 sdc 2786764 31507 373008220 29620620 37937182 818517916 14760713088 289881808 36 63084660 321479392
======================
   8      32 sdc 2786764 31507 373008220 29620620 37937182 818517916 14760713088 289881808 36 63085664 321515536
======================
   8      32 sdc 2786765 31507 373008228 29622504 37938506 818517916 14761390976 290026508 141 63086664 321622152
======================
   8      32 sdc 2786765 31507 373008228 29622504 37939174 818517916 14761732992 290170240 145 63087668 321764612
======================
   8      32 sdc 2786765 31507 373008228 29622504 37939831 818517916 14762069376 290313672 128 63088672 321906908
======================
   8      32 sdc 2786765 31507 373008228 29622504 37940479 818517916 14762401152 290451184 225 63089676 322139620
======================
   8      32 sdc 2786765 31507 373008228 29622504 37941144 818517916 14762741632 290605684 232 63090680 322366200
======================
   8      32 sdc 2786765 31507 373008228 29622504 37941801 818517916 14763078016 290767032 231 63091684 322589528
======================
   8      32 sdc 2786765 31507 373008228 29622504 37942429 818517916 14763399552 290944356 211 63092688 322802284
======================
   8      32 sdc 2786765 31507 373008228 29622504 37943067 818517916 14763726208 291126756 213 63093692 323006048
======================
   8      32 sdc 2786765 31507 373008228 29622504 37943704 818517916 14764052352 291314680 184 63094696 323201372
======================
   8      32 sdc 2786765 31507 373008228 29622504 37944365 818517916 14764390784 291511216 195 63095700 323388528
======================
   8      32 sdc 2786766 31507 373008236 29622720 37945013 818517916 14764722560 291713332 181 63096704 323550448
======================
   8      32 sdc 2786766 31507 373008236 29622720 37945654 818517916 14765050752 291924404 171 63097704 323718796
======================
   8      32 sdc 2786766 31507 373008236 29622720 37946304 818517916 14765383552 292153688 170 63098708 323878904
======================
   8      32 sdc 2786766 31507 373008236 29622720 37946980 818517916 14765729664 292371628 134 63099712 324032500
======================
   8      32 sdc 2786766 31507 373008236 29622720 37947485 818517916 14765988224 292569280 141 63100716 324177252
======================
   8      32 sdc 2786766 31507 373008236 29622720 37948123 818517916 14766314880 292726304 143 63101720 324320988
======================
   8      32 sdc 2786766 31507 373008236 29622720 37948799 818517916 14766660992 292869864 139 63102724 324464576
======================
   8      32 sdc 2786766 31507 373008236 29622720 37949476 818517916 14767007616 293013588 134 63103728 324608120
======================
   8      32 sdc 2786766 31507 373008236 29622720 37950152 818517916 14767353728 293157152 130 63104732 324751788
======================
   8      32 sdc 2786766 31507 373008236 29622720 37950779 818517916 14767674752 293299392 143 63105736 324895668
======================
   8      32 sdc 2786766 31507 373008236 29622720 37951408 818517916 14767996800 293443996 154 63106740 325039132
======================
   8      32 sdc 2786766 31507 373008236 29622720 37952084 818517916 14768342912 293588004 150 63107744 325182816
======================
   8      32 sdc 2786767 31507 373008244 29622952 37952717 818518387 14768666240 293711116 133 63108748 325306544
======================
   8      32 sdc 2786767 31507 373008244 29622952 37953359 818518387 14768994944 293854448 131 63109748 325449796
======================
   8      32 sdc 2786767 31507 373008244 29622952 37954013 818518387 14769329792 293998504 149 63110752 325593532
======================
   8      32 sdc 2786767 31507 373008244 29622952 37954678 818518387 14769670272 294142264 156 63111756 325737064
======================
   8      32 sdc 2786767 31507 373008244 29622952 37955170 818518387 14769922176 294284764 144 63112760 325880496
======================
   8      32 sdc 2786767 31507 373008244 29622952 37955813 818518387 14770251392 294428584 141 63113764 326024180
======================
   8      32 sdc 2786767 31507 373008244 29622952 37956455 818518387 14770580096 294572512 139 63114768 326168128
======================
   8      32 sdc 2786767 31507 373008244 29622952 37957107 818518387 14770913920 294716800 159 63115772 326311648
======================
   8      32 sdc 2786767 31507 373008244 29622952 37957752 818518387 14771244160 294859776 154 63116776 326455316
======================
   8      32 sdc 2786767 31507 373008244 29622952 37958394 818518387 14771572864 295003244 152 63117780 326598836
======================
   8      32 sdc 2786767 31507 373008244 29622952 37959057 818518387 14771912832 295147564 129 63118784 326742244
======================
   8      32 sdc 2786767 31507 373008244 29622952 37959734 818518387 14772258944 295291524 156 63119788 326886244
======================
   8      32 sdc 2786768 31507 373008252 29623252 37960339 818518407 14772567352 295413152 156 63120792 327000568
======================
   8      32 sdc 2786768 31507 373008252 29623252 37960738 818518870 14772748616 295496420 0 63121520 327076280
======================
   8      32 sdc 2786768 31507 373008252 29623252 37960738 818518870 14772748616 295496420 0 63121520 327076280
======================
   8      32 sdc 2786768 31507 373008252 29623252 37960738 818518870 14772748616 295496420 0 63121520 327076280
======================
   8      32 sdc 2786768 31507 373008252 29623252 37960738 818518870 14772748616 295496420 0 63121520 327076280
======================
   8      32 sdc 2786768 31507 373008252 29623252 37960738 818518870 14772748616 295496420 0 63121520 327076280
======================
   8      32 sdc 2786768 31507 373008252 29623252 37960738 818518870 14772748616 295496420 0 63121520 327076280
======================
   8      32 sdc 2787004 31507 373010134 29632756 37960751 818518870 14772748664 295496424 1 63122456 327086552
started
======================
   8      32 sdc 2787009 31507 373010174 29633916 37960753 818518870 14772748672 295496496 0 63122924 327087020
======================
   8      32 sdc 2787009 31507 373010174 29633916 37960753 818518870 14772748672 295496496 0 63122924 327087020
======================
   8      32 sdc 2787156 31507 373019246 29634876 37960753 818518870 14772748672 295496496 1 63123892 327087988
======================
   8      32 sdc 2787292 31507 373027950 29635832 37960753 818518870 14772748672 295496496 1 63124844 327088940
======================
   8      32 sdc 2787439 31507 373037358 29636800 37960753 818518870 14772748672 295496496 1 63125812 327089908
======================
   8      32 sdc 2787585 31507 373046702 29637776 37960753 818518870 14772748672 295496496 1 63126792 327090888
======================
   8      32 sdc 2787723 31507 373055534 29638752 37960753 818518870 14772748672 295496496 1 63127764 327091860
======================
   8      32 sdc 2787859 31507 373064238 29639720 37960756 818518872 14772748712 295496496 1 63128732 327092828
======================
   8      32 sdc 2787999 31507 373073198 29640708 37960756 818518872 14772748712 295496496 1 63129720 327093816
======================
   8      32 sdc 2788144 31507 373082478 29641684 37960756 818518872 14772748712 295496496 1 63130696 327094792
======================
   8      32 sdc 2788282 31507 373091310 29642652 37960756 818518872 14772748712 295496496 1 63131668 327095764
======================
   8      32 sdc 2788430 31507 373100782 29643632 37960756 818518872 14772748712 295496496 1 63132644 327096740
======================
   8      32 sdc 2788568 31507 373109614 29644596 37960756 818518872 14772748712 295496496 1 63133604 327097700
======================
   8      32 sdc 2788709 31507 373118638 29645580 37960756 818518872 14772748712 295496496 1 63134592 327098688
======================
   8      32 sdc 2788821 31507 373125806 29646572 37960756 818518872 14772748712 295496496 1 63135584 327099680
======================
   8      32 sdc 2788965 31507 373135022 29647560 37960756 818518872 14772748712 295496496 1 63136572 327100668
======================
   8      32 sdc 2789110 31507 373144302 29648504 37960756 818518872 14772748712 295496496 1 63137516 327101612
======================
   8      32 sdc 2789255 31507 373153582 29649476 37960756 818518872 14772748712 295496496 1 63138492 327102588
======================
   8      32 sdc 2789403 31507 373163054 29650452 37960756 818518872 14772748712 295496496 1 63139464 327103560
======================
   8      32 sdc 2789550 31507 373172462 29651400 37960756 818518872 14772748712 295496496 1 63140412 327104508
======================
   8      32 sdc 2789693 31507 373181614 29652372 37960756 818518872 14772748712 295496496 1 63141384 327105480
======================
   8      32 sdc 2789844 31507 373191278 29653348 37960756 818518872 14772748712 295496496 1 63142352 327106448
======================
   8      32 sdc 2789996 31507 373201134 29654308 37960756 818518872 14772748712 295496496 1 63143316 327107412
======================
   8      32 sdc 2790138 31507 373210222 29655272 37960756 818518872 14772748712 295496496 1 63144280 327108376
======================
   8      32 sdc 2790289 31507 373219886 29656228 37960756 818518872 14772748712 295496496 1 63145232 327109328
======================
   8      32 sdc 2790428 31507 373228782 29657200 37960756 818518872 14772748712 295496496 1 63146204 327110300
======================
   8      32 sdc 2790571 31507 373237934 29658184 37960756 818518872 14772748712 295496496 1 63147184 327111280
======================
   8      32 sdc 2790722 31507 373247598 29659184 37960756 818518872 14772748712 295496496 1 63148188 327112284
======================
   8      32 sdc 2790874 31507 373257326 29660156 37960756 818518872 14772748712 295496496 1 63149160 327113256
======================
   8      32 sdc 2791016 31507 373266414 29661116 37960756 818518872 14772748712 295496496 1 63150124 327114220
======================
   8      32 sdc 2791159 31507 373275566 29662112 37960756 818518872 14772748712 295496496 1 63151120 327115216
======================
   8      32 sdc 2791298 31507 373284462 29663080 37960756 818518872 14772748712 295496496 1 63152088 327116184
======================
   8      32 sdc 2791444 31507 373293806 29664068 37960758 818518872 14772748728 295496496 1 63153076 327117172
======================
   8      32 sdc 2791591 31507 373303214 29665060 37960758 818518872 14772748728 295496496 1 63154072 327118168
======================
   8      32 sdc 2791732 31507 373312238 29666044 37960758 818518872 14772748728 295496496 1 63155052 327119148
======================
   8      32 sdc 2791878 31507 373321582 29666996 37960758 818518872 14772748728 295496496 1 63156004 327120100
======================
   8      32 sdc 2792020 31507 373330670 29667944 37960758 818518872 14772748728 295496496 1 63156956 327121052
======================
   8      32 sdc 2792162 31507 373339758 29668912 37960758 818518872 14772748728 295496496 1 63157924 327122020
======================
   8      32 sdc 2792304 31507 373348846 29669864 37960758 818518872 14772748728 295496496 1 63158876 327122972
======================
   8      32 sdc 2792416 31507 373356014 29670844 37960758 818518872 14772748728 295496496 1 63159852 327123948
======================
   8      32 sdc 2792565 31507 373365550 29671800 37960758 818518872 14772748728 295496496 1 63160812 327124908
======================
   8      32 sdc 2792707 31507 373374638 29672764 37960758 818518872 14772748728 295496496 0 63161768 327125864
======================
   8      32 sdc 2792851 31507 373383854 29673728 37960758 818518872 14772748728 295496496 1 63162736 327126832
======================
   8      32 sdc 2792992 31507 373392878 29674688 37960758 818518872 14772748728 295496496 1 63163692 327127788
======================
   8      32 sdc 2793138 31507 373402222 29675652 37960758 818518872 14772748728 295496496 1 63164656 327128752
======================
   8      32 sdc 2793279 31507 373411246 29676620 37960758 818518872 14772748728 295496496 1 63165628 327129724
======================
   8      32 sdc 2793419 31507 373420206 29677600 37960758 818518872 14772748728 295496496 1 63166604 327130700
======================
   8      32 sdc 2793566 31507 373429614 29678576 37960758 818518872 14772748728 295496496 1 63167584 327131680
======================
   8      32 sdc 2793721 31507 373439534 29679532 37960758 818518872 14772748728 295496496 1 63168536 327132632
======================
   8      32 sdc 2793861 31507 373448494 29680504 37960758 818518872 14772748728 295496496 1 63169512 327133608
======================
   8      32 sdc 2794006 31507 373457774 29681456 37960758 818518872 14772748728 295496496 1 63170468 327134564
======================
   8      32 sdc 2794154 31507 373467246 29682436 37960758 818518872 14772748728 295496496 1 63171448 327135544
======================
   8      32 sdc 2794304 31507 373476846 29683424 37960758 818518872 14772748728 295496496 1 63172428 327136524
======================
   8      32 sdc 2794447 31507 373485998 29684388 37960758 818518872 14772748728 295496496 1 63173392 327137488
======================
   8      32 sdc 2794599 31507 373495726 29685372 37960758 818518872 14772748728 295496496 1 63174376 327138472
======================
   8      32 sdc 2794747 31507 373505198 29686348 37960758 818518872 14772748728 295496496 1 63175352 327139448
======================
   8      32 sdc 2794896 31507 373514734 29687320 37960758 818518872 14772748728 295496496 1 63176328 327140424
======================
   8      32 sdc 2795037 31507 373523758 29688308 37960758 818518872 14772748728 295496496 1 63177316 327141412
======================
   8      32 sdc 2795192 31507 373533678 29689288 37960758 818518872 14772748728 295496496 1 63178300 327142396
======================
   8      32 sdc 2795334 31507 373542766 29690280 37960758 818518872 14772748728 295496496 1 63179292 327143388
======================
   8      32 sdc 2795479 31507 373552046 29691228 37960758 818518872 14772748728 295496496 1 63180236 327144332
======================
   8      32 sdc 2795612 31507 373560558 29692212 37960758 818518872 14772748728 295496496 1 63181216 327145312
======================
   8      32 sdc 2795721 31507 373567534 29692984 37960758 818518872 14772748728 295496496 0 63181988 327146084
