======================
   8      32 sdc 1832086 12937 270844292 13077312 26453617 634136595 11748226368 2463615460 0 47458860 2478020888
======================
   8      32 sdc 1832086 12937 270844292 13077312 26453617 634136595 11748226368 2463615460 0 47458860 2478020888
======================
   8      32 sdc 1832089 12937 270844316 13077360 26453617 634136595 11748226368 2463615460 0 47458908 2478020936
======================
   8      32 sdc 1832089 12937 270844316 13077360 26453617 634136595 11748226368 2463615460 0 47458908 2478020936
======================
   8      32 sdc 1832089 12937 270844316 13077360 26453617 634136595 11748226368 2463615460 0 47458908 2478020936
======================
   8      32 sdc 1832089 12937 270844316 13077360 26453617 634136595 11748226368 2463615460 1 47459620 2478021648
======================
   8      32 sdc 1832089 12937 270844316 13077360 26453617 634136595 11748226368 2463615460 1 47460624 2478022652
======================
   8      32 sdc 1832096 12937 270844372 13079428 26453617 634136595 11748226368 2463615460 0 47460976 2478023004
======================
   8      32 sdc 1832096 12937 270844372 13079428 26453687 634140851 11748260976 2463615488 0 47460984 2478023032
======================
   8      32 sdc 1832096 12937 270844372 13079428 26453687 634140851 11748260976 2463615488 0 47460984 2478023032
======================
   8      32 sdc 1832096 12937 270844372 13079428 26453687 634140851 11748260976 2463615488 0 47460984 2478023032
======================
   8      32 sdc 1832096 12937 270844372 13079428 26453687 634140851 11748260976 2463615488 0 47460984 2478023032
======================
   8      32 sdc 1832096 12937 270844372 13079428 26453687 634140851 11748260976 2463615488 0 47460984 2478023032
======================
   8      32 sdc 1832096 12937 270844372 13079428 26453687 634140851 11748260976 2463615488 0 47460984 2478023032
======================
   8      32 sdc 1832096 12937 270844372 13079428 26453687 634140851 11748260976 2463615488 0 47460984 2478023032
======================
   8      32 sdc 1832096 12937 270844372 13079428 26453687 634140851 11748260976 2463615488 0 47460984 2478023032
======================
   8      32 sdc 1832096 12937 270844372 13079428 26453789 634145055 11748295424 2463615500 0 47460992 2478023044
======================
   8      32 sdc 1832096 12937 270844372 13079428 26453789 634145055 11748295424 2463615500 0 47460992 2478023044
======================
   8      32 sdc 1832096 12937 270844372 13079428 26453789 634145055 11748295424 2463615500 0 47460992 2478023044
======================
   8      32 sdc 1832096 12937 270844372 13079428 26453789 634145055 11748295424 2463615500 0 47460992 2478023044
======================
   8      32 sdc 1832096 12937 270844372 13079428 26453789 634145055 11748295424 2463615500 0 47460992 2478023044
======================
   8      32 sdc 1832096 12937 270844372 13079428 26453789 634145055 11748295424 2463615500 0 47460992 2478023044
started
======================
   8      32 sdc 1832097 12937 270844380 13079428 26453796 634145061 11748295520 2463615532 0 47461000 2478023076
======================
   8      32 sdc 1832129 12937 270844636 13079428 26453796 634145061 11748295520 2463615532 0 47461000 2478023076
======================
   8      32 sdc 1832143 12937 270844748 13079428 26453796 634145061 11748295520 2463615532 0 47461000 2478023076
======================
   8      32 sdc 1832156 12937 270844852 13079428 26453796 634145061 11748295520 2463615532 0 47461000 2478023076
======================
   8      32 sdc 1832166 12937 270844932 13079444 26453796 634145061 11748295520 2463615532 0 47461016 2478023092
======================
   8      32 sdc 1832174 12937 270844996 13079444 26453940 634154036 11748368472 2463615728 0 47461120 2478023288
======================
   8      32 sdc 1832186 12937 270845092 13079484 26453982 634156609 11748389392 2463615748 0 47461160 2478023348
======================
   8      32 sdc 1832195 12937 270845164 13079484 26453982 634156609 11748389392 2463615748 0 47461160 2478023348
======================
   8      32 sdc 1832203 12937 270845228 13079488 26453982 634156609 11748389392 2463615748 0 47461164 2478023352
======================
   8      32 sdc 1832211 12937 270845292 13079488 26453982 634156609 11748389392 2463615748 0 47461164 2478023352
======================
   8      32 sdc 1832219 12937 270845356 13079496 26454270 634173960 11748530504 2463616232 0 47461376 2478023832
======================
   8      32 sdc 1832225 12937 270845404 13079496 26454330 634177618 11748560248 2463616264 0 47461392 2478023864
======================
   8      32 sdc 1832226 12937 270845412 13079496 26454330 634177618 11748560248 2463616264 0 47461392 2478023864
======================
   8      32 sdc 1832234 12937 270845476 13079496 26454330 634177618 11748560248 2463616264 0 47461392 2478023864
======================
   8      32 sdc 1832241 12937 270845532 13079496 26454330 634177618 11748560248 2463616264 0 47461392 2478023864
======================
   8      32 sdc 1832248 12937 270845588 13079500 26454330 634177618 11748560248 2463616264 0 47461396 2478023868
======================
   8      32 sdc 1832256 12937 270845652 13079504 26454363 634179623 11748576552 2463616268 0 47461404 2478023876
======================
   8      32 sdc 1832263 12937 270845708 13079504 26454363 634179623 11748576552 2463616268 0 47461404 2478023876
======================
   8      32 sdc 1832270 12937 270845764 13079508 26454363 634179623 11748576552 2463616268 0 47461408 2478023880
======================
   8      32 sdc 1832278 12937 270845828 13079508 26454363 634179623 11748576552 2463616268 0 47461408 2478023880
======================
   8      32 sdc 1832286 12937 270845892 13079508 26454363 634179623 11748576552 2463616268 0 47461408 2478023880
======================
   8      32 sdc 1832293 12937 270845948 13079508 26454405 634182174 11748597296 2463616272 0 47461412 2478023884
======================
   8      32 sdc 1832300 12937 270846004 13079508 26454405 634182174 11748597296 2463616272 0 47461412 2478023884
======================
   8      32 sdc 1832307 12937 270846060 13079508 26454405 634182174 11748597296 2463616272 0 47461412 2478023884
======================
   8      32 sdc 1832315 12937 270846124 13079508 26454405 634182174 11748597296 2463616272 0 47461412 2478023884
======================
   8      32 sdc 1832322 12937 270846180 13079508 26454405 634182174 11748597296 2463616272 0 47461412 2478023884
======================
   8      32 sdc 1832329 12937 270846236 13079512 26454445 634184568 11748616768 2463616280 0 47461420 2478023896
======================
   8      32 sdc 1832336 12937 270846292 13079512 26454445 634184568 11748616768 2463616280 0 47461420 2478023896
======================
   8      32 sdc 1832344 12937 270846356 13079516 26454445 634184568 11748616768 2463616280 0 47461424 2478023900
======================
   8      32 sdc 1832351 12937 270846412 13079516 26454445 634184568 11748616768 2463616280 0 47461424 2478023900
======================
   8      32 sdc 1832359 12937 270846476 13079516 26454445 634184568 11748616768 2463616280 0 47461424 2478023900
======================
   8      32 sdc 1832364 12937 270846516 13079516 26454658 634197588 11748722632 2463616452 0 47461536 2478024072
======================
   8      32 sdc 1832366 12937 270846532 13079516 26454658 634197588 11748722632 2463616452 0 47461536 2478024072
======================
   8      32 sdc 1832373 12937 270846588 13079516 26454658 634197588 11748722632 2463616452 0 47461536 2478024072
======================
   8      32 sdc 1832380 12937 270846644 13079516 26454658 634197588 11748722632 2463616452 0 47461536 2478024072
======================
   8      32 sdc 1832387 12937 270846700 13079516 26454658 634197588 11748722632 2463616452 0 47461536 2478024072
======================
   8      32 sdc 1832393 12937 270846748 13079516 26455516 634249637 11749145448 2463617384 1 47462020 2478024992
======================
   8      32 sdc 1832400 12937 270846804 13079636 26457018 634341429 11749892000 2463621956 1 47463024 2478029672
======================
   8      32 sdc 1832406 12937 270846852 13079872 26457713 634383837 11750237064 2463646772 0 47463756 2478054712
======================
   8      32 sdc 1832412 12937 270846900 13080056 26457713 634383837 11750237064 2463646772 0 47463940 2478054896
======================
   8      32 sdc 1832417 12937 270846940 13080428 26457713 634383837 11750237064 2463646772 0 47464312 2478055268
======================
   8      32 sdc 1832421 12937 270846972 13080456 26457904 634395801 11750334304 2463646864 0 47464416 2478055384
======================
   8      32 sdc 1832423 12937 270846988 13080508 26457904 634395801 11750334304 2463646864 0 47464468 2478055436
======================
   8      32 sdc 1832429 12937 270847036 13080532 26457904 634395801 11750334304 2463646864 0 47464492 2478055460
======================
   8      32 sdc 1832435 12937 270847084 13080572 26457904 634395801 11750334304 2463646864 1 47464544 2478055512
======================
   8      32 sdc 1832441 12937 270847132 13080732 26457904 634395801 11750334304 2463646864 1 47464724 2478055692
======================
   8      32 sdc 1832446 12937 270847172 13080892 26457932 634397460 11750347800 2463646872 1 47464968 2478055936
======================
   8      32 sdc 1832450 12937 270847204 13081168 26457932 634397460 11750347800 2463646872 1 47465408 2478056376
======================
   8      32 sdc 1832456 12937 270847252 13081712 26457932 634397460 11750347800 2463646872 0 47465680 2478056648
======================
   8      32 sdc 1832463 12937 270847308 13081760 26457932 634397460 11750347800 2463646872 0 47465728 2478056696
======================
   8      32 sdc 1832470 12937 270847364 13081796 26457932 634397460 11750347800 2463646872 0 47465764 2478056732
======================
   8      32 sdc 1832474 12937 270847396 13081816 26457965 634399441 11750363912 2463646888 0 47465788 2478056764
======================
   8      32 sdc 1832476 12937 270847412 13081848 26457965 634399441 11750363912 2463646888 1 47465824 2478056800
======================
   8      32 sdc 1832483 12937 270847468 13081884 26457965 634399441 11750363912 2463646888 0 47465856 2478056832
======================
   8      32 sdc 1832489 12937 270847516 13081980 26457965 634399441 11750363912 2463646888 0 47465952 2478056928
======================
   8      32 sdc 1832496 12937 270847572 13082020 26457965 634399441 11750363912 2463646888 0 47465992 2478056968
======================
   8      32 sdc 1832503 12937 270847628 13082048 26457994 634401204 11750378248 2463646892 0 47466024 2478057000
======================
   8      32 sdc 1832508 12937 270847668 13082072 26457994 634401204 11750378248 2463646892 1 47466056 2478057032
======================
   8      32 sdc 1832516 12937 270847732 13082120 26457994 634401204 11750378248 2463646892 0 47466096 2478057072
======================
   8      32 sdc 1832524 12937 270847796 13082200 26457994 634401204 11750378248 2463646892 0 47466176 2478057152
======================
   8      32 sdc 1832530 12937 270847844 13082224 26457994 634401204 11750378248 2463646892 0 47466200 2478057176
======================
   8      32 sdc 1832535 12937 270847884 13082252 26458034 634403609 11750397808 2463646896 0 47466232 2478057208
