======================
   8      16 sdb 38759978 525811 3431633850 83025900 66745908 381774336 18028309744 2541355160 0 23170380 2624475920
======================
   8      16 sdb 38759978 525811 3431633850 83025900 66745908 381774336 18028309744 2541355160 0 23170380 2624475920
======================
   8      16 sdb 38759979 525811 3431633858 83025904 66745908 381774336 18028309744 2541355160 0 23170384 2624475924
======================
   8      16 sdb 38759981 525811 3431633874 83025928 66746421 381774336 18028571896 2541360736 159 23170480 2624485916
======================
   8      16 sdb 38759985 525811 3431633906 83026124 66748824 381774336 18029802232 2541452692 152 23171352 2624576272
======================
   8      16 sdb 38759991 525811 3431633954 83026428 66751268 381774843 18031052576 2541559864 142 23172352 2624685684
======================
   8      16 sdb 38759995 525811 3431633986 83026732 66753226 381775309 18032037632 2541677896 137 23173356 2624803916
======================
   8      16 sdb 38759998 525811 3431634010 83026956 66755152 381775309 18033024256 2541801996 26 23174360 2624925500
======================
   8      16 sdb 38760002 525811 3431634042 83027224 66756827 381775309 18033881344 2541922856 152 23175364 2625048108
======================
   8      16 sdb 38760005 525811 3431634066 83027452 66758601 381775309 18034789632 2542034248 128 23176368 2625172348
======================
   8      16 sdb 38760010 525811 3431634106 83027708 66760579 381775331 18035802040 2542140484 146 23177372 2625292352
======================
   8      16 sdb 38760012 525811 3431634122 83027888 66761574 381775331 18036310976 2542294344 149 23178376 2625446272
======================
   8      16 sdb 38760016 525811 3431634154 83028228 66763477 381775347 18037283928 2542410524 135 23179376 2625561816
======================
   8      16 sdb 38760019 525811 3431634178 83028484 66765418 381775347 18038277720 2542532084 5 23180380 2625679648
======================
   8      16 sdb 38760026 525811 3431634234 83028892 66768038 381775347 18039619160 2542641796 150 23181384 2625792076
======================
   8      16 sdb 38760030 525811 3431634266 83029128 66770452 381775370 18040854304 2542758536 93 23182388 2625910660
======================
   8      16 sdb 38760034 525811 3431634298 83029408 66772377 381775386 18041838520 2542879876 133 23183392 2626033048
======================
   8      16 sdb 38760039 525811 3431634338 83029736 66774334 381775386 18042840504 2542996160 129 23184392 2626149660
======================
   8      16 sdb 38760043 525811 3431634370 83030048 66776242 381775386 18043817400 2543114884 139 23185396 2626266732
======================
   8      16 sdb 38760046 525811 3431634394 83030288 66778140 381775386 18044789176 2543237852 88 23186400 2626391248
======================
   8      16 sdb 38760050 525811 3431634426 83030604 66780064 381775409 18045773440 2543350352 152 23187396 2626504860
======================
   8      16 sdb 38760055 525811 3431634466 83030932 66781991 381775426 18046759192 2543467704 129 23188400 2626622512
======================
   8      16 sdb 38760057 525811 3431634482 83031092 66783084 381775426 18047318808 2543534368 136 23189404 2626748344
======================
   8      16 sdb 38760062 525811 3431634522 83031328 66785669 381775426 18048642328 2543714304 156 23190408 2626869656
======================
   8      16 sdb 38760066 525811 3431634554 83031636 66787594 381775426 18049627928 2543834184 151 23191408 2626989964
======================
   8      16 sdb 38760069 525811 3431634578 83031828 66789497 381775448 18050601432 2543954936 1 23192412 2627105496
======================
   8      16 sdb 38760074 525811 3431634618 83032152 66791402 381775464 18051576424 2544069428 146 23193408 2627225712
======================
   8      16 sdb 38760078 525811 3431634650 83032456 66793324 381775464 18052559976 2544189196 153 23194408 2627345320
======================
   8      16 sdb 38760082 525811 3431634682 83032764 66795250 381775464 18053546088 2544309620 147 23195408 2627465808
======================
   8      16 sdb 38760085 525811 3431634706 83032996 66797172 381775464 18054530152 2544434652 8 23196412 2627586840
======================
   8      16 sdb 38760091 525811 3431634754 83033164 66799098 381775488 18055515952 2544563320 131 23197420 2627720912
======================
   8      16 sdb 38760094 525811 3431634778 83033188 66801025 381775488 18056502576 2544706588 155 23198424 2627864172
======================
   8      16 sdb 38760098 525811 3431634810 83033236 66802927 381775488 18057476400 2544849256 141 23199428 2628007636
======================
   8      16 sdb 38760103 525811 3431634850 83033332 66804819 381775488 18058445104 2544990028 159 23200432 2628148220
======================
   8      16 sdb 38760106 525811 3431634874 83033416 66806756 381775488 18059436848 2545130396 153 23201436 2628288336
======================
   8      16 sdb 38760110 525811 3431634906 83033520 66808683 381775488 18060423472 2545269708 156 23202440 2628427536
======================
   8      16 sdb 38760114 525811 3431634938 83033652 66810610 381775488 18061410096 2545407784 141 23203444 2628566056
======================
   8      16 sdb 38760118 525811 3431634970 83033812 66812536 381775488 18062396208 2545546660 5 23204448 2628699936
======================
   8      16 sdb 38760122 525811 3431635002 83033988 66814467 381775536 18063382240 2545674108 128 23205452 2628832548
======================
   8      16 sdb 38760126 525811 3431635034 83034180 66816389 381775536 18064366304 2545806092 130 23206456 2628964744
======================
   8      16 sdb 38760130 525811 3431635066 83034396 66818292 381775536 18065340640 2545936380 148 23207460 2629095452
======================
   8      16 sdb 38760133 525811 3431635090 83034564 66820190 381775536 18066312416 2546067536 37 23208460 2629223484
======================
   8      16 sdb 38760138 525811 3431635130 83034852 66822118 381775584 18067298248 2546187976 128 23209464 2629346948
======================
   8      16 sdb 38760142 525811 3431635162 83035084 66824043 381775600 18068282136 2546307024 155 23210468 2629466292
======================
   8      16 sdb 38760146 525811 3431635194 83035376 66825969 381775600 18069268248 2546428880 154 23211468 2629588192
======================
   8      16 sdb 38760149 525811 3431635218 83035616 66827896 381775600 18070254872 2546554776 18 23212472 2629710720
======================
   8      16 sdb 38760154 525811 3431635258 83035968 66829794 381775600 18071226648 2546663560 146 23213468 2629823500
======================
   8      16 sdb 38760158 525811 3431635290 83036264 66831719 381775624 18072212248 2546783256 99 23214472 2629943524
======================
   8      16 sdb 38760162 525811 3431635322 83036568 66833626 381775641 18073186440 2546898752 148 23215472 2630058308
======================
   8      16 sdb 38760165 525811 3431635346 83036800 66835551 381775641 18074172040 2547022064 48 23216476 2630180948
======================
   8      16 sdb 38760170 525811 3431635386 83037100 66837473 381775641 18075156104 2547137528 151 23217476 2630299288
======================
   8      16 sdb 38760174 525811 3431635418 83037404 66839398 381775641 18076141704 2547257228 147 23218472 2630418784
======================
   8      16 sdb 38760178 525811 3431635450 83037692 66841325 381775664 18077128008 2547377412 140 23219476 2630537152
======================
   8      16 sdb 38760181 525811 3431635474 83037916 66843250 381775681 18078112232 2547500484 33 23220480 2630659548
======================
   8      16 sdb 38760186 525811 3431635514 83038148 66845149 381775681 18079084520 2547621864 155 23221484 2630784176
======================
   8      16 sdb 38760190 525811 3431635546 83038184 66847052 381775681 18080058856 2547764376 134 23222488 2630926752
======================
   8      16 sdb 38760194 525811 3431635578 83038220 66848975 381775681 18081043432 2547907524 131 23223492 2631070092
======================
   8      16 sdb 38760199 525811 3431635618 83038312 66850903 381775703 18082030240 2548050896 92 23224496 2631211436
======================
   8      16 sdb 38760202 525811 3431635642 83038392 66852827 381775703 18083015328 2548188908 128 23225500 2631351448
======================
   8      16 sdb 38760206 525811 3431635674 83038496 66854753 381775703 18084001440 2548328796 152 23226508 2631492128
======================
   8      16 sdb 38760210 525811 3431635706 83038612 66856675 381775703 18084985504 2548468104 138 23227512 2631631612
======================
   8      16 sdb 38760213 525811 3431635730 83038724 66858574 381775703 18085957792 2548605244 70 23228516 2631767820
======================
   8      16 sdb 38760218 525811 3431635770 83038952 66860493 381775743 18086938624 2548734472 152 23229516 2631896264
======================
   8      16 sdb 38760222 525811 3431635802 83039140 66862418 381775743 18087924224 2548865476 130 23230516 2632029196
======================
   8      16 sdb 38760226 525811 3431635834 83039336 66864328 381775743 18088902144 2548997620 140 23231536 2632163116
======================
   8      16 sdb 38760229 525811 3431635858 83039500 66866293 381775743 18089908224 2549130048 35 23232540 2632291392
======================
   8      16 sdb 38760234 525811 3431635898 83039780 66868197 381775759 18090880680 2549253188 143 23233544 2632417720
======================
   8      16 sdb 38760238 525811 3431635930 83040048 66870140 381775782 18091875176 2549375112 146 23234544 2632537468
======================
   8      16 sdb 38760242 525811 3431635962 83040328 66872042 381775782 18092849000 2549497008 151 23235548 2632660772
======================
   8      16 sdb 38760245 525811 3431635986 83040560 66873946 381775782 18093823344 2549621292 69 23236552 2632785244
======================
   8      16 sdb 38760250 525811 3431636026 83040880 66875868 381775799 18094806536 2549735664 142 23237552 2632901420
======================
   8      16 sdb 38760254 525811 3431636058 83041096 66877610 381775799 18095698440 2549859880 130 23238556 2633025716
======================
   8      16 sdb 38760258 525811 3431636090 83041124 66879535 381775821 18096683712 2550001736 154 23239560 2633167720
======================
   8      16 sdb 38760261 525811 3431636114 83041156 66881461 381775821 18097669824 2550142992 145 23240560 2633308720
======================
   8      16 sdb 38760266 525811 3431636154 83041256 66883382 381775821 18098653376 2550283400 156 23241564 2633449068
======================
   8      16 sdb 38760270 525811 3431636186 83041340 66885285 381775821 18099627712 2550424180 128 23242568 2633589524
======================
   8      16 sdb 38760273 525811 3431636210 83041420 66887200 381775821 18100608704 2550563740 130 23243572 2633730000
======================
   8      16 sdb 38760277 525811 3431636242 83041540 66889122 381775821 18101592256 2550703492 145 23244576 2633869336
======================
   8      16 sdb 38760282 525811 3431636282 83041732 66891054 381775821 18102581440 2550832432 149 23245576 2633998980
======================
   8      16 sdb 38760286 525811 3431636314 83041900 66892976 381775821 18103565504 2550968704 129 23246580 2634133936
======================
   8      16 sdb 38760289 525811 3431636338 83042040 66894897 381775821 18104549056 2551101512 113 23247584 2634268188
======================
   8      16 sdb 38760293 525811 3431636370 83042244 66896823 381775821 18105535168 2551232156 148 23248584 2634398796
======================
   8      16 sdb 38760298 525811 3431636410 83042504 66898726 381775877 18106507936 2551354176 134 23249588 2634521068
======================
   8      16 sdb 38760302 525811 3431636442 83042752 66900645 381775877 18107490464 2551483604 138 23250592 2634647572
======================
   8      16 sdb 38760305 525811 3431636466 83042956 66902566 381775877 18108474016 2551607980 128 23251596 2634775652
======================
   8      16 sdb 38760309 525811 3431636498 83043244 66904493 381775909 18109460136 2551728028 157 23252600 2634896136
======================
   8      16 sdb 38760314 525811 3431636538 83043552 66906417 381775909 18110443464 2551843368 131 23253596 2635011212
======================
   8      16 sdb 38760318 525811 3431636570 83043796 66908342 381775948 18111428232 2551970432 104 23254600 2635133848
======================
   8      16 sdb 38760321 525811 3431636594 83044024 66910272 381775948 18112415520 2552091044 111 23255608 2635259948
======================
   8      16 sdb 38760325 525811 3431636626 83044332 66912171 381775948 18113387808 2552210108 141 23256608 2635380212
======================
   8      16 sdb 38760330 525811 3431636666 83044652 66914069 381775948 18114360096 2552323328 131 23257612 2635494368
======================
   8      16 sdb 38760333 525811 3431636690 83044868 66915997 381775948 18115346720 2552449208 18 23258616 2635615284
======================
   8      16 sdb 38760337 525811 3431636722 83045168 66917924 381775986 18116332512 2552562448 143 23259620 2635733084
======================
   8      16 sdb 38760341 525811 3431636754 83045468 66919849 381775986 18117317232 2552681292 147 23260624 2635852176
======================
   8      16 sdb 38760346 525811 3431636794 83045788 66921771 381775986 18118301296 2552796476 144 23261620 2635967108
======================
   8      16 sdb 38760349 525811 3431636818 83046016 66923634 381775986 18119255152 2552922556 65 23262624 2636091876
======================
   8      16 sdb 38760353 525811 3431636850 83046308 66925616 381775986 18120269936 2553042056 131 23263628 2636213664
======================
   8      16 sdb 38760357 525811 3431636882 83046540 66927513 381776030 18121238528 2553164264 155 23264632 2636335788
======================
   8      16 sdb 38760362 525811 3431636922 83046596 66929439 381776030 18122224640 2553305908 128 23265632 2636477392
======================
   8      16 sdb 38760366 525811 3431636954 83046644 66931365 381776030 18123210752 2553448132 150 23266636 2636619736
======================
   8      16 sdb 38760369 525811 3431636978 83046692 66933287 381776030 18124194816 2553590604 146 23267640 2636762388
======================
   8      16 sdb 38760373 525811 3431637010 83046772 66935210 381776030 18125179392 2553732112 128 23268644 2636903916
======================
   8      16 sdb 38760378 525811 3431637050 83046924 66937131 381776053 18126162624 2553865060 138 23269648 2637037224
======================
   8      16 sdb 38760382 525811 3431637082 83047048 66939053 381776053 18127146688 2554002676 144 23270652 2637173372
======================
   8      16 sdb 38760385 525811 3431637106 83047160 66940979 381776053 18128132800 2554138832 135 23271656 2637311248
======================
   8      16 sdb 38760389 525811 3431637138 83047320 66942887 381776053 18129109696 2554272208 139 23272656 2637444420
======================
   8      16 sdb 38760394 525811 3431637178 83047540 66944775 381776070 18130075848 2554400548 132 23273660 2637572748
======================
   8      16 sdb 38760398 525811 3431637210 83047756 66946711 381776092 18131065880 2554528232 134 23274664 2637698504
======================
   8      16 sdb 38760401 525811 3431637234 83047932 66948632 381776092 18132049432 2554657368 139 23275668 2637830548
======================
   8      16 sdb 38760405 525811 3431637266 83048184 66950556 381776092 18133035032 2554784608 155 23276668 2637957696
======================
   8      16 sdb 38760409 525811 3431637298 83048392 66952333 381776092 18133944352 2554906980 50 23277672 2638078300
======================
   8      16 sdb 38760413 525811 3431637330 83048696 66954284 381776108 18134941872 2555027432 142 23278676 2638201272
======================
   8      16 sdb 38760417 525811 3431637362 83048988 66956188 381776132 18135915904 2555141352 144 23279676 2638315496
======================
   8      16 sdb 38760421 525811 3431637394 83049296 66958107 381776149 18136897056 2555261820 148 23280680 2638435320
======================
   8      16 sdb 38760425 525811 3431637426 83049552 66960018 381776149 18137875488 2555380712 52 23281684 2638553308
======================
   8      16 sdb 38760429 525811 3431637458 83049844 66961791 381776149 18138783264 2555488604 144 23282688 2638675208
======================
   8      16 sdb 38760433 525811 3431637490 83050152 66963848 381776149 18139836448 2555618636 136 23283684 2638793204
======================
   8      16 sdb 38760437 525811 3431637522 83050456 66965793 381776171 18140831456 2555738748 143 23284688 2638913256
======================
   8      16 sdb 38760441 525811 3431637554 83050724 66967720 381776188 18141817208 2555857612 34 23285692 2639030264
======================
   8      16 sdb 38760445 525811 3431637586 83051012 66969624 381776188 18142792056 2555976644 145 23286692 2639152612
======================
   8      16 sdb 38760484 525811 3431637898 83051788 66971527 381776188 18143766392 2556098244 140 23287696 2639274712
======================
   8      16 sdb 38760488 525811 3431637930 83052088 66973449 381776188 18144750456 2556221080 137 23288700 2639396300
======================
   8      16 sdb 38760492 525811 3431637962 83052340 66975370 381776210 18145733176 2556334040 66 23289700 2639509868
======================
   8      16 sdb 38760496 525811 3431637994 83052640 66977297 381776210 18146719800 2556454200 131 23290700 2639631816
======================
   8      16 sdb 38760500 525811 3431638026 83052944 66979223 381776210 18147705912 2556573684 148 23291704 2639751592
======================
   8      16 sdb 38760504 525811 3431638058 83053256 66981145 381776210 18148689976 2556694428 134 23292708 2639870988
======================
   8      16 sdb 38760508 525811 3431638090 83053492 66983048 381776210 18149664312 2556813944 68 23293708 2639990976
======================
   8      16 sdb 38760512 525811 3431638122 83053796 66984955 381776234 18150639880 2556928568 155 23294712 2640107380
======================
   8      16 sdb 38760516 525811 3431638154 83054104 66986876 381776234 18151623944 2557048592 154 23295716 2640227816
======================
   8      16 sdb 38760520 525811 3431638186 83054412 66988801 381776234 18152609032 2557171208 128 23296720 2640347800
======================
   8      16 sdb 38760524 525811 3431638218 83054660 66990724 381776234 18153593608 2557289592 74 23297724 2640467956
======================
   8      16 sdb 38760526 525811 3431638234 83054808 66991834 381776302 18154155912 2557365952 0 23298340 2640540396
======================
   8      16 sdb 38760526 525811 3431638234 83054808 66991835 381776302 18154155912 2557365952 0 23298340 2640540396
======================
   8      16 sdb 38760526 525811 3431638234 83054808 66991835 381776302 18154155912 2557365952 0 23298340 2640540396
======================
   8      16 sdb 38760526 525811 3431638234 83054808 66991835 381776302 18154155912 2557365952 0 23298340 2640540396
======================
   8      16 sdb 38760526 525811 3431638234 83054808 66991835 381776302 18154155912 2557365952 0 23298340 2640540396
======================
   8      16 sdb 38760526 525811 3431638234 83054808 66991835 381776302 18154155912 2557365952 0 23298340 2640540396
started
======================
   8      16 sdb 38760526 525811 3431638234 83054808 66991835 381776302 18154155912 2557365952 0 23298340 2640540396
======================
   8      16 sdb 38760565 525811 3431638546 83054808 66991835 381776302 18154155912 2557365952 0 23298340 2640540396
======================
   8      16 sdb 38760565 525811 3431638546 83054808 66991835 381776302 18154155912 2557365952 0 23298340 2640540396
======================
   8      16 sdb 38760565 525811 3431638546 83054808 66991835 381776302 18154155912 2557365952 0 23298340 2640540396
======================
   8      16 sdb 38760565 525811 3431638546 83054808 66999011 381776303 18156100744 2557444048 144 23298996 2640621568
======================
   8      16 sdb 38760565 525811 3431638546 83054808 67001918 381776303 18156898696 2557568728 149 23299996 2640763432
======================
   8      16 sdb 38760565 525811 3431638546 83054808 67005707 381776304 18157969824 2557727968 134 23301000 2640905248
======================
   8      16 sdb 38760565 525811 3431638546 83054808 67008842 381776304 18158865056 2557868984 135 23302004 2641046360
======================
   8      16 sdb 38760565 525811 3431638546 83054808 67012328 381776304 18159862176 2558011476 137 23303016 2641188508
======================
   8      16 sdb 38760565 525811 3431638546 83054808 67015386 381776304 18160759200 2558153516 151 23304020 2641330744
======================
   8      16 sdb 38760565 525811 3431638546 83054808 67018423 381776304 18161653152 2558295156 154 23305024 2641472564
======================
   8      16 sdb 38760565 525811 3431638546 83054808 67021739 381776305 18162630072 2558438068 136 23306028 2641615460
======================
   8      16 sdb 38760565 525811 3431638546 83054808 67024722 381776306 18163507896 2558580424 129 23307032 2641757768
======================
   8      16 sdb 38760565 525811 3431638546 83054808 67028038 381776306 18164496312 2558721992 141 23308036 2641899460
======================
   8      16 sdb 38760565 525811 3431638546 83054808 67031037 381776306 18165386424 2558863216 150 23309040 2642040612
======================
   8      16 sdb 38760565 525811 3431638546 83054808 67034142 381776307 18166319032 2558998020 149 23310044 2642182952
======================
   8      16 sdb 38760565 525811 3431638546 83054808 67037256 381776308 18167261136 2559147720 147 23311048 2642325168
======================
   8      16 sdb 38760565 525811 3431638546 83054808 67040203 381776308 18168141008 2559289384 144 23312052 2642466900
======================
   8      16 sdb 38760565 525811 3431638546 83054808 67043395 381776308 18169115600 2559431320 152 23313056 2642609016
======================
   8      16 sdb 38760565 525811 3431638546 83054808 67046352 381776308 18169992144 2559573912 139 23314060 2642751372
======================
   8      16 sdb 38760565 525811 3431638546 83054808 67049679 381776308 18170985168 2559715768 142 23315064 2642893368
======================
   8      16 sdb 38760565 525811 3431638546 83054808 67052632 381776309 18171865320 2559857720 135 23316064 2643035084
======================
   8      16 sdb 38760565 525811 3431638546 83054808 67055588 381776309 18172752104 2560001256 155 23317068 2643178360
======================
   8      16 sdb 38760565 525811 3431638546 83054808 67058898 381776309 18173741032 2560143960 141 23318072 2643320896
======================
   8      16 sdb 38760565 525811 3431638546 83054808 67061765 381776310 18174605032 2560286080 154 23319076 2643462800
======================
   8      16 sdb 38760565 525811 3431638546 83054808 67064989 381776310 18175570408 2560428488 130 23320080 2643605628
======================
   8      16 sdb 38760565 525811 3431638546 83054808 67067872 381776311 18176444160 2560570308 129 23321084 2643747412
======================
   8      16 sdb 38760565 525811 3431638546 83054808 67070829 381776311 18177340928 2560699716 148 23322088 2643890188
======================
   8      16 sdb 38760565 525811 3431638546 83054808 67074076 381776311 18178315008 2560855672 133 23323092 2644032864
======================
   8      16 sdb 38760565 525811 3431638546 83054808 67077011 381776311 18179196416 2560998212 142 23324096 2644175236
======================
   8      16 sdb 38760565 525811 3431638546 83054808 67080327 381776312 18180184320 2561140320 154 23325100 2644317708
======================
   8      16 sdb 38760565 525811 3431638546 83054808 67083250 381776313 18181059608 2561283096 145 23326104 2644460384
======================
   8      16 sdb 38760565 525811 3431638546 83054808 67086515 381776314 18182040344 2561425320 144 23327108 2644602648
======================
   8      16 sdb 38760565 525811 3431638546 83054808 67089418 381776314 18182911256 2561567160 154 23328112 2644744616
======================
   8      16 sdb 38760565 525811 3431638546 83054808 67092348 381776314 18183793432 2561709772 135 23329112 2644886828
======================
   8      16 sdb 38760565 525811 3431638546 83054808 67095623 381776314 18184772632 2561852428 156 23330116 2645029252
======================
   8      16 sdb 38760565 525811 3431638546 83054808 67098545 381776315 18185647920 2561994996 148 23331120 2645172064
======================
   8      16 sdb 38760565 525811 3431638546 83054808 67101833 381776316 18186634800 2562137232 149 23332124 2645313900
======================
   8      16 sdb 38760565 525811 3431638546 83054808 67104803 381776316 18187510576 2562279060 130 23333128 2645455944
======================
   8      16 sdb 38760565 525811 3431638546 83054808 67107707 381776317 18188386352 2562417684 138 23334132 2645598000
======================
   8      16 sdb 38760565 525811 3431638546 83054808 67110922 381776317 18189346352 2562563108 155 23335136 2645740436
======================
   8      16 sdb 38760565 525811 3431638546 83054808 67113783 381776318 18190208840 2562705680 144 23336140 2645882696
======================
   8      16 sdb 38760565 525811 3431638546 83054808 67117072 381776318 18191195464 2562847520 151 23337144 2646024724
======================
   8      16 sdb 38760565 525811 3431638546 83054808 67119964 381776318 18192066888 2562990748 139 23338148 2646167952
======================
   8      16 sdb 38760565 525811 3431638546 83054808 67123228 381776318 18193051464 2563132508 139 23339152 2646309960
======================
   8      16 sdb 38760565 525811 3431638546 83054808 67126141 381776318 18193924424 2563274832 138 23340156 2646451932
======================
   8      16 sdb 38760565 525811 3431638546 83054808 67129039 381776320 18194802272 2563416932 154 23341160 2646594476
======================
   8      16 sdb 38760565 525811 3431638546 83054808 67132316 381776321 18195783264 2563559448 141 23342164 2646736592
======================
   8      16 sdb 38760565 525811 3431638546 83054808 67135169 381776322 18196639840 2563701392 136 23343164 2646877780
======================
   8      16 sdb 38760565 525811 3431638546 83054808 67138449 381776322 18197628512 2563843248 152 23344168 2647019804
======================
   8      16 sdb 38760565 525811 3431638546 83054808 67141290 381776323 18198471776 2563987844 128 23345172 2647164140
======================
   8      16 sdb 38760565 525811 3431638546 83054808 67144345 381776325 18199385208 2564122212 146 23346176 2647306172
======================
   8      16 sdb 38760565 525811 3431638546 83054808 67147593 381776325 18200355704 2564271540 130 23347180 2647448272
======================
   8      16 sdb 38760565 525811 3431638546 83054808 67150463 381776325 18201218936 2564413480 140 23348184 2647590592
======================
   8      16 sdb 38760565 525811 3431638546 83054808 67153725 381776327 18202199200 2564556364 142 23349188 2647733260
======================
   8      16 sdb 38760565 525811 3431638546 83054808 67156449 381776328 18203017376 2564695652 138 23350192 2647875360
======================
   8      16 sdb 38760565 525811 3431638546 83054808 67159838 381776332 18204038584 2564841088 143 23351196 2648017684
======================
   8      16 sdb 38760565 525811 3431638546 83054808 67162656 381776334 18204889528 2564983868 141 23352200 2648160536
======================
   8      16 sdb 38760565 525811 3431638546 83054808 67165573 381776335 18205764792 2565125668 136 23353204 2648302692
======================
   8      16 sdb 38760565 525811 3431638546 83054808 67168809 381776338 18206742456 2565262976 142 23354212 2648439992
======================
   8      16 sdb 38760565 525811 3431638546 83054808 67171665 381776339 18207597496 2565404696 134 23355216 2648582016
======================
   8      16 sdb 38760565 525811 3431638546 83054808 67174976 381776343 18208585936 2565547364 153 23356220 2648724124
======================
   8      16 sdb 38760565 525811 3431638546 83054808 67177757 381776344 18209415888 2565689880 156 23357224 2648866484
======================
   8      16 sdb 38760565 525811 3431638546 83054808 67180996 381776346 18210382032 2565828380 151 23358228 2649008700
