======================
   8      32 sdc 2832122 31510 382138280 29953632 38838986 841829475 15213985128 542443828 0 64908388 574399524
======================
   8      32 sdc 2832122 31510 382138280 29953632 38838986 841829475 15213985128 542443828 0 64908388 574399524
======================
   8      32 sdc 2832125 31510 382138304 29953668 38838986 841829475 15213985128 542443828 0 64908424 574399560
======================
   8      32 sdc 2832125 31510 382138304 29953668 38838986 841829475 15213985128 542443828 0 64908424 574399560
======================
   8      32 sdc 2832126 31510 382138312 29953688 38839998 841829475 15214503272 542449232 140 64909108 574484380
======================
   8      32 sdc 2832126 31510 382138312 29953688 38840385 841829475 15214701416 542684948 137 64910368 574664236
======================
   8      32 sdc 2832126 31510 382138312 29953688 38840668 841829475 15214846312 542841888 142 64911376 574812164
======================
   8      32 sdc 2832126 31510 382138312 29953688 38840892 841829498 15214960176 542985220 144 64912380 574950432
======================
   8      32 sdc 2832126 31510 382138312 29953688 38841027 841829498 15215029296 543078288 137 64913380 575107492
======================
   8      32 sdc 2832126 31510 382138312 29953688 38841174 841829498 15215104560 543175784 150 64914384 575259716
======================
   8      32 sdc 2832126 31510 382138312 29953688 38842180 841829498 15215619632 543433204 136 64915388 575405100
======================
   8      32 sdc 2832126 31510 382138312 29953688 38842417 841829498 15215740976 543487580 155 64916396 575557336
======================
   8      32 sdc 2832126 31510 382138312 29953688 38843219 841829498 15216151600 543724004 153 64917404 575704264
======================
   8      32 sdc 2832126 31510 382138312 29953688 38844039 841829498 15216571440 543882964 133 64918416 575851132
======================
   8      32 sdc 2832126 31510 382138312 29953688 38844548 841829498 15216832048 544006516 136 64919420 575996384
======================
   8      32 sdc 2832126 31510 382138312 29953688 38845341 841829498 15217238064 544167512 143 64920424 576139396
======================
   8      32 sdc 2832126 31510 382138312 29953688 38845995 841829498 15217573424 544311880 129 64921432 576283204
======================
   8      32 sdc 2832127 31510 382138320 29953864 38846647 841829498 15217906736 544448876 149 64922436 576420748
======================
   8      32 sdc 2832127 31510 382138320 29953864 38847288 841829498 15218234928 544592228 148 64923440 576564560
======================
   8      32 sdc 2832127 31510 382138320 29953864 38847931 841829498 15218564144 544736216 145 64924444 576708372
======================
   8      32 sdc 2832127 31510 382138320 29953864 38848573 841829498 15218892848 544880132 143 64925448 576852256
======================
   8      32 sdc 2832127 31510 382138320 29953864 38849206 841829498 15219216944 545024396 150 64926452 576996136
======================
   8      32 sdc 2832127 31510 382138320 29953864 38849858 841829498 15219550768 545167004 138 64927452 577139012
======================
   8      32 sdc 2832127 31510 382138320 29953864 38850496 841829498 15219877424 545310068 140 64928456 577283004
======================
   8      32 sdc 2832127 31510 382138320 29953864 38851166 841829498 15220220464 545455148 142 64929460 577426632
======================
   8      32 sdc 2832127 31510 382138320 29953864 38851841 841829498 15220566064 545598628 139 64930460 577569616
======================
   8      32 sdc 2832127 31510 382138320 29953864 38852465 841829498 15220885552 545741004 155 64931464 577713184
======================
   8      32 sdc 2832127 31510 382138320 29953864 38853072 841829498 15221196336 545880308 156 64932468 577857420
======================
   8      32 sdc 2832127 31510 382138320 29953864 38853603 841829498 15221468208 546033228 137 64933476 578004580
======================
   8      32 sdc 2832128 31510 382138328 29954076 38854265 841829498 15221807152 546161552 146 64934480 578132932
======================
   8      32 sdc 2832128 31510 382138328 29954076 38854941 841829498 15222153264 546304820 142 64935484 578276276
======================
   8      32 sdc 2832128 31510 382138328 29954076 38855582 841829498 15222481456 546446368 141 64936484 578418996
======================
   8      32 sdc 2832128 31510 382138328 29954076 38856206 841829498 15222800944 546589668 157 64937488 578562148
======================
   8      32 sdc 2832128 31510 382138328 29954076 38856859 841829498 15223135280 546734684 144 64938492 578706192
======================
   8      32 sdc 2832128 31510 382138328 29954076 38857500 841829498 15223463472 546876936 143 64939492 578849112
======================
   8      32 sdc 2832128 31510 382138328 29954076 38858142 841829498 15223792176 547020388 141 64940496 578992460
======================
   8      32 sdc 2832128 31510 382138328 29954076 38858807 841829498 15224132656 547164156 148 64941500 579135724
======================
   8      32 sdc 2832128 31510 382138328 29954076 38859468 841829498 15224471088 547307200 152 64942508 579279268
======================
   8      32 sdc 2832128 31510 382138328 29954076 38860112 841829498 15224800816 547451600 155 64943512 579423452
======================
   8      32 sdc 2832128 31510 382138328 29954076 38860753 841829498 15225129008 547594616 154 64944516 579566820
======================
   8      32 sdc 2832128 31510 382138328 29954076 38861395 841829498 15225457712 547738100 152 64945520 579710424
======================
   8      32 sdc 2832129 31510 382138336 29954272 38862029 841829498 15225782320 547865264 147 64946520 579836944
======================
   8      32 sdc 2832129 31510 382138336 29954272 38862687 841829498 15226119216 548007876 129 64947524 579980524
======================
   8      32 sdc 2832129 31510 382138336 29954272 38863332 841829498 15226449456 548151452 156 64948524 580123464
======================
   8      32 sdc 2832129 31510 382138336 29954272 38863977 841829498 15226779696 548295472 151 64949532 580267580
======================
   8      32 sdc 2832129 31510 382138336 29954272 38864630 841829498 15227114032 548438376 138 64950532 580410572
======================
   8      32 sdc 2832129 31510 382138336 29954272 38865256 841829498 15227434544 548582204 152 64951540 580554908
======================
   8      32 sdc 2832129 31510 382138336 29954272 38865896 841829498 15227762224 548727400 152 64952544 580698620
======================
   8      32 sdc 2832129 31510 382138336 29954272 38866565 841829498 15228104752 548869752 155 64953548 580842208
======================
   8      32 sdc 2832129 31510 382138336 29954272 38867240 841829498 15228450352 549014036 152 64954548 580985352
======================
   8      32 sdc 2832129 31510 382138336 29954272 38867910 841829498 15228793392 549157700 154 64955552 581129072
======================
   8      32 sdc 2832129 31510 382138336 29954272 38868513 841829498 15229102128 549301844 155 64956556 581271272
======================
   8      32 sdc 2832129 31510 382138336 29954272 38869154 841829498 15229430320 549441812 158 64957560 581414952
======================
   8      32 sdc 2832129 31510 382138336 29954272 38869429 841829498 15229571120 549501700 24 64958560 581476840
======================
   8      32 sdc 2832130 31510 382138344 29955852 38870451 841829498 15230094384 549562752 129 64959564 581522556
======================
   8      32 sdc 2832130 31510 382138344 29955852 38871092 841829498 15230422576 549692388 128 64960568 581666304
======================
   8      32 sdc 2832130 31510 382138344 29955852 38871744 841829498 15230756400 549836436 148 64961568 581809712
======================
   8      32 sdc 2832130 31510 382138344 29955852 38872382 841829498 15231083056 549978020 150 64962572 581952208
======================
   8      32 sdc 2832130 31510 382138344 29955852 38873024 841829498 15231411760 550121496 148 64963572 582095188
======================
   8      32 sdc 2832130 31510 382138344 29955852 38873665 841829498 15231739952 550264828 147 64964576 582238892
======================
   8      32 sdc 2832130 31510 382138344 29955852 38874312 841829498 15232071216 550409848 140 64965588 582383908
======================
   8      32 sdc 2832130 31510 382138344 29955852 38874985 841829498 15232415792 550556580 139 64966608 582529992
======================
   8      32 sdc 2832130 31510 382138344 29955852 38875647 841829498 15232754736 550699016 149 64967612 582672964
======================
   8      32 sdc 2832130 31510 382138344 29955852 38876289 841829498 15233083440 550842296 147 64968616 582816388
======================
   8      32 sdc 2832130 31510 382138344 29955852 38876941 841829498 15233417264 550986656 135 64969616 582959480
======================
   8      32 sdc 2832131 31510 382138352 29956020 38877594 841829498 15233751600 551119324 148 64970620 583092636
======================
   8      32 sdc 2832131 31510 382138352 29956020 38878235 841829498 15234079792 551261828 147 64971624 583236564
======================
   8      32 sdc 2832131 31510 382138352 29956020 38878868 841829498 15234403888 551406644 154 64972628 583380100
======================
   8      32 sdc 2832131 31510 382138352 29956020 38879527 841829498 15234741296 551549604 135 64973628 583522932
======================
   8      32 sdc 2832131 31510 382138352 29956020 38880198 841829498 15235084848 551693476 136 64974632 583666652
======================
   8      32 sdc 2832131 31510 382138352 29956020 38880814 841829498 15235400240 551830536 128 64975636 583809968
======================
   8      32 sdc 2832131 31510 382138352 29956020 38881465 841829498 15235733552 551977204 149 64976640 583952044
======================
   8      32 sdc 2832131 31510 382138352 29956020 38882123 841829498 15236070448 552122192 131 64977640 584095212
======================
   8      32 sdc 2832131 31510 382138352 29956020 38882797 841829498 15236415536 552265448 129 64978644 584238876
======================
   8      32 sdc 2832131 31510 382138352 29956020 38883439 841829498 15236744240 552408788 133 64979648 584382652
======================
   8      32 sdc 2832131 31510 382138352 29956020 38884054 841829498 15237059120 552546568 152 64980648 584526092
======================
   8      32 sdc 2832131 31510 382138352 29956020 38884738 841829498 15237409328 552696956 43 64981652 584663456
======================
   8      32 sdc 2832132 31510 382138360 29956240 38885372 841829498 15237733936 552829288 145 64982656 584803548
======================
   8      32 sdc 2832132 31510 382138360 29956240 38886014 841829498 15238062640 552972956 143 64983660 584947304
======================
   8      32 sdc 2832132 31510 382138360 29956240 38886655 841829498 15238390832 553116416 142 64984664 585091040
======================
   8      32 sdc 2832132 31510 382138360 29956240 38887285 841829498 15238713392 553256692 152 64985664 585232932
======================
   8      32 sdc 2832132 31510 382138360 29956240 38887946 841829498 15239051824 553402584 131 64986668 585376756
======================
   8      32 sdc 2832132 31510 382138360 29956240 38888588 841829498 15239380528 553546232 129 64987672 585520312
======================
   8      32 sdc 2832132 31510 382138360 29956240 38889242 841829498 15239715376 553690644 147 64988676 585664140
======================
   8      32 sdc 2832132 31510 382138360 29956240 38889918 841829498 15240061488 553834272 143 64989680 585807920
======================
   8      32 sdc 2832132 31510 382138360 29956240 38890561 841829498 15240390704 553973024 140 64990684 585948152
======================
   8      32 sdc 2832132 31510 382138360 29956240 38891185 841829498 15240710192 554116824 156 64991684 586091160
======================
   8      32 sdc 2832132 31510 382138360 29956240 38891849 841829498 15241050160 554261592 132 64992688 586234952
======================
   8      32 sdc 2832132 31510 382138360 29956240 38892419 841829498 15241342000 554382612 42 64993696 586355752
======================
   8      32 sdc 2832132 31510 382138360 29956240 38892419 841829498 15241342000 554382612 42 64994700 586397920
======================
   8      32 sdc 2832133 31510 382138368 29957888 38893823 841829498 15242060848 554531488 156 64995704 586508428
======================
   8      32 sdc 2832133 31510 382138368 29957888 38894447 841829498 15242380336 554674828 140 64996708 586652152
======================
   8      32 sdc 2832133 31510 382138368 29957888 38894946 841829498 15242635824 554791348 153 64997708 586794132
======================
   8      32 sdc 2832133 31510 382138368 29957888 38895609 841829498 15242975280 554961196 130 64998712 586937556
======================
   8      32 sdc 2832133 31510 382138368 29957888 38896251 841829498 15243303984 555104520 128 64999716 587080828
======================
   8      32 sdc 2832133 31510 382138368 29957888 38896888 841829498 15243630128 555249972 131 65000716 587222960
======================
   8      32 sdc 2832133 31510 382138368 29957888 38897568 841829498 15243978288 555388716 155 65001720 587364764
======================
   8      32 sdc 2832133 31510 382138368 29957888 38898215 841829498 15244309552 555531440 148 65002720 587507536
======================
   8      32 sdc 2832133 31510 382138368 29957888 38898856 841829498 15244637744 555674488 147 65003724 587650908
======================
   8      32 sdc 2832133 31510 382138368 29957888 38899497 841829498 15244965936 555817716 146 65004728 587794400
======================
   8      32 sdc 2832134 31510 382138376 29958096 38900121 841829498 15245285424 555956132 151 65005732 587924816
======================
   8      32 sdc 2832134 31510 382138376 29958096 38900772 841829498 15245618736 556093888 140 65006736 588067312
======================
   8      32 sdc 2832134 31510 382138376 29958096 38901431 841829498 15245956144 556233156 153 65007736 588209552
======================
   8      32 sdc 2832134 31510 382138376 29958096 38902072 841829498 15246284336 556376048 152 65008740 588352844
======================
   8      32 sdc 2832134 31510 382138376 29958096 38902589 841829498 15246549040 556492028 147 65009744 588493180
======================
   8      32 sdc 2832134 31510 382138376 29958096 38903240 841829498 15246882352 556659448 136 65010748 588636852
======================
   8      32 sdc 2832134 31510 382138376 29958096 38903855 841829498 15247197232 556799488 129 65011748 588778104
======================
   8      32 sdc 2832134 31510 382138376 29958096 38904519 841829498 15247537200 556945728 137 65012752 588921692
======================
   8      32 sdc 2832134 31510 382138376 29958096 38905190 841829498 15247880752 557086640 138 65013756 589062532
======================
   8      32 sdc 2832134 31510 382138376 29958096 38905866 841829498 15248226864 557230120 134 65014760 589205960
======================
   8      32 sdc 2832134 31510 382138376 29958096 38906528 841829498 15248565808 557372264 144 65015760 589349152
======================
   8      32 sdc 2832134 31510 382138376 29958096 38907152 841829498 15248885296 557516044 128 65016764 589492804
======================
   8      32 sdc 2832135 31510 382138384 29958320 38907774 841829498 15249203760 557656740 148 65017768 589623540
======================
   8      32 sdc 2832135 31510 382138384 29958320 38908450 841829498 15249549872 557791908 144 65018772 589768224
======================
   8      32 sdc 2832135 31510 382138384 29958320 38909098 841829498 15249881648 557934568 136 65019776 589911628
======================
   8      32 sdc 2832135 31510 382138384 29958320 38909741 841829498 15250210864 558078276 133 65020780 590055040
======================
   8      32 sdc 2832135 31510 382138384 29958320 38910256 841829498 15250474544 558190572 130 65021784 590195560
======================
   8      32 sdc 2832135 31510 382138384 29958320 38910904 841829498 15250806320 558358912 154 65022784 590335460
======================
   8      32 sdc 2832135 31510 382138384 29958320 38911546 841829498 15251135024 558502436 152 65023788 590479112
======================
   8      32 sdc 2832135 31510 382138384 29958320 38912187 841829498 15251463216 558645536 151 65024792 590622480
======================
   8      32 sdc 2832135 31510 382138384 29958320 38912830 841829498 15251792432 558789164 148 65025796 590766032
======================
   8      32 sdc 2832135 31510 382138384 29958320 38913494 841829498 15252132400 558932868 156 65026796 590908928
======================
   8      32 sdc 2832135 31510 382138384 29958320 38914147 841829498 15252466736 559073940 143 65027800 591050864
======================
   8      32 sdc 2832135 31510 382138384 29958320 38914788 841829498 15252794928 559217320 142 65028804 591194496
======================
   8      32 sdc 2832135 31510 382138384 29958320 38915433 841829498 15253125168 559358740 36 65029804 591326924
======================
   8      32 sdc 2832136 31510 382138392 29958536 38916099 841829498 15253466160 559491788 145 65030808 591468060
======================
   8      32 sdc 2832136 31510 382138392 29958536 38916737 841829498 15253792816 559634056 147 65031812 591611848
======================
   8      32 sdc 2832136 31510 382138392 29958536 38917360 841829498 15254111792 559775168 132 65032816 591752944
======================
   8      32 sdc 2832136 31510 382138392 29958536 38918011 841829498 15254445104 559919308 153 65033816 591896516
======================
   8      32 sdc 2832136 31510 382138392 29958536 38918681 841829498 15254788144 560064700 155 65034820 592040936
======================
   8      32 sdc 2832136 31510 382138392 29958536 38919343 841829498 15255127088 560206908 133 65035824 592184756
======================
   8      32 sdc 2832136 31510 382138392 29958536 38919968 841829498 15255447088 560350652 148 65036828 592328572
======================
   8      32 sdc 2832136 31510 382138392 29958536 38920615 841829498 15255778352 560496024 141 65037832 592472176
======================
   8      32 sdc 2832136 31510 382138392 29958536 38921295 841829498 15256126512 560640416 133 65038844 592616912
======================
   8      32 sdc 2832136 31510 382138392 29958536 38921947 841829498 15256460336 560784172 153 65039848 592761564
======================
   8      32 sdc 2832136 31510 382138392 29958536 38922585 841829498 15256786992 560928028 155 65040852 592905192
======================
   8      32 sdc 2832137 31510 382138400 29958760 38923215 841829498 15257109552 561059316 133 65041856 593034316
======================
   8      32 sdc 2832137 31510 382138400 29958760 38923872 841829498 15257445936 561200780 148 65042860 593178068
======================
   8      32 sdc 2832137 31510 382138400 29958760 38924514 841829498 15257774640 561344272 146 65043864 593321920
======================
   8      32 sdc 2832137 31510 382138400 29958760 38925159 841829498 15258104880 561488456 141 65044872 593466004
======================
   8      32 sdc 2832137 31510 382138400 29958760 38925799 841829498 15258432560 561633000 141 65045880 593609772
======================
   8      32 sdc 2832137 31510 382138400 29958760 38926466 841829498 15258774064 561776988 146 65046888 593754148
======================
   8      32 sdc 2832137 31510 382138400 29958760 38927120 841829498 15259108912 561920384 132 65047892 593897736
======================
   8      32 sdc 2832137 31510 382138400 29958760 38927761 841829498 15259437104 562063600 131 65048892 594040708
======================
   8      32 sdc 2832137 31510 382138400 29958760 38928421 841829498 15259775024 562209128 143 65049896 594185804
======================
   8      32 sdc 2832137 31510 382138400 29958760 38929097 841829498 15260121136 562352792 139 65050900 594329412
======================
   8      32 sdc 2832137 31510 382138400 29958760 38929721 841829498 15260440624 562495032 155 65051900 594472492
======================
   8      32 sdc 2832137 31510 382138400 29958760 38930351 841829498 15260763184 562639608 133 65052904 594616364
======================
   8      32 sdc 2832138 31510 382138408 29958976 38931004 841829498 15261097520 562769468 153 65053908 594746444
======================
   8      32 sdc 2832138 31510 382138408 29958976 38931680 841829498 15261443632 562913468 149 65054908 594889984
======================
   8      32 sdc 2832138 31510 382138408 29958976 38932355 841829498 15261789232 563057264 146 65055912 595034160
======================
   8      32 sdc 2832138 31510 382138408 29958976 38932991 841829498 15262114864 563199556 150 65056912 595177004
======================
   8      32 sdc 2832138 31510 382138408 29958976 38933625 841829498 15262439472 563343716 156 65057920 595320892
======================
   8      32 sdc 2832138 31510 382138408 29958976 38934301 841829498 15262785584 563487280 152 65058928 595465200
======================
   8      32 sdc 2832138 31510 382138408 29958976 38934943 841829498 15263114288 563629992 150 65059928 595608448
======================
   8      32 sdc 2832138 31510 382138408 29958976 38935588 841829498 15263444528 563772692 145 65060932 595750532
======================
   8      32 sdc 2832138 31510 382138408 29958976 38936251 841829498 15263783984 563915516 154 65061932 595893452
======================
   8      32 sdc 2832138 31510 382138408 29958976 38936906 841829498 15264119344 564058672 139 65062936 596037376
======================
   8      32 sdc 2832138 31510 382138408 29958976 38937547 841829498 15264448048 564201932 138 65063940 596180868
======================
   8      32 sdc 2832138 31510 382138408 29958976 38938191 841829498 15264777264 564346032 134 65064944 596324540
======================
   8      32 sdc 2832139 31510 382138416 29959208 38938775 841829498 15265076272 564475832 157 65065944 596452196
======================
   8      32 sdc 2832139 31510 382138416 29959208 38939464 841829498 15265429040 564617836 140 65066948 596596076
======================
   8      32 sdc 2832139 31510 382138416 29959208 38940128 841829498 15265769008 564761432 148 65067952 596739768
======================
   8      32 sdc 2832139 31510 382138416 29959208 38940769 841829498 15266097200 564904032 147 65068956 596883232
======================
   8      32 sdc 2832139 31510 382138416 29959208 38941413 841829498 15266426928 565046176 143 65069956 597026184
======================
   8      32 sdc 2832139 31510 382138416 29959208 38942061 841829498 15266758704 565188340 135 65070960 597168232
======================
   8      32 sdc 2832139 31510 382138416 29959208 38942689 841829498 15267080240 565332784 147 65071964 597311964
======================
   8      32 sdc 2832139 31510 382138416 29959208 38943333 841829498 15267409968 565477788 143 65072972 597456184
======================
   8      32 sdc 2832139 31510 382138416 29959208 38944011 841829498 15267757104 565621672 137 65073976 597599792
======================
   8      32 sdc 2832139 31510 382138416 29959208 38944688 841829498 15268103728 565765512 132 65074980 597743392
======================
   8      32 sdc 2832139 31510 382138416 29959208 38945375 841829498 15268455472 565911544 149 65076004 597890080
======================
   8      32 sdc 2832139 31510 382138416 29959208 38946000 841829498 15268775472 566054728 132 65077012 598034120
======================
   8      32 sdc 2832140 31510 382138424 29959440 38946613 841829498 15269089328 566185252 128 65078016 598163484
======================
   8      32 sdc 2832140 31510 382138424 29959440 38947283 841829498 15269432368 566328780 130 65079016 598306616
======================
   8      32 sdc 2832140 31510 382138424 29959440 38947944 841829498 15269770800 566471540 141 65080020 598450512
======================
   8      32 sdc 2832140 31510 382138424 29959440 38948585 841829498 15270098992 566614988 140 65081024 598594168
======================
   8      32 sdc 2832140 31510 382138424 29959440 38949232 841829498 15270430256 566758424 133 65082028 598736932
======================
   8      32 sdc 2832140 31510 382138424 29959440 38949882 841829498 15270763056 566901624 155 65083032 598880836
======================
   8      32 sdc 2832140 31510 382138424 29959440 38950524 841829498 15271091760 567045112 153 65084036 599024320
======================
   8      32 sdc 2832140 31510 382138424 29959440 38951161 841829498 15271417904 567189420 156 65085036 599167980
======================
   8      32 sdc 2832140 31510 382138424 29959440 38951803 841829498 15271746608 567333304 154 65086040 599311852
======================
   8      32 sdc 2832140 31510 382138424 29959440 38952468 841829498 15272087088 567477376 129 65087044 599455488
======================
   8      32 sdc 2832140 31510 382138424 29959440 38953127 841829498 15272424496 567620336 142 65088048 599599232
======================
   8      32 sdc 2832140 31510 382138424 29959440 38953768 841829498 15272752688 567763484 101 65089052 599741192
======================
   8      32 sdc 2832140 31510 382138424 29959440 38953834 841829498 15272786480 567778224 35 65090056 599779696
======================
   8      32 sdc 2832141 31510 382138432 29961048 38955068 841829498 15273418288 567885288 138 65091060 599865564
======================
   8      32 sdc 2832141 31510 382138432 29961048 38955706 841829498 15273744944 568027360 140 65092064 600009088
======================
   8      32 sdc 2832141 31510 382138432 29961048 38956330 841829498 15274064432 568170928 156 65093068 600152624
======================
   8      32 sdc 2832141 31510 382138432 29961048 38956852 841829498 15274331696 568317128 146 65094072 600297884
======================
   8      32 sdc 2832141 31510 382138432 29961048 38957518 841829498 15274672688 568460608 152 65095072 600440876
======================
   8      32 sdc 2832141 31510 382138432 29961048 38958188 841829498 15275015728 568602112 156 65096076 600583348
======================
   8      32 sdc 2832141 31510 382138432 29961048 38958812 841829498 15275335216 568745076 140 65097080 600727016
======================
   8      32 sdc 2832141 31510 382138432 29961048 38959449 841829498 15275661360 568889624 143 65098084 600870352
======================
   8      32 sdc 2832141 31510 382138432 29961048 38960120 841829498 15276004912 569033240 144 65099088 601013944
======================
   8      32 sdc 2832141 31510 382138432 29961048 38960777 841829498 15276341296 569175880 155 65100088 601156716
======================
   8      32 sdc 2832141 31510 382138432 29961048 38961418 841829498 15276669488 569319032 99 65101092 601298792
======================
   8      32 sdc 2832142 31510 382138440 29961256 38962056 841829498 15276996144 569447164 148 65102096 601427984
======================
   8      32 sdc 2832142 31510 382138440 29961256 38962720 841829498 15277336112 569590636 156 65103100 601571508
======================
   8      32 sdc 2832142 31510 382138440 29961256 38963363 841829498 15277665840 569733420 153 65104104 601715188
======================
   8      32 sdc 2832142 31510 382138440 29961256 38963988 841829498 15277985328 569874528 136 65105104 601859412
======================
   8      32 sdc 2832142 31510 382138440 29961256 38964632 841829498 15278315056 570022040 132 65106108 602003112
======================
   8      32 sdc 2832142 31510 382138440 29961256 38965291 841829498 15278652464 570165540 145 65107112 602146796
======================
   8      32 sdc 2832142 31510 382138440 29961256 38965948 841829498 15278988848 570308820 128 65108112 602289700
======================
   8      32 sdc 2832142 31510 382138440 29961256 38966589 841829498 15279317040 570452240 135 65109116 602433464
======================
   8      32 sdc 2832142 31510 382138440 29961256 38967248 841829498 15279654448 570598040 140 65110120 602578120
======================
   8      32 sdc 2832142 31510 382138440 29961256 38967923 841829498 15280000048 570740504 137 65111120 602721224
======================
   8      32 sdc 2832142 31510 382138440 29961256 38968556 841829498 15280324144 570882744 144 65112124 602864904
======================
   8      32 sdc 2832142 31510 382138440 29961256 38969173 841829498 15280640048 571024788 24 65113128 602995372
======================
   8      32 sdc 2832143 31510 382138448 29962320 38969817 841829498 15280969776 571063140 157 65114132 603035328
======================
   8      32 sdc 2832143 31510 382138448 29962320 38970491 841829498 15281314864 571199656 155 65115140 603178684
======================
   8      32 sdc 2832143 31510 382138448 29962320 38971173 841829498 15281664048 571340820 145 65116148 603323080
======================
   8      32 sdc 2832143 31510 382138448 29962320 38971811 841829498 15281990704 571486096 150 65117152 603469316
======================
   8      32 sdc 2832143 31510 382138448 29962320 38972463 841829498 15282324528 571630776 138 65118156 603612780
======================
   8      32 sdc 2832143 31510 382138448 29962320 38973139 841829498 15282670640 571774272 134 65119156 603755756
======================
   8      32 sdc 2832143 31510 382138448 29962320 38973787 841829498 15283002416 571917400 158 65120160 603899220
======================
   8      32 sdc 2832143 31510 382138448 29962320 38974423 841829498 15283328048 572059540 130 65121164 604042360
======================
   8      32 sdc 2832143 31510 382138448 29962320 38975087 841829498 15283668016 572203472 138 65122168 604185808
======================
   8      32 sdc 2832143 31510 382138448 29962320 38975746 841829498 15284005424 572346300 151 65123172 604329200
======================
   8      32 sdc 2832143 31510 382138448 29962320 38976387 841829498 15284334128 572489744 150 65124172 604472376
======================
   8      32 sdc 2832144 31510 382138456 29962536 38977010 841829498 15284652592 572619888 129 65125180 604602488
======================
   8      32 sdc 2832144 31510 382138456 29962536 38977651 841829498 15284980784 572762904 128 65126180 604745188
======================
   8      32 sdc 2832144 31510 382138456 29962536 38978302 841829498 15285314096 572907024 149 65127184 604887556
======================
   8      32 sdc 2832144 31510 382138456 29962536 38978972 841829498 15285657136 573048676 151 65128188 605030788
======================
   8      32 sdc 2832144 31510 382138456 29962536 38979595 841829498 15285976112 573191100 136 65129192 605173964
======================
   8      32 sdc 2832144 31510 382138456 29962536 38980264 841829498 15286318640 573334548 139 65130192 605316360
======================
   8      32 sdc 2832144 31510 382138456 29962536 38980933 841829498 15286661168 573476696 142 65131196 605459848
======================
   8      32 sdc 2832144 31510 382138456 29962536 38981558 841829498 15286981168 573620008 157 65132200 605602868
======================
   8      32 sdc 2832144 31510 382138456 29962536 38982195 841829498 15287307312 573764048 128 65133200 605745440
======================
   8      32 sdc 2832144 31510 382138456 29962536 38982871 841829498 15287653424 573907324 156 65134204 605888752
======================
   8      32 sdc 2832144 31510 382138456 29962536 38983546 841829498 15287999024 574050144 153 65135208 606032084
======================
   8      32 sdc 2832144 31510 382138456 29962536 38984221 841829498 15288344624 574193320 150 65136212 606175520
======================
   8      32 sdc 2832145 31510 382138464 29962772 38984829 841829498 15288655920 574321000 149 65137216 606304692
======================
   8      32 sdc 2832145 31510 382138464 29962772 38985454 841829498 15288975920 574465004 132 65138220 606448500
======================
   8      32 sdc 2832145 31510 382138464 29962772 38986130 841829498 15289322032 574609424 128 65139224 606591984
======================
   8      32 sdc 2832145 31510 382138464 29962772 38986795 841829498 15289662512 574751908 135 65140228 606735540
======================
   8      32 sdc 2832145 31510 382138464 29962772 38987427 841829498 15289986096 574895424 143 65141228 606878392
======================
   8      32 sdc 2832145 31510 382138464 29962772 38988091 841829498 15290326064 575042964 151 65142232 607025796
======================
   8      32 sdc 2832145 31510 382138464 29962772 38988739 841829498 15290658352 575186176 143 65143236 607169572
======================
   8      32 sdc 2832145 31510 382138464 29962772 38989383 841829498 15290987568 575329172 139 65144244 607312672
======================
   8      32 sdc 2832145 31510 382138464 29962772 38990027 841829498 15291317296 575472864 135 65145252 607456524
======================
   8      32 sdc 2832145 31510 382138464 29962772 38990671 841829498 15291647024 575621808 151 65146256 607605144
======================
   8      32 sdc 2832145 31510 382138464 29962772 38991336 841829498 15291987504 575766396 158 65147264 607749440
======================
   8      32 sdc 2832145 31510 382138464 29962772 38991997 841829498 15292325936 575909084 137 65148268 607892688
======================
   8      32 sdc 2832146 31510 382138472 29963212 38992485 841829498 15292575792 576006912 135 65149272 607990932
======================
   8      32 sdc 2832146 31510 382138472 29963212 38993125 841829498 15292903472 576150948 135 65150272 608134016
======================
   8      32 sdc 2832146 31510 382138472 29963212 38993796 841829498 15293247024 576294936 136 65151276 608277844
======================
   8      32 sdc 2832146 31510 382138472 29963212 38994447 841829498 15293580336 576436452 157 65152280 608421380
======================
   8      32 sdc 2832146 31510 382138472 29963212 38995077 841829498 15293902896 576585548 135 65153284 608568832
======================
   8      32 sdc 2832146 31510 382138472 29963212 38995753 841829498 15294249008 576729212 131 65154288 608712632
======================
   8      32 sdc 2832146 31510 382138472 29963212 38996423 841829498 15294592048 576871628 133 65155288 608855680
======================
   8      32 sdc 2832146 31510 382138472 29963212 38997105 841829498 15294941232 577015008 155 65156292 608997956
======================
   8      32 sdc 2832146 31510 382138472 29963212 38997720 841829498 15295256112 577154404 148 65157296 609140876
======================
   8      32 sdc 2832146 31510 382138472 29963212 38998361 841829498 15295584304 577301128 147 65158300 609284380
======================
   8      32 sdc 2832146 31510 382138472 29963212 38999037 841829498 15295930416 577444776 143 65159304 609428168
======================
   8      32 sdc 2832146 31510 382138472 29963212 38999698 841829498 15296268848 577587860 154 65160308 609571884
======================
   8      32 sdc 2832147 31510 382138480 29963440 39000317 841829498 15296585776 577718404 142 65161308 609702340
======================
   8      32 sdc 2832147 31510 382138480 29963440 39000973 841829498 15296921648 577861972 158 65162312 609845424
======================
   8      32 sdc 2832147 31510 382138480 29963440 39001636 841829498 15297261104 578011512 135 65163316 609995656
======================
   8      32 sdc 2832147 31510 382138480 29963440 39002266 841829498 15297583664 578151276 145 65164320 610138320
======================
   8      32 sdc 2832147 31510 382138480 29963440 39002902 841829498 15297909296 578297160 149 65165324 610281940
======================
   8      32 sdc 2832147 31510 382138480 29963440 39003547 841829498 15298239536 578441336 144 65166332 610425844
======================
   8      32 sdc 2832147 31510 382138480 29963440 39004212 841829498 15298580016 578584664 151 65167336 610568832
======================
   8      32 sdc 2832147 31510 382138480 29963440 39004877 841829498 15298920496 578728832 127 65168348 610713100
======================
   8      32 sdc 2832147 31510 382138480 29963440 39005498 841829498 15299238448 578867760 145 65169352 610856556
======================
   8      32 sdc 2832147 31510 382138480 29963440 39006170 841829498 15299582512 579016412 145 65170360 611000364
======================
   8      32 sdc 2832147 31510 382138480 29963440 39006840 841829498 15299925552 579159120 147 65171364 611143608
======================
   8      32 sdc 2832147 31510 382138480 29963440 39007474 841829498 15300250160 579301192 91 65172364 611284116
======================
   8      32 sdc 2832147 31510 382138480 29963440 39007552 841829498 15300290096 579319008 13 65173368 611302136
======================
   8      32 sdc 2832147 31510 382138480 29963440 39007552 841829498 15300290096 579319008 13 65174372 611315188
======================
   8      32 sdc 2832148 31510 382138488 29965856 39009295 841829498 15301182512 579426656 151 65175384 611413168
======================
   8      32 sdc 2832148 31510 382138488 29965856 39009995 841829498 15301540912 579575304 155 65176420 611561384
======================
   8      32 sdc 2832148 31510 382138488 29965856 39010612 841829498 15301856816 579716524 146 65177424 611704312
======================
   8      32 sdc 2832148 31510 382138488 29965856 39011253 841829498 15302185008 579860708 145 65178428 611847876
======================
   8      32 sdc 2832148 31510 382138488 29965856 39011919 841829498 15302526000 580003536 151 65179428 611990756
======================
   8      32 sdc 2832148 31510 382138488 29965856 39012567 841829498 15302857776 580147204 143 65180432 612134496
======================
   8      32 sdc 2832148 31510 382138488 29965856 39013209 841829498 15303186480 580291596 141 65181436 612278332
======================
   8      32 sdc 2832148 31510 382138488 29965856 39013873 841829498 15303526448 580435112 149 65182440 612421880
======================
   8      32 sdc 2832148 31510 382138488 29965856 39014526 841829498 15303860784 580578164 136 65183448 612565988
======================
   8      32 sdc 2832148 31510 382138488 29965856 39015165 841829498 15304187952 580721524 48 65184452 612702472
======================
   8      32 sdc 2832148 31510 382138488 29965856 39015174 841829498 15304192560 580723736 39 65185452 612741524
======================
   8      32 sdc 2832149 31510 382138496 29967480 39016417 841829498 15304828976 580844932 129 65186456 612833816
======================
   8      32 sdc 2832149 31510 382138496 29967480 39017079 841829498 15305167920 580988556 139 65187460 612976024
======================
   8      32 sdc 2832149 31510 382138496 29967480 39017729 841829498 15305500720 581128564 129 65188464 613119316
======================
   8      32 sdc 2832149 31510 382138496 29967480 39018376 841829498 15305831984 581274256 154 65189468 613262732
======================
   8      32 sdc 2832149 31510 382138496 29967480 39019052 841829498 15306178096 581417656 150 65190472 613406220
======================
   8      32 sdc 2832149 31510 382138496 29967480 39019707 841829498 15306513456 581559988 135 65191476 613549768
======================
   8      32 sdc 2832149 31510 382138496 29967480 39020331 841829498 15306832944 581703296 151 65192480 613693276
======================
   8      32 sdc 2832149 31510 382138496 29967480 39020983 841829498 15307166768 581851124 156 65193480 613839268
======================
   8      32 sdc 2832149 31510 382138496 29967480 39021654 841829498 15307510320 581994540 157 65194484 613982616
======================
   8      32 sdc 2832149 31510 382138496 29967480 39022330 841829498 15307856432 582137540 153 65195488 614125912
======================
   8      32 sdc 2832150 31510 382138504 29967672 39022974 841829498 15308186160 582269072 135 65196492 614258812
======================
   8      32 sdc 2832150 31510 382138504 29967672 39023599 841829498 15308506160 582412492 150 65197496 614402468
======================
   8      32 sdc 2832150 31510 382138504 29967672 39024239 841829498 15308833840 582557896 150 65198500 614546844
======================
   8      32 sdc 2832150 31510 382138504 29967672 39024915 841829498 15309179952 582701256 146 65199500 614689620
======================
   8      32 sdc 2832150 31510 382138504 29967672 39025415 841829498 15309435952 582822548 158 65200504 614834516
======================
   8      32 sdc 2832150 31510 382138504 29967672 39026065 841829498 15309768752 582989664 148 65201508 614978516
======================
   8      32 sdc 2832150 31510 382138504 29967672 39026729 841829498 15310108720 583132868 156 65202512 615121964
======================
   8      32 sdc 2832150 31510 382138504 29967672 39027379 841829498 15310441520 583277404 146 65203512 615264588
======================
   8      32 sdc 2832150 31510 382138504 29967672 39028021 841829498 15310770224 583418508 144 65204516 615408160
======================
   8      32 sdc 2832150 31510 382138504 29967672 39028663 841829498 15311098928 583562072 142 65205520 615551744
======================
   8      32 sdc 2832150 31510 382138504 29967672 39029305 841829498 15311427632 583705600 140 65206524 615695196
======================
   8      32 sdc 2832150 31510 382138504 29967672 39029964 841829498 15311765040 583849592 153 65207528 615838900
======================
   8      32 sdc 2832151 31510 382138512 29967904 39030597 841829498 15312089136 583987864 136 65208532 615967152
======================
   8      32 sdc 2832151 31510 382138512 29967904 39031239 841829498 15312417840 584120760 134 65209532 616110224
======================
   8      32 sdc 2832151 31510 382138512 29967904 39031894 841829498 15312753200 584265152 151 65210536 616254028
======================
   8      32 sdc 2832151 31510 382138512 29967904 39032570 841829498 15313099312 584408780 147 65211540 616397648
======================
   8      32 sdc 2832151 31510 382138512 29967904 39033061 841829498 15313350704 584521724 136 65212544 616544624
======================
   8      32 sdc 2832151 31510 382138512 29967904 39033706 841829498 15313680944 584698652 131 65213548 616687848
======================
   8      32 sdc 2832151 31510 382138512 29967904 39034382 841829498 15314027056 584843056 144 65214548 616831468
======================
   8      32 sdc 2832151 31510 382138512 29967904 39035052 841829498 15314370096 584986552 129 65215552 616975344
======================
   8      32 sdc 2832151 31510 382138512 29967904 39035720 841829498 15314712112 585129260 133 65216556 617119212
======================
   8      32 sdc 2832151 31510 382138512 29967904 39036344 841829498 15315031600 585272656 149 65217560 617262996
======================
   8      32 sdc 2832151 31510 382138512 29967904 39036977 841829498 15315355696 585417368 156 65218564 617406604
======================
   8      32 sdc 2832151 31510 382138512 29967904 39037653 841829498 15315701808 585559948 152 65219564 617548764
======================
   8      32 sdc 2832151 31510 382138512 29967904 39038211 841829498 15315987504 585680072 42 65220568 617668548
======================
   8      32 sdc 2832151 31510 382138512 29967904 39038211 841829498 15315987504 585680072 42 65221572 617710716
======================
   8      32 sdc 2832152 31510 382138520 29969564 39039558 841829498 15316677168 585829756 148 65222572 617820464
======================
   8      32 sdc 2832152 31510 382138520 29969564 39040213 841829498 15317012528 585972792 133 65223576 617963900
======================
   8      32 sdc 2832152 31510 382138520 29969564 39040844 841829498 15317335600 586115808 142 65224580 618107332
======================
   8      32 sdc 2832152 31510 382138520 29969564 39041485 841829498 15317663792 586258428 141 65225584 618250028
======================
   8      32 sdc 2832152 31510 382138520 29969564 39042138 841829498 15317998128 586402500 128 65226584 618392844
======================
   8      32 sdc 2832152 31510 382138520 29969564 39042802 841829498 15318338096 586545544 136 65227588 618536340
======================
   8      32 sdc 2832152 31510 382138520 29969564 39043417 841829498 15318652976 586681300 129 65228592 618679080
======================
   8      32 sdc 2832152 31510 382138520 29969564 39044090 841829498 15318997552 586830408 128 65229592 618821524
======================
   8      32 sdc 2832152 31510 382138520 29969564 39044763 841829498 15319342128 586974536 159 65230596 618965048
======================
   8      32 sdc 2832152 31510 382138520 29969564 39045427 841829498 15319682096 587116252 135 65231596 619107844
======================
   8      32 sdc 2832153 31510 382138528 29969776 39046030 841829498 15319990832 587246500 150 65232600 619238300
======================
   8      32 sdc 2832153 31510 382138528 29969776 39046671 841829498 15320319024 587392196 158 65233604 619382984
======================
   8      32 sdc 2832153 31510 382138528 29969776 39047347 841829498 15320665136 587535620 154 65234604 619525972
======================
   8      32 sdc 2832153 31510 382138528 29969776 39048023 841829498 15321011248 587679236 150 65235608 619669652
======================
   8      32 sdc 2832153 31510 382138528 29969776 39048529 841829498 15321270320 587818084 156 65236612 619816608
======================
   8      32 sdc 2832153 31510 382138528 29969776 39049153 841829498 15321589808 587968512 140 65237616 619960684
======================
   8      32 sdc 2832153 31510 382138528 29969776 39049807 841829498 15321924656 588112052 158 65238620 620102832
======================
   8      32 sdc 2832153 31510 382138528 29969776 39050483 841829498 15322270768 588255536 154 65239624 620246428
======================
   8      32 sdc 2832153 31510 382138528 29969776 39051125 841829498 15322599472 588398196 152 65240624 620389808
======================
   8      32 sdc 2832153 31510 382138528 29969776 39051771 841829498 15322930224 588542504 146 65241628 620533620
======================
   8      32 sdc 2832153 31510 382138528 29969776 39052435 841829498 15323270192 588685916 154 65242632 620677000
======================
   8      32 sdc 2832153 31510 382138528 29969776 39053075 841829498 15323597872 588832136 154 65243632 620820732
======================
   8      32 sdc 2832154 31510 382138536 29970004 39053710 841829498 15323922992 588960704 130 65244636 620952108
======================
   8      32 sdc 2832154 31510 382138536 29970004 39054351 841829498 15324251184 589104060 129 65245640 621095672
======================
   8      32 sdc 2832154 31510 382138536 29970004 39054993 841829498 15324579888 589247568 139 65246644 621239388
======================
   8      32 sdc 2832154 31510 382138536 29970004 39055653 841829498 15324917808 589391540 139 65247644 621382508
======================
   8      32 sdc 2832154 31510 382138536 29970004 39056295 841829498 15325246512 589533676 137 65248648 621525548
======================
   8      32 sdc 2832154 31510 382138536 29970004 39056936 841829498 15325574704 589677224 136 65249652 621669260
======================
   8      32 sdc 2832154 31510 382138536 29970004 39057611 841829498 15325920304 589821544 133 65250656 621812772
======================
   8      32 sdc 2832154 31510 382138536 29970004 39058274 841829498 15326259760 589963988 142 65251656 621956024
======================
   8      32 sdc 2832154 31510 382138536 29970004 39058898 841829498 15326579248 590107876 158 65252660 622099192
======================
   8      32 sdc 2832154 31510 382138536 29970004 39059543 841829498 15326909488 590252052 153 65253664 622243024
======================
   8      32 sdc 2832154 31510 382138536 29970004 39060218 841829498 15327255088 590395260 150 65254668 622386616
======================
   8      32 sdc 2832154 31510 382138536 29970004 39060895 841829498 15327601712 590539016 145 65255672 622530268
======================
   8      32 sdc 2832155 31510 382138544 29970224 39061540 841829498 15327931952 590668824 139 65256672 622660508
======================
   8      32 sdc 2832155 31510 382138544 29970224 39062164 841829498 15328251440 590811708 155 65257676 622804060
======================
   8      32 sdc 2832155 31510 382138544 29970224 39062797 841829498 15328575536 590956376 130 65258680 622947668
======================
   8      32 sdc 2832155 31510 382138544 29970224 39063453 841829498 15328911408 591096140 146 65259684 623091632
======================
   8      32 sdc 2832155 31510 382138544 29970224 39063973 841829498 15329177648 591242648 230 65260688 623301396
======================
   8      32 sdc 2832155 31510 382138544 29970224 39064620 841829498 15329508912 591398100 223 65261688 623540464
======================
   8      32 sdc 2832155 31510 382138544 29970224 39065285 841829498 15329849392 591556288 230 65262692 623772108
======================
   8      32 sdc 2832155 31510 382138544 29970224 39065939 841829498 15330184240 591724476 216 65263696 623996736
======================
   8      32 sdc 2832155 31510 382138544 29970224 39066567 841829498 15330506288 591905828 196 65264700 624212708
======================
   8      32 sdc 2832155 31510 382138544 29970224 39067144 841829498 15330801200 592086120 195 65265704 624421792
======================
   8      32 sdc 2832155 31510 382138544 29970224 39067808 841829498 15331141168 592279872 203 65266708 624623248
======================
   8      32 sdc 2832155 31510 382138544 29970224 39068464 841829498 15331477040 592480744 187 65267708 624814700
======================
   8      32 sdc 2832156 31510 382138552 29970456 39069109 841829498 15331807280 592735736 157 65268712 624976588
======================
   8      32 sdc 2832156 31510 382138552 29970456 39069751 841829498 15332135984 592959996 155 65269716 625144268
======================
   8      32 sdc 2832156 31510 382138552 29970456 39070360 841829498 15332447792 593185036 154 65270716 625301788
======================
   8      32 sdc 2832156 31510 382138552 29970456 39071078 841829498 15332815408 593414856 140 65271720 625452928
======================
   8      32 sdc 2832156 31510 382138552 29970456 39071709 841829498 15333138480 593604580 149 65272724 625597480
======================
   8      32 sdc 2832156 31510 382138552 29970456 39072343 841829498 15333463088 593749772 155 65273724 625740804
======================
   8      32 sdc 2832156 31510 382138552 29970456 39073013 841829498 15333806128 593893108 157 65274728 625884272
======================
   8      32 sdc 2832156 31510 382138552 29970456 39073689 841829498 15334152240 594036500 153 65275732 626027824
======================
   8      32 sdc 2832156 31510 382138552 29970456 39074356 841829498 15334493744 594178588 158 65276732 626170604
======================
   8      32 sdc 2832156 31510 382138552 29970456 39074980 841829498 15334813232 594321624 142 65277736 626314280
======================
   8      32 sdc 2832156 31510 382138552 29970456 39075619 841829498 15335140912 594466228 143 65278740 626457740
======================
   8      32 sdc 2832156 31510 382138552 29970456 39076296 841829498 15335487024 594609852 138 65279744 626601244
======================
   8      32 sdc 2832157 31510 382138560 29970748 39076927 841829969 15335809328 594728808 158 65280748 626721116
======================
   8      32 sdc 2832157 31510 382138560 29970748 39077563 841829969 15336134960 594874212 130 65281752 626866056
======================
   8      32 sdc 2832157 31510 382138560 29970748 39078222 841829969 15336472368 595017548 143 65282756 627009872
======================
   8      32 sdc 2832157 31510 382138560 29970748 39078887 841829969 15336812848 595161248 150 65283760 627153472
======================
   8      32 sdc 2832157 31510 382138560 29970748 39079513 841829969 15337133360 595304404 132 65284760 627296532
======================
   8      32 sdc 2832157 31510 382138560 29970748 39080154 841829969 15337461552 595447940 131 65285764 627439968
======================
   8      32 sdc 2832157 31510 382138560 29970748 39080799 841829969 15337791792 595591760 158 65286768 627583756
======================
   8      32 sdc 2832157 31510 382138560 29970748 39081458 841829969 15338129200 595735196 139 65287772 627727352
======================
   8      32 sdc 2832157 31510 382138560 29970748 39082092 841829969 15338453808 595877964 145 65288772 627870364
======================
   8      32 sdc 2832157 31510 382138560 29970748 39082736 841829969 15338783536 596021936 141 65289776 628014056
======================
   8      32 sdc 2832157 31510 382138560 29970748 39083411 841829969 15339129136 596165872 138 65290780 628157756
======================
   8      32 sdc 2832157 31510 382138560 29970748 39084060 841829969 15339461424 596311608 129 65291784 628301100
======================
   8      32 sdc 2832158 31510 382138568 29971260 39084536 841829989 15339703784 596390872 132 65292784 628384368
======================
   8      32 sdc 2832158 31510 382138568 29971260 39084813 841830452 15339822584 596455124 0 65293324 628431996
======================
   8      32 sdc 2832158 31510 382138568 29971260 39084813 841830452 15339822584 596455124 0 65293324 628431996
======================
   8      32 sdc 2832158 31510 382138568 29971260 39084813 841830452 15339822584 596455124 0 65293324 628431996
======================
   8      32 sdc 2832158 31510 382138568 29971260 39084813 841830452 15339822584 596455124 0 65293324 628431996
======================
   8      32 sdc 2832158 31510 382138568 29971260 39084813 841830452 15339822584 596455124 0 65293324 628431996
======================
   8      32 sdc 2832394 31510 382140450 29978360 39084826 841830452 15339822632 596455124 1 65293608 628439328
started
======================
   8      32 sdc 2832399 31510 382140490 29978880 39084828 841830452 15339822640 596455124 0 65293896 628439616
======================
   8      32 sdc 2832439 31510 382140810 29979416 39084828 841830452 15339822640 596455124 4 65294140 628440300
======================
   8      32 sdc 2832651 31510 382142506 29983996 39084828 841830452 15339822640 596455124 6 65295144 628445312
======================
   8      32 sdc 2832931 31510 382144746 29990496 39084828 841830452 15339822640 596455124 8 65296148 628453072
======================
   8      32 sdc 2833180 31510 382146738 30000820 39084828 841830452 15339822640 596455124 9 65297152 628461944
======================
   8      32 sdc 2833467 31510 382149034 30010016 39084828 841830452 15339822640 596455124 10 65298152 628471896
======================
   8      32 sdc 2833782 31510 382151554 30021188 39084828 841830452 15339822640 596455124 12 65299156 628483096
======================
   8      32 sdc 2834085 31510 382153978 30033768 39084831 841830454 15339822680 596455124 12 65300160 628495096
======================
   8      32 sdc 2834396 31510 382156466 30045672 39084831 841830454 15339822680 596455124 12 65301160 628507080
======================
   8      32 sdc 2834718 31510 382159042 30057888 39084831 841830454 15339822680 596455124 12 65302164 628519112
======================
   8      32 sdc 2835034 31510 382161570 30069948 39084831 841830454 15339822680 596455124 12 65303164 628531104
======================
   8      32 sdc 2835379 31510 382164330 30081812 39084831 841830454 15339822680 596455124 12 65304168 628543140
======================
   8      32 sdc 2835690 31510 382166818 30093712 39084831 841830454 15339822680 596455124 12 65305168 628555120
======================
   8      32 sdc 2836030 31510 382169538 30105988 39084831 841830454 15339822680 596455124 12 65306172 628567140
======================
   8      32 sdc 2836376 31510 382172306 30117840 39084831 841830454 15339822680 596455124 12 65307176 628579152
======================
   8      32 sdc 2836694 31510 382174850 30129432 39084831 841830454 15339822680 596455124 12 65308176 628591112
======================
   8      32 sdc 2836962 31510 382176994 30141840 39084831 841830454 15339822680 596455124 12 65309180 628603144
======================
   8      32 sdc 2837291 31510 382179626 30153872 39084831 841830454 15339822680 596455124 12 65310184 628615152
======================
   8      32 sdc 2837621 31510 382182266 30165968 39084831 841830454 15339822680 596455124 12 65311184 628627108
======================
   8      32 sdc 2837956 31510 382184946 30178028 39084831 841830454 15339822680 596455124 12 65312188 628639128
======================
   8      32 sdc 2838307 31510 382187754 30189988 39084831 841830454 15339822680 596455124 12 65313188 628651084
======================
   8      32 sdc 2838645 31510 382190458 30201916 39084831 841830454 15339822680 596455124 12 65314192 628663100
======================
   8      32 sdc 2838979 31510 382193130 30213840 39084831 841830454 15339822680 596455124 12 65315192 628675068
======================
   8      32 sdc 2839312 31510 382195794 30225860 39084831 841830454 15339822680 596455124 12 65316196 628687088
======================
   8      32 sdc 2839659 31510 382198570 30237876 39084831 841830454 15339822680 596455124 12 65317196 628699052
======================
   8      32 sdc 2839979 31510 382201130 30249944 39084831 841830454 15339822680 596455124 12 65318200 628711068
======================
   8      32 sdc 2840322 31510 382203874 30262032 39084831 841830454 15339822680 596455124 11 65319204 628723068
======================
   8      32 sdc 2840649 31510 382206490 30273876 39084831 841830454 15339822680 596455124 12 65320204 628735032
======================
   8      32 sdc 2840985 31510 382209178 30285840 39084831 841830454 15339822680 596455124 12 65321208 628747040
======================
   8      32 sdc 2841321 31510 382211866 30297728 39084831 841830454 15339822680 596455124 12 65322208 628759000
======================
   8      32 sdc 2841646 31510 382214466 30309876 39084831 841830454 15339822680 596455124 12 65323212 628771008
======================
   8      32 sdc 2841991 31510 382217226 30321628 39084831 841830454 15339822680 596455124 12 65324216 628783016
======================
   8      32 sdc 2842295 31510 382219658 30333480 39084833 841830454 15339822696 596455244 12 65325216 628795092
======================
   8      32 sdc 2842614 31510 382222210 30345744 39084833 841830454 15339822696 596455244 12 65326220 628807084
======================
   8      32 sdc 2842939 31510 382224810 30357760 39084833 841830454 15339822696 596455244 12 65327224 628819096
======================
   8      32 sdc 2843261 31510 382227386 30369828 39084833 841830454 15339822696 596455244 12 65328224 628831064
======================
   8      32 sdc 2843612 31510 382230194 30381924 39084833 841830454 15339822696 596455244 12 65329228 628843088
======================
   8      32 sdc 2843925 31510 382232698 30393936 39084833 841830454 15339822696 596455244 12 65330228 628855048
======================
   8      32 sdc 2844223 31510 382235082 30405808 39084833 841830454 15339822696 596455244 12 65331232 628867068
======================
   8      32 sdc 2844551 31510 382237706 30417904 39084833 841830454 15339822696 596455244 12 65332236 628879084
======================
   8      32 sdc 2844869 31510 382240250 30429644 39084833 841830454 15339822696 596455244 12 65333236 628891020
======================
   8      32 sdc 2845115 31510 382242218 30441648 39084833 841830454 15339822696 596455244 12 65334240 628903020
======================
   8      32 sdc 2845466 31510 382245026 30453752 39084833 841830454 15339822696 596455244 12 65335240 628914996
======================
   8      32 sdc 2845808 31510 382247762 30465636 39084833 841830454 15339822696 596455244 12 65336244 628927024
======================
   8      32 sdc 2846122 31510 382250274 30477828 39084833 841830454 15339822696 596455244 12 65337244 628938996
======================
   8      32 sdc 2846449 31510 382252890 30489656 39084833 841830454 15339822696 596455244 12 65338248 628951008
======================
   8      32 sdc 2846786 31510 382255586 30501460 39084833 841830454 15339822696 596455244 12 65339252 628963020
======================
   8      32 sdc 2847115 31510 382258218 30513724 39084833 841830454 15339822696 596455244 12 65340252 628974980
======================
   8      32 sdc 2847432 31510 382260754 30525672 39084833 841830454 15339822696 596455244 12 65341256 628987000
======================
   8      32 sdc 2847777 31510 382263514 30537788 39084833 841830454 15339822696 596455244 12 65342256 628998956
======================
   8      32 sdc 2848090 31510 382266018 30549656 39084833 841830454 15339822696 596455244 12 65343260 629010972
======================
   8      32 sdc 2848413 31510 382268602 30561540 39084833 841830454 15339822696 596455244 12 65344260 629022944
======================
   8      32 sdc 2848740 31510 382271218 30573712 39084833 841830454 15339822696 596455244 12 65345264 629034932
======================
   8      32 sdc 2849078 31510 382273922 30585608 39084833 841830454 15339822696 596455244 12 65346264 629046916
======================
   8      32 sdc 2849399 31510 382276490 30597592 39084833 841830454 15339822696 596455244 12 65347268 629058924
======================
   8      32 sdc 2849745 31510 382279258 30609704 39084833 841830454 15339822696 596455244 12 65348268 629070868
======================
   8      32 sdc 2850062 31510 382281794 30621440 39084833 841830454 15339822696 596455244 12 65349272 629082904
======================
   8      32 sdc 2850424 31510 382284690 30633660 39084833 841830454 15339822696 596455244 12 65350276 629094884
======================
   8      32 sdc 2850760 31510 382287378 30645468 39084833 841830454 15339822696 596455244 12 65351276 629106832
======================
   8      32 sdc 2851096 31510 382290066 30657512 39084833 841830454 15339822696 596455244 12 65352280 629118836
======================
   8      32 sdc 2851385 31510 382292378 30669608 39084833 841830454 15339822696 596455244 12 65353284 629130840
======================
   8      32 sdc 2851738 31510 382295202 30681476 39084833 841830454 15339822696 596455244 12 65354284 629142788
======================
   8      32 sdc 2851944 31510 382296850 30689560 39084833 841830454 15339822696 596455244 0 65354952 629150404
