======================
   8      32 sdc 1721738 12549 250147508 11896464 20986601 525347507 9062474456 1010672496 0 37368316 1023613680
======================
   8      32 sdc 1721738 12549 250147508 11896464 20986601 525347507 9062474456 1010672496 0 37368316 1023613680
======================
   8      32 sdc 1721741 12549 250147532 11896520 20986601 525347507 9062474456 1010672496 0 37368372 1023613736
======================
   8      32 sdc 1721741 12549 250147532 11896520 20986601 525347507 9062474456 1010672496 0 37368372 1023613736
======================
   8      32 sdc 1721742 12549 250147540 11896544 20987789 525347507 9063082712 1010745236 128 37369236 1023724900
======================
   8      32 sdc 1721742 12549 250147540 11896544 20987948 525347507 9063164120 1010878140 129 37370240 1023866980
======================
   8      32 sdc 1721742 12549 250147540 11896544 20988225 525347507 9063305944 1011061376 140 37371244 1024012176
======================
   8      32 sdc 1721742 12549 250147540 11896544 20988495 525347507 9063444184 1011132844 159 37372248 1024161720
======================
   8      32 sdc 1721742 12549 250147540 11896544 20988690 525347530 9063543200 1011303780 157 37373248 1024312616
======================
   8      32 sdc 1721742 12549 250147540 11896544 20988698 525347530 9063547296 1011311092 149 37374252 1024465588
======================
   8      32 sdc 1721742 12549 250147540 11896544 20989941 525347530 9064183712 1011676564 154 37375416 1024632860
======================
   8      32 sdc 1721742 12549 250147540 11896544 20990063 525347530 9064246176 1011701676 128 37376424 1024764852
======================
   8      32 sdc 1721742 12549 250147540 11896544 20990358 525347530 9064397216 1011948436 154 37377432 1024896864
======================
   8      32 sdc 1721742 12549 250147540 11896544 20991677 525347530 9065072544 1012088112 146 37378440 1025040512
======================
   8      32 sdc 1721742 12549 250147540 11896544 20992364 525347530 9065424288 1012229356 131 37379464 1025186904
======================
   8      32 sdc 1721742 12549 250147540 11896544 20993006 525347530 9065752992 1012373412 129 37380468 1025330892
======================
   8      32 sdc 1721742 12549 250147540 11896544 20993666 525347530 9066090912 1012518428 141 37381476 1025475160
======================
   8      32 sdc 1721743 12549 250147548 11896708 20994304 525347530 9066417568 1012651776 139 37382488 1025612644
======================
   8      32 sdc 1721743 12549 250147548 11896708 20994962 525347530 9066754464 1012798844 153 37383496 1025756672
======================
   8      32 sdc 1721743 12549 250147548 11896708 20995611 525347530 9067086752 1012943920 144 37384508 1025901504
======================
   8      32 sdc 1721743 12549 250147548 11896708 20996253 525347530 9067415456 1013087444 142 37385512 1026045116
======================
   8      32 sdc 1721743 12549 250147548 11896708 20996894 525347530 9067743648 1013231992 141 37386516 1026189092
======================
   8      32 sdc 1721743 12549 250147548 11896708 20997545 525347530 9068076960 1013375448 130 37387520 1026332972
======================
   8      32 sdc 1721743 12549 250147548 11896708 20998186 525347530 9068405152 1013519508 129 37388520 1026476628
======================
   8      32 sdc 1721743 12549 250147548 11896708 20998856 525347530 9068748192 1013664148 131 37389524 1026620632
======================
   8      32 sdc 1721743 12549 250147548 11896708 20999525 525347530 9069090720 1013806644 134 37390528 1026764480
======================
   8      32 sdc 1721743 12549 250147548 11896708 21000149 525347530 9069410208 1013950108 150 37391528 1026907888
======================
   8      32 sdc 1721743 12549 250147548 11896708 21000687 525347530 9069685664 1014073556 156 37392532 1027053392
======================
   8      32 sdc 1721743 12549 250147548 11896708 21001290 525347530 9069994400 1014241940 129 37393536 1027198444
======================
   8      32 sdc 1721744 12549 250147556 11896916 21001944 525347530 9070329248 1014372488 150 37394536 1027329264
======================
   8      32 sdc 1721744 12549 250147556 11896916 21002609 525347530 9070669728 1014516040 157 37395540 1027472584
======================
   8      32 sdc 1721744 12549 250147556 11896916 21003246 525347530 9070995872 1014658120 128 37396544 1027616328
======================
   8      32 sdc 1721744 12549 250147556 11896916 21003870 525347530 9071315360 1014801640 144 37397544 1027759648
======================
   8      32 sdc 1721744 12549 250147556 11896916 21004531 525347530 9071653792 1014946432 155 37398548 1027903436
======================
   8      32 sdc 1721744 12549 250147556 11896916 21005048 525347530 9071918496 1015061816 150 37399548 1028048048
======================
   8      32 sdc 1721744 12549 250147556 11896916 21005809 525347530 9072308128 1015234964 157 37400552 1028192104
======================
   8      32 sdc 1721744 12549 250147556 11896916 21006472 525347530 9072647584 1015378360 134 37401556 1028335708
======================
   8      32 sdc 1721744 12549 250147556 11896916 21007131 525347530 9072984992 1015521088 147 37402560 1028478920
======================
   8      32 sdc 1721744 12549 250147556 11896916 21007775 525347530 9073314720 1015665160 143 37403568 1028623124
======================
   8      32 sdc 1721744 12549 250147556 11896916 21008418 525347530 9073643936 1015809136 140 37404572 1028766868
======================
   8      32 sdc 1721744 12549 250147556 11896916 21009059 525347530 9073972128 1015952328 139 37405576 1028910320
======================
   8      32 sdc 1721745 12549 250147564 11897364 21009547 525347530 9074221984 1016059920 132 37406580 1029017744
======================
   8      32 sdc 1721745 12549 250147564 11897364 21010205 525347530 9074558880 1016203872 146 37407580 1029161528
======================
   8      32 sdc 1721745 12549 250147564 11897364 21010853 525347530 9074890656 1016346748 138 37408584 1029305204
======================
   8      32 sdc 1721745 12549 250147564 11897364 21011496 525347530 9075219872 1016490764 135 37409588 1029448936
======================
   8      32 sdc 1721745 12549 250147564 11897364 21012152 525347530 9075555744 1016634576 151 37410592 1029592092
======================
   8      32 sdc 1721745 12549 250147564 11897364 21012777 525347530 9075875744 1016776828 134 37411592 1029735204
======================
   8      32 sdc 1721745 12549 250147564 11897364 21013407 525347530 9076198304 1016921208 144 37412596 1029878756
======================
   8      32 sdc 1721745 12549 250147564 11897364 21014083 525347530 9076544416 1017065528 140 37413600 1030023012
======================
   8      32 sdc 1721745 12549 250147564 11897364 21014753 525347530 9076887456 1017208600 142 37414604 1030166628
======================
   8      32 sdc 1721745 12549 250147564 11897364 21015423 525347530 9077230496 1017351804 144 37415604 1030309652
======================
   8      32 sdc 1721745 12549 250147564 11897364 21016018 525347530 9077535136 1017486520 157 37416608 1030453948
======================
   8      32 sdc 1721745 12549 250147564 11897364 21016678 525347530 9077873056 1017639444 137 37417612 1030598140
======================
   8      32 sdc 1721746 12549 250147572 11897800 21017175 525347530 9078127520 1017748392 152 37418616 1030706260
======================
   8      32 sdc 1721746 12549 250147572 11897800 21017852 525347530 9078474144 1017892196 147 37419620 1030849904
======================
   8      32 sdc 1721746 12549 250147572 11897800 21018495 525347530 9078803360 1018034520 144 37420624 1030993384
======================
   8      32 sdc 1721746 12549 250147572 11897800 21019140 525347530 9079133600 1018178592 139 37421624 1031136268
======================
   8      32 sdc 1721746 12549 250147572 11897800 21019785 525347530 9079463840 1018320476 134 37422628 1031279088
======================
   8      32 sdc 1721746 12549 250147572 11897800 21020426 525347530 9079792544 1018463916 133 37423628 1031422384
======================
   8      32 sdc 1721746 12549 250147572 11897800 21021068 525347530 9080120736 1018607636 131 37424632 1031566008
======================
   8      32 sdc 1721746 12549 250147572 11897800 21021684 525347530 9080436128 1018745184 155 37425636 1031709968
======================
   8      32 sdc 1721746 12549 250147572 11897800 21022362 525347530 9080783264 1018895280 149 37426636 1031853368
======================
   8      32 sdc 1721746 12549 250147572 11897800 21023027 525347530 9081123744 1019039092 156 37427640 1031996780
======================
   8      32 sdc 1721746 12549 250147572 11897800 21023674 525347530 9081455008 1019182124 149 37428644 1032140876
======================
   8      32 sdc 1721746 12549 250147572 11897800 21024317 525347530 9081784224 1019326156 146 37429648 1032284728
======================
   8      32 sdc 1721747 12549 250147580 11898232 21024825 525347530 9082044320 1019436604 150 37430656 1032394128
======================
   8      32 sdc 1721747 12549 250147580 11898232 21025499 525347530 9082389408 1019581660 148 37431660 1032538352
======================
   8      32 sdc 1721747 12549 250147580 11898232 21026121 525347530 9082707872 1019722428 134 37432664 1032681904
======================
   8      32 sdc 1721747 12549 250147580 11898232 21026778 525347530 9083044256 1019867432 149 37433668 1032825656
======================
   8      32 sdc 1721747 12549 250147580 11898232 21027437 525347530 9083381664 1020010632 130 37434672 1032968852
======================
   8      32 sdc 1721747 12549 250147580 11898232 21028110 525347530 9083726240 1020153512 129 37435676 1033112316
======================
   8      32 sdc 1721747 12549 250147580 11898232 21028733 525347530 9084045216 1020296208 146 37436676 1033255708
======================
   8      32 sdc 1721747 12549 250147580 11898232 21029368 525347530 9084370336 1020441056 151 37437680 1033399256
======================
   8      32 sdc 1721747 12549 250147580 11898232 21030024 525347530 9084706208 1020580304 135 37438684 1033542532
======================
   8      32 sdc 1721747 12549 250147580 11898232 21030696 525347530 9085050272 1020725480 135 37439684 1033684352
======================
   8      32 sdc 1721747 12549 250147580 11898232 21031332 525347530 9085375904 1020867980 139 37440688 1033827856
======================
   8      32 sdc 1721747 12549 250147580 11898232 21031996 525347530 9085715872 1021012616 147 37441688 1033970952
======================
   8      32 sdc 1721748 12549 250147588 11898452 21032633 525347530 9086042016 1021142204 149 37442692 1034101592
======================
   8      32 sdc 1721748 12549 250147588 11898452 21033275 525347530 9086370720 1021286224 147 37443696 1034245788
======================
   8      32 sdc 1721748 12549 250147588 11898452 21033911 525347530 9086696352 1021430016 151 37444696 1034389040
======================
   8      32 sdc 1721748 12549 250147588 11898452 21034554 525347530 9087025568 1021573672 148 37445704 1034533224
======================
   8      32 sdc 1721748 12549 250147588 11898452 21035196 525347530 9087354272 1021718416 146 37446708 1034677108
======================
   8      32 sdc 1721748 12549 250147588 11898452 21035847 525347530 9087687584 1021861404 135 37447712 1034820760
======================
   8      32 sdc 1721748 12549 250147588 11898452 21036481 525347530 9088012192 1022003492 141 37448716 1034964660
======================
   8      32 sdc 1721748 12549 250147588 11898452 21037159 525347530 9088359328 1022149912 135 37449720 1035108192
======================
   8      32 sdc 1721748 12549 250147588 11898452 21037826 525347530 9088700832 1022292448 140 37450724 1035251552
======================
   8      32 sdc 1721748 12549 250147588 11898452 21038423 525347530 9089006496 1022430048 151 37451728 1035394980
======================
   8      32 sdc 1721748 12549 250147588 11898452 21039084 525347530 9089344928 1022579992 130 37452728 1035538024
======================
   8      32 sdc 1721748 12549 250147588 11898452 21039759 525347530 9089690528 1022723312 132 37453732 1035681596
======================
   8      32 sdc 1721749 12549 250147596 11898672 21040407 525347530 9090022304 1022853412 151 37454736 1035812244
======================
   8      32 sdc 1721749 12549 250147596 11898672 21041074 525347530 9090363808 1022997568 156 37455736 1035953764
======================
   8      32 sdc 1721749 12549 250147596 11898672 21041715 525347530 9090692000 1023137840 155 37456740 1036097584
======================
   8      32 sdc 1721749 12549 250147596 11898672 21042339 525347530 9091011488 1023281468 139 37457744 1036241520
======================
   8      32 sdc 1721749 12549 250147596 11898672 21042995 525347530 9091347360 1023426276 155 37458744 1036384584
======================
   8      32 sdc 1721749 12549 250147596 11898672 21043637 525347530 9091676064 1023569104 153 37459748 1036528364
======================
   8      32 sdc 1721749 12549 250147596 11898672 21044240 525347530 9091984800 1023703988 158 37460752 1036673092
======================
   8      32 sdc 1721749 12549 250147596 11898672 21044947 525347530 9092346784 1023860316 155 37461756 1036819288
======================
   8      32 sdc 1721749 12549 250147596 11898672 21045602 525347530 9092682144 1024003292 140 37462756 1036962488
======================
   8      32 sdc 1721749 12549 250147596 11898672 21046243 525347530 9093010336 1024146524 139 37463760 1037105960
======================
   8      32 sdc 1721749 12549 250147596 11898672 21046885 525347530 9093339040 1024290148 137 37464764 1037249636
======================
   8      32 sdc 1721749 12549 250147596 11898672 21047527 525347530 9093667744 1024433880 135 37465768 1037392972
======================
   8      32 sdc 1721749 12549 250147596 11898672 21047683 525347530 9093747616 1024470652 41 37466772 1037453208
======================
   8      32 sdc 1721750 12549 250147604 11900488 21048404 525347530 9094116768 1024559364 133 37467772 1037506108
======================
   8      32 sdc 1721750 12549 250147604 11900488 21049316 525347530 9094583712 1024688032 149 37468776 1037649176
======================
   8      32 sdc 1721750 12549 250147604 11900488 21049959 525347530 9094912928 1024831624 146 37469780 1037792760
======================
   8      32 sdc 1721750 12549 250147604 11900488 21050623 525347530 9095252896 1024974644 154 37470780 1037935604
======================
   8      32 sdc 1721750 12549 250147604 11900488 21051240 525347530 9095568800 1025120492 145 37471784 1038079932
======================
   8      32 sdc 1721750 12549 250147604 11900488 21051882 525347530 9095897504 1025262840 143 37472788 1038223488
======================
   8      32 sdc 1721750 12549 250147604 11900488 21052552 525347530 9096240544 1025406148 145 37473788 1038366404
======================
   8      32 sdc 1721750 12549 250147604 11900488 21053227 525347530 9096586144 1025549340 142 37474792 1038509904
======================
   8      32 sdc 1721750 12549 250147604 11900488 21053903 525347530 9096932256 1025692636 138 37475796 1038653260
======================
   8      32 sdc 1721750 12549 250147604 11900488 21054533 525347530 9097254816 1025834648 148 37476796 1038796084
======================
   8      32 sdc 1721750 12549 250147604 11900488 21055157 525347530 9097574304 1025977132 132 37477800 1038938448
======================
   8      32 sdc 1721751 12549 250147612 11900896 21055670 525347530 9097836960 1026088032 150 37478804 1039049192
======================
   8      32 sdc 1721751 12549 250147612 11900896 21056338 525347530 9098178976 1026231408 154 37479804 1039192392
======================
   8      32 sdc 1721751 12549 250147612 11900896 21056979 525347530 9098507168 1026374140 153 37480808 1039335888
======================
   8      32 sdc 1721751 12549 250147612 11900896 21057627 525347530 9098838944 1026518284 145 37481812 1039479780
======================
   8      32 sdc 1721751 12549 250147612 11900896 21058254 525347530 9099159968 1026666440 158 37482816 1039624004
======================
   8      32 sdc 1721751 12549 250147612 11900896 21058912 525347530 9099496864 1026805484 140 37483816 1039767072
======================
   8      32 sdc 1721751 12549 250147612 11900896 21059554 525347530 9099825568 1026949116 138 37484820 1039910736
======================
   8      32 sdc 1721751 12549 250147612 11900896 21060195 525347530 9100153760 1027092556 137 37485824 1040054460
======================
   8      32 sdc 1721751 12549 250147612 11900896 21060846 525347530 9100487072 1027236748 158 37486824 1040197272
======================
   8      32 sdc 1721751 12549 250147612 11900896 21061504 525347530 9100823968 1027380144 140 37487828 1040341296
======================
   8      32 sdc 1721751 12549 250147612 11900896 21062141 525347530 9101150112 1027520740 143 37488832 1040484440
======================
   8      32 sdc 1721751 12549 250147612 11900896 21062793 525347530 9101483936 1027666736 131 37489832 1040627476
======================
   8      32 sdc 1721752 12549 250147620 11901112 21063447 525347530 9101818784 1027798112 150 37490836 1040758904
======================
   8      32 sdc 1721752 12549 250147620 11901112 21064105 525347530 9102155680 1027940292 132 37491840 1040902612
======================
   8      32 sdc 1721752 12549 250147620 11901112 21064728 525347530 9102474656 1028083836 149 37492840 1041046008
======================
   8      32 sdc 1721752 12549 250147620 11901112 21065364 525347530 9102800288 1028226312 153 37493844 1041189964
======================
   8      32 sdc 1721752 12549 250147620 11901112 21066033 525347530 9103142816 1028374768 156 37494848 1041335948
======================
   8      32 sdc 1721752 12549 250147620 11901112 21066723 525347530 9103496096 1028522476 138 37495880 1041483776
======================
   8      32 sdc 1721752 12549 250147620 11901112 21067357 525347530 9103820704 1028665704 144 37496888 1041628120
======================
   8      32 sdc 1721752 12549 250147620 11901112 21067989 525347530 9104144288 1028811228 152 37497900 1041772740
======================
   8      32 sdc 1721752 12549 250147620 11901112 21068666 525347530 9104490912 1028955644 147 37498908 1041917152
======================
   8      32 sdc 1721752 12549 250147620 11901112 21069336 525347530 9104833952 1029100296 149 37499920 1042062508
======================
   8      32 sdc 1721752 12549 250147620 11901112 21069980 525347530 9105163680 1029244348 145 37500924 1042206216
======================
   8      32 sdc 1721752 12549 250147620 11901112 21070629 525347530 9105495968 1029388372 135 37501928 1042349728
======================
   8      32 sdc 1721753 12549 250147628 11901724 21071263 525347530 9105820576 1029480180 158 37502936 1042442104
======================
   8      32 sdc 1721753 12549 250147628 11901724 21071911 525347530 9106152352 1029623036 150 37503940 1042585688
======================
   8      32 sdc 1721753 12549 250147628 11901724 21072552 525347530 9106480544 1029764540 149 37504940 1042726952
======================
   8      32 sdc 1721753 12549 250147628 11901724 21073193 525347530 9106808736 1029907880 148 37505944 1042870652
======================
   8      32 sdc 1721753 12549 250147628 11901724 21073844 525347530 9107142048 1030051956 137 37506944 1043013640
======================
   8      32 sdc 1721753 12549 250147628 11901724 21074507 525347530 9107481504 1030195340 146 37507952 1043157988
======================
   8      32 sdc 1721753 12549 250147628 11901724 21075149 525347530 9107810208 1030338968 144 37508956 1043301656
======================
   8      32 sdc 1721753 12549 250147628 11901724 21075789 525347530 9108137888 1030490200 144 37509964 1043446792
======================
   8      32 sdc 1721753 12549 250147628 11901724 21076482 525347530 9108492704 1030628388 155 37510968 1043590140
======================
   8      32 sdc 1721753 12549 250147628 11901724 21077123 525347530 9108820896 1030770144 154 37511968 1043733076
======================
   8      32 sdc 1721753 12549 250147628 11901724 21077747 525347530 9109140384 1030913676 138 37512972 1043876808
======================
   8      32 sdc 1721753 12549 250147628 11901724 21078411 525347530 9109480352 1031058372 33 37513972 1044010860
======================
   8      32 sdc 1721753 12549 250147628 11901724 21078415 525347530 9109482400 1031059216 29 37514976 1044039988
======================
   8      32 sdc 1721754 12549 250147636 11903292 21079724 525347530 9110152608 1031173484 133 37515980 1044136640
======================
   8      32 sdc 1721754 12549 250147636 11903292 21080380 525347530 9110488480 1031315720 149 37516984 1044280228
======================
   8      32 sdc 1721754 12549 250147636 11903292 21081001 525347530 9110806432 1031459352 136 37517988 1044423552
======================
   8      32 sdc 1721754 12549 250147636 11903292 21081676 525347530 9111152032 1031603576 133 37518988 1044566540
======================
   8      32 sdc 1721754 12549 250147636 11903292 21082309 525347530 9111476128 1031741236 140 37519992 1044710084
======================
   8      32 sdc 1721754 12549 250147636 11903292 21082972 525347530 9111815584 1031888600 149 37520996 1044852824
======================
   8      32 sdc 1721754 12549 250147636 11903292 21083632 525347530 9112153504 1032032544 129 37521996 1044995536
======================
   8      32 sdc 1721754 12549 250147636 11903292 21084290 525347530 9112490400 1032174872 143 37523000 1045139304
======================
   8      32 sdc 1721754 12549 250147636 11903292 21084926 525347530 9112816032 1032317760 147 37524004 1045282768
======================
   8      32 sdc 1721754 12549 250147636 11903292 21085567 525347530 9113144224 1032461788 146 37525004 1045425688
======================
   8      32 sdc 1721755 12549 250147644 11903500 21086187 525347530 9113461664 1032595056 154 37526008 1045557996
======================
   8      32 sdc 1721755 12549 250147644 11903500 21086837 525347530 9113794464 1032737588 144 37527008 1045701148
======================
   8      32 sdc 1721755 12549 250147644 11903500 21087501 525347530 9114134432 1032881048 152 37528012 1045844800
======================
   8      32 sdc 1721755 12549 250147644 11903500 21088151 525347530 9114467232 1033023824 142 37529016 1045988224
======================
   8      32 sdc 1721755 12549 250147644 11903500 21088791 525347530 9114794912 1033167956 142 37530016 1046131276
======================
   8      32 sdc 1721755 12549 250147644 11903500 21089461 525347530 9115137952 1033310972 144 37531020 1046274444
======================
   8      32 sdc 1721755 12549 250147644 11903500 21090085 525347530 9115457440 1033453392 128 37532020 1046417584
======================
   8      32 sdc 1721755 12549 250147644 11903500 21090709 525347530 9115776928 1033596708 144 37533024 1046561364
======================
   8      32 sdc 1721755 12549 250147644 11903500 21091356 525347530 9116108192 1033735292 137 37534028 1046704752
======================
   8      32 sdc 1721755 12549 250147644 11903500 21092060 525347530 9116468640 1033884256 137 37535028 1046847652
======================
   8      32 sdc 1721755 12549 250147644 11903500 21092735 525347530 9116814240 1034027428 134 37536032 1046990892
======================
   8      32 sdc 1721755 12549 250147644 11903500 21093375 525347530 9117141920 1034169456 134 37537032 1047133856
======================
   8      32 sdc 1721756 12549 250147652 11903736 21093978 525347530 9117450656 1034293416 141 37538036 1047258392
======================
   8      32 sdc 1721756 12549 250147652 11903736 21094637 525347530 9117788064 1034438240 154 37539040 1047402020
======================
   8      32 sdc 1721756 12549 250147652 11903736 21095310 525347530 9118132640 1034581276 153 37540040 1047545096
======================
   8      32 sdc 1721756 12549 250147652 11903736 21095951 525347530 9118460832 1034724084 152 37541044 1047688552
======================
   8      32 sdc 1721756 12549 250147652 11903736 21096445 525347530 9118713760 1034869972 138 37542044 1047833848
======================
   8      32 sdc 1721756 12549 250147652 11903736 21097109 525347530 9119053728 1035013424 146 37543048 1047977332
======================
   8      32 sdc 1721756 12549 250147652 11903736 21097751 525347530 9119382432 1035156536 144 37544052 1048120936
======================
   8      32 sdc 1721756 12549 250147652 11903736 21098393 525347530 9119711136 1035302240 142 37545060 1048264584
======================
   8      32 sdc 1721756 12549 250147652 11903736 21099032 525347530 9120038304 1035443864 143 37546064 1048408360
======================
   8      32 sdc 1721756 12549 250147652 11903736 21099664 525347530 9120361888 1035583584 151 37547068 1048552196
======================
   8      32 sdc 1721756 12549 250147652 11903736 21100347 525347530 9120711584 1035731420 140 37548068 1048695196
======================
   8      32 sdc 1721756 12549 250147652 11903736 21100996 525347530 9121043872 1035874356 131 37549072 1048838668
======================
   8      32 sdc 1721756 12549 250147652 11903736 21101470 525347530 9121286560 1035980176 14 37550080 1048935272
======================
   8      32 sdc 1721756 12549 250147652 11903736 21101470 525347530 9121286560 1035980176 14 37551096 1048949496
======================
   8      32 sdc 1721757 12549 250147660 11905340 21102953 525347530 9122045856 1036108184 157 37552104 1049074500
======================
   8      32 sdc 1721757 12549 250147660 11905340 21103565 525347530 9122359200 1036247752 153 37553104 1049217004
======================
   8      32 sdc 1721757 12549 250147660 11905340 21104216 525347530 9122692512 1036396844 142 37554112 1049362224
======================
   8      32 sdc 1721757 12549 250147660 11905340 21104891 525347530 9123038112 1036539740 139 37555112 1049504900
======================
   8      32 sdc 1721757 12549 250147660 11905340 21105557 525347530 9123379104 1036683220 145 37556116 1049648560
======================
   8      32 sdc 1721757 12549 250147660 11905340 21106196 525347530 9123706272 1036825628 146 37557120 1049792144
======================
   8      32 sdc 1721757 12549 250147660 11905340 21106819 525347530 9124025248 1036968952 131 37558120 1049934680
======================
   8      32 sdc 1721757 12549 250147660 11905340 21107483 525347530 9124365216 1037113412 139 37559124 1050078508
======================
   8      32 sdc 1721757 12549 250147660 11905340 21108153 525347530 9124708256 1037255912 141 37560132 1050222460
======================
   8      32 sdc 1721757 12549 250147660 11905340 21108796 525347530 9125037472 1037399564 138 37561132 1050365424
======================
   8      32 sdc 1721758 12549 250147668 11905540 21109426 525347530 9125360032 1037528560 134 37562140 1050494368
======================
   8      32 sdc 1721758 12549 250147668 11905540 21110090 525347530 9125700512 1037671916 142 37563144 1050637928
======================
   8      32 sdc 1721758 12549 250147668 11905540 21110742 525347530 9126033824 1037814720 130 37564144 1050780444
======================
   8      32 sdc 1721758 12549 250147668 11905540 21111383 525347530 9126362016 1037958012 129 37565148 1050924008
======================
   8      32 sdc 1721758 12549 250147668 11905540 21112008 525347530 9126682016 1038100500 144 37566152 1051067016
======================
   8      32 sdc 1721758 12549 250147668 11905540 21112660 525347530 9127015840 1038243856 132 37567152 1051209624
======================
   8      32 sdc 1721758 12549 250147668 11905540 21113324 525347530 9127355808 1038387548 140 37568156 1051353484
======================
   8      32 sdc 1721758 12549 250147668 11905540 21113966 525347530 9127684512 1038530232 138 37569156 1051496364
======================
   8      32 sdc 1721758 12549 250147668 11905540 21114613 525347530 9128015776 1038674424 131 37570160 1051639640
======================
   8      32 sdc 1721758 12549 250147668 11905540 21115287 525347530 9128360864 1038820580 129 37571164 1051783832
======================
   8      32 sdc 1721758 12549 250147668 11905540 21115940 525347530 9128695200 1038960584 148 37572164 1051927128
======================
   8      32 sdc 1721758 12549 250147668 11905540 21116563 525347530 9129014176 1039104040 133 37573168 1052070220
======================
   8      32 sdc 1721759 12549 250147676 11905752 21117195 525347530 9129337760 1039232864 151 37574168 1052198340
======================
   8      32 sdc 1721759 12549 250147676 11905752 21117871 525347530 9129683872 1039376716 147 37575172 1052342272
======================
   8      32 sdc 1721759 12549 250147676 11905752 21118546 525347530 9130029984 1039519656 144 37576176 1052485612
======================
   8      32 sdc 1721759 12549 250147676 11905752 21119210 525347530 9130369440 1039661624 152 37577176 1052628212
======================
   8      32 sdc 1721759 12549 250147676 11905752 21119828 525347530 9130685856 1039805832 142 37578180 1052771516
======================
   8      32 sdc 1721759 12549 250147676 11905752 21120504 525347530 9131031968 1039949152 138 37579184 1052914860
======================
   8      32 sdc 1721759 12549 250147676 11905752 21121165 525347530 9131370400 1040091256 149 37580188 1053057680
======================
   8      32 sdc 1721759 12549 250147676 11905752 21121806 525347530 9131698592 1040234052 148 37581188 1053200240
======================
   8      32 sdc 1721759 12549 250147676 11905752 21122463 525347530 9132034976 1040377600 131 37582192 1053342984
======================
   8      32 sdc 1721759 12549 250147676 11905752 21123121 525347530 9132371872 1040520492 145 37583196 1053486488
======================
   8      32 sdc 1721759 12549 250147676 11905752 21123765 525347530 9132701600 1040662960 141 37584196 1053629088
======================
   8      32 sdc 1721759 12549 250147676 11905752 21124403 525347530 9133028256 1040808408 89 37585200 1053769808
======================
   8      32 sdc 1721759 12549 250147676 11905752 21124471 525347530 9133063072 1040821124 21 37586204 1053794260
======================
   8      32 sdc 1721760 12549 250147684 11907396 21125656 525347530 9133669792 1040898676 129 37587204 1053865780
======================
   8      32 sdc 1721760 12549 250147684 11907396 21126323 525347530 9134011296 1041042296 134 37588212 1054009828
======================
   8      32 sdc 1721760 12549 250147684 11907396 21126964 525347530 9134339488 1041183700 133 37589220 1054153824
======================
   8      32 sdc 1721760 12549 250147684 11907396 21127616 525347530 9134673312 1041330276 153 37590224 1054297464
======================
   8      32 sdc 1721760 12549 250147684 11907396 21128293 525347530 9135019936 1041473928 148 37591228 1054441012
======================
   8      32 sdc 1721760 12549 250147684 11907396 21128932 525347530 9135347104 1041616224 149 37592232 1054584480
======================
   8      32 sdc 1721760 12549 250147684 11907396 21129556 525347530 9135666592 1041759784 133 37593236 1054727928
======================
   8      32 sdc 1721760 12549 250147684 11907396 21130225 525347530 9136009120 1041904252 136 37594240 1054871460
======================
   8      32 sdc 1721760 12549 250147684 11907396 21130901 525347530 9136355232 1042047708 132 37595244 1055014864
======================
   8      32 sdc 1721760 12549 250147684 11907396 21131574 525347530 9136699808 1042193672 131 37596244 1055158256
======================
   8      32 sdc 1721761 12549 250147692 11907576 21132204 525347530 9137022368 1042326804 131 37597248 1055289936
======================
   8      32 sdc 1721761 12549 250147692 11907576 21132827 525347530 9137341344 1042464772 148 37598252 1055433604
======================
   8      32 sdc 1721761 12549 250147692 11907576 21133485 525347530 9137678240 1042609688 130 37599252 1055576592
======================
   8      32 sdc 1721761 12549 250147692 11907576 21134160 525347530 9138023840 1042752912 139 37600256 1055719980
======================
   8      32 sdc 1721761 12549 250147692 11907576 21134787 525347530 9138344864 1042895124 140 37601260 1055863560
======================
   8      32 sdc 1721761 12549 250147692 11907576 21135429 525347530 9138673568 1043037888 138 37602260 1056007008
======================
   8      32 sdc 1721761 12549 250147692 11907576 21136105 525347530 9139019680 1043182388 134 37603264 1056150108
======================
   8      32 sdc 1721761 12549 250147692 11907576 21136741 525347530 9139345312 1043325440 138 37604268 1056293716
======================
   8      32 sdc 1721761 12549 250147692 11907576 21137374 525347530 9139669408 1043466716 145 37605268 1056436584
======================
   8      32 sdc 1721761 12549 250147692 11907576 21138023 525347530 9140001696 1043612136 136 37606272 1056580428
======================
   8      32 sdc 1721761 12549 250147692 11907576 21138676 525347530 9140336032 1043756352 155 37607276 1056724168
======================
   8      32 sdc 1721761 12549 250147692 11907576 21139340 525347530 9140676000 1043899816 131 37608276 1056867328
======================
   8      32 sdc 1721762 12549 250147700 11907808 21139966 525347530 9140996512 1044028576 147 37609280 1056997084
======================
   8      32 sdc 1721762 12549 250147700 11907808 21140609 525347530 9141325728 1044171964 144 37610284 1057140348
======================
   8      32 sdc 1721762 12549 250147700 11907808 21141285 525347530 9141671840 1044318448 140 37611300 1057286064
======================
   8      32 sdc 1721762 12549 250147700 11907808 21141951 525347530 9142012832 1044461052 146 37612308 1057430196
======================
   8      32 sdc 1721762 12549 250147700 11907808 21142575 525347530 9142332320 1044606776 130 37613316 1057573904
======================
   8      32 sdc 1721762 12549 250147700 11907808 21143253 525347530 9142679456 1044750584 156 37614324 1057717976
======================
   8      32 sdc 1721762 12549 250147700 11907808 21143929 525347530 9143025568 1044893816 152 37615328 1057861392
======================
   8      32 sdc 1721762 12549 250147700 11907808 21144588 525347530 9143362976 1045036672 133 37616332 1058005152
======================
   8      32 sdc 1721762 12549 250147700 11907808 21145238 525347530 9143695776 1045180004 155 37617336 1058148752
======================
   8      32 sdc 1721762 12549 250147700 11907808 21145862 525347530 9144015264 1045323308 139 37618340 1058292280
======================
   8      32 sdc 1721762 12549 250147700 11907808 21146538 525347530 9144361376 1045468068 135 37619344 1058435780
======================
   8      32 sdc 1721762 12549 250147700 11907808 21147203 525347530 9144701856 1045610232 142 37620344 1058578656
======================
   8      32 sdc 1721763 12549 250147708 11908032 21147800 525347530 9145007520 1045734900 153 37621348 1058709148
======================
   8      32 sdc 1721763 12549 250147708 11908032 21148475 525347530 9145353120 1045885344 150 37622352 1058853752
======================
   8      32 sdc 1721763 12549 250147708 11908032 21149139 525347530 9145693088 1046028876 158 37623352 1058996492
======================
   8      32 sdc 1721763 12549 250147708 11908032 21149788 525347530 9146025376 1046171620 149 37624356 1059140212
======================
   8      32 sdc 1721763 12549 250147708 11908032 21150412 525347530 9146344864 1046314372 133 37625356 1059282736
======================
   8      32 sdc 1721763 12549 250147708 11908032 21151054 525347530 9146673568 1046457664 131 37626360 1059426032
======================
   8      32 sdc 1721763 12549 250147708 11908032 21151714 525347530 9147012000 1046601352 143 37627364 1059569740
======================
   8      32 sdc 1721763 12549 250147708 11908032 21152377 525347530 9147350944 1046744200 152 37628368 1059712896
======================
   8      32 sdc 1721763 12549 250147708 11908032 21153019 525347530 9147679648 1046887480 150 37629368 1059855840
======================
   8      32 sdc 1721763 12549 250147708 11908032 21153661 525347530 9148008352 1047031228 148 37630372 1059999084
======================
   8      32 sdc 1721763 12549 250147708 11908032 21154337 525347530 9148354464 1047174656 144 37631376 1060142480
======================
   8      32 sdc 1721763 12549 250147708 11908032 21154965 525347530 9148676000 1047317004 156 37632376 1060285380
======================
   8      32 sdc 1721763 12549 250147708 11908032 21155142 525347530 9148766624 1047355260 38 37633384 1060343424
======================
   8      32 sdc 1721764 12549 250147716 11909680 21156220 525347530 9149318560 1047442360 136 37634388 1060409880
======================
   8      32 sdc 1721764 12549 250147716 11909680 21156896 525347530 9149664672 1047583364 132 37635392 1060552684
======================
   8      32 sdc 1721764 12549 250147716 11909680 21157573 525347530 9150011296 1047726924 150 37636396 1060695952
======================
   8      32 sdc 1721764 12549 250147716 11909680 21158196 525347530 9150330272 1047869528 144 37637404 1060840304
======================
   8      32 sdc 1721764 12549 250147716 11909680 21158840 525347530 9150660000 1048014248 140 37638408 1060983796
======================
   8      32 sdc 1721764 12549 250147716 11909680 21159507 525347530 9151001504 1048157088 145 37639412 1061126996
======================
   8      32 sdc 1721764 12549 250147716 11909680 21160143 525347530 9151327136 1048300148 149 37640416 1061270468
======================
   8      32 sdc 1721764 12549 250147716 11909680 21160770 525347530 9151648160 1048437796 130 37641416 1061412820
======================
   8      32 sdc 1721764 12549 250147716 11909680 21161461 525347530 9152001952 1048586440 143 37642420 1061556180
======================
   8      32 sdc 1721764 12549 250147716 11909680 21162113 525347530 9152335776 1048729224 131 37643420 1061699268
======================
   8      32 sdc 1721764 12549 250147716 11909680 21162751 525347530 9152662432 1048872152 77 37644424 1061839320
======================
   8      32 sdc 1721764 12549 250147716 11909680 21162795 525347530 9152684960 1048882144 33 37645424 1061873784
======================
   8      32 sdc 1721765 12549 250147724 11911320 21163997 525347530 9153300384 1048984340 141 37646428 1061956204
======================
   8      32 sdc 1721765 12549 250147724 11911320 21164645 525347530 9153632160 1049127804 133 37647432 1062100380
======================
   8      32 sdc 1721765 12549 250147724 11911320 21165303 525347530 9153969056 1049269420 147 37648432 1062243296
======================
   8      32 sdc 1721765 12549 250147724 11911320 21165946 525347530 9154298272 1049414984 144 37649436 1062386516
======================
   8      32 sdc 1721765 12549 250147724 11911320 21166622 525347530 9154644384 1049558492 140 37650440 1062529664
======================
   8      32 sdc 1721765 12549 250147724 11911320 21167279 525347530 9154980768 1049700040 155 37651440 1062672104
======================
   8      32 sdc 1721765 12549 250147724 11911320 21167903 525347530 9155300256 1049843080 139 37652444 1062815536
======================
   8      32 sdc 1721765 12549 250147724 11911320 21168553 525347530 9155633056 1049987708 129 37653448 1062958412
======================
   8      32 sdc 1721765 12549 250147724 11911320 21169222 525347530 9155975584 1050130576 132 37654452 1063101716
======================
   8      32 sdc 1721765 12549 250147724 11911320 21169863 525347530 9156303776 1050266260 131 37655452 1063243872
======================
   8      32 sdc 1721766 12549 250147732 11911512 21170540 525347530 9156650400 1050405320 143 37656456 1063372268
======================
   8      32 sdc 1721766 12549 250147732 11911512 21171164 525347530 9156969888 1050543204 135 37657456 1063515168
======================
   8      32 sdc 1721766 12549 250147732 11911512 21171799 525347530 9157295008 1050687788 132 37658460 1063659036
======================
   8      32 sdc 1721766 12549 250147732 11911512 21172474 525347530 9157640608 1050831224 129 37659464 1063802624
======================
   8      32 sdc 1721766 12549 250147732 11911512 21173115 525347530 9157968800 1050973412 128 37660464 1063945248
======================
   8      32 sdc 1721766 12549 250147732 11911512 21173757 525347530 9158297504 1051117820 158 37661468 1064089456
======================
   8      32 sdc 1721766 12549 250147732 11911512 21174420 525347530 9158636960 1051261080 135 37662468 1064232496
======================
   8      32 sdc 1721766 12549 250147732 11911512 21175068 525347530 9158968736 1051404108 143 37663472 1064375712
======================
   8      32 sdc 1721766 12549 250147732 11911512 21175709 525347530 9159296928 1051546996 158 37664472 1064518748
======================
   8      32 sdc 1721766 12549 250147732 11911512 21176334 525347530 9159616928 1051686800 141 37665476 1064662760
======================
   8      32 sdc 1721766 12549 250147732 11911512 21176994 525347530 9159954848 1051834296 153 37666476 1064805660
======================
   8      32 sdc 1721766 12549 250147732 11911512 21177659 525347530 9160295328 1051978228 128 37667480 1064949224
======================
   8      32 sdc 1721767 12549 250147740 11911752 21178291 525347530 9160618912 1052104276 139 37668488 1065076020
======================
   8      32 sdc 1721767 12549 250147740 11911752 21178932 525347530 9160947104 1052247100 138 37669492 1065219800
======================
   8      32 sdc 1721767 12549 250147740 11911752 21179573 525347530 9161275296 1052387556 137 37670492 1065362616
======================
   8      32 sdc 1721767 12549 250147740 11911752 21180266 525347530 9161630624 1052534324 148 37671496 1065506028
======================
   8      32 sdc 1721767 12549 250147740 11911752 21180886 525347530 9161947552 1052676632 136 37672500 1065649632
======================
   8      32 sdc 1721767 12549 250147740 11911752 21181548 525347530 9162286496 1052821320 146 37673500 1065792768
======================
   8      32 sdc 1721767 12549 250147740 11911752 21182223 525347530 9162632096 1052964556 143 37674504 1065936344
======================
   8      32 sdc 1721767 12549 250147740 11911752 21182893 525347530 9162975136 1053107304 145 37675504 1066079468
======================
   8      32 sdc 1721767 12549 250147740 11911752 21183547 525347530 9163309984 1053250844 131 37676508 1066223128
======================
   8      32 sdc 1721767 12549 250147740 11911752 21184171 525347530 9163629472 1053393672 147 37677512 1066366812
======================
   8      32 sdc 1721767 12549 250147740 11911752 21184822 525347530 9163962784 1053538352 136 37678512 1066509880
======================
   8      32 sdc 1721767 12549 250147740 11911752 21185498 525347530 9164308896 1053682012 132 37679516 1066653532
======================
   8      32 sdc 1721767 12549 250147740 11911752 21185842 525347530 9164485024 1053756712 26 37680520 1066730600
======================
   8      32 sdc 1721767 12549 250147740 11911752 21185842 525347530 9164485024 1053756712 26 37681520 1066756600
======================
   8      32 sdc 1721768 12549 250147748 11913632 21187258 525347530 9165210016 1053899120 149 37682524 1066872888
======================
   8      32 sdc 1721768 12549 250147748 11913632 21187906 525347530 9165541792 1054041776 141 37683524 1067015932
======================
   8      32 sdc 1721768 12549 250147748 11913632 21188537 525347530 9165864864 1054184852 150 37684528 1067159012
======================
   8      32 sdc 1721768 12549 250147748 11913632 21189178 525347530 9166193056 1054328104 149 37685532 1067302548
======================
   8      32 sdc 1721768 12549 250147748 11913632 21189833 525347530 9166528416 1054471920 134 37686532 1067445588
======================
   8      32 sdc 1721768 12549 250147748 11913632 21190497 525347530 9166868384 1054616168 142 37687536 1067590180
======================
   8      32 sdc 1721768 12549 250147748 11913632 21191143 525347530 9167199136 1054759680 136 37688540 1067734004
======================
   8      32 sdc 1721768 12549 250147748 11913632 21191791 525347530 9167530912 1054904912 128 37689548 1067878196
======================
   8      32 sdc 1721768 12549 250147748 11913632 21192461 525347530 9167873952 1055048228 130 37690552 1068021480
======================
   8      32 sdc 1721768 12549 250147748 11913632 21193113 525347530 9168207776 1055189980 150 37691556 1068164992
======================
   8      32 sdc 1721769 12549 250147756 11914064 21193576 525347530 9168444832 1055306816 153 37692556 1068277880
======================
   8      32 sdc 1721769 12549 250147756 11914064 21194211 525347530 9168769952 1055447584 158 37693560 1068421212
======================
   8      32 sdc 1721769 12549 250147756 11914064 21194887 525347530 9169116064 1055590912 154 37694564 1068564892
======================
   8      32 sdc 1721769 12549 250147756 11914064 21195546 525347530 9169453472 1055734680 135 37695564 1068708132
======================
   8      32 sdc 1721769 12549 250147756 11914064 21196199 525347530 9169787808 1055876700 154 37696568 1068851544
======================
   8      32 sdc 1721769 12549 250147756 11914064 21196816 525347530 9170103712 1056023648 145 37697572 1068996016
======================
   8      32 sdc 1721769 12549 250147756 11914064 21197480 525347530 9170443680 1056165300 153 37698572 1069139012
======================
   8      32 sdc 1721769 12549 250147756 11914064 21198153 525347530 9170788256 1056307956 152 37699576 1069282332
======================
   8      32 sdc 1721769 12549 250147756 11914064 21198794 525347530 9171116448 1056450836 151 37700576 1069425388
======================
   8      32 sdc 1721769 12549 250147756 11914064 21199442 525347530 9171448224 1056594708 143 37701580 1069568792
======================
   8      32 sdc 1721769 12549 250147756 11914064 21200106 525347530 9171788192 1056737908 151 37702584 1069712072
======================
   8      32 sdc 1721769 12549 250147756 11914064 21200762 525347530 9172124576 1056881964 135 37703592 1069856792
======================
   8      32 sdc 1721770 12549 250147764 11914520 21201237 525347530 9172367264 1056991584 140 37704600 1069955764
======================
   8      32 sdc 1721770 12549 250147764 11914520 21201879 525347530 9172695968 1057123988 138 37705604 1070099192
======================
   8      32 sdc 1721770 12549 250147764 11914520 21202521 525347530 9173024672 1057267360 136 37706608 1070242596
======================
   8      32 sdc 1721770 12549 250147764 11914520 21203177 525347530 9173360544 1057411056 152 37707608 1070385108
======================
   8      32 sdc 1721770 12549 250147764 11914520 21203816 525347530 9173687712 1057556108 153 37708612 1070528508
======================
   8      32 sdc 1721770 12549 250147764 11914520 21204463 525347530 9174018976 1057696668 146 37709616 1070672228
======================
   8      32 sdc 1721770 12549 250147764 11914520 21205134 525347530 9174362528 1057841068 147 37710616 1070815188
======================
   8      32 sdc 1721770 12549 250147764 11914520 21205797 525347530 9174701984 1057983624 156 37711620 1070958708
======================
   8      32 sdc 1721770 12549 250147764 11914520 21206422 525347530 9175021984 1058126456 139 37712624 1071101964
======================
   8      32 sdc 1721770 12549 250147764 11914520 21207059 525347530 9175348128 1058270876 142 37713628 1071245396
======================
   8      32 sdc 1721770 12549 250147764 11914520 21207736 525347530 9175694752 1058414272 137 37714632 1071388520
======================
   8      32 sdc 1721770 12549 250147764 11914520 21208407 525347530 9176038304 1058556500 138 37715632 1071531516
======================
   8      32 sdc 1721771 12549 250147772 11914960 21208915 525347530 9176298400 1058668036 142 37716640 1071631232
======================
   8      32 sdc 1721771 12549 250147772 11914960 21209557 525347530 9176627104 1058798932 140 37717644 1071774776
======================
   8      32 sdc 1721771 12549 250147772 11914960 21210181 525347530 9176946592 1058942504 156 37718648 1071918292
======================
   8      32 sdc 1721771 12549 250147772 11914960 21210847 525347530 9177287584 1059087156 130 37719652 1072061908
======================
   8      32 sdc 1721771 12549 250147772 11914960 21211503 525347530 9177623456 1059224716 235 37720652 1072258060
======================
   8      32 sdc 1721771 12549 250147772 11914960 21212147 525347530 9177953184 1059379624 231 37721656 1072488996
======================
   8      32 sdc 1721771 12549 250147772 11914960 21212811 525347530 9178293152 1059538316 207 37722660 1072712216
======================
   8      32 sdc 1721771 12549 250147772 11914960 21213468 525347530 9178629536 1059706648 222 37723664 1072928440
======================
   8      32 sdc 1721771 12549 250147772 11914960 21214097 525347530 9178951584 1059875828 201 37724668 1073137520
======================
   8      32 sdc 1721771 12549 250147772 11914960 21214696 525347530 9179258272 1060073356 203 37725676 1073340732
======================
   8      32 sdc 1721771 12549 250147772 11914960 21215391 525347530 9179614112 1060268116 187 37726700 1073535772
======================
   8      32 sdc 1721771 12549 250147772 11914960 21216051 525347530 9179952032 1060461456 167 37727700 1073718460
======================
   8      32 sdc 1721772 12549 250147780 11915216 21216698 525347530 9180283296 1060673736 183 37728704 1073872980
======================
   8      32 sdc 1721772 12549 250147780 11915216 21217338 525347530 9180610976 1060888712 151 37729704 1074037404
======================
   8      32 sdc 1721772 12549 250147780 11915216 21217988 525347530 9180943776 1061133484 141 37730708 1074193452
======================
   8      32 sdc 1721772 12549 250147780 11915216 21218665 525347530 9181290400 1061356408 149 37731712 1074343128
======================
   8      32 sdc 1721772 12549 250147780 11915216 21219306 525347530 9181618592 1061512468 148 37732728 1074488692
======================
   8      32 sdc 1721772 12549 250147780 11915216 21219951 525347530 9181948832 1061657276 143 37733736 1074632912
======================
   8      32 sdc 1721772 12549 250147780 11915216 21220635 525347530 9182299040 1061802864 131 37734748 1074777536
======================
   8      32 sdc 1721772 12549 250147780 11915216 21221314 525347530 9182646688 1061946944 156 37735756 1074921656
======================
   8      32 sdc 1721772 12549 250147780 11915216 21221984 525347530 9182989728 1062089872 158 37736764 1075065672
======================
   8      32 sdc 1721772 12549 250147780 11915216 21222607 525347530 9183308704 1062232656 143 37737764 1075208764
======================
   8      32 sdc 1721772 12549 250147780 11915216 21223246 525347530 9183635872 1062377200 144 37738768 1075352240
======================
   8      32 sdc 1721772 12549 250147780 11915216 21223922 525347530 9183981984 1062520768 140 37739772 1075495848
======================
   8      32 sdc 1721773 12549 250147788 11915476 21224557 525348001 9184306336 1062639620 143 37740768 1075615616
======================
   8      32 sdc 1721773 12549 250147788 11915476 21225176 525348001 9184623264 1062781592 132 37741772 1075758892
======================
   8      32 sdc 1721773 12549 250147788 11915476 21225857 525348001 9184971936 1062926912 155 37742776 1075902444
======================
   8      32 sdc 1721773 12549 250147788 11915476 21226521 525348001 9185311904 1063070296 131 37743776 1076045644
======================
   8      32 sdc 1721773 12549 250147788 11915476 21227147 525348001 9185632416 1063213316 145 37744780 1076189324
======================
   8      32 sdc 1721773 12549 250147788 11915476 21227788 525348001 9185960608 1063356640 144 37745784 1076332900
======================
   8      32 sdc 1721773 12549 250147788 11915476 21228433 525348001 9186290848 1063500596 139 37746784 1076476000
======================
   8      32 sdc 1721773 12549 250147788 11915476 21229091 525348001 9186627744 1063644056 153 37747788 1076619684
======================
   8      32 sdc 1721773 12549 250147788 11915476 21229730 525348001 9186954912 1063787152 154 37748788 1076762832
======================
   8      32 sdc 1721773 12549 250147788 11915476 21230375 525348001 9187285152 1063931384 149 37749796 1076907160
======================
   8      32 sdc 1721773 12549 250147788 11915476 21231056 525348001 9187633824 1064076248 140 37750804 1077051344
======================
   8      32 sdc 1721773 12549 250147788 11915476 21231714 525348001 9187970720 1064218996 154 37751808 1077194928
======================
   8      32 sdc 1721774 12549 250147796 11915728 21232317 525348480 9188278104 1064336024 103 37752812 1077313748
======================
   8      32 sdc 1721774 12549 250147796 11915728 21232428 525348484 9188311912 1064365728 0 37753016 1077325832
======================
   8      32 sdc 1721774 12549 250147796 11915728 21232428 525348484 9188311912 1064365728 0 37753016 1077325832
======================
   8      32 sdc 1721774 12549 250147796 11915728 21232428 525348484 9188311912 1064365728 0 37753016 1077325832
======================
   8      32 sdc 1721774 12549 250147796 11915728 21232428 525348484 9188311912 1064365728 0 37753016 1077325832
======================
   8      32 sdc 1721774 12549 250147796 11915728 21232428 525348484 9188311912 1064365728 0 37753016 1077325832
======================
   8      32 sdc 1722010 12549 250149678 11922408 21232441 525348484 9188311960 1064365728 1 37753212 1077332660
started
======================
   8      32 sdc 1722015 12549 250149718 11923244 21232443 525348484 9188311968 1064365728 0 37753900 1077333348
======================
   8      32 sdc 1722015 12549 250149718 11923244 21232443 525348484 9188311968 1064365728 0 37753900 1077333348
======================
   8      32 sdc 1722148 12549 250182526 11924176 21232443 525348484 9188311968 1064365728 1 37754836 1077334284
======================
   8      32 sdc 1722278 12549 250215806 11925144 21232443 525348484 9188311968 1064365728 1 37755804 1077335252
======================
   8      32 sdc 1722401 12549 250247294 11926124 21232443 525348484 9188311968 1064365728 1 37756784 1077336232
======================
   8      32 sdc 1722533 12549 250281086 11927112 21232443 525348484 9188311968 1064365728 1 37757772 1077337220
======================
   8      32 sdc 1722668 12549 250315646 11928084 21232443 525348484 9188311968 1064365728 1 37758740 1077338188
======================
   8      32 sdc 1722794 12549 250347902 11929040 21232446 525348486 9188312008 1064365728 1 37759696 1077339144
======================
   8      32 sdc 1722922 12549 250380670 11929996 21232446 525348486 9188312008 1064365728 1 37760656 1077340104
======================
   8      32 sdc 1723046 12549 250412414 11930948 21232446 525348486 9188312008 1064365728 1 37761612 1077341060
======================
   8      32 sdc 1723176 12549 250445694 11931896 21232446 525348486 9188312008 1064365728 1 37762556 1077342004
======================
   8      32 sdc 1723304 12549 250478462 11932864 21232446 525348486 9188312008 1064365728 1 37763524 1077342972
======================
   8      32 sdc 1723432 12549 250511230 11933840 21232446 525348486 9188312008 1064365728 1 37764504 1077343952
======================
   8      32 sdc 1723559 12549 250543742 11934816 21232446 525348486 9188312008 1064365728 1 37765476 1077344924
======================
   8      32 sdc 1723660 12549 250569598 11935788 21232446 525348486 9188312008 1064365728 1 37766448 1077345896
======================
   8      32 sdc 1723788 12549 250602366 11936764 21232446 525348486 9188312008 1064365728 1 37767424 1077346872
======================
   8      32 sdc 1723919 12549 250635902 11937724 21232446 525348486 9188312008 1064365728 1 37768380 1077347832
======================
   8      32 sdc 1724051 12549 250669694 11938688 21232446 525348486 9188312008 1064365728 1 37769348 1077348800
======================
   8      32 sdc 1724184 12549 250703742 11939656 21232446 525348486 9188312008 1064365728 1 37770316 1077349768
======================
   8      32 sdc 1724314 12549 250737022 11940604 21232446 525348486 9188312008 1064365728 1 37771264 1077350716
======================
   8      32 sdc 1724453 12549 250772606 11941556 21232446 525348486 9188312008 1064365728 1 37772216 1077351668
======================
   8      32 sdc 1724585 12549 250806398 11942528 21232446 525348486 9188312008 1064365728 1 37773184 1077352636
======================
   8      32 sdc 1724716 12549 250839934 11943488 21232446 525348486 9188312008 1064365728 1 37774144 1077353596
======================
   8      32 sdc 1724850 12549 250874238 11944452 21232446 525348486 9188312008 1064365728 0 37775108 1077354560
======================
   8      32 sdc 1724987 12549 250909310 11945428 21232446 525348486 9188312008 1064365728 0 37776084 1077355536
======================
   8      32 sdc 1725119 12549 250943102 11946372 21232446 525348486 9188312008 1064365728 1 37777028 1077356480
======================
   8      32 sdc 1725252 12549 250977150 11947340 21232446 525348486 9188312008 1064365728 1 37777996 1077357448
======================
   8      32 sdc 1725382 12549 251010430 11948296 21232446 525348486 9188312008 1064365728 1 37778964 1077358416
======================
   8      32 sdc 1725514 12549 251044222 11949244 21232446 525348486 9188312008 1064365728 1 37779916 1077359368
======================
   8      32 sdc 1725637 12549 251075710 11950228 21232446 525348486 9188312008 1064365728 1 37780888 1077360340
======================
   8      32 sdc 1725774 12549 251110782 11951188 21232446 525348486 9188312008 1064365728 1 37781848 1077361300
======================
   8      32 sdc 1725913 12549 251146366 11952144 21232446 525348486 9188312008 1064365728 1 37782808 1077362260
======================
   8      32 sdc 1726049 12549 251181182 11953096 21232448 525348486 9188312024 1064365728 0 37783756 1077363208
======================
   8      32 sdc 1726179 12549 251214462 11954076 21232448 525348486 9188312024 1064365728 1 37784740 1077364192
======================
   8      32 sdc 1726308 12549 251247486 11955028 21232448 525348486 9188312024 1064365728 1 37785696 1077365148
======================
   8      32 sdc 1726410 12549 251273598 11956024 21232448 525348486 9188312024 1064365728 1 37786684 1077366136
======================
   8      32 sdc 1726540 12549 251306878 11956976 21232448 525348486 9188312024 1064365728 1 37787640 1077367092
======================
   8      32 sdc 1726665 12549 251338878 11957948 21232448 525348486 9188312024 1064365728 1 37788612 1077368064
======================
   8      32 sdc 1726794 12549 251371902 11958928 21232448 525348486 9188312024 1064365728 1 37789592 1077369044
======================
   8      32 sdc 1726925 12549 251405438 11959896 21232448 525348486 9188312024 1064365728 1 37790560 1077370012
======================
   8      32 sdc 1727051 12549 251437694 11960872 21232448 525348486 9188312024 1064365728 1 37791540 1077370992
======================
   8      32 sdc 1727182 12549 251471230 11961844 21232448 525348486 9188312024 1064365728 1 37792504 1077371956
======================
   8      32 sdc 1727314 12549 251505022 11962824 21232448 525348486 9188312024 1064365728 0 37793484 1077372936
======================
   8      32 sdc 1727449 12549 251539582 11963784 21232448 525348486 9188312024 1064365728 1 37794444 1077373896
======================
   8      32 sdc 1727586 12549 251574654 11964760 21232448 525348486 9188312024 1064365728 1 37795424 1077374876
======================
   8      32 sdc 1727718 12549 251608446 11965736 21232448 525348486 9188312024 1064365728 1 37796396 1077375848
======================
   8      32 sdc 1727847 12549 251641470 11966716 21232448 525348486 9188312024 1064365728 1 37797376 1077376828
======================
   8      32 sdc 1727982 12549 251676030 11967680 21232448 525348486 9188312024 1064365728 1 37798340 1077377792
======================
   8      32 sdc 1728121 12549 251711614 11968648 21232448 525348486 9188312024 1064365728 1 37799308 1077378760
======================
   8      32 sdc 1728252 12549 251745150 11969628 21232448 525348486 9188312024 1064365728 1 37800288 1077379740
======================
   8      32 sdc 1728388 12549 251779966 11970600 21232448 525348486 9188312024 1064365728 1 37801260 1077380712
======================
   8      32 sdc 1728520 12549 251813758 11971576 21232448 525348486 9188312024 1064365728 1 37802232 1077381684
======================
   8      32 sdc 1728655 12549 251848318 11972556 21232448 525348486 9188312024 1064365728 1 37803208 1077382660
======================
   8      32 sdc 1728787 12549 251882110 11973508 21232448 525348486 9188312024 1064365728 1 37804160 1077383612
======================
   8      32 sdc 1728921 12549 251916414 11974472 21232448 525348486 9188312024 1064365728 1 37805132 1077384584
======================
   8      32 sdc 1729060 12549 251951998 11975428 21232448 525348486 9188312024 1064365728 1 37806080 1077385532
======================
   8      32 sdc 1729195 12549 251986558 11976388 21232448 525348486 9188312024 1064365728 1 37807048 1077386500
======================
   8      32 sdc 1729328 12549 252020606 11977380 21232448 525348486 9188312024 1064365728 1 37808032 1077387484
======================
   8      32 sdc 1729460 12549 252054398 11978356 21232448 525348486 9188312024 1064365728 1 37809012 1077388464
======================
   8      32 sdc 1729596 12549 252089214 11979320 21232448 525348486 9188312024 1064365728 1 37809980 1077389432
======================
   8      32 sdc 1729736 12549 252125054 11980292 21232448 525348486 9188312024 1064365728 1 37810948 1077390400
======================
   8      32 sdc 1729860 12549 252156798 11981264 21232448 525348486 9188312024 1064365728 1 37811916 1077391368
======================
   8      32 sdc 1729964 12549 252183422 11982036 21232448 525348486 9188312024 1064365728 0 37812688 1077392140
