======================
   8      16 sdb 2014320 5649 392135166 846116 3712236 26254639 1849953448 261636288 0 2397920 262479684
======================
   8      16 sdb 2014320 5649 392135166 846116 3712236 26254639 1849953448 261636288 0 2397920 262479684
======================
   8      16 sdb 2014323 5649 392135190 846116 3712236 26254639 1849953448 261636288 0 2397920 262479684
======================
   8      16 sdb 2014324 5649 392135198 846116 3712236 26254639 1849953448 261636288 0 2397920 262479684
======================
   8      16 sdb 2014324 5649 392135198 846116 3712236 26254639 1849953448 261636288 0 2397920 262479684
======================
   8      16 sdb 2014324 5649 392135198 846116 3712236 26254639 1849953448 261636288 0 2397920 262479684
======================
   8      16 sdb 2014324 5649 392135198 846116 3712236 26254639 1849953448 261636288 0 2397920 262479684
======================
   8      16 sdb 2014324 5649 392135198 846116 3712376 26263284 1850023728 261639288 0 2397976 262482684
======================
   8      16 sdb 2014324 5649 392135198 846116 3712376 26263284 1850023728 261639288 0 2397976 262482684
======================
   8      16 sdb 2014324 5649 392135198 846116 3712376 26263284 1850023728 261639288 0 2397976 262482684
======================
   8      16 sdb 2014324 5649 392135198 846116 3712376 26263284 1850023728 261639288 0 2397976 262482684
======================
   8      16 sdb 2014324 5649 392135198 846116 3712549 26274089 1850111552 261639976 0 2398004 262483372
======================
   8      16 sdb 2014324 5649 392135198 846116 3713463 26313950 1850437504 261640680 2 2398280 262484068
======================
   8      16 sdb 2014324 5649 392135198 846116 3713555 26319101 1850479696 261640828 0 2398340 262484216
======================
   8      16 sdb 2014324 5649 392135198 846116 3713555 26319101 1850479696 261640828 0 2398340 262484216
======================
   8      16 sdb 2014324 5649 392135198 846116 3713555 26319101 1850479696 261640828 0 2398340 262484216
======================
   8      16 sdb 2014324 5649 392135198 846116 3713743 26330850 1850575192 261641496 0 2398376 262484884
======================
   8      16 sdb 2014324 5649 392135198 846116 3713743 26330850 1850575192 261641496 0 2398376 262484884
======================
   8      16 sdb 2014324 5649 392135198 846116 3715390 26423229 1851326896 261643776 4 2399336 262487164
======================
   8      16 sdb 2014324 5649 392135198 846116 3717118 26519776 1852112640 261646176 2 2400344 262489556
======================
   8      16 sdb 2014324 5649 392135198 846116 3718324 26588186 1852670528 261647672 0 2401072 262491044
======================
   8      16 sdb 2014324 5649 392135198 846116 3718748 26614804 1852886864 261647940 0 2401236 262491312
======================
   8      16 sdb 2014324 5649 392135198 846116 3718748 26614804 1852886864 261647940 0 2401236 262491312
======================
   8      16 sdb 2014324 5649 392135198 846116 3718748 26614804 1852886864 261647940 0 2401236 262491312
======================
   8      16 sdb 2014324 5649 392135198 846116 3718748 26614804 1852886864 261647940 0 2401236 262491312
======================
   8      16 sdb 2014324 5649 392135198 846116 3718748 26614804 1852886864 261647940 0 2401236 262491312
======================
   8      16 sdb 2014324 5649 392135198 846116 3718954 26627711 1852991768 261648012 0 2401272 262491380
======================
   8      16 sdb 2014324 5649 392135198 846116 3718954 26627711 1852991768 261648012 0 2401272 262491380
======================
   8      16 sdb 2014324 5649 392135198 846116 3718954 26627711 1852991768 261648012 0 2401272 262491380
======================
   8      16 sdb 2014324 5649 392135198 846116 3718954 26627711 1852991768 261648012 0 2401272 262491380
======================
   8      16 sdb 2014324 5649 392135198 846116 3718954 26627711 1852991768 261648012 0 2401272 262491380
======================
   8      16 sdb 2014324 5649 392135198 846116 3719147 26639793 1853089968 261648100 0 2401308 262491468
======================
   8      16 sdb 2014324 5649 392135198 846116 3719147 26639793 1853089968 261648100 0 2401308 262491468
======================
   8      16 sdb 2014324 5649 392135198 846116 3719147 26639793 1853089968 261648100 0 2401308 262491468
======================
   8      16 sdb 2014324 5649 392135198 846116 3719147 26639793 1853089968 261648100 0 2401308 262491468
======================
   8      16 sdb 2014324 5649 392135198 846116 3719147 26639793 1853089968 261648100 0 2401308 262491468
======================
   8      16 sdb 2014324 5649 392135198 846116 3719342 26651986 1853189072 261648188 0 2401344 262491552
======================
   8      16 sdb 2014324 5649 392135198 846116 3719342 26651986 1853189072 261648188 0 2401344 262491552
======================
   8      16 sdb 2014324 5649 392135198 846116 3719342 26651986 1853189072 261648188 0 2401344 262491552
======================
   8      16 sdb 2014324 5649 392135198 846116 3719342 26651986 1853189072 261648188 0 2401344 262491552
======================
   8      16 sdb 2014324 5649 392135198 846116 3719730 26675086 1853376464 261648512 2 2401584 262491872
======================
   8      16 sdb 2014324 5649 392135198 846116 3722199 26826532 1854607944 261654908 1 2402496 262498252
======================
   8      16 sdb 2014324 5649 392135198 846116 3723849 26927386 1855428152 261656616 1 2403500 262499936
======================
   8      16 sdb 2014324 5649 392135198 846116 3725512 27028974 1856253720 261658276 2 2404500 262501584
======================
   8      16 sdb 2014324 5649 392135198 846116 3727182 27130875 1857082320 261659648 2 2405504 262502948
======================
   8      16 sdb 2014324 5649 392135198 846116 3728865 27232952 1857912664 261661016 1 2406508 262504312
======================
   8      16 sdb 2014324 5649 392135198 846116 3730720 27347152 1858841168 261671388 1 2407488 262514680
======================
   8      16 sdb 2014324 5649 392135198 846116 3732631 27464389 1859793160 261672788 3 2408492 262516056
======================
   8      16 sdb 2014324 5649 392135198 846116 3733455 27514913 1860205392 261673292 0 2408848 262516556
======================
   8      16 sdb 2014324 5649 392135198 846116 3733455 27514913 1860205392 261673292 0 2408848 262516556
======================
   8      16 sdb 2014324 5649 392135198 846116 3733456 27514913 1860205392 261673292 0 2408848 262516556
======================
   8      16 sdb 2014324 5649 392135198 846116 3733456 27514913 1860205392 261673292 0 2408848 262516556
======================
   8      16 sdb 2014324 5649 392135198 846116 3733456 27514913 1860205392 261673292 0 2408848 262516556
======================
started
   8      16 sdb 2014481 5649 392136448 846284 3733471 27514913 1860205448 261673292 0 2408856 262516724
======================
   8      16 sdb 2014481 5649 392136448 846284 3733471 27514913 1860205448 261673292 0 2408856 262516724
======================
   8      16 sdb 2051435 5649 392432080 854512 3733471 27514913 1860205448 261673292 0 2409600 262524940
======================
   8      16 sdb 2069302 5649 392575016 858004 3733471 27514913 1860205448 261673292 0 2410188 262528428
======================
   8      16 sdb 2076745 5649 392634560 859208 3733471 27514913 1860205448 261673292 0 2410748 262529672
======================
   8      16 sdb 2081144 5649 392669752 859736 3733471 27514913 1860205448 261673292 1 2411268 262530196
======================
   8      16 sdb 2084876 5649 392699608 860180 3733471 27514913 1860205448 261673292 1 2411712 262530640
======================
   8      16 sdb 2088667 5649 392729936 860764 3733694 27528774 1860318120 261673364 1 2412296 262531292
======================
   8      16 sdb 2092532 5649 392760856 861256 3733694 27528774 1860318120 261673364 1 2412788 262531784
======================
   8      16 sdb 2096597 5649 392793376 861744 3733694 27528774 1860318120 261673364 1 2413276 262532272
======================
   8      16 sdb 2100617 5649 392825536 862252 3733694 27528774 1860318120 261673364 1 2413780 262532776
======================
   8      16 sdb 2104286 5649 392854888 862760 3733694 27528998 1860318120 261673364 4 2414288 262533284
======================
   8      16 sdb 2108218 5649 392886344 863296 3733945 27544472 1860445712 261673432 1 2414820 262533884
======================
   8      16 sdb 2111953 5649 392916224 863740 3733945 27544472 1860445712 261673432 1 2415256 262534320
======================
   8      16 sdb 2116031 5649 392948848 864284 3733945 27544472 1860445712 261673432 1 2415800 262534864
======================
   8      16 sdb 2120089 5649 392981312 864824 3733945 27544472 1860445712 261673432 0 2416336 262535400
======================
   8      16 sdb 2123934 5649 393012072 865340 3734040 27550547 1860494352 261673468 3 2416864 262535964
======================
   8      16 sdb 2127794 5649 393042952 865900 3734199 27560392 1860575104 261673520 1 2417408 262536560
======================
   8      16 sdb 2131665 5649 393073920 866408 3734199 27560392 1860575104 261673520 1 2417916 262537068
======================
   8      16 sdb 2135516 5649 393104728 866964 3734199 27560392 1860575104 261673520 1 2418464 262537616
======================
   8      16 sdb 2139483 5649 393136464 867520 3734199 27560392 1860575104 261673520 0 2419020 262538172
======================
   8      16 sdb 2143193 5649 393166144 868012 3734447 27576143 1860702080 261673600 4 2419544 262538776
======================
   8      16 sdb 2147283 5649 393198864 868536 3734452 27576247 1860703968 261673600 0 2420036 262539268
======================
   8      16 sdb 2150989 5649 393228512 869028 3734452 27576247 1860703968 261673600 1 2420524 262539756
======================
   8      16 sdb 2155172 5649 393261976 869620 3734452 27576247 1860703968 261673600 1 2421116 262540348
======================
   8      16 sdb 2159397 5649 393295776 870188 3734452 27576247 1860703968 261673600 0 2421684 262540916
======================
   8      16 sdb 2163347 5649 393327376 870664 3734682 27590926 1860821728 261673672 4 2422208 262541516
======================
   8      16 sdb 2167284 5649 393358872 871188 3734712 27592543 1860836416 261673684 1 2422684 262542000
======================
   8      16 sdb 2171168 5649 393389944 871700 3734712 27592543 1860836416 261673684 0 2423192 262542508
======================
   8      16 sdb 2175220 5649 393422360 872224 3734712 27592543 1860836416 261673684 0 2423716 262543032
======================
   8      16 sdb 2179097 5649 393453376 872772 3734712 27592543 1860836416 261673684 0 2424264 262543580
======================
   8      16 sdb 2183266 5649 393486728 873336 3734970 27608702 1860967752 261673788 1 2424824 262544244
======================
   8      16 sdb 2186447 5649 393512176 873908 3737609 27624081 1861107216 261706444 144 2425444 262578784
======================
   8      16 sdb 2188976 5649 393532408 874480 3742720 27645284 1861322408 261798768 1 2426276 262670368
======================
   8      16 sdb 2193257 5649 393566656 875020 3742720 27645284 1861322408 261798768 1 2426816 262670908
======================
   8      16 sdb 2197214 5649 393598312 875560 3742720 27645284 1861322408 261798768 0 2427348 262671440
======================
   8      16 sdb 2201284 5649 393630872 876096 3742958 27660203 1861443664 261798844 1 2427892 262672060
======================
   8      16 sdb 2204966 5649 393660328 876644 3742958 27660203 1861443664 261798844 0 2428428 262672596
======================
   8      16 sdb 2208783 5649 393690864 877128 3742958 27660203 1861443664 261798844 0 2428908 262673076
======================
   8      16 sdb 2212629 5649 393721632 877640 3742958 27660203 1861443664 261798844 1 2429416 262673584
======================
   8      16 sdb 2216471 5649 393752368 878116 3742958 27660203 1861443664 261798844 0 2429888 262674056
======================
   8      16 sdb 2219894 5649 393779752 878644 3743203 27675555 1861568440 261798952 1 2430416 262674692
======================
   8      16 sdb 2223603 5649 393809424 879124 3743203 27675555 1861568440 261798952 0 2430888 262675164
======================
   8      16 sdb 2227470 5649 393840360 879632 3743203 27675555 1861568440 261798952 1 2431396 262675672
======================
   8      16 sdb 2231536 5649 393872888 880160 3743203 27675555 1861568440 261798952 1 2431920 262676196
======================
   8      16 sdb 2235717 5649 393906336 880712 3743203 27675555 1861568440 261798952 1 2432472 262676748
======================
   8      16 sdb 2238987 5649 393932496 881276 3743454 27691249 1861696000 261799036 1 2433040 262677400
======================
   8      16 sdb 2242871 5649 393963568 881816 3743454 27691249 1861696000 261799036 1 2433576 262677936
======================
   8      16 sdb 2246948 5649 393996184 882324 3743454 27691249 1861696000 261799036 0 2434084 262678444
======================
   8      16 sdb 2250989 5649 394028512 882776 3743454 27691249 1861696000 261799036 0 2434532 262678892
======================
   8      16 sdb 2254716 5649 394058328 883280 3743454 27691249 1861696000 261799036 1 2435028 262679388
======================
   8      16 sdb 2258278 5649 394086824 883900 3743707 27707089 1861824744 261799168 0 2435648 262680136
======================
   8      16 sdb 2262350 5649 394119400 884416 3743707 27707089 1861824744 261799168 0 2436164 262680652
======================
   8      16 sdb 2266480 5649 394152440 885016 3743707 27707089 1861824744 261799168 1 2436760 262681248
======================
   8      16 sdb 2270262 5649 394182696 885528 3743707 27707089 1861824744 261799168 0 2437272 262681760
======================
   8      16 sdb 2274106 5649 394213448 886000 3743707 27707089 1861824744 261799168 1 2437744 262682232
======================
   8      16 sdb 2277637 5649 394241696 886584 3743960 27722937 1861953552 261799276 1 2438328 262682924
======================
   8      16 sdb 2281866 5649 394275528 887152 3743960 27722937 1861953552 261799276 0 2438896 262683492
======================
   8      16 sdb 2286069 5649 394309152 887740 3743960 27722937 1861953552 261799276 1 2439484 262684080
======================
   8      16 sdb 2289999 5649 394340592 888252 3743960 27722937 1861953552 261799276 0 2439988 262684584
======================
   8      16 sdb 2293963 5649 394372304 888776 3743960 27722937 1861953552 261799276 1 2440508 262685104
======================
   8      16 sdb 2297243 5649 394398544 889320 3744213 27738784 1862082352 261799356 0 2441052 262685728
======================
   8      16 sdb 2297243 5649 394398544 889320 3744213 27738784 1862082352 261799356 0 2441052 262685728
