======================
   8      16 sdb 32150233 522082 2984796098 67518916 59505352 381740380 15919466168 2272526736 0 20429580 2340110888
======================
   8      16 sdb 32150233 522082 2984796098 67518916 59505352 381740380 15919466168 2272526736 0 20429580 2340110888
======================
   8      16 sdb 32150234 522082 2984796106 67518928 59505362 381740907 15919470464 2272526736 0 20429592 2340110900
======================
   8      16 sdb 32150234 522082 2984796106 67518928 59505362 381740907 15919470464 2272526736 0 20429592 2340110900
======================
   8      16 sdb 32150241 522082 2984796162 67518996 59508687 381741392 15921155576 2272581416 149 20430080 2340169776
======================
   8      16 sdb 32150245 522082 2984796194 67519164 59510684 381741392 15922178040 2272714756 150 20431084 2340304232
======================
   8      16 sdb 32150249 522082 2984796226 67519432 59512508 381741392 15923111928 2272845208 131 20432088 2340433396
======================
   8      16 sdb 32150253 522082 2984796258 67519460 59514207 381741422 15923981552 2272986908 142 20433092 2340576864
======================
   8      16 sdb 32150256 522082 2984796282 67519496 59515590 381741422 15924689144 2273134448 152 20434096 2340723044
======================
   8      16 sdb 32150261 522082 2984796322 67519600 59518370 381741422 15926112504 2273333736 138 20435528 2340925212
======================
   8      16 sdb 32150264 522082 2984796346 67519668 59519943 381741438 15926914984 2273441196 157 20436536 2341066876
======================
   8      16 sdb 32150269 522082 2984796386 67519824 59521816 381741438 15927873960 2273612512 135 20437560 2341206504
======================
   8      16 sdb 32150274 522082 2984796426 67519948 59524478 381741465 15929236616 2273755992 145 20438576 2341345392
======================
   8      16 sdb 32150279 522082 2984796466 67520100 59526901 381741465 15930476688 2273894116 133 20439584 2341483176
======================
   8      16 sdb 32150282 522082 2984796490 67520228 59528837 381741465 15931467920 2274029400 114 20440588 2341619840
======================
   8      16 sdb 32150287 522082 2984796530 67520464 59530739 381741465 15932441744 2274155024 151 20441592 2341746612
======================
   8      16 sdb 32150291 522082 2984796562 67520668 59532661 381741477 15933424392 2274286968 149 20442592 2341877860
======================
   8      16 sdb 32150295 522082 2984796594 67520900 59534585 381741511 15934409760 2274416036 131 20443596 2342004392
======================
   8      16 sdb 32150298 522082 2984796618 67521080 59536504 381741511 15935391272 2274544396 132 20444600 2342135864
======================
   8      16 sdb 32150303 522082 2984796658 67521384 59538426 381741511 15936375336 2274661184 134 20445600 2342252808
======================
   8      16 sdb 32150307 522082 2984796690 67521668 59540344 381741511 15937357352 2274782856 151 20446604 2342374608
======================
   8      16 sdb 32150310 522082 2984796714 67521904 59542268 381741530 15938340072 2274908340 5 20447616 2342495804
======================
   8      16 sdb 32150314 522082 2984796746 67522148 59544192 381741561 15939324400 2275027620 115 20448628 2342619976
======================
   8      16 sdb 32150319 522082 2984796786 67522468 59546089 381741561 15940295664 2275141952 146 20449628 2342734980
======================
   8      16 sdb 32150323 522082 2984796818 67522760 59548013 381741561 15941280752 2275261408 155 20450632 2342854628
======================
   8      16 sdb 32150327 522082 2984796850 67523056 59549939 381741561 15942266864 2275385548 152 20451632 2342974364
======================
   8      16 sdb 32150330 522082 2984796874 67523288 59551865 381741561 15943252976 2275506436 123 20452632 2343099876
======================
   8      16 sdb 32150335 522082 2984796914 67523576 59553793 381741630 15944234112 2275613320 130 20453636 2343207300
======================
   8      16 sdb 32150339 522082 2984796946 67523876 59555714 381741630 15945217664 2275735036 134 20454640 2343328904
======================
   8      16 sdb 32150342 522082 2984796970 67524092 59557619 381741630 15946193024 2275860440 13 20455644 2343450528
======================
   8      16 sdb 32150346 522082 2984797002 67524388 59559518 381741630 15947165312 2275978812 130 20456648 2343575148
======================
   8      16 sdb 32150351 522082 2984797042 67524716 59561440 381741630 15948149376 2276095656 152 20457648 2343690540
======================
   8      16 sdb 32150355 522082 2984797074 67525016 59563340 381741662 15949121424 2276213196 158 20458648 2343809188
======================
   8      16 sdb 32150358 522082 2984797098 67525216 59565288 381741662 15950118800 2276340312 27 20459652 2343932416
======================
   8      16 sdb 32150362 522082 2984797130 67525524 59567213 381741662 15951104400 2276460028 137 20460656 2344055932
======================
   8      16 sdb 32150367 522082 2984797170 67525860 59569069 381741662 15952054672 2276569552 136 20461660 2344170740
======================
   8      16 sdb 32150371 522082 2984797202 67526156 59571067 381741676 15953075240 2276695304 148 20462660 2344291252
======================
   8      16 sdb 32150374 522082 2984797226 67526380 59572970 381741709 15954048832 2276820476 31 20463656 2344413912
======================
   8      16 sdb 32150378 522082 2984797258 67526692 59574878 381741709 15955025728 2276939568 154 20464656 2344536560
======================
   8      16 sdb 32150383 522082 2984797298 67527020 59576802 381741709 15956010816 2277053968 138 20465656 2344651276
======================
   8      16 sdb 32150387 522082 2984797330 67527320 59578722 381741709 15956993856 2277174448 154 20466656 2344770544
======================
   8      16 sdb 32150390 522082 2984797354 67527536 59580650 381741725 15957977592 2277298496 38 20467660 2344893416
======================
   8      16 sdb 32150394 522082 2984797386 67527844 59582588 381741755 15958969080 2277411476 142 20468668 2345009544
======================
   8      16 sdb 32150399 522082 2984797426 67528164 59584512 381741755 15959954168 2277526928 154 20469672 2345125372
======================
   8      16 sdb 32150403 522082 2984797458 67528480 59586411 381741755 15960926456 2277647728 152 20470672 2345245024
======================
   8      16 sdb 32150406 522082 2984797482 67528712 59588312 381741755 15961900280 2277769860 74 20471676 2345367624
======================
   8      16 sdb 32150410 522082 2984797514 67529004 59590243 381741769 15962886032 2277890580 147 20472676 2345489400
======================
   8      16 sdb 32150415 522082 2984797554 67529348 59592165 381741802 15963869352 2278001136 128 20473680 2345600532
======================
   8      16 sdb 32150419 522082 2984797586 67529644 59594085 381741802 15964852392 2278122188 141 20474684 2345720132
======================
   8      16 sdb 32150422 522082 2984797610 67529872 59596011 381741802 15965838504 2278245304 62 20475684 2345843680
======================
   8      16 sdb 32150426 522082 2984797642 67530156 59597928 381741802 15966820008 2278363968 132 20476688 2345964876
======================
   8      16 sdb 32150431 522082 2984797682 67530452 59599845 381741802 15967801512 2278480124 128 20477692 2346080740
======================
   8      16 sdb 32150435 522082 2984797714 67530768 59601752 381741836 15968777160 2278601072 139 20478692 2346198268
======================
   8      16 sdb 32150438 522082 2984797738 67530984 59603688 381741874 15969763152 2278723156 94 20479696 2346323628
======================
   8      16 sdb 32150442 522082 2984797770 67531284 59605606 381741874 15970745168 2278843164 136 20480696 2346444208
======================
   8      16 sdb 32150447 522082 2984797810 67531612 59607530 381741874 15971730256 2278957168 133 20481696 2346558816
======================
   8      16 sdb 32150451 522082 2984797842 67531908 59609453 381741874 15972714832 2279081784 135 20482696 2346680576
======================
   8      16 sdb 32150454 522082 2984797866 67532132 59611376 381741905 15973698648 2279205068 88 20483696 2346806440
======================
   8      16 sdb 32150458 522082 2984797898 67532444 59613279 381741905 15974672984 2279324836 146 20484696 2346927236
======================
   8      16 sdb 32150463 522082 2984797938 67532752 59615184 381741905 15975648344 2279441076 128 20485700 2347043396
======================
   8      16 sdb 32150467 522082 2984797970 67533056 59617109 381741905 15976633944 2279565408 156 20486700 2347163852
======================
   8      16 sdb 32150470 522082 2984797994 67533284 59619033 381741922 15977617656 2279686528 114 20487700 2347289744
======================
   8      16 sdb 32150474 522082 2984798026 67533600 59620956 381741953 15978601472 2279800416 153 20488704 2347404336
======================
   8      16 sdb 32150479 522082 2984798066 67533924 59622866 381741953 15979579392 2279914124 142 20489704 2347518640
======================
   8      16 sdb 32150484 522082 2984798106 67534312 59625647 381741953 15981003264 2280091560 134 20491164 2347698964
======================
   8      16 sdb 32150488 522082 2984798138 67534608 59627638 381741953 15982022656 2280217868 128 20492188 2347822336
======================
   8      16 sdb 32150493 522082 2984798178 67534928 59629559 381742002 15983004584 2280333632 130 20493196 2347938476
======================
   8      16 sdb 32150497 522082 2984798210 67535248 59631560 381742002 15984028592 2280458604 147 20494240 2348063480
======================
   8      16 sdb 32150501 522082 2984798242 67535552 59633504 381742002 15985023920 2280584552 155 20495252 2348185476
======================
   8      16 sdb 32150504 522082 2984798266 67535808 59635251 381742002 15985918384 2280705680 143 20496256 2348311584
======================
   8      16 sdb 32150509 522082 2984798306 67536136 59637182 381742002 15986907056 2280823340 138 20497260 2348428924
======================
   8      16 sdb 32150512 522082 2984798330 67536364 59639111 381742034 15987894456 2280941464 12 20498264 2348543424
======================
   8      16 sdb 32150516 522082 2984798362 67536668 59640849 381742071 15988778560 2281061568 150 20499268 2348668032
======================
   8      16 sdb 32150520 522082 2984798394 67536976 59642788 381742071 15989771328 2281184612 136 20500284 2348789740
======================
   8      16 sdb 32150524 522082 2984798426 67537200 59644688 381742071 15990744128 2281307676 79 20501288 2348913424
======================
   8      16 sdb 32150528 522082 2984798458 67537504 59646637 381742071 15991742016 2281425216 154 20502288 2349032664
======================
   8      16 sdb 32150532 522082 2984798490 67537820 59648356 381742102 15992621384 2281544288 52 20503296 2349147416
======================
   8      16 sdb 32150535 522082 2984798514 67538052 59650283 381742102 15993608008 2281664536 118 20504296 2349273016
======================
   8      16 sdb 32150539 522082 2984798546 67538376 59652016 381742102 15994495304 2281785184 146 20505300 2349391880
======================
   8      16 sdb 32150542 522082 2984798570 67538632 59653898 381742102 15995458888 2281902472 71 20506304 2349511068
======================
   8      16 sdb 32150546 522082 2984798602 67538776 59655815 381742102 15996440904 2282037116 140 20507308 2349646672
======================
   8      16 sdb 32150550 522082 2984798634 67538800 59657744 381742150 15997425904 2282178428 129 20508308 2349788592
======================
   8      16 sdb 32150553 522082 2984798658 67538872 59659436 381742150 15998292208 2282322168 152 20509312 2349931432
======================
   8      16 sdb 32150558 522082 2984798698 67538980 59661360 381742150 15999277296 2282461436 147 20510316 2350071000
======================
   8      16 sdb 32150562 522082 2984798730 67539076 59663286 381742150 16000263408 2282601980 138 20511320 2350211688
======================
   8      16 sdb 32150565 522082 2984798754 67539180 59664957 381742150 16001118960 2282741432 144 20512324 2350352692
======================
   8      16 sdb 32150569 522082 2984798786 67539256 59666893 381742185 16002109968 2282881136 144 20513324 2350490800
======================
   8      16 sdb 32150573 522082 2984798818 67539420 59668650 381742223 16003005320 2282999656 157 20514324 2350618796
======================
   8      16 sdb 32150577 522082 2984798850 67539604 59670505 381742223 16003955080 2283143072 130 20515328 2350753224
======================
   8      16 sdb 32150581 522082 2984798882 67539796 59672430 381742223 16004940680 2283277304 148 20516332 2350885576
======================
   8      16 sdb 32150584 522082 2984798906 67539960 59674350 381742223 16005923720 2283408348 114 20517332 2351018504
======================
   8      16 sdb 32150589 522082 2984798946 67540236 59676048 381742257 16006792864 2283531792 145 20518336 2351140452
======================
   8      16 sdb 32150592 522082 2984798970 67540432 59677974 381742257 16007778472 2283659312 44 20519340 2351267728
======================
   8      16 sdb 32150596 522082 2984799002 67540728 59679682 381742257 16008652968 2283780100 135 20520340 2351391260
======================
   8      16 sdb 32150599 522082 2984799026 67540936 59681570 381742257 16009619624 2283906712 48 20521344 2351515780
======================
   8      16 sdb 32150604 522082 2984799066 67541284 59683261 381742257 16010485416 2284023020 139 20522348 2351634068
======================
   8      16 sdb 32150607 522082 2984799090 67541496 59685158 381742304 16011453528 2284141288 35 20523352 2351750512
======================
   8      16 sdb 32150611 522082 2984799122 67541796 59687066 381742304 16012429920 2284258540 136 20524352 2351873976
======================
   8      16 sdb 32150615 522082 2984799154 67542128 59688824 381742304 16013330016 2284383052 137 20525356 2351992644
======================
   8      16 sdb 32150619 522082 2984799186 67542372 59690747 381742304 16014314592 2284502824 95 20526364 2352115632
======================
   8      16 sdb 32150623 522082 2984799218 67542680 59692446 381742304 16015184480 2284622712 134 20527368 2352234680
======================
   8      16 sdb 32150626 522082 2984799242 67542904 59694357 381742350 16016159752 2284740908 60 20528368 2352352932
======================
   8      16 sdb 32150630 522082 2984799274 67543196 59696271 381742350 16017139216 2284859184 155 20529372 2352474096
======================
   8      16 sdb 32150633 522082 2984799298 67543472 59697971 381742350 16018009616 2284984612 47 20530372 2352596756
======================
   8      16 sdb 32150638 522082 2984799338 67543784 59699893 381742361 16018993680 2285099712 133 20531372 2352714356
======================
   8      16 sdb 32150641 522082 2984799362 67544036 59701548 381742361 16019837096 2285223652 78 20532376 2352837692
======================
   8      16 sdb 32150645 522082 2984799394 67544332 59703523 381742395 16020848064 2285342156 136 20533380 2352957736
======================
   8      16 sdb 32150649 522082 2984799426 67544640 59705429 381742395 16021823432 2285462248 134 20534384 2353077928
======================
   8      16 sdb 32150654 522082 2984799466 67544968 59707349 381742395 16022806472 2285580136 128 20535400 2353195652
======================
   8      16 sdb 32150657 522082 2984799490 67545204 59709253 381742395 16023781320 2285705124 39 20536400 2353318192
======================
   8      16 sdb 32150661 522082 2984799522 67545524 59710966 381742409 16024654960 2285829048 133 20537408 2353446160
======================
   8      16 sdb 32150665 522082 2984799554 67545544 59712896 381742441 16025642872 2285972592 152 20538416 2353589076
======================
   8      16 sdb 32150670 522082 2984799594 67545616 59714819 381742441 16026626944 2286114752 129 20539420 2353731512
======================
   8      16 sdb 32150673 522082 2984799618 67545660 59716743 381742441 16027612032 2286257584 157 20540420 2353873968
======================
   8      16 sdb 32150677 522082 2984799650 67545736 59718633 381742441 16028579712 2286399456 155 20541424 2354015736
======================
   8      16 sdb 32150681 522082 2984799682 67545832 59720573 381742441 16029572992 2286540040 155 20542428 2354156568
======================
   8      16 sdb 32150685 522082 2984799714 67545972 59722401 381742491 16030506304 2286668020 130 20543428 2354291068
======================
   8      16 sdb 32150689 522082 2984799746 67546112 59724206 381742491 16031429960 2286811380 129 20544432 2354428264
======================
   8      16 sdb 32150692 522082 2984799770 67546228 59726130 381742491 16032415560 2286948928 106 20545436 2354565852
======================
   8      16 sdb 32150696 522082 2984799802 67546408 59728061 381742491 16033403720 2287083192 128 20546440 2354700316
======================
   8      16 sdb 32150701 522082 2984799842 67546656 59729987 381742491 16034389832 2287210936 154 20547448 2354828692
======================
   8      16 sdb 32150704 522082 2984799866 67546840 59731703 381742528 16035268216 2287341080 102 20548452 2354958528
======================
   8      16 sdb 32150708 522082 2984799898 67547104 59733390 381742563 16036125688 2287463984 146 20549452 2355077536
======================
   8      16 sdb 32150711 522082 2984799922 67547304 59735274 381742563 16037090296 2287586676 149 20550460 2355204792
======================
   8      16 sdb 32150716 522082 2984799962 67547612 59737200 381742563 16038076920 2287706800 148 20551464 2355325420
======================
   8      16 sdb 32150720 522082 2984799994 67547912 59739126 381742563 16039062520 2287826928 156 20552468 2355444256
======================
   8      16 sdb 32150723 522082 2984800018 67548180 59741049 381742599 16040046880 2287946720 50 20553472 2355563372
======================
   8      16 sdb 32150727 522082 2984800050 67548484 59742980 381742599 16041035048 2288066376 152 20554472 2355685812
======================
   8      16 sdb 32150732 522082 2984800090 67548816 59744900 381742599 16042018088 2288180896 143 20555476 2355800900
======================
   8      16 sdb 32150771 522082 2984800402 67549636 59746759 381742599 16042969896 2288298536 142 20556476 2355917592
======================
   8      16 sdb 32150774 522082 2984800426 67549868 59748603 381742599 16043914024 2288420632 113 20557476 2356046108
======================
   8      16 sdb 32150778 522082 2984800458 67550208 59750414 381742629 16044840488 2288538684 136 20558480 2356159580
======================
   8      16 sdb 32150783 522082 2984800498 67550544 59752340 381742629 16045826600 2288659224 145 20559484 2356276360
======================
   8      16 sdb 32150786 522082 2984800522 67550764 59754262 381742629 16046810664 2288779360 104 20560484 2356400504
======================
   8      16 sdb 32150790 522082 2984800554 67551064 59756186 381742629 16047795752 2288898188 151 20561484 2356520260
======================
   8      16 sdb 32150794 522082 2984800586 67551368 59758105 381742629 16048778280 2289018244 141 20562484 2356640148
======================
   8      16 sdb 32150799 522082 2984800626 67551688 59760024 381742657 16049760024 2289139144 103 20563488 2356756588
======================
   8      16 sdb 32150802 522082 2984800650 67551936 59761949 381742657 16050745624 2289256348 131 20564496 2356879208
======================
   8      16 sdb 32150806 522082 2984800682 67552248 59763846 381742657 16051716888 2289375660 130 20565492 2356998568
======================
   8      16 sdb 32150810 522082 2984800714 67552560 59765769 381742657 16052701464 2289496616 148 20566496 2357118944
======================
   8      16 sdb 32150814 522082 2984800746 67552804 59767692 381742704 16053686040 2289617900 52 20567492 2357239108
======================
   8      16 sdb 32150814 522082 2984800746 67552804 59767757 381742749 16053704920 2289621628 0 20567516 2357239864
======================
   8      16 sdb 32150814 522082 2984800746 67552804 59767757 381742749 16053704920 2289621628 0 20567516 2357239864
======================
   8      16 sdb 32150814 522082 2984800746 67552804 59767757 381742749 16053704920 2289621628 0 20567516 2357239864
======================
   8      16 sdb 32150814 522082 2984800746 67552804 59767757 381742749 16053704920 2289621628 0 20567516 2357239864
======================
   8      16 sdb 32150814 522082 2984800746 67552804 59767757 381742749 16053704920 2289621628 0 20567516 2357239864
started
======================
   8      16 sdb 32150814 522082 2984800746 67552804 59767757 381742749 16053704920 2289621628 0 20567516 2357239864
======================
   8      16 sdb 32150995 522115 2984831498 67553204 59767757 381742749 16053704920 2289621628 32 20567548 2357240916
======================
   8      16 sdb 32154805 522184 2985823754 67578924 59767757 381742749 16053704920 2289621628 33 20568552 2357274380
======================
   8      16 sdb 32158678 522245 2986830858 67612744 59767757 381742749 16053704920 2289621628 33 20569580 2357308020
======================
   8      16 sdb 32162482 522304 2987819786 67645396 59767757 381742749 16053704920 2289621628 33 20570584 2357340836
======================
   8      16 sdb 32166191 522363 2988784394 67678288 59767757 381742749 16053704920 2289621628 33 20571588 2357373740
======================
   8      16 sdb 32169896 522423 2989748234 67711528 59767757 381742749 16053704920 2289621628 33 20572588 2357406488
======================
   8      16 sdb 32173660 522481 2990726418 67743732 59767759 381742752 16053704960 2289621628 33 20573592 2357439488
======================
   8      16 sdb 32177449 522540 2991711506 67776716 59767759 381742752 16053704960 2289621628 33 20574596 2357472388
======================
   8      16 sdb 32181236 522600 2992696594 67809960 59767759 381742752 16053704960 2289621628 33 20575596 2357505080
======================
   8      16 sdb 32185029 522659 2993682450 67842680 59767759 381742752 16053704960 2289621628 33 20576600 2357537980
======================
   8      16 sdb 32188817 522718 2994667282 67875420 59767759 381742752 16053704960 2289621628 33 20577600 2357570692
======================
   8      16 sdb 32192545 522777 2995636754 67908128 59767759 381742752 16053704960 2289621628 32 20578604 2357603544
======================
   8      16 sdb 32196311 522836 2996615954 67940788 59767759 381742752 16053704960 2289621628 32 20579604 2357636260
======================
   8      16 sdb 32200089 522896 2997598482 67973924 59767759 381742752 16053704960 2289621628 32 20580608 2357669128
======================
   8      16 sdb 32203872 522955 2998582034 68006620 59767759 381742752 16053704960 2289621628 32 20581608 2357701844
======================
   8      16 sdb 32207650 523014 2999564562 68039332 59767759 381742752 16053704960 2289621628 33 20582612 2357734716
======================
   8      16 sdb 32211545 523073 3000576786 68072400 59767759 381742752 16053704960 2289621628 34 20583616 2357767676
======================
   8      16 sdb 32215405 523132 3001579794 68105592 59767759 381742752 16053704960 2289621628 33 20584620 2357800972
======================
   8      16 sdb 32219140 523191 3002551058 68138272 59767759 381742752 16053704960 2289621628 33 20585620 2357833692
======================
   8      16 sdb 32222872 523250 3003521298 68170688 59767759 381742752 16053704960 2289621628 32 20586624 2357866548
======================
   8      16 sdb 32226655 523309 3004505106 68204240 59767759 381742752 16053704960 2289621628 33 20587628 2357899420
======================
   8      16 sdb 32230457 523368 3005493522 68236980 59767759 381742752 16053704960 2289621628 32 20588632 2357932292
======================
   8      16 sdb 32234260 523427 3006482194 68269596 59767759 381742752 16053704960 2289621628 33 20589632 2357965000
======================
   8      16 sdb 32238053 523486 3007468306 68302352 59767759 381742752 16053704960 2289621628 33 20590636 2357997872
======================
   8      16 sdb 32241843 523546 3008453906 68335572 59767759 381742752 16053704960 2289621628 31 20591636 2358030608
======================
   8      16 sdb 32245628 523605 3009437970 68368296 59767759 381742752 16053704960 2289621628 32 20592640 2358063480
======================
   8      16 sdb 32249357 523663 3010407442 68400960 59767759 381742752 16053704960 2289621628 33 20593640 2358096240
======================
   8      16 sdb 32253086 523722 3011377170 68434020 59767759 381742752 16053704960 2289621628 33 20594644 2358129116
======================
   8      16 sdb 32256887 523781 3012365330 68466716 59767759 381742752 16053704960 2289621628 33 20595648 2358161964
======================
   8      16 sdb 32260690 523840 3013354002 68499376 59767759 381742752 16053704960 2289621628 33 20596648 2358194688
======================
   8      16 sdb 32264491 523899 3014342162 68532096 59767759 381742752 16053704960 2289621628 33 20597652 2358227560
======================
   8      16 sdb 32268295 523959 3015331090 68564716 59767759 381742752 16053704960 2289621628 32 20598656 2358260392
======================
   8      16 sdb 32272149 524018 3016333074 68598080 59767759 381742752 16053704960 2289621628 32 20599660 2358293292
======================
   8      16 sdb 32275890 524077 3017305874 68631016 59767759 381742752 16053704960 2289621628 32 20600664 2358326136
======================
   8      16 sdb 32279652 524136 3018284050 68663752 59767759 381742752 16053704960 2289621628 32 20601668 2358359036
======================
   8      16 sdb 32283429 524195 3019266066 68696548 59767759 381742752 16053704960 2289621628 33 20602672 2358391888
======================
   8      16 sdb 32287230 524254 3020254226 68729312 59767759 381742752 16053704960 2289621628 32 20603676 2358424756
======================
   8      16 sdb 32291030 524314 3021242386 68762504 59767759 381742752 16053704960 2289621628 32 20604680 2358457644
======================
   8      16 sdb 32294829 524373 3022230034 68795220 59767759 381742752 16053704960 2289621628 32 20605680 2358490372
======================
   8      16 sdb 32298625 524432 3023216914 68828000 59767759 381742752 16053704960 2289621628 33 20606684 2358523240
======================
   8      16 sdb 32302344 524491 3024184082 68860920 59767759 381742752 16053704960 2289621628 33 20607688 2358556088
======================
   8      16 sdb 32306075 524549 3025154066 68893336 59767760 381742754 16053704984 2289621628 33 20608688 2358588856
======================
   8      16 sdb 32309866 524608 3026139666 68926352 59767760 381742754 16053704984 2289621628 33 20609692 2358621736
======================
   8      16 sdb 32313668 524667 3027128082 68959096 59767760 381742754 16053704984 2289621628 33 20610696 2358654604
======================
   8      16 sdb 32317463 524727 3028114962 68992312 59767760 381742754 16053704984 2289621628 33 20611700 2358687460
======================
   8      16 sdb 32321233 524786 3029095186 69025108 59767760 381742754 16053704984 2289621628 32 20612704 2358720336
======================
   8      16 sdb 32325047 524844 3030086674 69057804 59767760 381742754 16053704984 2289621628 34 20613704 2358753416
======================
   8      16 sdb 32328827 524903 3031069202 69091064 59767760 381742754 16053704984 2289621628 32 20614708 2358786452
======================
   8      16 sdb 32332584 524962 3032046098 69123840 59767760 381742754 16053704984 2289621628 33 20615708 2358819192
======================
   8      16 sdb 32336343 525021 3033023506 69156536 59767760 381742754 16053704984 2289621628 32 20616712 2358852036
======================
   8      16 sdb 32340164 525081 3034017042 69189780 59767760 381742754 16053704984 2289621628 33 20617716 2358884900
======================
   8      16 sdb 32343953 525140 3035002130 69222372 59767760 381742754 16053704984 2289621628 32 20618716 2358917600
======================
   8      16 sdb 32347749 525199 3035989010 69255084 59767760 381742754 16053704984 2289621628 33 20619720 2358950464
======================
   8      16 sdb 32351553 525258 3036977938 69287784 59767760 381742754 16053704984 2289621628 33 20620724 2358983344
======================
   8      16 sdb 32355348 525318 3037964818 69320964 59767760 381742754 16053704984 2289621628 32 20621724 2359016108
======================
   8      16 sdb 32359071 525377 3038933010 69353752 59767760 381742754 16053704984 2289621628 33 20622728 2359048980
======================
   8      16 sdb 32362798 525435 3039901970 69386020 59767760 381742754 16053704984 2289621628 32 20623728 2359081708
======================
   8      16 sdb 32366584 525494 3040886290 69419088 59767760 381742754 16053704984 2289621628 33 20624732 2359114572
======================
   8      16 sdb 32370371 525554 3041871122 69452292 59767760 381742754 16053704984 2289621628 32 20625736 2359147408
======================
   8      16 sdb 32374161 525613 3042856466 69484932 59767760 381742754 16053704984 2289621628 33 20626736 2359180100
======================
   8      16 sdb 32377953 525672 3043842322 69517740 59767760 381742754 16053704984 2289621628 33 20627740 2359212976
======================
   8      16 sdb 32380958 525719 3044631570 69551988 59767760 381742754 16053704984 2289621628 0 20628548 2359239064
