======================
   8      32 sdc 1941740 136534 122547770 16411284 9864092 103448797 1897401744 1422183436 0 11876444 1438999568
======================
   8      32 sdc 1941740 136534 122547770 16411284 9864092 103448797 1897401744 1422183436 0 11876444 1438999568
======================
   8      32 sdc 1941740 136534 122547770 16411284 9864092 103448797 1897401744 1422183436 0 11876444 1438999568
======================
   8      32 sdc 1941740 136534 122547770 16411284 9864092 103448797 1897401744 1422183436 0 11876444 1438999568
======================
   8      32 sdc 1941740 136534 122547770 16411284 9864092 103448797 1897401744 1422183436 0 11876444 1438999568
======================
   8      32 sdc 1941748 136534 122547834 16411496 9864094 103448797 1897401752 1422183436 0 11876656 1438999780
======================
   8      32 sdc 1941748 136534 122547834 16411496 9864094 103448797 1897401752 1422183436 0 11876656 1438999780
======================
   8      32 sdc 1941748 136534 122547834 16411496 9864094 103448797 1897401752 1422183436 0 11876656 1438999780
======================
   8      32 sdc 1941748 136534 122547834 16411496 9864094 103448797 1897401752 1422183436 0 11876656 1438999780
======================
   8      32 sdc 1941748 136534 122547834 16411496 9864094 103448797 1897401752 1422183436 0 11876656 1438999780
======================
   8      32 sdc 1941748 136534 122547834 16411496 9864429 103475907 1897559152 1422230676 127 11877428 1439062532
======================
   8      32 sdc 1941748 136534 122547834 16411496 9865041 103506266 1897869096 1422303232 0 11877924 1439119592
======================
   8      32 sdc 1941748 136534 122547834 16411496 9865041 103506266 1897869096 1422303232 0 11877924 1439119592
======================
   8      32 sdc 1941748 136534 122547834 16411496 9865041 103506266 1897869096 1422303232 0 11877924 1439119592
======================
   8      32 sdc 1941748 136534 122547834 16411496 9865041 103506266 1897869096 1422303232 0 11877924 1439119592
======================
   8      32 sdc 1941748 136534 122547834 16411496 9865262 103520092 1897981472 1422304348 0 11878332 1439120704
======================
   8      32 sdc 1941748 136534 122547834 16411496 9866005 103558919 1898295368 1422308092 8 11878728 1439124476
======================
   8      32 sdc 1941748 136534 122547834 16411496 9866419 103579723 1898467776 1422310116 0 11878940 1439126468
======================
   8      32 sdc 1941748 136534 122547834 16411496 9866419 103579723 1898467776 1422310116 0 11878940 1439126468
======================
   8      32 sdc 1941748 136534 122547834 16411496 9866419 103579723 1898467776 1422310116 0 11878940 1439126468
======================
   8      32 sdc 1941748 136534 122547834 16411496 9866650 103594038 1898584136 1422310224 0 11879000 1439126576
======================
   8      32 sdc 1941748 136534 122547834 16411496 9866650 103594038 1898584136 1422310224 0 11879000 1439126576
======================
   8      32 sdc 1941748 136534 122547834 16411496 9867082 103615849 1898762080 1422312240 0 11879212 1439128592
======================
   8      32 sdc 1941748 136534 122547834 16411496 9867082 103615849 1898762080 1422312240 0 11879212 1439128592
======================
   8      32 sdc 1941748 136534 122547834 16411496 9867082 103615849 1898762080 1422312240 0 11879212 1439128592
======================
   8      32 sdc 1941748 136534 122547834 16411496 9867289 103628799 1898867336 1422312344 0 11879260 1439128696
======================
   8      32 sdc 1941748 136534 122547834 16411496 9867289 103628799 1898867336 1422312344 0 11879260 1439128696
======================
   8      32 sdc 1941748 136534 122547834 16411496 9868088 103670606 1899205488 1422315988 8 11879684 1439132368
======================
   8      32 sdc 1941748 136534 122547834 16411496 9869562 103754589 1899827888 1422342072 147 11880688 1439177112
======================
   8      32 sdc 1941748 136534 122547834 16411496 9870138 103784388 1900075224 1422480424 145 11881692 1439316804
======================
   8      32 sdc 1941748 136534 122547834 16411496 9870660 103822237 1900315680 1422664540 253 11882692 1439552520
======================
   8      32 sdc 1941748 136534 122547834 16411496 9870983 103834684 1900480360 1422817616 130 11883696 1439701440
======================
   8      32 sdc 1941748 136534 122547834 16411496 9871672 103878550 1900831544 1423000132 142 11884700 1439836896
======================
   8      32 sdc 1941748 136534 122547834 16411496 9872179 103909491 1901079600 1423128452 157 11885704 1439979464
======================
   8      32 sdc 1941748 136534 122547834 16411496 9872376 103911927 1901173056 1423196688 0 11886076 1440013012
======================
   8      32 sdc 1941748 136534 122547834 16411496 9872618 103927069 1901296128 1423196824 0 11886144 1440013148
======================
   8      32 sdc 1941748 136534 122547834 16411496 9872618 103927069 1901296128 1423196824 0 11886144 1440013148
======================
   8      32 sdc 1941748 136534 122547834 16411496 9872618 103927069 1901296128 1423196824 0 11886144 1440013148
======================
   8      32 sdc 1941748 136534 122547834 16411496 9872618 103927069 1901296128 1423196824 0 11886144 1440013148
======================
   8      32 sdc 1941748 136534 122547834 16411496 9873202 103956974 1901540040 1423199608 0 11886456 1440015932
======================
   8      32 sdc 1941748 136534 122547834 16411496 9873408 103969879 1901644928 1423199680 0 11886504 1440016004
======================
   8      32 sdc 1941748 136534 122547834 16411496 9873408 103969879 1901644928 1423199680 0 11886504 1440016004
======================
   8      32 sdc 1941748 136534 122547834 16411496 9873408 103969879 1901644928 1423199680 0 11886504 1440016004
======================
   8      32 sdc 1941748 136534 122547834 16411496 9873408 103969879 1901644928 1423199680 0 11886504 1440016004
======================
   8      32 sdc 1941748 136534 122547834 16411496 9874039 104002662 1901911568 1423202768 8 11886832 1440019084
======================
   8      32 sdc 1941748 136534 122547834 16411496 9875733 104101016 1902655560 1423255984 143 11887836 1440082048
======================
   8      32 sdc 1941748 136534 122547834 16411496 9876438 104137742 1902954040 1423382528 141 11888840 1440221832
======================
   8      32 sdc 1941748 136534 122547834 16411496 9877003 104167281 1903193472 1423527620 152 11889844 1440362592
======================
   8      32 sdc 1941748 136534 122547834 16411496 9877352 104184527 1903340352 1423633500 139 11890848 1440506060
======================
   8      32 sdc 1941748 136534 122547834 16411496 9878178 104226708 1903686032 1423813196 129 11891848 1440644504
======================
   8      32 sdc 1941748 136534 122547834 16411496 9878745 104266979 1903955000 1423991196 220 11892852 1440881968
======================
   8      32 sdc 1941748 136534 122547834 16411496 9879446 104293091 1904206520 1424171192 152 11893856 1441026540
======================
   8      32 sdc 1941748 136534 122547834 16411496 9880003 104314262 1904377872 1424290072 152 11894860 1441166148
======================
   8      32 sdc 1941748 136534 122547834 16411496 9880358 104335613 1904559144 1424445904 138 11895864 1441305336
======================
   8      32 sdc 1941748 136534 122547834 16411496 9880358 104335613 1904559144 1424445904 138 11896868 1441443888
======================
   8      32 sdc 1941748 136534 122547834 16411496 9880358 104345630 1904559144 1424445904 297 11897872 1441717728
======================
   8      32 sdc 1941748 136534 122547834 16411496 9880506 104351678 1904635112 1424732544 246 11898876 1442007620
======================
   8      32 sdc 1941748 136534 122547834 16411496 9881260 104391348 1905016392 1425301820 128 11899880 1442127680
======================
   8      32 sdc 1941748 136534 122547834 16411496 9882849 104435340 1905411200 1425446048 157 11900884 1442268876
======================
   8      32 sdc 1941748 136534 122547834 16411496 9883446 104439944 1905485752 1425479304 0 11901084 1442295584
======================
   8      32 sdc 1941748 136534 122547834 16411496 9883674 104454208 1905601688 1425479456 0 11901156 1442295736
======================
   8      32 sdc 1941748 136534 122547834 16411496 9883674 104454208 1905601688 1425479456 0 11901156 1442295736
======================
   8      32 sdc 1941748 136534 122547834 16411496 9883674 104454208 1905601688 1425479456 0 11901156 1442295736
======================
   8      32 sdc 1941748 136534 122547834 16411496 9883674 104454208 1905601688 1425479456 0 11901156 1442295736
======================
   8      32 sdc 1941748 136534 122547834 16411496 9883674 104454208 1905601688 1425479456 0 11901156 1442295736
======================
   8      32 sdc 1941748 136534 122547834 16411496 9883920 104469531 1905726240 1425479580 0 11901204 1442295852
======================
   8      32 sdc 1941748 136534 122547834 16411496 9883920 104469531 1905726240 1425479580 0 11901204 1442295852
======================
   8      32 sdc 1941748 136534 122547834 16411496 9883920 104469531 1905726240 1425479580 0 11901204 1442295852
======================
   8      32 sdc 1941748 136534 122547834 16411496 9883920 104469531 1905726240 1425479580 0 11901204 1442295852
======================
   8      32 sdc 1941748 136534 122547834 16411496 9884031 104474439 1905766392 1425480224 0 11901256 1442296496
======================
   8      32 sdc 1941748 136534 122547834 16411496 9884288 104490557 1905897392 1425480340 0 11901308 1442296608
======================
   8      32 sdc 1941748 136534 122547834 16411496 9884488 104499870 1905973496 1425481232 0 11901412 1442297500
======================
   8      32 sdc 1941748 136534 122547834 16411496 9885764 104563784 1906494744 1425487368 8 11902108 1442303632
======================
   8      32 sdc 1941748 136534 122547834 16411496 9886219 104586070 1906676944 1425489500 0 11902348 1442305764
======================
   8      32 sdc 1941748 136534 122547834 16411496 9886219 104586070 1906676944 1425489500 0 11902348 1442305764
======================
   8      32 sdc 1941748 136534 122547834 16411496 9887788 104676771 1907363224 1425498828 135 11903188 1442324424
======================
   8      32 sdc 1941748 136534 122547834 16411496 9888346 104706412 1907596560 1425627916 144 11904192 1442465116
======================
   8      32 sdc 1941748 136534 122547834 16411496 9888689 104723982 1907738352 1425713496 153 11905196 1442611248
======================
   8      32 sdc 1941748 136534 122547834 16411496 9888689 104723982 1907738352 1425713496 153 11906200 1442764860
======================
   8      32 sdc 1941748 136534 122547834 16411496 9888689 104723982 1907738352 1425713496 153 11907204 1442918472
======================
   8      32 sdc 1941748 136534 122547834 16411496 9888953 104748749 1907861976 1426203768 284 11908204 1443177944
======================
   8      32 sdc 1941748 136534 122547834 16411496 9889419 104769262 1908095920 1426527368 149 11909208 1443366908
======================
   8      32 sdc 1941748 136534 122547834 16411496 9889893 104798162 1908335536 1426667564 135 11910212 1443505796
======================
   8      32 sdc 1941748 136534 122547834 16411496 9890377 104828113 1908580888 1426809676 131 11911216 1443645072
======================
   8      32 sdc 1941748 136534 122547834 16411496 9890908 104861860 1908846480 1426948736 148 11912220 1443783772
======================
   8      32 sdc 1941748 136534 122547834 16411496 9891429 104894356 1909111856 1427161360 146 11913224 1443997448
======================
   8      32 sdc 1941748 136534 122547834 16411496 9892555 104915857 1909325608 1427288816 137 11914224 1444138908
======================
   8      32 sdc 1941748 136534 122547834 16411496 9893133 104950884 1909577520 1427438680 146 11915228 1444275728
======================
   8      32 sdc 1941748 136534 122547834 16411496 9893499 104973321 1909762120 1427570504 142 11916232 1444415228
======================
   8      32 sdc 1941748 136534 122547834 16411496 9893835 104994302 1909934048 1427713376 139 11917236 1444553876
======================
   8      32 sdc 1941748 136534 122547834 16411496 9894285 105022067 1910164384 1427909008 130 11918240 1444781268
======================
   8      32 sdc 1941748 136534 122547834 16411496 9894766 105053093 1910409288 1428083616 144 11919240 1444919320
======================
   8      32 sdc 1941748 136534 122547834 16411496 9895269 105084083 1910666448 1428221936 134 11920244 1445057612
======================
   8      32 sdc 1941748 136534 122547834 16411496 9895736 105113213 1910904328 1428358652 132 11921248 1445196752
======================
   8      32 sdc 1941748 136534 122547834 16411496 9896196 105141979 1911139200 1428498104 129 11922252 1445336320
======================
   8      32 sdc 1941748 136534 122547834 16411496 9896689 105173469 1911390920 1428695796 137 11923256 1445566712
======================
   8      32 sdc 1941748 136534 122547834 16411496 9897183 105204595 1911639448 1428868300 146 11924260 1445705144
======================
   8      32 sdc 1941748 136534 122547834 16411496 9897753 105233249 1911885472 1429005104 129 11925264 1445845528
======================
   8      32 sdc 1941748 136534 122547834 16411496 9898247 105265158 1912132880 1429151484 147 11926268 1445988740
======================
   8      32 sdc 1941748 136534 122547834 16411496 9898874 105276731 1912303472 1429279764 0 11927048 1446095992
======================
   8      32 sdc 1941748 136534 122547834 16411496 9899134 105292994 1912435656 1429368924 0 11927956 1446185152
======================
   8      32 sdc 1941748 136534 122547834 16411496 9899134 105292994 1912435656 1429368924 0 11927956 1446185152
======================
   8      32 sdc 1941748 136534 122547834 16411496 9899134 105292994 1912435656 1429368924 0 11927956 1446185152
======================
   8      32 sdc 1941748 136534 122547834 16411496 9899134 105292994 1912435656 1429368924 0 11927956 1446185152
======================
   8      32 sdc 1941748 136534 122547834 16411496 9899418 105308951 1912550640 1429369232 31 11928072 1446185796
======================
   8      32 sdc 1941748 136534 122547834 16411496 9901128 105412047 1913333880 1429407144 140 11929072 1446234740
======================
   8      32 sdc 1941748 136534 122547834 16411496 9901392 105419892 1913468896 1429451324 0 11929396 1446267544
======================
   8      32 sdc 1941748 136534 122547834 16411496 9901392 105419892 1913468896 1429451324 0 11929396 1446267544
======================
   8      32 sdc 1941748 136534 122547834 16411496 9901392 105419892 1913468896 1429451324 0 11929396 1446267544
======================
   8      32 sdc 1941748 136534 122547834 16411496 9901534 105429027 1913541600 1429451372 3 11929428 1446267592
======================
   8      32 sdc 1941748 136534 122547834 16411496 9901837 105447554 1913693736 1429451580 0 11929520 1446267788
======================
   8      32 sdc 1941748 136534 122547834 16411496 9903016 105525833 1914297104 1429454308 65 11930252 1446271720
======================
   8      32 sdc 1941748 136534 122547834 16411496 9903361 105543526 1914473704 1429500568 0 11930720 1446316764
======================
   8      32 sdc 1941748 136534 122547834 16411496 9903361 105543526 1914473704 1429500568 0 11930720 1446316764
======================
   8      32 sdc 1941748 136534 122547834 16411496 9903581 105557277 1914585328 1429500704 1 11930764 1446316896
======================
   8      32 sdc 1941748 136534 122547834 16411496 9903811 105571498 1914701064 1429500800 0 11930840 1446316992
======================
   8      32 sdc 1941748 136534 122547834 16411496 9904340 105603741 1914963104 1429501232 1 11931184 1446317424
======================
   8      32 sdc 1941748 136534 122547834 16411496 9904359 105614560 1914972832 1429501260 153 11932188 1446461236
======================
   8      32 sdc 1941748 136534 122547834 16411496 9904645 105631594 1915119264 1429770992 138 11933192 1446606108
======================
   8      32 sdc 1941748 136534 122547834 16411496 9905110 105669055 1915356832 1429907568 270 11934196 1446750428
======================
   8      32 sdc 1941748 136534 122547834 16411496 9905573 105696245 1915593384 1430074288 239 11935200 1447016836
======================
   8      32 sdc 1941748 136534 122547834 16411496 9906067 105720626 1915845096 1430332864 133 11936204 1447168320
======================
   8      32 sdc 1941748 136534 122547834 16411496 9906481 105747474 1916057064 1430475020 147 11937208 1447309144
======================
   8      32 sdc 1941748 136534 122547834 16411496 9907000 105779725 1916321320 1430610716 142 11938212 1447447592
======================
   8      32 sdc 1941748 136534 122547834 16411496 9907521 105819483 1916586072 1430747236 257 11939216 1447594232
======================
   8      32 sdc 1941748 136534 122547834 16411496 9908042 105844845 1916852072 1430951108 139 11940216 1447846836
======================
   8      32 sdc 1941748 136534 122547834 16411496 9908547 105876097 1917109672 1431146812 132 11941220 1447983428
======================
   8      32 sdc 1941748 136534 122547834 16411496 9910865 105893808 1917265400 1431288896 140 11942224 1448124852
======================
   8      32 sdc 1941748 136534 122547834 16411496 9911348 105924804 1917512696 1431428752 149 11943228 1448264032
======================
   8      32 sdc 1941748 136534 122547834 16411496 9911846 105962154 1917767672 1431559844 244 11944232 1448412120
======================
   8      32 sdc 1941748 136534 122547834 16411496 9912305 105979689 1918002344 1431725108 64 11945236 1448617112
======================
   8      32 sdc 1941748 136534 122547834 16411496 9912783 106014577 1918244472 1431882560 145 11946152 1448717056
======================
   8      32 sdc 1941748 136534 122547834 16411496 9913262 106045069 1918489608 1432019360 150 11947152 1448854816
======================
   8      32 sdc 1941748 136534 122547834 16411496 9913752 106074630 1918739992 1432156612 132 11948156 1448991896
======================
   8      32 sdc 1941748 136534 122547834 16411496 9914248 106113494 1918991768 1432290884 258 11949160 1449143040
======================
   8      32 sdc 1941748 136534 122547834 16411496 9914720 106131318 1919232592 1432461484 69 11950164 1449358428
======================
   8      32 sdc 1941748 136534 122547834 16411496 9914910 106134485 1919293712 1432549736 1 11951072 1449366564
======================
   8      32 sdc 1941748 136534 122547834 16411496 9915266 106156416 1919471912 1432551540 2 11952076 1449367660
======================
   8      32 sdc 1941748 136534 122547834 16411496 9915556 106174470 1919618760 1432551860 0 11952324 1449367972
======================
   8      32 sdc 1941748 136534 122547834 16411496 9915915 106195114 1919786776 1432552020 0 11952400 1449368124
======================
   8      32 sdc 1941748 136534 122547834 16411496 9915915 106195114 1919786776 1432552020 0 11952400 1449368124
======================
   8      32 sdc 1941748 136534 122547834 16411496 9915915 106195114 1919786776 1432552020 0 11952400 1449368124
======================
   8      32 sdc 1941748 136534 122547834 16411496 9915915 106195114 1919786776 1432552020 0 11952400 1449368124
======================
   8      32 sdc 1941748 136534 122547834 16411496 9916911 106257919 1920296728 1432552812 1 11952992 1449368912
======================
   8      32 sdc 1941748 136534 122547834 16411496 9917601 106319896 1920648984 1432641240 317 11953996 1449506452
======================
   8      32 sdc 1941748 136534 122547834 16411496 9918072 106339622 1920880408 1432850692 160 11955000 1449699704
======================
   8      32 sdc 1941748 136534 122547834 16411496 9918610 106368454 1921117432 1432960012 154 11955944 1449797804
======================
   8      32 sdc 1941748 136534 122547834 16411496 9919090 106398012 1921363192 1433101720 144 11956948 1449938808
======================
   8      32 sdc 1941748 136534 122547834 16411496 9919805 106426503 1921595656 1433232692 148 11957952 1450078976
======================
   8      32 sdc 1941748 136534 122547834 16411496 9920288 106464819 1921842200 1433302144 277 11958956 1450245580
======================
   8      32 sdc 1941748 136534 122547834 16411496 9920743 106484771 1922072040 1433575828 142 11959956 1450501372
======================
   8      32 sdc 1941748 136534 122547834 16411496 9921226 106514757 1922316536 1433807400 141 11960960 1450644756
======================
   8      32 sdc 1941748 136534 122547834 16411496 9921393 106516424 1922399336 1433856808 134 11961964 1450782284
======================
   8      32 sdc 1941748 136534 122547834 16411496 9921393 106516424 1922399336 1433856808 134 11962968 1450916820
======================
   8      32 sdc 1941748 136534 122547834 16411496 9925045 106554962 1922641248 1434206452 194 11963972 1451047424
======================
   8      32 sdc 1941748 136534 122547834 16411496 9925240 106554962 1922740136 1434253684 0 11964200 1451069768
======================
   8      32 sdc 1941748 136534 122547834 16411496 9925240 106554962 1922740136 1434253684 0 11964200 1451069768
======================
   8      32 sdc 1941748 136534 122547834 16411496 9925240 106554962 1922740136 1434253684 0 11964200 1451069768
======================
   8      32 sdc 1941748 136534 122547834 16411496 9925240 106554962 1922740136 1434253684 0 11964200 1451069768
======================
   8      32 sdc 1941748 136534 122547834 16411496 9925599 106577406 1922922200 1434253844 1 11964272 1451069920
======================
   8      32 sdc 1941748 136534 122547834 16411496 9926399 106637137 1923331704 1434274584 149 11965272 1451144572
======================
   8      32 sdc 1941748 136534 122547834 16411496 9926726 106657663 1923499128 1434447632 148 11966276 1451284316
======================
   8      32 sdc 1941748 136534 122547834 16411496 9927166 106685332 1923724408 1434586972 147 11967280 1451423508
======================
   8      32 sdc 1941748 136534 122547834 16411496 9927448 106693808 1923868560 1434668828 0 11967868 1451484896
======================
   8      32 sdc 1941748 136534 122547834 16411496 9927923 106723630 1924110936 1434669096 0 11967992 1451485160
======================
   8      32 sdc 1941748 136534 122547834 16411496 9927923 106723630 1924110936 1434669096 0 11967992 1451485160
======================
   8      32 sdc 1941748 136534 122547834 16411496 9927923 106723630 1924110936 1434669096 0 11967992 1451485160
======================
   8      32 sdc 1941748 136534 122547834 16411496 9927923 106723630 1924110936 1434669096 0 11967992 1451485160
======================
   8      32 sdc 1941748 136534 122547834 16411496 9928670 106770633 1924492936 1434669688 0 11968444 1451485752
======================
   8      32 sdc 1941748 136534 122547834 16411496 9928670 106780650 1924492936 1434669688 159 11968660 1451517152
======================
   8      32 sdc 1941748 136534 122547834 16411496 9928861 106790730 1924590728 1434842288 128 11969732 1451680684
======================
   8      32 sdc 1941748 136534 122547834 16411496 9929079 106796332 1924701800 1434898620 0 11970056 1451714680
======================
   8      32 sdc 1941748 136534 122547834 16411496 9929079 106796332 1924701800 1434898620 0 11970056 1451714680
======================
   8      32 sdc 1941748 136534 122547834 16411496 9929111 106798396 1924718184 1434898652 1 11970080 1451714712
======================
   8      32 sdc 1941748 136534 122547834 16411496 9930885 106918343 1925624800 1434915808 134 11971080 1451738540
======================
   8      32 sdc 1941748 136534 122547834 16411496 9931451 106945554 1925914552 1435001576 0 11971760 1451817628
======================
   8      32 sdc 1941748 136534 122547834 16411496 9931451 106945554 1925914552 1435001576 0 11971760 1451817628
======================
   8      32 sdc 1941748 136534 122547834 16411496 9931451 106945554 1925914552 1435001576 0 11971760 1451817628
======================
   8      32 sdc 1941748 136534 122547834 16411496 9931671 106959464 1926027144 1435001760 1 11971900 1451817804
======================
   8      32 sdc 1941748 136534 122547834 16411496 9932588 107016970 1926494520 1435005900 1 11972276 1451821932
======================
   8      32 sdc 1941748 136534 122547834 16411496 9934296 107060503 1926850448 1435057340 145 11973280 1451879236
======================
   8      32 sdc 1941748 136534 122547834 16411496 9937164 107083872 1927002280 1435186280 128 11974284 1452014716
======================
   8      32 sdc 1941748 136534 122547834 16411496 9937672 107116884 1927262376 1435315360 144 11975284 1452150384
======================
   8      32 sdc 1941748 136534 122547834 16411496 9938150 107146293 1927507016 1435450884 133 11976288 1452288060
======================
   8      32 sdc 1941748 136534 122547834 16411496 9938596 107184849 1927735368 1435587512 299 11977292 1452473372
======================
   8      32 sdc 1941748 136534 122547834 16411496 9939064 107205200 1927974984 1435772296 155 11978296 1452737304
======================
   8      32 sdc 1941748 136534 122547834 16411496 9939401 107225549 1928146536 1435999808 142 11979300 1452876348
======================
   8      32 sdc 1941748 136534 122547834 16411496 9939401 107225549 1928146536 1435999808 142 11980668 1453070604
======================
   8      32 sdc 1941748 136534 122547834 16411496 9939401 107225549 1928146536 1435999808 142 11981672 1453265996
======================
   8      32 sdc 1941748 136534 122547834 16411496 9939660 107246975 1928277672 1436460008 228 11982676 1453437400
======================
   8      32 sdc 1941748 136534 122547834 16411496 9940115 107267883 1928508800 1436619580 107 11983688 1453547584
======================
   8      32 sdc 1941748 136534 122547834 16411496 9940628 107302460 1928771456 1436744484 143 11984692 1453683968
======================
   8      32 sdc 1941748 136534 122547834 16411496 9940788 107312958 1928853368 1436818428 149 11985696 1453823736
======================
   8      32 sdc 1941748 136534 122547834 16411496 9940894 107319636 1928907640 1436949940 149 11986700 1453964956
======================
   8      32 sdc 1941748 136534 122547834 16411496 9941151 107340993 1929039224 1437131468 232 11987700 1454143920
======================
   8      32 sdc 1941748 136534 122547834 16411496 9941625 107358218 1929277808 1437346256 39 11988664 1454268188
======================
   8      32 sdc 1941748 136534 122547834 16411496 9942096 107393779 1929518960 1437459340 132 11989672 1454400100
======================
   8      32 sdc 1941748 136534 122547834 16411496 9942570 107423578 1929761648 1437595912 131 11990676 1454536372
======================
   8      32 sdc 1941748 136534 122547834 16411496 9943044 107453814 1930004336 1437733188 137 11991684 1454673444
======================
   8      32 sdc 1941748 136534 122547834 16411496 9943521 107491790 1930246928 1437868412 267 11992688 1454889508
======================
   8      32 sdc 1941748 136534 122547834 16411496 9944010 107505753 1930496592 1438141256 0 11993724 1455063196
======================
   8      32 sdc 1941748 136534 122547834 16411496 9944495 107543989 1930741392 1438238076 129 11994676 1455180972
======================
   8      32 sdc 1941748 136534 122547834 16411496 9944954 107573359 1930974904 1438375812 140 11995680 1455319032
======================
   8      32 sdc 1941748 136534 122547834 16411496 9945423 107602660 1931213584 1438515084 139 11996684 1455456788
======================
   8      32 sdc 1941748 136534 122547834 16411496 9945913 107637247 1931459936 1438654204 206 11997688 1455648368
======================
   8      32 sdc 1941748 136534 122547834 16411496 9946293 107656065 1931652792 1438822236 129 11998696 1455891548
======================
   8      32 sdc 1941748 136534 122547834 16411496 9946766 107686053 1931893528 1438892528 136 11999700 1456034880
======================
   8      32 sdc 1941748 136534 122547834 16411496 9947264 107707544 1932136768 1439238520 151 12000704 1456178636
======================
   8      32 sdc 1941748 136534 122547834 16411496 9949131 107707962 1932155000 1439391628 140 12001708 1456323928
======================
   8      32 sdc 1941748 136534 122547834 16411496 9949844 107730799 1932216128 1439493952 255 12002712 1456526780
======================
   8      32 sdc 1941748 136534 122547834 16411496 9950304 107752030 1932450104 1439742536 133 12003712 1456685660
======================
   8      32 sdc 1941748 136534 122547834 16411496 9950680 107767317 1932642440 1439857440 0 12004568 1456781020
======================
   8      32 sdc 1941748 136534 122547834 16411496 9950680 107767317 1932642440 1439857440 0 12004568 1456781020
======================
   8      32 sdc 1941748 136534 122547834 16411496 9950680 107767317 1932642440 1439857440 0 12004568 1456781020
======================
   8      32 sdc 1941748 136534 122547834 16411496 9951055 107790689 1932832408 1439857608 0 12004648 1456781184
======================
   8      32 sdc 1941748 136534 122547834 16411496 9951055 107790689 1932832408 1439857608 0 12004648 1456781184
======================
   8      32 sdc 1941748 136534 122547834 16411496 9951455 107815957 1933037208 1439857960 2 12004904 1456781528
======================
   8      32 sdc 1941748 136534 122547834 16411496 9952469 107879737 1933556104 1439858828 0 12005552 1456782388
======================
   8      32 sdc 1941748 136534 122547834 16411496 9952469 107879737 1933556104 1439858828 0 12005552 1456782388
======================
   8      32 sdc 1941748 136534 122547834 16411496 9952951 107909877 1933801072 1439859064 0 12005660 1456782624
======================
   8      32 sdc 1941748 136534 122547834 16411496 9952951 107909877 1933801072 1439859064 0 12005660 1456782624
======================
   8      32 sdc 1941748 136534 122547834 16411496 9952951 107909877 1933801072 1439859064 0 12005660 1456782624
======================
   8      32 sdc 1941748 136534 122547834 16411496 9953161 107923130 1933908272 1439859248 1 12005796 1456782808
======================
   8      32 sdc 1941748 136534 122547834 16411496 9954275 107993233 1934478512 1439860200 0 12006508 1456783752
======================
   8      32 sdc 1941748 136534 122547834 16411496 9954779 108024775 1934734872 1439860420 0 12006620 1456783964
======================
   8      32 sdc 1941748 136534 122547834 16411496 9954779 108024775 1934734872 1439860420 0 12006620 1456783964
======================
   8      32 sdc 1941748 136534 122547834 16411496 9954779 108024775 1934734872 1439860420 0 12006620 1456783964
======================
   8      32 sdc 1941748 136534 122547834 16411496 9954779 108024775 1934734872 1439860420 0 12006620 1456783964
======================
   8      32 sdc 1941748 136534 122547834 16411496 9955189 108049716 1934937224 1439860772 1 12006892 1456784308
======================
   8      32 sdc 1941748 136534 122547834 16411496 9956468 108135651 1935579944 1439879016 110 12007848 1456813604
======================
   8      32 sdc 1941748 136534 122547834 16411496 9956578 108135651 1935636264 1439902448 0 12008072 1456825984
======================
   8      32 sdc 1941748 136534 122547834 16411496 9956578 108135651 1935636264 1439902448 0 12008072 1456825984
======================
   8      32 sdc 1941748 136534 122547834 16411496 9956578 108135651 1935636264 1439902448 0 12008072 1456825984
======================
   8      32 sdc 1941748 136534 122547834 16411496 9956733 108154992 1935715624 1439902912 152 12008980 1456941476
======================
   8      32 sdc 1941748 136534 122547834 16411496 9957560 108200760 1936138360 1440154492 53 12009984 1457111548
======================
   8      32 sdc 1941748 136534 122547834 16411496 9957615 108200760 1936165432 1440189552 1 12010924 1457113964
======================
   8      32 sdc 1941748 136534 122547834 16411496 9960270 108281774 1936834432 1440192456 1 12011928 1457115976
======================
   8      32 sdc 1941748 136534 122547834 16411496 9960783 108321212 1937086736 1440228560 135 12012660 1457176896
======================
   8      32 sdc 1941748 136534 122547834 16411496 9961150 108344697 1937274640 1440347940 140 12013664 1457315260
======================
   8      32 sdc 1941748 136534 122547834 16411496 9961408 108362090 1937406736 1440479436 160 12014672 1457508252
======================
   8      32 sdc 1941748 136534 122547834 16411496 9961904 108391149 1937658200 1440662996 129 12015612 1457605712
======================
   8      32 sdc 1941748 136534 122547834 16411496 9962366 108420982 1937894744 1440798028 140 12016616 1457742860
======================
   8      32 sdc 1941748 136534 122547834 16411496 9962814 108448765 1938124528 1440935392 133 12017620 1457877200
======================
   8      32 sdc 1941748 136534 122547834 16411496 9963288 108478196 1938366704 1441070424 128 12018624 1458013820
======================
   8      32 sdc 1941748 136534 122547834 16411496 9963769 108508897 1938611200 1441221364 136 12019628 1458174296
======================
   8      32 sdc 1941748 136534 122547834 16411496 9964253 108538887 1938858016 1441368288 130 12020632 1458310068
======================
   8      32 sdc 1941748 136534 122547834 16411496 9964703 108567708 1939088416 1441500140 138 12021636 1458444668
======================
   8      32 sdc 1941748 136534 122547834 16411496 9965179 108597670 1939332128 1441637416 138 12022640 1458581100
======================
   8      32 sdc 1941748 136534 122547834 16411496 9965663 108628193 1939578616 1441774444 142 12023644 1458718220
======================
   8      32 sdc 1941748 136534 122547834 16411496 9966183 108657400 1939816480 1441926988 141 12024644 1458877908
======================
   8      32 sdc 1941748 136534 122547834 16411496 9966659 108687105 1940058408 1442070396 141 12025648 1459012632
======================
   8      32 sdc 1941748 136534 122547834 16411496 9967103 108714669 1940285232 1442204516 134 12026652 1459148984
======================
   8      32 sdc 1941748 136534 122547834 16411496 9967774 108746056 1940536960 1442345740 144 12027656 1459289052
======================
   8      32 sdc 1941748 136534 122547834 16411496 9968254 108775221 1940782152 1442479848 129 12028660 1459423020
======================
   8      32 sdc 1941748 136534 122547834 16411496 9968711 108805055 1941014472 1442562240 149 12029664 1459566656
======================
   8      32 sdc 1941748 136534 122547834 16411496 9969183 108833119 1941253184 1442792952 141 12030664 1459738876
======================
   8      32 sdc 1941748 136534 122547834 16411496 9970743 108834164 1941337648 1442913996 0 12031388 1459838028
======================
   8      32 sdc 1941748 136534 122547834 16411496 9970743 108834164 1941337648 1442913996 0 12031388 1459838028
======================
   8      32 sdc 1941748 136534 122547834 16411496 9970743 108834164 1941337648 1442913996 0 12031388 1459838028
======================
   8      32 sdc 1941748 136534 122547834 16411496 9970743 108834164 1941337648 1442913996 0 12031388 1459838028
======================
   8      32 sdc 1941748 136534 122547834 16411496 9970743 108834164 1941337648 1442913996 0 12031388 1459838028
======================
   8      32 sdc 1941748 136534 122547834 16411496 9970743 108834164 1941337648 1442913996 0 12031388 1459838028
======================
   8      32 sdc 1941748 136534 122547834 16411496 9970743 108834164 1941337648 1442913996 0 12031388 1459838028
======================
   8      32 sdc 1941748 136534 122547834 16411496 9970743 108834164 1941337648 1442913996 0 12031388 1459838028
======================
   8      32 sdc 1941748 136534 122547834 16411496 9970743 108834164 1941337648 1442913996 0 12031388 1459838028
======================
   8      32 sdc 1941748 136534 122547834 16411496 9970743 108834164 1941337648 1442913996 0 12031388 1459838028
======================
   8      32 sdc 1941748 136534 122547834 16411496 9970743 108834164 1941337648 1442913996 0 12031388 1459838028
======================
   8      32 sdc 1941748 136534 122547834 16411496 9970743 108834164 1941337648 1442913996 0 12031388 1459838028
======================
   8      32 sdc 1941748 136534 122547834 16411496 9970743 108834164 1941337648 1442913996 0 12031388 1459838028
======================
   8      32 sdc 1941748 136534 122547834 16411496 9970743 108834164 1941337648 1442913996 0 12031388 1459838028
======================
   8      32 sdc 1941748 136534 122547834 16411496 9970743 108834164 1941337648 1442913996 0 12031388 1459838028
started
======================
   8      32 sdc 1941748 136534 122547834 16411496 9970743 108834164 1941337648 1442913996 0 12031388 1459838028
======================
   8      32 sdc 1941845 136534 122548610 16412644 9970743 108834164 1941337648 1442913996 0 12031644 1459839176
======================
   8      32 sdc 1942047 136534 122550226 16412812 9970743 108834164 1941337648 1442913996 0 12031812 1459839344
======================
   8      32 sdc 1942263 136534 122551954 16412952 9970743 108834164 1941337648 1442913996 0 12031952 1459839484
======================
   8      32 sdc 1943471 136534 122561618 16424940 9970743 108834164 1941337648 1442913996 33 12032504 1459851736
======================
   8      32 sdc 1945849 136534 122580642 16449000 9970743 108834164 1941337648 1442913996 33 12033468 1459875532
======================
   8      32 sdc 1948013 136534 122597954 16472420 9970743 108834164 1941337648 1442913996 33 12034468 1459899216
======================
   8      32 sdc 1950492 136534 122617786 16497444 9970743 108834164 1941337648 1442913996 32 12035472 1459924232
======================
   8      32 sdc 1952654 136534 122635082 16521188 9970743 108834164 1941337648 1442913996 33 12036460 1459947852
======================
   8      32 sdc 1954694 136783 122653450 16542628 9970756 108834803 1941342864 1442913996 33 12037432 1459969420
======================
   8      32 sdc 1957126 136783 122672906 16567268 9970756 108834803 1941342864 1442913996 1 12038396 1459993808
======================
   8      32 sdc 1959630 136783 122692938 16590712 9970756 108834803 1941342864 1442913996 1 12039360 1460017256
======================
   8      32 sdc 1961963 136783 122711602 16615576 9970756 108834803 1941342864 1442913996 33 12040336 1460042240
======================
   8      32 sdc 1964297 136783 122730274 16640164 9970756 108834803 1941342864 1442913996 1 12041344 1460066704
======================
   8      32 sdc 1966005 136783 122743938 16658280 9970770 108835565 1941349072 1442914344 1 12042332 1460085160
======================
   8      32 sdc 1968324 136783 122762490 16682664 9970770 108835565 1941349072 1442914344 1 12043316 1460109552
======================
   8      32 sdc 1970720 136783 122781658 16706100 9970770 108835565 1941349072 1442914344 33 12044308 1460132980
======================
   8      32 sdc 1973207 136783 122801554 16729724 9970770 108835565 1941349072 1442914344 33 12045304 1460156868
======================
   8      32 sdc 1975630 136783 122820938 16755848 9970770 108835565 1941349072 1442914344 32 12046288 1460182728
======================
   8      32 sdc 1977661 136996 122838946 16779132 9971799 108836604 1941365368 1442932520 129 12047284 1460229320
======================
   8      32 sdc 1979980 137179 122859010 16802440 9972189 108836658 1941369168 1442952132 1 12048276 1460267120
======================
   8      32 sdc 1982659 137179 122880442 16827100 9972189 108836658 1941369168 1442952132 1 12049256 1460291780
======================
   8      32 sdc 1985272 137179 122901346 16851628 9972189 108836658 1941369168 1442952132 33 12050236 1460316428
======================
   8      32 sdc 1987881 137179 122922218 16876404 9972189 108836658 1941369168 1442952132 20 12051220 1460341240
======================
   8      32 sdc 1989127 137179 122932186 16896488 9972207 108837713 1941377752 1442952248 32 12052196 1460368824
======================
   8      32 sdc 1989254 137179 122933202 16928824 9972207 108837713 1941377752 1442952248 1 12053196 1460394176
======================
   8      32 sdc 1989908 137179 122938434 16940072 9972207 108837713 1941377752 1442952248 0 12054200 1460404856
======================
   8      32 sdc 1992505 137179 122959210 16965476 9972207 108837713 1941377752 1442952248 33 12055196 1460430392
======================
   8      32 sdc 1994792 137179 122977506 16988736 9972207 108837713 1941377752 1442952248 1 12056188 1460453524
======================
   8      32 sdc 1997353 137179 122997994 17012964 9972220 108838467 1941383888 1442952488 32 12057180 1460478244
======================
   8      32 sdc 1999967 137179 123018906 17038672 9972220 108838467 1941383888 1442952488 31 12058172 1460504068
======================
   8      32 sdc 2002726 137179 123040978 17062208 9972220 108838467 1941383888 1442952488 31 12059156 1460527604
======================
   8      32 sdc 2005369 137179 123062122 17087456 9972220 108838467 1941383888 1442952488 17 12060144 1460552548
======================
   8      32 sdc 2007297 137179 123077546 17114124 9972220 108838467 1941383888 1442952488 33 12061132 1460579280
======================
   8      32 sdc 2009749 137268 123097890 17136948 9974199 108840069 1941412536 1442972884 1 12062116 1460622376
======================
   8      32 sdc 2012338 137268 123118602 17160504 9974199 108840069 1941412536 1442972884 31 12063088 1460646044
======================
   8      32 sdc 2014842 137268 123138634 17184904 9974199 108840069 1941412536 1442972884 7 12064080 1460670348
======================
   8      32 sdc 2017299 137268 123158290 17207624 9974199 108840069 1941412536 1442972884 31 12065052 1460693040
======================
   8      32 sdc 2019845 137268 123178658 17231560 9974199 108840069 1941412536 1442972884 32 12066032 1460717232
======================
   8      32 sdc 2022227 137298 123197962 17255268 9974221 108841339 1941422872 1442972892 31 12067028 1460740816
======================
   8      32 sdc 2024764 137298 123218258 17278840 9974221 108841339 1941422872 1442972892 32 12068008 1460764392
======================
   8      32 sdc 2027373 137298 123239130 17304192 9974221 108841339 1941422872 1442972892 32 12068968 1460789616
======================
   8      32 sdc 2030045 137298 123260506 17329628 9974221 108841339 1941422872 1442972892 0 12069956 1460815052
======================
   8      32 sdc 2031074 137298 123268738 17357892 9974221 108841339 1941422872 1442972892 33 12070952 1460844236
======================
   8      32 sdc 2031203 137298 123269770 17376888 9974242 108842578 1941432952 1442973020 32 12071956 1460872292
======================
   8      32 sdc 2031424 137298 123271538 17407196 9974242 108842578 1941432952 1442973020 35 12072956 1460902864
======================
   8      32 sdc 2031584 137298 123272818 17443400 9974242 108842578 1941432952 1442973020 31 12073960 1460929320
======================
   8      32 sdc 2034183 137298 123293610 17466900 9974242 108842578 1941432952 1442973020 1 12074936 1460952456
======================
   8      32 sdc 2036595 137298 123312906 17491500 9974242 108842578 1941432952 1442973020 32 12075924 1460977048
======================
   8      32 sdc 2039217 137298 123333882 17516384 9974259 108843569 1941441016 1442973148 33 12076908 1461002056
======================
   8      32 sdc 2040942 138073 123354066 17535344 9976438 108843760 1941459856 1443075828 167 12077900 1461131656
======================
   8      32 sdc 2043255 138194 123373562 17557912 9976750 108843768 1941462536 1443095164 30 12078872 1461165840
======================
   8      32 sdc 2045864 138194 123394434 17582672 9976750 108843768 1941462536 1443095164 1 12079840 1461190368
======================
   8      32 sdc 2048422 138194 123414898 17606152 9976750 108843768 1941462536 1443095164 1 12080808 1461213840
======================
   8      32 sdc 2050811 138224 123434258 17628464 9976780 108845553 1941477056 1443095180 1 12081792 1461236180
======================
   8      32 sdc 2053322 138224 123454346 17651312 9976780 108845553 1941477056 1443095180 0 12082768 1461259016
======================
   8      32 sdc 2055702 138224 123473386 17675912 9976780 108845553 1941477056 1443095180 31 12083740 1461283740
======================
   8      32 sdc 2058209 138224 123493442 17700184 9976780 108845553 1941477056 1443095180 0 12084720 1461307876
======================
   8      32 sdc 2060609 138224 123512642 17723124 9976780 108845553 1941477056 1443095180 16 12085680 1461330996
======================
   8      32 sdc 2063029 138224 123532002 17748428 9976813 108847512 1941492992 1443095404 32 12086640 1461356340
======================
   8      32 sdc 2065306 138224 123550218 17770684 9976813 108847512 1941492992 1443095404 30 12087616 1461378836
======================
   8      32 sdc 2066353 138224 123558594 17780848 9976813 108847512 1941492992 1443095404 0 12088092 1461388760
======================
   8      32 sdc 2066353 138224 123558594 17780848 9976813 108847512 1941492992 1443095404 0 12088092 1461388760
