======================
   8      16 sdb 21576507 358040 1902570498 42516832 41242902 355283243 11293169992 1628160712 0 14067540 1670633648
======================
   8      16 sdb 21576507 358040 1902570498 42516832 41242902 355283243 11293169992 1628160712 0 14067540 1670633648
======================
   8      16 sdb 21576508 358040 1902570506 42516832 41242902 355283243 11293169992 1628160712 0 14067540 1670633648
======================
   8      16 sdb 21576508 358040 1902570506 42516832 41242902 355283243 11293169992 1628160712 0 14067540 1670633648
======================
   8      16 sdb 21576508 358040 1902570506 42516832 41242902 355283243 11293169992 1628160712 0 14067540 1670633648
======================
   8      16 sdb 21576985 358040 1902574322 42516852 41242902 355283243 11293169992 1628160712 0 14067560 1670633668
======================
   8      16 sdb 21576985 358040 1902574322 42516852 41243862 355283243 11293661512 1628168124 0 14067632 1670641080
======================
   8      16 sdb 21576985 358040 1902574322 42516852 41247026 355283744 11295280952 1628242160 151 14068272 1670720204
======================
   8      16 sdb 21576985 358040 1902574322 42516852 41248977 355284209 11296264936 1628384568 152 14069276 1670862640
======================
   8      16 sdb 21576986 358040 1902574330 42516936 41250616 355284209 11297104104 1628498536 139 14070280 1670997472
======================
   8      16 sdb 21576986 358040 1902574330 42516936 41251717 355284209 11297667816 1628662408 155 14071280 1671138880
======================
   8      16 sdb 21576986 358040 1902574330 42516936 41253895 355284209 11298782952 1628799804 153 14072284 1671281808
======================
   8      16 sdb 21576986 358040 1902574330 42516936 41255388 355284229 11299547536 1628940544 142 14073288 1671418880
======================
   8      16 sdb 21576986 358040 1902574330 42516936 41257284 355284229 11300517776 1629083064 134 14074292 1671561440
======================
   8      16 sdb 21576987 358040 1902574338 42517024 41259209 355284229 11301502872 1629218076 141 14075296 1671696516
======================
   8      16 sdb 21576987 358040 1902574338 42517024 41261118 355284243 11302479384 1629360240 135 14076296 1671838372
======================
   8      16 sdb 21576987 358040 1902574338 42517024 41263684 355284243 11303793176 1629502864 129 14077300 1671979280
======================
   8      16 sdb 21576988 358040 1902574346 42517080 41266174 355284268 11305067752 1629631896 148 14078304 1672109852
======================
   8      16 sdb 21576988 358040 1902574346 42517080 41268112 355284268 11306060008 1629776336 130 14079308 1672254664
======================
   8      16 sdb 21576988 358040 1902574346 42517080 41270009 355284268 11307031272 1629919072 153 14080312 1672397484
======================
   8      16 sdb 21576988 358040 1902574346 42517080 41271906 355284268 11308002536 1630061880 144 14081316 1672540264
======================
   8      16 sdb 21576989 358040 1902574354 42517164 41273830 355284268 11308987120 1630197120 136 14082320 1672675640
======================
   8      16 sdb 21576989 358040 1902574354 42517164 41275756 355284311 11309972064 1630333984 137 14083324 1672812556
======================
   8      16 sdb 21576989 358040 1902574354 42517164 41277670 355284311 11310952032 1630476492 143 14084328 1672955192
======================
   8      16 sdb 21576989 358040 1902574354 42517164 41279596 355284311 11311938144 1630619132 137 14085328 1673097380
======================
   8      16 sdb 21576990 358040 1902574362 42517252 41281519 355284311 11312922216 1630754200 133 14086332 1673232372
======================
   8      16 sdb 21576990 358040 1902574362 42517252 41283421 355284328 11313894664 1630896600 151 14087336 1673374912
======================
   8      16 sdb 21576990 358040 1902574362 42517252 41285313 355284351 11314863560 1631033244 132 14088340 1673511696
======================
   8      16 sdb 21576990 358040 1902574362 42517252 41287203 355284351 11315830728 1631173076 130 14089344 1673653712
======================
   8      16 sdb 21576991 358040 1902574370 42517328 41289158 355284351 11316831184 1631305864 147 14090348 1673784548
======================
   8      16 sdb 21576991 358040 1902574370 42517328 41291082 355284368 11317815400 1631448156 143 14091352 1673926748
======================
   8      16 sdb 21576991 358040 1902574370 42517328 41292998 355284368 11318796392 1631590448 147 14092356 1674069188
======================
   8      16 sdb 21576991 358040 1902574370 42517328 41294920 355284390 11319780128 1631727424 151 14093360 1674206104
======================
   8      16 sdb 21576992 358040 1902574378 42517428 41296818 355284390 11320751400 1631860008 148 14094360 1674338792
======================
   8      16 sdb 21576992 358040 1902574378 42517428 41298724 355284406 11321726392 1632002036 129 14095360 1674480468
======================
   8      16 sdb 21576992 358040 1902574378 42517428 41300646 355284406 11322710456 1632144916 128 14096364 1674623252
======================
   8      16 sdb 21576992 358040 1902574378 42517428 41302561 355284406 11323690936 1632287040 132 14097368 1674765544
======================
   8      16 sdb 21576993 358040 1902574386 42517512 41304481 355284430 11324674176 1632417956 129 14098372 1674896576
======================
   8      16 sdb 21576993 358040 1902574386 42517512 41306404 355284430 11325658240 1632560656 134 14099380 1675039840
======================
   8      16 sdb 21576993 358040 1902574386 42517512 41308327 355284430 11326642816 1632703248 155 14100384 1675182452
======================
   8      16 sdb 21576993 358040 1902574386 42517512 41310225 355284430 11327614592 1632844368 145 14101388 1675324020
======================
   8      16 sdb 21576994 358040 1902574394 42517596 41312127 355284430 11328587912 1632979584 135 14102392 1675459128
======================
   8      16 sdb 21576994 358040 1902574394 42517596 41314049 355284469 11329570272 1633116884 135 14103396 1675596464
======================
   8      16 sdb 21576994 358040 1902574394 42517596 41315973 355284469 11330555360 1633259436 131 14104396 1675738404
======================
   8      16 sdb 21576994 358040 1902574394 42517596 41317889 355284469 11331536352 1633401680 135 14105400 1675880896
======================
   8      16 sdb 21576995 358040 1902574402 42517680 41319813 355284469 11332520936 1633536908 139 14106400 1676016016
======================
   8      16 sdb 21576995 358040 1902574402 42517680 41321738 355284486 11333505664 1633679736 153 14107404 1676159008
======================
   8      16 sdb 21576995 358040 1902574402 42517680 41323634 355284508 11334476088 1633814932 129 14108408 1676295800
======================
   8      16 sdb 21576995 358040 1902574402 42517680 41325551 355284508 11335457592 1633958188 130 14109412 1676437712
======================
   8      16 sdb 21576996 358040 1902574410 42517760 41327455 355284508 11336431936 1634093512 130 14110412 1676572552
======================
   8      16 sdb 21576996 358040 1902574410 42517760 41329378 355284524 11337415632 1634235440 132 14111416 1676714548
======================
   8      16 sdb 21576996 358040 1902574410 42517760 41331296 355284524 11338397648 1634377260 129 14112420 1676856492
======================
   8      16 sdb 21576996 358040 1902574410 42517760 41333217 355284547 11339380880 1634514328 144 14113424 1676993548
======================
   8      16 sdb 21576997 358040 1902574418 42517844 41335143 355284547 11340366488 1634649688 129 14114428 1677128860
======================
   8      16 sdb 21576997 358040 1902574418 42517844 41337068 355284564 11341351216 1634789524 154 14115432 1677268888
======================
   8      16 sdb 21576997 358040 1902574418 42517844 41338965 355284564 11342322480 1634930892 145 14116436 1677410520
======================
   8      16 sdb 21576997 358040 1902574418 42517844 41340874 355284564 11343299888 1635068364 147 14117440 1677547848
======================
   8      16 sdb 21576998 358040 1902574426 42517868 41342779 355284587 11344274424 1635202056 141 14118444 1677681632
======================
   8      16 sdb 21576998 358040 1902574426 42517868 41344703 355284603 11345258128 1635344316 137 14119448 1677823924
======================
   8      16 sdb 21576998 358040 1902574426 42517868 41346613 355284603 11346236048 1635486588 147 14120448 1677965880
======================
   8      16 sdb 21576998 358040 1902574426 42517868 41348537 355284603 11347221136 1635629368 143 14121452 1678108552
======================
   8      16 sdb 21576999 358040 1902574434 42517944 41350450 355284603 11348200592 1635764992 148 14122456 1678244236
======================
   8      16 sdb 21576999 358040 1902574434 42517944 41352373 355284626 11349184848 1635901496 132 14123460 1678380812
======================
   8      16 sdb 21576999 358040 1902574434 42517944 41354273 355284626 11350157648 1636044232 152 14124464 1678523480
======================
   8      16 sdb 21576999 358040 1902574434 42517944 41356189 355284626 11351138640 1636186700 147 14125468 1678665976
======================
   8      16 sdb 21577000 358040 1902574442 42518028 41358112 355284626 11352123224 1636322304 138 14126468 1678801704
======================
   8      16 sdb 21577000 358040 1902574442 42518028 41360037 355284642 11353106928 1636464424 133 14127472 1678943716
======================
   8      16 sdb 21577000 358040 1902574442 42518028 41361956 355284665 11354089136 1636599988 132 14128476 1679079216
======================
   8      16 sdb 21577000 358040 1902574442 42518028 41363872 355284665 11355070128 1636741484 136 14129480 1679220804
======================
   8      16 sdb 21577001 358040 1902574450 42518104 41365796 355284665 11356054712 1636875876 150 14130484 1679355364
======================
   8      16 sdb 21577001 358040 1902574450 42518104 41367689 355284682 11357023056 1637017264 145 14131488 1679496920
======================
   8      16 sdb 21577001 358040 1902574450 42518104 41369598 355284682 11358000464 1637159304 156 14132492 1679638896
======================
   8      16 sdb 21577001 358040 1902574450 42518104 41371460 355284705 11358953488 1637288036 129 14133492 1679767156
======================
   8      16 sdb 21577002 358040 1902574458 42518116 41373382 355284705 11359937552 1637430152 139 14134496 1679909240
======================
   8      16 sdb 21577002 358040 1902574458 42518116 41375299 355284705 11360919056 1637572508 129 14135500 1680051756
======================
   8      16 sdb 21577002 358040 1902574458 42518116 41377216 355284705 11361900560 1637714576 132 14136504 1680193860
======================
   8      16 sdb 21577002 358040 1902574458 42518116 41379134 355284705 11362882576 1637857100 134 14137508 1680336416
======================
   8      16 sdb 21577003 358040 1902574466 42518152 41381036 355284705 11363856400 1637996780 144 14138512 1680476200
======================
   8      16 sdb 21577003 358040 1902574466 42518152 41382932 355284705 11364827152 1638139332 136 14139512 1680618652
======================
   8      16 sdb 21577003 358040 1902574466 42518152 41384847 355284705 11365807632 1638281576 141 14140516 1680761072
======================
   8      16 sdb 21577003 358040 1902574466 42518152 41386765 355284705 11366789648 1638423552 143 14141520 1680903304
======================
   8      16 sdb 21577004 358040 1902574474 42518204 41388684 355284705 11367772176 1638562764 144 14142520 1681042208
======================
   8      16 sdb 21577004 358040 1902574474 42518204 41390609 355284705 11368757776 1638705176 139 14143524 1681184772
======================
   8      16 sdb 21577004 358040 1902574474 42518204 41392523 355284705 11369737744 1638847260 145 14144528 1681326908
======================
   8      16 sdb 21577004 358040 1902574474 42518204 41394436 355284705 11370717200 1638989504 152 14145528 1681468832
======================
   8      16 sdb 21577005 358040 1902574482 42518280 41396327 355284705 11371685392 1639124476 144 14146532 1681606268
======================
   8      16 sdb 21577005 358040 1902574482 42518280 41398260 355284705 11372675088 1639268656 131 14147536 1681748056
======================
   8      16 sdb 21577005 358040 1902574482 42518280 41400171 355284705 11373653520 1639409748 140 14148540 1681889456
======================
   8      16 sdb 21577005 358040 1902574482 42518280 41402087 355284705 11374634512 1639551132 144 14149544 1682030792
======================
   8      16 sdb 21577006 358040 1902574490 42518356 41404014 355284774 11375620176 1639684844 152 14150544 1682164188
======================
   8      16 sdb 21577006 358040 1902574490 42518356 41405934 355284790 11376601832 1639826984 152 14151548 1682306432
======================
   8      16 sdb 21577006 358040 1902574490 42518356 41407818 355284790 11377566440 1639968412 156 14152552 1682447568
======================
   8      16 sdb 21577006 358040 1902574490 42518356 41409740 355284790 11378550504 1640109328 154 14153552 1682588828
======================
   8      16 sdb 21577007 358040 1902574498 42518440 41411658 355284790 11379532016 1640242972 128 14154556 1682722460
======================
   8      16 sdb 21577007 358040 1902574498 42518440 41413582 355284872 11380514232 1640379340 130 14155560 1682858312
======================
   8      16 sdb 21577007 358040 1902574498 42518440 41415504 355284872 11381498296 1640521036 128 14156564 1683000768
======================
   8      16 sdb 21577007 358040 1902574498 42518440 41417422 355284872 11382480312 1640662952 130 14157564 1683142528
======================
   8      16 sdb 21577008 358040 1902574506 42518524 41419345 355284872 11383464384 1640798912 146 14158568 1683278596
======================
   8      16 sdb 21577008 358040 1902574506 42518524 41421268 355284889 11384448088 1640940456 143 14159572 1683420116
======================
   8      16 sdb 21577008 358040 1902574506 42518524 41423174 355284912 11385423640 1641077944 137 14160576 1683557568
======================
   8      16 sdb 21577008 358040 1902574506 42518524 41425069 355284912 11386393880 1641220264 130 14161580 1683700092
======================
   8      16 sdb 21577009 358040 1902574514 42518612 41426997 355284912 11387380512 1641355528 153 14162584 1683835440
======================
   8      16 sdb 21577009 358040 1902574514 42518612 41428920 355284928 11388363704 1641497864 150 14163584 1683977312
======================
   8      16 sdb 21577009 358040 1902574514 42518612 41430842 355284928 11389347768 1641638952 148 14164588 1684118348
======================
   8      16 sdb 21577009 358040 1902574514 42518612 41432759 355284952 11390328960 1641774564 139 14165592 1684254244
======================
   8      16 sdb 21577010 358040 1902574522 42518692 41434687 355284952 11391315592 1641909544 141 14166596 1684389048
======================
   8      16 sdb 21577010 358040 1902574522 42518692 41436584 355284969 11392285480 1642051608 143 14167600 1684531352
======================
   8      16 sdb 21577010 358040 1902574522 42518692 41438481 355284969 11393256744 1642192932 134 14168604 1684672832
======================
   8      16 sdb 21577010 358040 1902574522 42518692 41440377 355284969 11394227496 1642335828 147 14169608 1684815284
======================
   8      16 sdb 21577011 358040 1902574530 42518776 41442324 355284991 11395224544 1642470876 133 14170612 1684950880
======================
   8      16 sdb 21577011 358040 1902574530 42518776 41444260 355284991 11396215264 1642614348 149 14171624 1685094488
======================
   8      16 sdb 21577011 358040 1902574530 42518776 41446176 355284991 11397196256 1642756364 149 14172624 1685236032
======================
   8      16 sdb 21577011 358040 1902574530 42518776 41448101 355284991 11398181856 1642898892 148 14173628 1685378524
======================
   8      16 sdb 21577012 358040 1902574538 42518864 41449968 355284991 11399137256 1643032652 140 14174632 1685514076
======================
   8      16 sdb 21577012 358040 1902574538 42518864 41451918 355285030 11400134456 1643170292 139 14175636 1685650164
======================
   8      16 sdb 21577012 358040 1902574538 42518864 41453835 355285030 11401115960 1643311760 129 14176636 1685791200
======================
   8      16 sdb 21577012 358040 1902574538 42518864 41455749 355285030 11402095928 1643453200 135 14177640 1685933076
======================
   8      16 sdb 21577013 358040 1902574546 42518944 41457672 355285030 11403080000 1643587440 151 14178644 1686067468
======================
   8      16 sdb 21577013 358040 1902574546 42518944 41459596 355285046 11404064208 1643729368 147 14179644 1686208832
======================
   8      16 sdb 21577013 358040 1902574546 42518944 41461511 355285070 11405044376 1643865660 137 14180648 1686345392
======================
   8      16 sdb 21577013 358040 1902574546 42518944 41463411 355285070 11406017176 1644007148 154 14181652 1686487116
======================
   8      16 sdb 21577014 358040 1902574554 42519020 41465316 355285070 11406992032 1644141984 146 14182652 1686621160
======================
   8      16 sdb 21577014 358040 1902574554 42519020 41467237 355285087 11407974208 1644283968 157 14183656 1686763796
======================
   8      16 sdb 21577016 358040 1902574570 42519112 41469150 355285087 11408953664 1644431036 149 14184660 1686910884
======================
   8      16 sdb 21577016 358040 1902574570 42519112 41471074 355285109 11409938432 1644566744 148 14185660 1687046520
======================
   8      16 sdb 21577017 358040 1902574578 42519192 41472989 355285109 11410918400 1644702864 156 14186664 1687182692
======================
   8      16 sdb 21577017 358040 1902574578 42519192 41474912 355285109 11411902976 1644844924 153 14187668 1687325120
======================
   8      16 sdb 21577017 358040 1902574578 42519192 41476810 355285109 11412875264 1644986568 143 14188668 1687466540
======================
   8      16 sdb 21577017 358040 1902574578 42519192 41478705 355285109 11413844992 1645127492 136 14189672 1687608056
======================
   8      16 sdb 21577018 358040 1902574586 42519280 41480628 355285131 11414828736 1645259080 141 14190672 1687737188
======================
   8      16 sdb 21577018 358040 1902574586 42519280 41482547 355285131 11415811264 1645399092 142 14191676 1687879572
======================
   8      16 sdb 21577018 358040 1902574586 42519280 41484467 355285131 11416794304 1645541260 142 14192676 1688021412
======================
   8      16 sdb 21577018 358040 1902574586 42519280 41486390 355285131 11417778880 1645683232 139 14193680 1688163512
======================
   8      16 sdb 21577019 358040 1902574594 42519364 41488298 355285131 11418755776 1645820440 152 14194680 1688297640
======================
   8      16 sdb 21577019 358040 1902574594 42519364 41488818 355285203 11419016024 1645857444 0 14194960 1688332356
======================
   8      16 sdb 21577019 358040 1902574594 42519364 41488818 355285203 11419016024 1645857444 0 14194960 1688332356
======================
   8      16 sdb 21577019 358040 1902574594 42519364 41488818 355285203 11419016024 1645857444 0 14194960 1688332356
======================
   8      16 sdb 21577019 358040 1902574594 42519364 41488818 355285203 11419016024 1645857444 0 14194960 1688332356
======================
   8      16 sdb 21577019 358040 1902574594 42519364 41488818 355285203 11419016024 1645857444 0 14194960 1688332356
started
======================
   8      16 sdb 21577019 358040 1902574594 42519364 41488818 355285203 11419016024 1645857444 0 14194960 1688332356
======================
   8      16 sdb 21577824 358040 1902779434 42519704 41488818 355285203 11419016024 1645857444 1 14195160 1688332700
======================
   8      16 sdb 21581918 358040 1903827498 42521412 41488818 355285203 11419016024 1645857444 2 14196164 1688334404
======================
   8      16 sdb 21585934 358040 1904855594 42523104 41488818 355285203 11419016024 1645857444 1 14197164 1688336100
======================
   8      16 sdb 21589931 358040 1905878826 42524784 41488818 355285203 11419016024 1645857444 2 14198160 1688337776
======================
   8      16 sdb 21593934 358040 1906903594 42526472 41488818 355285203 11419016024 1645857444 2 14199164 1688339460
======================
   8      16 sdb 21598021 358040 1907949866 42528104 41488818 355285203 11419016024 1645857444 1 14200168 1688341092
======================
   8      16 sdb 21602073 358041 1908987434 42529796 41488820 355285204 11419016048 1645857444 2 14201172 1688342784
======================
   8      16 sdb 21606160 358041 1910033706 42531452 41488820 355285204 11419016048 1645857444 2 14202172 1688344440
======================
   8      16 sdb 21610238 358041 1911077674 42533120 41488820 355285204 11419016048 1645857444 2 14203176 1688346108
======================
   8      16 sdb 21614322 358041 1912123434 42534780 41488820 355285204 11419016048 1645857444 2 14204180 1688347768
======================
   8      16 sdb 21618335 358041 1913150506 42536504 41488820 355285204 11419016048 1645857444 2 14205180 1688349488
======================
   8      16 sdb 21622355 358041 1914179626 42538156 41488820 355285204 11419016048 1645857444 2 14206184 1688351136
======================
   8      16 sdb 21626441 358041 1915225642 42539836 41488820 355285204 11419016048 1645857444 2 14207184 1688352816
======================
   8      16 sdb 21630505 358041 1916266026 42541556 41488820 355285204 11419016048 1645857444 1 14208188 1688354536
======================
   8      16 sdb 21634587 358041 1917311018 42543252 41488820 355285204 11419016048 1645857444 2 14209192 1688356232
======================
   8      16 sdb 21638666 358041 1918355242 42544920 41488820 355285204 11419016048 1645857444 2 14210192 1688357888
======================
   8      16 sdb 21642753 358041 1919401514 42546608 41488820 355285204 11419016048 1645857444 2 14211196 1688359576
======================
   8      16 sdb 21646786 358041 1920433962 42548308 41488820 355285204 11419016048 1645857444 2 14212196 1688361272
======================
   8      16 sdb 21650805 358041 1921462826 42549976 41488820 355285204 11419016048 1645857444 2 14213200 1688362940
======================
   8      16 sdb 21654890 358041 1922508586 42551588 41488820 355285204 11419016048 1645857444 2 14214204 1688364552
======================
   8      16 sdb 21658978 358041 1923555114 42553320 41488820 355285204 11419016048 1645857444 2 14215208 1688366284
======================
   8      16 sdb 21663060 358041 1924600106 42554980 41488820 355285204 11419016048 1645857444 1 14216208 1688367936
======================
   8      16 sdb 21667141 358041 1925644842 42556608 41488820 355285204 11419016048 1645857444 1 14217204 1688369556
======================
   8      16 sdb 21671194 358041 1926682410 42558252 41488820 355285204 11419016048 1645857444 2 14218204 1688371196
======================
   8      16 sdb 21675208 358041 1927709994 42559912 41488820 355285204 11419016048 1645857444 2 14219208 1688372844
======================
   8      16 sdb 21679221 358041 1928737322 42561568 41488820 355285204 11419016048 1645857444 2 14220208 1688374492
======================
   8      16 sdb 21683309 358041 1929783850 42563204 41488820 355285204 11419016048 1645857444 2 14221212 1688376124
======================
   8      16 sdb 21687383 358041 1930826794 42564824 41488820 355285204 11419016048 1645857444 2 14222212 1688377752
======================
   8      16 sdb 21691459 358041 1931870250 42566492 41488820 355285204 11419016048 1645857444 2 14223216 1688379416
======================
   8      16 sdb 21695545 358041 1932916266 42568224 41488820 355285204 11419016048 1645857444 1 14224220 1688381148
======================
   8      16 sdb 21699632 358041 1933962538 42569984 41488820 355285204 11419016048 1645857444 2 14225224 1688382908
======================
   8      16 sdb 21703651 358041 1934991402 42571708 41488820 355285204 11419016048 1645857444 2 14226228 1688384628
======================
   8      16 sdb 21707673 358041 1936021034 42573468 41488820 355285204 11419016048 1645857444 2 14227228 1688386384
======================
   8      16 sdb 21711743 358041 1937062954 42575204 41488820 355285204 11419016048 1645857444 2 14228232 1688388120
======================
   8      16 sdb 21715834 358041 1938110250 42576980 41488820 355285204 11419016048 1645857444 2 14229232 1688389896
======================
   8      16 sdb 21719919 358041 1939156010 42578688 41488820 355285204 11419016048 1645857444 2 14230232 1688391592
======================
   8      16 sdb 21724001 358041 1940201002 42580436 41488820 355285204 11419016048 1645857444 2 14231236 1688393340
======================
   8      16 sdb 21728081 358041 1941245482 42582160 41488820 355285204 11419016048 1645857444 2 14232244 1688395068
======================
   8      16 sdb 21732101 358041 1942274602 42583892 41488820 355285204 11419016048 1645857444 1 14233248 1688396800
======================
   8      16 sdb 21736190 358041 1943321386 42585620 41488820 355285204 11419016048 1645857444 1 14234252 1688398524
======================
   8      16 sdb 21740218 358041 1944352554 42587352 41488820 355285204 11419016048 1645857444 2 14235256 1688400252
======================
   8      16 sdb 21744308 358041 1945399594 42589092 41488821 355285204 11419016056 1645857444 1 14236260 1688401992
======================
   8      16 sdb 21748428 358041 1946454314 42590832 41488821 355285204 11419016056 1645857444 2 14237268 1688403732
======================
   8      16 sdb 21752544 358041 1947508010 42592560 41488821 355285204 11419016056 1645857444 1 14238280 1688405460
======================
   8      16 sdb 21756647 358041 1948558378 42594212 41488821 355285204 11419016056 1645857444 2 14239284 1688407104
======================
   8      16 sdb 21760760 358041 1949611306 42595912 41488821 355285204 11419016056 1645857444 2 14240288 1688408796
======================
   8      16 sdb 21764781 358041 1950640682 42597644 41488821 355285204 11419016056 1645857444 2 14241292 1688410528
======================
   8      16 sdb 21768839 358041 1951679530 42599336 41488821 355285204 11419016056 1645857444 2 14242296 1688412212
======================
   8      16 sdb 21772922 358041 1952724778 42601060 41488821 355285204 11419016056 1645857444 2 14243296 1688413932
======================
   8      16 sdb 21777001 358041 1953769002 42602716 41488821 355285204 11419016056 1645857444 2 14244292 1688415584
======================
   8      16 sdb 21781097 358041 1954817578 42604436 41488821 355285204 11419016056 1645857444 2 14245296 1688417304
======================
   8      16 sdb 21785190 358041 1955865386 42606152 41488821 355285204 11419016056 1645857444 1 14246300 1688419020
======================
   8      16 sdb 21789286 358041 1956913962 42607884 41488821 355285204 11419016056 1645857444 2 14247300 1688420740
======================
   8      16 sdb 21793278 358041 1957935914 42609612 41488821 355285204 11419016056 1645857444 1 14248304 1688422472
======================
   8      16 sdb 21797295 358041 1958964266 42611372 41488821 355285204 11419016056 1645857444 2 14249304 1688424224
======================
   8      16 sdb 21801363 358041 1960005674 42613064 41488821 355285204 11419016056 1645857444 2 14250300 1688425912
======================
   8      16 sdb 21805450 358041 1961051946 42614808 41488821 355285204 11419016056 1645857444 2 14251304 1688427656
======================
   8      16 sdb 21809537 358041 1962098218 42616540 41488821 355285204 11419016056 1645857444 2 14252300 1688429388
======================
   8      16 sdb 21813601 358041 1963138602 42618228 41488821 355285204 11419016056 1645857444 2 14253304 1688431072
======================
   8      16 sdb 21817695 358041 1964186666 42619912 41488821 355285204 11419016056 1645857444 2 14254304 1688432752
======================
   8      16 sdb 21821710 358041 1965214506 42621612 41488821 355285204 11419016056 1645857444 2 14255308 1688434452
======================
   8      16 sdb 21824071 358041 1965818922 42622612 41488821 355285204 11419016056 1645857444 0 14255900 1688435452
