======================
   8      32 sdc 2712844 31311 357739272 25694776 35159923 733049515 13368865000 3780341976 0 57724428 3807867092
======================
   8      32 sdc 2712844 31311 357739272 25694776 35159923 733049515 13368865000 3780341976 0 57724428 3807867092
======================
   8      32 sdc 2712847 31311 357739296 25694828 35159923 733049515 13368865000 3780341976 0 57724480 3807867144
======================
   8      32 sdc 2712847 31311 357739296 25694828 35159923 733049515 13368865000 3780341976 0 57724480 3807867144
======================
   8      32 sdc 2712848 31311 357739304 25694856 35161101 733049515 13369468136 3780383400 135 57725136 3807947088
======================
   8      32 sdc 2712848 31311 357739304 25694856 35161371 733049515 13369606376 3780526776 153 57726144 3808091776
======================
   8      32 sdc 2712848 31311 357739304 25694856 35161534 733049515 13369689832 3780614252 150 57727144 3808237972
======================
   8      32 sdc 2712848 31311 357739304 25694856 35161756 733049515 13369803496 3780805876 153 57728148 3808381736
======================
   8      32 sdc 2712848 31311 357739304 25694856 35161839 733049538 13369845168 3780866644 135 57729152 3808523728
======================
   8      32 sdc 2712848 31311 357739304 25694856 35161966 733049538 13369910192 3781111248 136 57730156 3808660368
======================
   8      32 sdc 2712848 31311 357739304 25694856 35163209 733049543 13370540600 3781297448 142 57731412 3808834680
======================
   8      32 sdc 2712848 31311 357739304 25694856 35163661 733049543 13370771520 3781406028 138 57732420 3808973528
======================
   8      32 sdc 2712848 31311 357739304 25694856 35163945 733049543 13370916928 3781578468 142 57733424 3809113064
======================
   8      32 sdc 2712848 31311 357739304 25694856 35165149 733049555 13371532464 3781716692 142 57734428 3809254896
======================
   8      32 sdc 2712848 31311 357739304 25694856 35165798 733049558 13371863264 3781856524 133 57735432 3809398156
======================
   8      32 sdc 2712848 31311 357739304 25694856 35166428 733049558 13372185824 3781998052 143 57736436 3809541844
======================
   8      32 sdc 2712848 31311 357739304 25694856 35167098 733049558 13372528864 3782144264 145 57737440 3809685636
======================
   8      32 sdc 2712849 31311 357739312 25695024 35167743 733049558 13372859104 3782280064 136 57738444 3809822156
======================
   8      32 sdc 2712849 31311 357739312 25695024 35168386 733049574 13373187944 3782423836 134 57739448 3809966372
======================
   8      32 sdc 2712849 31311 357739312 25695024 35169029 733049574 13373516656 3782568220 132 57740452 3810110232
======================
   8      32 sdc 2712849 31311 357739312 25695024 35169668 733049574 13373843824 3782711076 133 57741456 3810253768
======================
   8      32 sdc 2712849 31311 357739312 25695024 35170181 733049579 13374104504 3782850140 132 57742456 3810392400
======================
   8      32 sdc 2712849 31311 357739312 25695024 35170834 733049579 13374438840 3782995712 151 57743460 3810537288
======================
   8      32 sdc 2712849 31311 357739312 25695024 35171476 733049592 13374767144 3783137120 143 57744464 3810679160
======================
   8      32 sdc 2712849 31311 357739312 25695024 35172145 733049592 13375109168 3783281744 147 57745468 3810822860
======================
   8      32 sdc 2712849 31311 357739312 25695024 35172815 733049592 13375452208 3783423708 149 57746472 3810966324
======================
   8      32 sdc 2712849 31311 357739312 25695024 35173443 733049592 13375773744 3783567560 129 57747476 3811109816
======================
   8      32 sdc 2712849 31311 357739312 25695024 35174057 733049597 13376087144 3783709200 155 57748480 3811254320
======================
   8      32 sdc 2712849 31311 357739312 25695024 35174735 733049615 13376433416 3783847172 135 57749484 3811388496
======================
   8      32 sdc 2712850 31311 357739320 25695068 35175396 733049615 13376771848 3783990244 151 57750484 3811530928
======================
   8      32 sdc 2712850 31311 357739320 25695068 35176073 733049615 13377118472 3784133856 154 57751492 3811675252
======================
   8      32 sdc 2712850 31311 357739320 25695068 35176703 733049615 13377441032 3784276556 132 57752496 3811819068
======================
   8      32 sdc 2712850 31311 357739320 25695068 35177335 733049621 13377762144 3784422308 140 57753500 3811964004
======================
   8      32 sdc 2712850 31311 357739320 25695068 35177992 733049634 13378098128 3784565716 141 57754504 3812107520
======================
   8      32 sdc 2712850 31311 357739320 25695068 35178635 733049634 13378426840 3784709240 139 57755508 3812251460
======================
   8      32 sdc 2712850 31311 357739320 25695068 35179282 733049634 13378758104 3784853260 132 57756512 3812394972
======================
   8      32 sdc 2712850 31311 357739320 25695068 35179948 733049634 13379099096 3784996872 138 57757512 3812537972
======================
   8      32 sdc 2712850 31311 357739320 25695068 35180601 733049637 13379433432 3785139320 157 57758516 3812680784
======================
   8      32 sdc 2712850 31311 357739320 25695068 35181247 733049655 13379762336 3785276236 156 57759520 3812817676
======================
   8      32 sdc 2712850 31311 357739320 25695068 35181889 733049655 13380091040 3785419728 154 57760528 3812961876
======================
   8      32 sdc 2712850 31311 357739320 25695068 35182529 733049655 13380418720 3785562696 154 57761528 3813104824
======================
   8      32 sdc 2712851 31311 357739328 25695156 35183166 733049655 13380744864 3785703972 134 57762532 3813245212
======================
   8      32 sdc 2712851 31311 357739328 25695156 35183828 733049655 13381083808 3785847260 144 57763536 3813389428
======================
   8      32 sdc 2712851 31311 357739328 25695156 35184472 733049673 13381412672 3785985632 158 57764540 3813529024
======================
   8      32 sdc 2712851 31311 357739328 25695156 35185131 733049686 13381746656 3786123700 131 57765544 3813664728
======================
   8      32 sdc 2712851 31311 357739328 25695156 35185769 733049686 13382073312 3786264600 133 57766548 3813808080
======================
   8      32 sdc 2712851 31311 357739328 25695156 35186394 733049686 13382393312 3786408352 148 57767548 3813950772
======================
   8      32 sdc 2712851 31311 357739328 25695156 35187029 733049686 13382718432 3786552852 153 57768552 3814094032
======================
   8      32 sdc 2712851 31311 357739328 25695156 35187702 733049703 13383062136 3786690656 128 57769556 3814231480
======================
   8      32 sdc 2712851 31311 357739328 25695156 35188377 733049703 13383407736 3786833844 157 57770560 3814374832
======================
   8      32 sdc 2712851 31311 357739328 25695156 35189044 733049703 13383749240 3786975808 130 57771564 3814518300
======================
   8      32 sdc 2712851 31311 357739328 25695156 35189669 733049703 13384069240 3787118860 145 57772568 3814661740
======================
   8      32 sdc 2712851 31311 357739328 25695156 35190304 733049703 13384394360 3787263804 122 57773572 3814804744
======================
   8      32 sdc 2712852 31311 357739336 25695264 35190965 733049723 13384731944 3787399940 144 57774572 3814941140
======================
   8      32 sdc 2712852 31311 357739336 25695264 35191627 733049741 13385068008 3787538532 149 57775576 3815080572
======================
   8      32 sdc 2712852 31311 357739336 25695264 35192262 733049741 13385393128 3787681728 154 57776580 3815224044
======================
   8      32 sdc 2712852 31311 357739336 25695264 35192910 733049741 13385724904 3787823288 146 57777584 3815367904
======================
   8      32 sdc 2712852 31311 357739336 25695264 35193555 733049741 13386055144 3787969052 141 57778588 3815511436
======================
   8      32 sdc 2712852 31311 357739336 25695264 35194198 733049760 13386383504 3788107684 148 57779588 3815649636
======================
   8      32 sdc 2712852 31311 357739336 25695264 35194840 733049760 13386712208 3788250736 146 57780592 3815792804
======================
   8      32 sdc 2712852 31311 357739336 25695264 35195484 733049760 13387041936 3788393864 142 57781596 3815936488
======================
   8      32 sdc 2712852 31311 357739336 25695264 35196149 733049760 13387382416 3788537572 149 57782600 3816079308
======================
   8      32 sdc 2712852 31311 357739336 25695264 35196805 733049760 13387718288 3788679556 133 57783604 3816222676
======================
   8      32 sdc 2712852 31311 357739336 25695264 35197458 733049792 13388047336 3788821924 146 57784604 3816360092
======================
   8      32 sdc 2712852 31311 357739336 25695264 35198054 733049792 13388352488 3788948536 73 57785612 3816493252
======================
   8      32 sdc 2712853 31311 357739344 25695624 35198626 733049792 13388645352 3789083000 143 57786616 3816625476
======================
   8      32 sdc 2712853 31311 357739344 25695624 35199268 733049792 13388974056 3789226260 141 57787620 3816769252
======================
   8      32 sdc 2712853 31311 357739344 25695624 35199904 733049792 13389299688 3789371024 145 57788624 3816912868
======================
   8      32 sdc 2712853 31311 357739344 25695624 35200582 733049812 13389645976 3789514744 138 57789628 3817056688
======================
   8      32 sdc 2712853 31311 357739344 25695624 35201242 733049812 13389983896 3789658628 150 57790632 3817200492
======================
   8      32 sdc 2712853 31311 357739344 25695624 35201881 733049812 13390311064 3789800556 151 57791636 3817344168
======================
   8      32 sdc 2712853 31311 357739344 25695624 35202506 733049812 13390631064 3789942852 134 57792636 3817487104
======================
   8      32 sdc 2712853 31311 357739344 25695624 35203173 733049812 13390972568 3790087232 139 57793640 3817630720
======================
   8      32 sdc 2712853 31311 357739344 25695624 35203851 733049832 13391316336 3790227184 150 57794644 3817769764
======================
   8      32 sdc 2712853 31311 357739344 25695624 35204495 733049832 13391645560 3790369496 147 57795648 3817913640
======================
   8      32 sdc 2712853 31311 357739344 25695624 35205139 733049832 13391975288 3790514548 143 57796652 3818057092
======================
   8      32 sdc 2712853 31311 357739344 25695624 35205751 733049832 13392288632 3790646936 34 57797656 3818182684
======================
   8      32 sdc 2712854 31311 357739352 25696060 35206291 733049832 13392565112 3790763992 131 57798660 3818306804
======================
   8      32 sdc 2712854 31311 357739352 25696060 35206929 733049851 13392890912 3790907176 135 57799664 3818450292
======================
   8      32 sdc 2712854 31311 357739352 25696060 35207567 733049867 13393214176 3791049988 136 57800668 3818593072
======================
   8      32 sdc 2712854 31311 357739352 25696060 35208207 733049867 13393541856 3791192224 136 57801672 3818735832
======================
   8      32 sdc 2712854 31311 357739352 25696060 35208863 733049867 13393877728 3791336500 152 57802672 3818878604
======================
   8      32 sdc 2712854 31311 357739352 25696060 35209506 733049867 13394206944 3791479352 149 57803676 3819022192
======================
   8      32 sdc 2712854 31311 357739352 25696060 35210145 733049883 13394533232 3791620772 149 57804680 3819162836
======================
   8      32 sdc 2712854 31311 357739352 25696060 35210815 733049883 13394876272 3791764172 151 57805684 3819306384
======================
   8      32 sdc 2712854 31311 357739352 25696060 35211461 733049883 13395207024 3791905108 145 57806688 3819449100
======================
   8      32 sdc 2712854 31311 357739352 25696060 35212087 733049883 13395527536 3792049180 159 57807692 3819592500
======================
   8      32 sdc 2712854 31311 357739352 25696060 35212744 733049887 13395862440 3792193668 142 57808696 3819736280
======================
   8      32 sdc 2712855 31311 357739360 25696104 35213404 733049906 13396200008 3792326660 145 57809696 3819869204
======================
   8      32 sdc 2712855 31311 357739360 25696104 35214081 733049906 13396546128 3792470448 141 57810700 3820012516
======================
   8      32 sdc 2712855 31311 357739360 25696104 35214743 733049906 13396885072 3792612544 151 57811704 3820156468
======================
   8      32 sdc 2712855 31311 357739360 25696104 35215370 733049906 13397206096 3792758580 132 57812708 3820301904
======================
   8      32 sdc 2712855 31311 357739360 25696104 35215954 733049906 13397505104 3792890956 156 57813712 3820446712
======================
   8      32 sdc 2712855 31311 357739360 25696104 35216544 733049938 13397802400 3793048344 142 57814716 3820587252
======================
   8      32 sdc 2712855 31311 357739360 25696104 35217186 733049938 13398131104 3793187468 140 57815720 3820730808
======================
   8      32 sdc 2712855 31311 357739360 25696104 35217835 733049938 13398463392 3793331080 131 57816724 3820874084
======================
   8      32 sdc 2712855 31311 357739360 25696104 35218503 733049938 13398805408 3793475092 135 57817724 3821017248
======================
   8      32 sdc 2712855 31311 357739360 25696104 35219153 733049938 13399138208 3793619260 157 57818728 3821161692
======================
   8      32 sdc 2712855 31311 357739360 25696104 35219797 733049954 13399467056 3793756912 137 57819732 3821299660
======================
   8      32 sdc 2712855 31311 357739360 25696104 35220433 733049954 13399792688 3793900340 141 57820736 3821443300
======================
   8      32 sdc 2712856 31311 357739368 25696196 35221041 733049954 13400103984 3794037376 146 57821740 3821584452
======================
   8      32 sdc 2712856 31311 357739368 25696196 35221707 733049954 13400444976 3794185108 152 57822744 3821727764
======================
   8      32 sdc 2712856 31311 357739368 25696196 35222357 733049958 13400776800 3794327328 142 57823748 3821869984
======================
   8      32 sdc 2712856 31311 357739368 25696196 35223001 733049980 13401106200 3794468904 156 57824752 3822011936
======================
   8      32 sdc 2712856 31311 357739368 25696196 35223652 733049980 13401439512 3794611864 145 57825756 3822155552
======================
   8      32 sdc 2712856 31311 357739368 25696196 35224302 733049980 13401771808 3794755188 136 57826760 3822299276
======================
   8      32 sdc 2712856 31311 357739368 25696196 35224927 733049980 13402091808 3794899000 151 57827760 3822442284
======================
   8      32 sdc 2712856 31311 357739368 25696196 35225585 733049980 13402428704 3795044032 133 57828768 3822586524
======================
   8      32 sdc 2712856 31311 357739368 25696196 35226263 733049997 13402774968 3795178448 136 57829768 3822720524
======================
   8      32 sdc 2712856 31311 357739368 25696196 35226949 733050009 13403121256 3795321344 143 57830772 3822863580
======================
   8      32 sdc 2712856 31311 357739368 25696196 35227607 733050009 13403458152 3795463352 157 57831776 3823007052
======================
   8      32 sdc 2712856 31311 357739368 25696196 35228234 733050009 13403779176 3795607468 138 57832780 3823150940
======================
   8      32 sdc 2712857 31311 357739376 25696308 35228847 733050009 13404093032 3795750700 154 57833784 3823293328
======================
   8      32 sdc 2712857 31311 357739376 25696308 35229525 733050029 13404439320 3795889860 135 57834788 3823431992
======================
   8      32 sdc 2712857 31311 357739376 25696308 35230178 733050029 13404773656 3796032364 154 57835792 3823575544
======================
   8      32 sdc 2712857 31311 357739376 25696308 35230816 733050029 13405100312 3796175032 156 57836796 3823719092
======================
   8      32 sdc 2712857 31311 357739376 25696308 35231467 733050029 13405433624 3796319852 145 57837800 3823862824
======================
   8      32 sdc 2712857 31311 357739376 25696308 35232112 733050029 13405763864 3796462916 140 57838804 3824006368
======================
   8      32 sdc 2712857 31311 357739376 25696308 35232756 733050048 13406092736 3796604060 154 57839808 3824147648
======================
   8      32 sdc 2712857 31311 357739376 25696308 35233406 733050062 13406421616 3796741592 147 57840812 3824285048
======================
   8      32 sdc 2712857 31311 357739376 25696308 35234050 733050062 13406751344 3796884756 143 57841816 3824428528
======================
   8      32 sdc 2712857 31311 357739376 25696308 35234714 733050062 13407091312 3797029660 151 57842820 3824572340
======================
   8      32 sdc 2712857 31311 357739376 25696308 35235367 733050062 13407425648 3797172592 138 57843820 3824715576
======================
   8      32 sdc 2712857 31311 357739376 25696308 35236026 733050079 13407762184 3797314516 156 57844852 3824857932
======================
   8      32 sdc 2712858 31311 357739384 25696368 35236687 733050079 13408100616 3797460784 153 57845876 3825003028
======================
   8      32 sdc 2712858 31311 357739384 25696368 35237359 733050079 13408444680 3797603264 153 57846880 3825146636
======================
   8      32 sdc 2712858 31311 357739384 25696368 35237986 733050079 13408765704 3797746484 134 57847884 3825290180
======================
   8      32 sdc 2712858 31311 357739384 25696368 35238617 733050079 13409088776 3797890932 143 57848888 3825433776
======================
   8      32 sdc 2712858 31311 357739384 25696368 35239139 733050106 13409354744 3798031816 136 57849892 3825576152
======================
   8      32 sdc 2712858 31311 357739384 25696368 35239816 733050106 13409701368 3798177164 131 57850896 3825719344
======================
   8      32 sdc 2712858 31311 357739384 25696368 35240475 733050106 13410038776 3798319492 144 57851904 3825863548
======================
   8      32 sdc 2712858 31311 357739384 25696368 35241104 733050106 13410360824 3798462552 155 57852912 3826007540
======================
   8      32 sdc 2712858 31311 357739384 25696368 35241763 733050111 13410694744 3798607772 136 57853920 3826151400
======================
   8      32 sdc 2712858 31311 357739384 25696368 35242441 733050125 13411040984 3798748724 141 57854924 3826291448
======================
   8      32 sdc 2712858 31311 357739384 25696368 35243084 733050125 13411370200 3798890904 138 57855928 3826434460
======================
   8      32 sdc 2712858 31311 357739384 25696368 35243726 733050125 13411698904 3799034696 136 57856928 3826577652
======================
   8      32 sdc 2712859 31311 357739392 25696464 35244368 733050125 13412027608 3799177404 145 57857932 3826720156
======================
   8      32 sdc 2712859 31311 357739392 25696464 35245029 733050125 13412366040 3799320584 156 57858936 3826863672
======================
   8      32 sdc 2712859 31311 357739392 25696464 35245673 733050149 13412694448 3799462080 139 57859940 3827005580
======================
   8      32 sdc 2712859 31311 357739392 25696464 35246316 733050149 13413023664 3799606100 136 57860944 3827149268
======================
   8      32 sdc 2712859 31311 357739392 25696464 35246955 733050149 13413350832 3799749920 137 57861948 3827293016
======================
   8      32 sdc 2712859 31311 357739392 25696464 35247614 733050149 13413688240 3799893608 150 57862948 3827436092
======================
   8      32 sdc 2712859 31311 357739392 25696464 35248259 733050149 13414018480 3800035416 145 57863952 3827579468
======================
   8      32 sdc 2712859 31311 357739392 25696464 35248897 733050171 13414344304 3800174080 152 57864956 3827717364
======================
   8      32 sdc 2712859 31311 357739392 25696464 35249573 733050184 13414686488 3800320288 139 57865960 3827862588
======================
   8      32 sdc 2712859 31311 357739392 25696464 35250244 733050184 13415030040 3800462492 140 57866964 3828006224
======================
   8      32 sdc 2712859 31311 357739392 25696464 35250868 733050184 13415349528 3800605664 156 57867968 3828149932
======================
   8      32 sdc 2712859 31311 357739392 25696464 35251503 733050184 13415674648 3800750492 129 57868972 3828293488
======================
   8      32 sdc 2712860 31311 357739400 25696584 35252158 733050202 13416009144 3800887992 131 57869972 3828430988
======================
   8      32 sdc 2712860 31311 357739400 25696584 35252833 733050202 13416354744 3801030452 128 57870976 3828573388
======================
   8      32 sdc 2712860 31311 357739400 25696584 35253502 733050202 13416697272 3801173620 131 57871980 3828717148
======================
   8      32 sdc 2712860 31311 357739400 25696584 35254134 733050202 13417020856 3801316096 139 57872980 3828860740
======================
   8      32 sdc 2712860 31311 357739400 25696584 35254627 733050202 13417273272 3801461068 158 57873984 3829004204
======================
   8      32 sdc 2712860 31311 357739400 25696584 35255305 733050223 13417619568 3801596828 150 57874988 3829139960
======================
   8      32 sdc 2712860 31311 357739400 25696584 35255958 733050238 13417951000 3801739540 146 57875992 3829283980
======================
   8      32 sdc 2712860 31311 357739400 25696584 35256599 733050238 13418279192 3801882808 145 57876992 3829426936
======================
   8      32 sdc 2712860 31311 357739400 25696584 35257259 733050238 13418617112 3802027520 157 57877996 3829571232
======================
   8      32 sdc 2712860 31311 357739400 25696584 35257917 733050238 13418954008 3802170372 139 57879000 3829714952
======================
   8      32 sdc 2712860 31311 357739400 25696584 35258560 733050256 13419282360 3802312164 154 57880000 3829856016
======================
   8      32 sdc 2712860 31311 357739400 25696584 35259202 733050256 13419611064 3802455716 152 57881004 3829999620
======================
   8      32 sdc 2712860 31311 357739400 25696584 35259491 733050256 13419759032 3802520232 85 57882008 3830108580
======================
   8      32 sdc 2712861 31311 357739408 25698148 35260066 733050256 13420053432 3802667988 143 57883012 3830199384
======================
   8      32 sdc 2712861 31311 357739408 25698148 35261132 733050256 13420599224 3802798268 133 57884016 3830343464
======================
   8      32 sdc 2712861 31311 357739408 25698148 35261782 733050285 13420931144 3802942156 151 57885020 3830487164
======================
   8      32 sdc 2712861 31311 357739408 25698148 35262423 733050285 13421257424 3803085732 154 57886024 3830630636
======================
   8      32 sdc 2712861 31311 357739408 25698148 35263091 733050285 13421599440 3803228308 158 57887028 3830774248
======================
   8      32 sdc 2712861 31311 357739408 25698148 35263716 733050285 13421919952 3803371548 141 57888032 3830918032
======================
   8      32 sdc 2712861 31311 357739408 25698148 35264354 733050285 13422246096 3803516404 143 57889036 3831061432
======================
   8      32 sdc 2712861 31311 357739408 25698148 35265032 733050308 13422592408 3803658400 138 57890040 3831203456
======================
   8      32 sdc 2712861 31311 357739408 25698148 35265708 733050308 13422938520 3803801840 134 57891044 3831346928
======================
   8      32 sdc 2712861 31311 357739408 25698148 35266382 733050308 13423283608 3803945096 132 57892044 3831489944
======================
   8      32 sdc 2712861 31311 357739408 25698148 35267008 733050308 13423604120 3804086688 146 57893048 3831633892
======================
   8      32 sdc 2712862 31311 357739416 25698208 35267617 733050308 13423915928 3804229364 148 57894052 3831775344
======================
   8      32 sdc 2712862 31311 357739416 25698208 35268302 733050345 13424261904 3804363480 156 57895056 3831908268
======================
   8      32 sdc 2712862 31311 357739416 25698208 35268967 733050345 13424602384 3804506264 131 57896056 3832051492
======================
   8      32 sdc 2712862 31311 357739416 25698208 35269606 733050345 13424929552 3804648536 132 57897060 3832195072
======================
   8      32 sdc 2712862 31311 357739416 25698208 35270251 733050345 13425259792 3804793728 158 57898064 3832338828
======================
   8      32 sdc 2712862 31311 357739416 25698208 35270904 733050345 13425594128 3804937368 146 57899064 3832482856
======================
   8      32 sdc 2712862 31311 357739416 25698208 35271531 733050364 13425914800 3805080660 144 57900068 3832626156
======================
   8      32 sdc 2712862 31311 357739416 25698208 35272173 733050364 13426243504 3805224396 143 57901072 3832770108
======================
   8      32 sdc 2712862 31311 357739416 25698208 35272817 733050364 13426572728 3805368288 139 57902080 3832914172
======================
   8      32 sdc 2712862 31311 357739416 25698208 35273490 733050364 13426917304 3805513008 138 57903100 3833060224
======================
   8      32 sdc 2712862 31311 357739416 25698208 35274156 733050364 13427258296 3805656708 144 57904108 3833203760
======================
   8      32 sdc 2712862 31311 357739416 25698208 35274806 733050386 13427587744 3805795696 139 57905116 3833342524
======================
   8      32 sdc 2712863 31311 357739424 25698260 35275439 733050386 13427911840 3805940940 153 57906120 3833485724
======================
   8      32 sdc 2712863 31311 357739424 25698260 35276109 733050386 13428254880 3806084488 155 57907124 3833629328
======================
   8      32 sdc 2712863 31311 357739424 25698260 35276749 733050386 13428582560 3806227100 155 57908128 3833773100
======================
   8      32 sdc 2712863 31311 357739424 25698260 35277372 733050386 13428901536 3806370692 140 57909128 3833916696
======================
   8      32 sdc 2712863 31311 357739424 25698260 35277895 733050404 13429168448 3806514436 148 57910132 3834059132
======================
   8      32 sdc 2712863 31311 357739424 25698260 35278566 733050416 13429509576 3806656156 139 57911136 3834202096
======================
   8      32 sdc 2712863 31311 357739424 25698260 35279242 733050416 13429855688 3806800812 135 57912140 3834345796
======================
   8      32 sdc 2712863 31311 357739424 25698260 35279866 733050416 13430175176 3806942880 151 57913140 3834488800
======================
   8      32 sdc 2712863 31311 357739424 25698260 35280495 733050416 13430497224 3807087384 130 57914144 3834632440
======================
   8      32 sdc 2712863 31311 357739424 25698260 35281167 733050438 13430840456 3807228332 142 57915144 3834773036
======================
   8      32 sdc 2712863 31311 357739424 25698260 35281828 733050438 13431178888 3807371516 153 57916148 3834917136
======================
   8      32 sdc 2712863 31311 357739424 25698260 35282470 733050438 13431507592 3807515748 151 57917152 3835061344
======================
   8      32 sdc 2712864 31311 357739432 25698420 35283102 733050438 13431831176 3807653816 151 57918152 3835199004
======================
   8      32 sdc 2712864 31311 357739432 25698420 35283767 733050438 13432171656 3807797488 158 57919156 3835342384
======================
   8      32 sdc 2712864 31311 357739432 25698420 35284424 733050470 13432502248 3807940508 132 57920164 3835484944
======================
   8      32 sdc 2712864 31311 357739432 25698420 35285067 733050470 13432831464 3808081728 129 57921168 3835627944
======================
   8      32 sdc 2712864 31311 357739432 25698420 35285697 733050470 13433154024 3808226944 139 57922188 3835773440
======================
   8      32 sdc 2712864 31311 357739432 25698420 35286363 733050470 13433495016 3808370972 145 57923192 3835916908
======================
   8      32 sdc 2712864 31311 357739432 25698420 35287022 733050470 13433832424 3808513932 158 57924196 3836060412
======================
   8      32 sdc 2712864 31311 357739432 25698420 35287666 733050489 13434161296 3808655312 130 57925200 3836201800
======================
   8      32 sdc 2712864 31311 357739432 25698420 35288322 733050489 13434497168 3808801784 146 57926200 3836347304
======================
   8      32 sdc 2712864 31311 357739432 25698420 35288998 733050489 13434843280 3808945332 142 57927204 3836490844
======================
   8      32 sdc 2712864 31311 357739432 25698420 35289636 733050489 13435169936 3809087176 144 57928208 3836634316
======================
   8      32 sdc 2712864 31311 357739432 25698420 35290260 733050489 13435489424 3809230932 54 57929212 3836771248
======================
   8      32 sdc 2712865 31311 357739440 25698656 35290916 733050523 13435820528 3809358984 150 57930212 3836904436
======================
   8      32 sdc 2712865 31311 357739440 25698656 35291591 733050523 13436166128 3809502828 147 57931216 3837048656
======================
   8      32 sdc 2712865 31311 357739440 25698656 35292267 733050523 13436512240 3809646168 143 57932220 3837191920
======================
   8      32 sdc 2712865 31311 357739440 25698656 35292902 733050523 13436837360 3809786456 148 57933224 3837335200
======================
   8      32 sdc 2712865 31311 357739440 25698656 35293549 733050523 13437168624 3809932268 141 57934224 3837477852
======================
   8      32 sdc 2712865 31311 357739440 25698656 35294226 733050540 13437514376 3810073520 157 57935228 3837619216
======================
   8      32 sdc 2712865 31311 357739440 25698656 35294872 733050540 13437845128 3810216236 151 57936232 3837762972
======================
   8      32 sdc 2712865 31311 357739440 25698656 35295513 733050540 13438173320 3810360184 150 57937236 3837907300
======================
   8      32 sdc 2712865 31311 357739440 25698656 35296176 733050540 13438512776 3810504264 133 57938236 3838050028
======================
   8      32 sdc 2712865 31311 357739440 25698656 35296816 733050544 13438839480 3810644196 159 57939240 3838190812
======================
   8      32 sdc 2712865 31311 357739440 25698656 35297460 733050568 13439168392 3810780788 133 57940240 3838327120
======================
   8      32 sdc 2712866 31311 357739448 25698724 35298080 733050568 13439485832 3810924472 153 57941244 3838471084
======================
   8      32 sdc 2712866 31311 357739448 25698724 35298721 733050568 13439814024 3811068200 152 57942252 3838615704
======================
   8      32 sdc 2712866 31311 357739448 25698724 35299373 733050568 13440147848 3811212188 140 57943252 3838758904
======================
   8      32 sdc 2712866 31311 357739448 25698724 35300037 733050568 13440487816 3811355336 148 57944256 3838902244
======================
   8      32 sdc 2712866 31311 357739448 25698724 35300669 733050585 13440811032 3811497772 142 57945260 3839045764
======================
   8      32 sdc 2712866 31311 357739448 25698724 35301345 733050602 13441152752 3811638876 137 57946264 3839185452
======================
   8      32 sdc 2712866 31311 357739448 25698724 35302020 733050602 13441498352 3811780156 134 57947268 3839328968
======================
   8      32 sdc 2712866 31311 357739448 25698724 35302644 733050602 13441817840 3811923220 150 57948268 3839471792
======================
   8      32 sdc 2712866 31311 357739448 25698724 35303265 733050602 13442135792 3812066200 137 57949272 3839615024
======================
   8      32 sdc 2712866 31311 357739448 25698724 35303948 733050622 13442484640 3812205008 134 57950276 3839751524
======================
   8      32 sdc 2712866 31311 357739448 25698724 35304623 733050622 13442830240 3812348412 131 57951280 3839894808
======================
   8      32 sdc 2712866 31311 357739448 25698724 35305299 733050622 13443176352 3812491680 138 57952280 3840037660
======================
   8      32 sdc 2712867 31311 357739456 25698976 35305913 733050622 13443490720 3812616112 137 57953284 3840164096
======================
   8      32 sdc 2712867 31311 357739456 25698976 35306536 733050622 13443809696 3812759144 154 57954288 3840307340
======================
   8      32 sdc 2712867 31311 357739456 25698976 35307217 733050654 13444153080 3812902632 144 57955288 3840450096
======================
   8      32 sdc 2712867 31311 357739456 25698976 35307886 733050654 13444495608 3813046076 147 57956292 3840593796
======================
   8      32 sdc 2712867 31311 357739456 25698976 35308499 733050654 13444809464 3813190592 142 57957296 3840737852
======================
   8      32 sdc 2712867 31311 357739456 25698976 35309163 733050654 13445149432 3813334980 150 57958300 3840882344
======================
   8      32 sdc 2712867 31311 357739456 25698976 35309817 733050654 13445484280 3813478852 136 57959308 3841026688
======================
   8      32 sdc 2712867 31311 357739456 25698976 35310461 733050670 13445813128 3813620868 135 57960308 3841168140
======================
   8      32 sdc 2712867 31311 357739456 25698976 35311103 733050670 13446141832 3813764364 133 57961312 3841311652
======================
   8      32 sdc 2712867 31311 357739456 25698976 35311744 733050670 13446470024 3813907900 132 57962316 3841455416
======================
   8      32 sdc 2712867 31311 357739456 25698976 35312403 733050670 13446807432 3814052300 145 57963320 3841599624
======================
   8      32 sdc 2712867 31311 357739456 25698976 35313068 733050673 13447146928 3814195600 152 57964320 3841742664
======================
   8      32 sdc 2712868 31311 357739464 25699236 35313558 733050696 13447397488 3814306124 146 57965328 3841854164
======================
   8      32 sdc 2712868 31311 357739464 25699236 35314202 733050696 13447727216 3814450252 142 57966336 3841998536
======================
   8      32 sdc 2712868 31311 357739464 25699236 35314883 733050696 13448075384 3814595928 134 57967344 3842142900
======================
   8      32 sdc 2712868 31311 357739464 25699236 35315545 733050696 13448414328 3814738424 144 57968348 3842286896
======================
   8      32 sdc 2712868 31311 357739464 25699236 35316167 733050696 13448732792 3814883812 130 57969352 3842430392
======================
   8      32 sdc 2712868 31311 357739464 25699236 35316845 733050714 13449079064 3815025668 141 57970356 3842572540
======================
   8      32 sdc 2712868 31311 357739464 25699236 35317527 733050727 13449423320 3815165524 152 57971360 3842713260
======================
   8      32 sdc 2712868 31311 357739464 25699236 35318201 733050727 13449768920 3815310148 150 57972364 3842857176
======================
   8      32 sdc 2712868 31311 357739464 25699236 35318832 733050727 13450091480 3815452052 146 57973368 3843000240
======================
   8      32 sdc 2712868 31311 357739464 25699236 35319457 733050727 13450411480 3815595776 142 57974372 3843144072
======================
   8      32 sdc 2712868 31311 357739464 25699236 35320134 733050749 13450757272 3815735448 146 57975376 3843282816
======================
   8      32 sdc 2712868 31311 357739464 25699236 35320800 733050749 13451098264 3815878164 152 57976380 3843426260
======================
   8      32 sdc 2712869 31311 357739472 25699308 35321420 733050749 13451415704 3816021336 136 57977380 3843568992
======================
   8      32 sdc 2712869 31311 357739472 25699308 35322067 733050749 13451746968 3816163116 129 57978384 3843711528
======================
   8      32 sdc 2712869 31311 357739472 25699308 35322732 733050749 13452087448 3816308176 136 57979388 3843855668
======================
   8      32 sdc 2712869 31311 357739472 25699308 35323386 733050777 13452419464 3816449680 101 57980392 3843996220
======================
   8      32 sdc 2712869 31311 357739472 25699308 35323872 733050777 13452665808 3816591276 135 57981392 3844139108
======================
   8      32 sdc 2712869 31311 357739472 25699308 35324516 733050777 13452995536 3816735484 131 57982400 3844283260
======================
   8      32 sdc 2712869 31311 357739472 25699308 35325172 733050777 13453331408 3816879316 147 57983404 3844426960
======================
   8      32 sdc 2712869 31311 357739472 25699308 35325845 733050777 13453675984 3817025232 146 57984420 3844573024
======================
   8      32 sdc 2712869 31311 357739472 25699308 35326491 733050792 13454005848 3817161856 146 57985420 3844709676
======================
   8      32 sdc 2712869 31311 357739472 25699308 35327122 733050792 13454328920 3817305900 155 57986428 3844853280
======================
   8      32 sdc 2712869 31311 357739472 25699308 35327794 733050792 13454672984 3817449996 155 57987432 3844996676
======================
   8      32 sdc 2712869 31311 357739472 25699308 35328450 733050792 13455008856 3817592280 139 57988440 3845140932
======================
   8      32 sdc 2712869 31311 357739472 25699308 35328629 733050792 13455100504 3817632604 109 57989440 3845258592
======================
   8      32 sdc 2712870 31311 357739480 25700972 35329354 733050825 13455467432 3817837004 147 57990448 3845372120
======================
   8      32 sdc 2712870 31311 357739480 25700972 35330389 733050825 13455997352 3817966456 136 57991456 3845515420
======================
   8      32 sdc 2712870 31311 357739480 25700972 35331065 733050825 13456343464 3818110056 132 57992460 3845658964
======================
   8      32 sdc 2712870 31311 357739480 25700972 35331657 733050825 13456646568 3818244192 148 57993460 3845802624
======================
   8      32 sdc 2712870 31311 357739480 25700972 35332329 733050825 13456990632 3818397372 148 57994464 3845946148
======================
   8      32 sdc 2712870 31311 357739480 25700972 35333005 733050846 13457336408 3818540860 132 57995472 3846088152
======================
   8      32 sdc 2712870 31311 357739480 25700972 35333660 733050846 13457671264 3818682152 150 57996472 3846231360
======================
   8      32 sdc 2712870 31311 357739480 25700972 35334298 733050846 13457997920 3818825548 152 57997476 3846374816
======================
   8      32 sdc 2712870 31311 357739480 25700972 35334961 733050846 13458337376 3818969384 129 57998480 3846518204
======================
   8      32 sdc 2712870 31311 357739480 25700972 35335621 733050852 13458673328 3819112060 141 57999484 3846661852
======================
   8      32 sdc 2712870 31311 357739480 25700972 35336262 733050873 13459001520 3819255420 59 58000484 3846799316
======================
   8      32 sdc 2712871 31311 357739488 25701224 35336753 733050873 13459252072 3819388152 145 58001488 3846938236
======================
   8      32 sdc 2712871 31311 357739488 25701224 35337394 733050873 13459580264 3819529760 144 58002488 3847080260
======================
   8      32 sdc 2712871 31311 357739488 25701224 35338046 733050873 13459914088 3819674880 132 58003492 3847224048
======================
   8      32 sdc 2712871 31311 357739488 25701224 35338711 733050873 13460254568 3819818452 139 58004496 3847367924
======================
   8      32 sdc 2712871 31311 357739488 25701224 35339355 733050896 13460580952 3819962072 141 58005500 3847510300
======================
   8      32 sdc 2712871 31311 357739488 25701224 35340020 733050896 13460921432 3820104320 148 58006500 3847653112
======================
   8      32 sdc 2712871 31311 357739488 25701224 35340692 733050896 13461264992 3820248016 149 58007504 3847796776
======================
   8      32 sdc 2712871 31311 357739488 25701224 35341318 733050896 13461585504 3820391272 131 58008512 3847941440
======================
   8      32 sdc 2712871 31311 357739488 25701224 35341952 733050896 13461910112 3820536296 137 58009520 3848085552
======================
   8      32 sdc 2712871 31311 357739488 25701224 35342631 733050913 13462257392 3820680408 141 58010524 3848223524
======================
   8      32 sdc 2712871 31311 357739488 25701224 35343277 733050927 13462584728 3820810476 136 58011532 3848367200
======================
   8      32 sdc 2712871 31311 357739488 25701224 35343993 733050927 13462951832 3820961344 154 58012536 3848510832
======================
   8      32 sdc 2712872 31311 357739496 25701300 35344607 733050927 13463265688 3821104352 147 58013540 3848654544
======================
   8      32 sdc 2712872 31311 357739496 25701300 35345231 733050927 13463585176 3821248268 131 58014544 3848798404
======================
   8      32 sdc 2712872 31311 357739496 25701300 35345897 733050947 13463925824 3821392372 155 58015548 3848941676
======================
   8      32 sdc 2712872 31311 357739496 25701300 35346567 733050947 13464268864 3821535544 157 58016552 3849085260
======================
   8      32 sdc 2712872 31311 357739496 25701300 35347197 733050947 13464590920 3821682932 136 58017556 3849232432
======================
   8      32 sdc 2712872 31311 357739496 25701300 35347862 733050947 13464931400 3821826940 143 58018560 3849376624
======================
   8      32 sdc 2712872 31311 357739496 25701300 35348517 733050947 13465266760 3821970216 128 58019564 3849520140
======================
   8      32 sdc 2712872 31311 357739496 25701300 35349160 733050964 13465595608 3822113944 132 58020564 3849657884
======================
   8      32 sdc 2712872 31311 357739496 25701300 35349805 733050968 13465921848 3822250736 128 58021568 3849801140
======================
   8      32 sdc 2712872 31311 357739496 25701300 35350450 733050968 13466252088 3822394840 155 58022572 3849945004
======================
   8      32 sdc 2712872 31311 357739496 25701300 35351111 733050968 13466590520 3822539212 134 58023572 3850088200
======================
   8      32 sdc 2712873 31311 357739504 25701404 35351741 733050968 13466913080 3822675360 151 58024576 3850228636
======================
   8      32 sdc 2712873 31311 357739504 25701404 35352390 733050989 13467245032 3822822276 129 58025580 3850369788
======================
   8      32 sdc 2712873 31311 357739504 25701404 35353039 733050989 13467576816 3822964460 153 58026584 3850513752
======================
   8      32 sdc 2712873 31311 357739504 25701404 35353724 733051000 13467923088 3823100400 155 58027584 3850651004
======================
   8      32 sdc 2712873 31311 357739504 25701404 35354359 733051000 13468248208 3823241876 128 58028588 3850794148
======================
   8      32 sdc 2712873 31311 357739504 25701404 35355005 733051000 13468578960 3823388516 154 58029592 3850937700
======================
   8      32 sdc 2712873 31311 357739504 25701404 35355682 733051019 13468925232 3823531240 135 58030596 3851074036
======================
   8      32 sdc 2712873 31311 357739504 25701404 35356304 733051019 13469243696 3823659932 153 58031600 3851217412
======================
   8      32 sdc 2712873 31311 357739504 25701404 35357014 733051019 13469606712 3823810212 148 58032600 3851360728
======================
   8      32 sdc 2712873 31311 357739504 25701404 35357638 733051019 13469926200 3823954000 132 58033604 3851504368
======================
   8      32 sdc 2712873 31311 357739504 25701404 35358273 733051019 13470251320 3824098676 137 58034608 3851647956
======================
   8      32 sdc 2712873 31311 357739504 25701404 35358949 733051036 13470597064 3824242168 151 58035608 3851790524
======================
   8      32 sdc 2712874 31311 357739512 25701532 35359592 733051052 13470923896 3824375896 138 58036612 3851925948
======================
   8      32 sdc 2712874 31311 357739512 25701532 35360228 733051052 13471249016 3824520184 142 58037616 3852070632
======================
   8      32 sdc 2712874 31311 357739512 25701532 35360879 733051052 13471582328 3824664568 131 58038616 3852213672
======================
   8      32 sdc 2712874 31311 357739512 25701532 35361535 733051052 13471918200 3824807440 147 58039620 3852357428
======================
   8      32 sdc 2712874 31311 357739512 25701532 35362162 733051073 13472238888 3824951536 138 58040624 3852501000
======================
   8      32 sdc 2712874 31311 357739512 25701532 35362804 733051073 13472567592 3825094660 136 58041628 3852644584
======================
   8      32 sdc 2712874 31311 357739512 25701532 35363459 733051073 13472902448 3825239672 154 58042632 3852789124
======================
   8      32 sdc 2712874 31311 357739512 25701532 35364124 733051073 13473242928 3825383408 129 58043636 3852932576
======================
   8      32 sdc 2712874 31311 357739512 25701532 35364771 733051073 13473574192 3825526376 154 58044640 3853076356
======================
   8      32 sdc 2712874 31311 357739512 25701532 35365418 733051096 13473902480 3825668196 64 58045644 3853215084
======================
   8      32 sdc 2712874 31311 357739512 25701532 35366096 733051096 13474248744 3825806844 144 58046648 3853356444
======================
   8      32 sdc 2712874 31311 357739512 25701532 35366756 733051096 13474586664 3825948844 156 58047648 3853499248
======================
   8      32 sdc 2712875 31311 357739520 25701616 35367360 733051096 13474895912 3826089300 132 58048652 3853639892
======================
   8      32 sdc 2712875 31311 357739520 25701616 35368004 733051096 13475225640 3826234200 128 58049656 3853783544
======================
   8      32 sdc 2712875 31311 357739520 25701616 35368680 733051114 13475571392 3826377700 141 58050656 3853925540
======================
   8      32 sdc 2712875 31311 357739520 25701616 35369356 733051127 13475914080 3826514404 148 58051660 3854063912
======================
   8      32 sdc 2712875 31311 357739520 25701616 35369994 733051127 13476240736 3826656576 150 58052664 3854207464
======================
   8      32 sdc 2712875 31311 357739520 25701616 35370614 733051127 13476558176 3826802372 138 58053664 3854353804
======================
   8      32 sdc 2712875 31311 357739520 25701616 35371145 733051127 13476830048 3826926188 151 58054668 3854494504
======================
   8      32 sdc 2712875 31311 357739520 25701616 35371870 733051145 13477200888 3827098508 134 58055748 3854644076
======================
   8      32 sdc 2712875 31311 357739520 25701616 35372515 733051145 13477531128 3827238192 129 58056756 3854788136
======================
   8      32 sdc 2712875 31311 357739520 25701616 35373164 733051145 13477862912 3827381876 153 58057760 3854931808
======================
   8      32 sdc 2712875 31311 357739520 25701616 35373835 733051145 13478206464 3827527048 154 58058772 3855076672
======================
   8      32 sdc 2712875 31311 357739520 25701616 35374484 733051145 13478538752 3827668956 145 58059776 3855219000
======================
   8      32 sdc 2712875 31311 357739520 25701616 35374869 733051145 13478735872 3827753748 97 58060780 3855342372
======================
   8      32 sdc 2712875 31311 357739520 25701616 35374869 733051145 13478735872 3827753748 97 58061784 3855440148
======================
   8      32 sdc 2712876 31311 357739528 25703164 35376380 733051165 13479506136 3828027892 130 58062788 3855579960
======================
   8      32 sdc 2712876 31311 357739528 25703164 35377043 733051165 13479845592 3828171788 139 58063792 3855723576
======================
   8      32 sdc 2712876 31311 357739528 25703164 35377686 733051165 13480174808 3828315608 136 58064800 3855868932
======================
   8      32 sdc 2712876 31311 357739528 25703164 35378339 733051165 13480509144 3828461092 155 58065804 3856012192
======================
   8      32 sdc 2712876 31311 357739528 25703164 35379024 733051171 13480858400 3828605428 142 58066816 3856156668
======================
   8      32 sdc 2712876 31311 357739528 25703164 35379681 733051194 13481193960 3828746464 146 58067824 3856299112
======================
   8      32 sdc 2712876 31311 357739528 25703164 35380307 733051194 13481514472 3828890604 128 58068832 3856443124
======================
   8      32 sdc 2712876 31311 357739528 25703164 35380943 733051194 13481840104 3829031492 132 58069832 3856585928
======================
   8      32 sdc 2712876 31311 357739528 25703164 35381639 733051194 13482196456 3829175908 140 58070840 3856727344
======================
   8      32 sdc 2712876 31311 357739528 25703164 35382320 733051199 13482543656 3829320180 131 58071844 3856871028
======================
   8      32 sdc 2712877 31311 357739536 25703444 35382820 733051215 13482796256 3829453464 151 58072852 3857004812
======================
   8      32 sdc 2712877 31311 357739536 25703444 35383445 733051215 13483116256 3829596056 134 58073856 3857148720
======================
   8      32 sdc 2712877 31311 357739536 25703444 35384078 733051215 13483440352 3829740892 141 58074864 3857293008
======================
   8      32 sdc 2712877 31311 357739536 25703444 35384740 733051215 13483779296 3829881404 151 58075872 3857436784
======================
   8      32 sdc 2712877 31311 357739536 25703444 35385402 733051215 13484118240 3830028132 129 58076876 3857580516
======================
   8      32 sdc 2712877 31311 357739536 25703444 35386055 733051234 13484451720 3830171816 131 58077880 3857723652
======================
   8      32 sdc 2712877 31311 357739536 25703444 35386728 733051244 13484791840 3830308304 148 58078884 3857860580
======================
   8      32 sdc 2712877 31311 357739536 25703444 35387380 733051244 13485125664 3830451780 136 58079888 3858004144
======================
   8      32 sdc 2712877 31311 357739536 25703444 35388016 733051244 13485451296 3830594636 140 58080892 3858147608
======================
   8      32 sdc 2712877 31311 357739536 25703444 35388655 733051244 13485778464 3830738700 141 58081892 3858291440
======================
   8      32 sdc 2712877 31311 357739536 25703444 35389301 733051263 13486108864 3830874456 140 58082896 3858426556
======================
   8      32 sdc 2712877 31311 357739536 25703444 35389966 733051263 13486448840 3831018368 148 58083900 3858570316
======================
   8      32 sdc 2712878 31311 357739544 25703740 35390464 733051263 13486703816 3831152868 131 58084900 3858704536
======================
   8      32 sdc 2712878 31311 357739544 25703740 35391105 733051263 13487032008 3831295528 130 58085904 3858847972
======================
   8      32 sdc 2712878 31311 357739544 25703740 35391748 733051263 13487361224 3831437248 148 58086908 3858991436
======================
   8      32 sdc 2712878 31311 357739544 25703740 35392426 733051294 13487704072 3831583384 139 58087908 3859136612
======================
   8      32 sdc 2712878 31311 357739544 25703740 35393061 733051294 13488029192 3831726840 144 58088912 3859280232
======================
   8      32 sdc 2712878 31311 357739544 25703740 35393707 733051294 13488359944 3831871684 138 58089912 3859423352
======================
   8      32 sdc 2712878 31311 357739544 25703740 35394349 733051294 13488688648 3832014396 136 58090916 3859566296
======================
   8      32 sdc 2712878 31311 357739544 25703740 35395025 733051294 13489034760 3832158008 132 58091920 3859709840
======================
   8      32 sdc 2712878 31311 357739544 25703740 35395649 733051316 13489353920 3832287404 130 58092920 3859848956
======================
   8      32 sdc 2712878 31311 357739544 25703740 35396324 733051316 13489699016 3832436616 128 58093924 3859989312
======================
   8      32 sdc 2712878 31311 357739544 25703740 35396959 733051316 13490024136 3832581592 133 58094932 3860133656
======================
   8      32 sdc 2712878 31311 357739544 25703740 35397629 733051316 13490367176 3832725252 135 58095932 3860276940
======================
   8      32 sdc 2712879 31311 357739552 25704176 35398134 733051323 13490623272 3832827244 143 58096936 3860379056
======================
   8      32 sdc 2712879 31311 357739552 25704176 35398777 733051341 13490952128 3832969532 141 58097940 3860522512
======================
   8      32 sdc 2712879 31311 357739552 25704176 35399431 733051341 13491286472 3833117908 128 58098944 3860669756
======================
   8      32 sdc 2712879 31311 357739552 25704176 35400042 733051341 13491599304 3833249612 157 58099948 3860814468
======================
   8      32 sdc 2712879 31311 357739552 25704176 35400725 733051341 13491949000 3833405108 146 58100960 3860960120
======================
   8      32 sdc 2712879 31311 357739552 25704176 35401325 733051341 13492256200 3833540548 236 58101964 3861128208
======================
   8      32 sdc 2712879 31311 357739552 25704176 35401964 733051363 13492583040 3833680180 212 58102972 3861337328
======================
   8      32 sdc 2712879 31311 357739552 25704176 35402596 733051363 13492906624 3833834164 220 58103976 3861554092
======================
   8      32 sdc 2712879 31311 357739552 25704176 35403256 733051363 13493244544 3834002888 200 58104976 3861762332
======================
   8      32 sdc 2712879 31311 357739552 25704176 35403863 733051363 13493555328 3834171436 201 58105980 3861963744
======================
   8      32 sdc 2712879 31311 357739552 25704176 35404535 733051363 13493899392 3834355264 201 58106984 3862157276
======================
   8      32 sdc 2712879 31311 357739552 25704176 35405218 733051363 13494249088 3834541856 190 58107984 3862343488
======================
   8      32 sdc 2712880 31311 357739560 25704456 35405841 733051363 13494568064 3834777192 177 58108988 3862499500
======================
   8      32 sdc 2712880 31311 357739560 25704456 35406476 733051377 13494892680 3835097444 17 58109992 3862638736
======================
   8      32 sdc 2712880 31311 357739560 25704456 35407153 733051377 13495238408 3835225256 141 58110992 3862778308
======================
   8      32 sdc 2712880 31311 357739560 25704456 35407819 733051377 13495579400 3835366636 147 58111996 3862921924
======================
   8      32 sdc 2712880 31311 357739560 25704456 35408454 733051377 13495904520 3835512004 140 58112996 3863066248
======================
   8      32 sdc 2712880 31311 357739560 25704456 35409078 733051377 13496224008 3835655436 156 58114000 3863209648
======================
   8      32 sdc 2712880 31311 357739560 25704456 35409741 733051390 13496563464 3835799972 18 58115004 3863341280
======================
   8      32 sdc 2712880 31311 357739560 25704456 35410414 733051390 13496907136 3835928328 148 58116012 3863482108
======================
   8      32 sdc 2712880 31311 357739560 25704456 35411061 733051390 13497238400 3836072652 141 58117020 3863626464
======================
   8      32 sdc 2712880 31311 357739560 25704456 35411714 733051390 13497572736 3836218312 128 58118032 3863771280
======================
   8      32 sdc 2712880 31311 357739560 25704456 35412380 733051390 13497913728 3836361844 134 58119040 3863915400
======================
   8      32 sdc 2712880 31311 357739560 25704456 35413035 733051401 13498249088 3836505236 22 58120044 3864047676
======================
   8      32 sdc 2712881 31311 357739568 25704952 35413526 733051401 13498499560 3836580104 153 58121052 3864134520
======================
   8      32 sdc 2712881 31311 357739568 25704952 35414169 733051401 13498828776 3836723720 150 58122056 3864277936
======================
   8      32 sdc 2712881 31311 357739568 25704952 35414811 733051401 13499157480 3836865924 148 58123060 3864420236
======================
   8      32 sdc 2712881 31311 357739568 25704952 35415462 733051401 13499490792 3837009760 137 58124064 3864563848
======================
   8      32 sdc 2712881 31311 357739568 25704952 35416104 733051416 13499818608 3837151604 158 58125068 3864690740
======================
   8      32 sdc 2712881 31311 357739568 25704952 35416746 733051416 13500147312 3837279856 156 58126068 3864833780
======================
   8      32 sdc 2712881 31311 357739568 25704952 35417416 733051416 13500490352 3837424040 158 58127072 3864977304
======================
   8      32 sdc 2712881 31311 357739568 25704952 35418084 733051416 13500832368 3837566292 130 58128076 3865121036
======================
   8      32 sdc 2712881 31311 357739568 25704952 35418708 733051416 13501151856 3837709484 146 58129080 3865264700
======================
   8      32 sdc 2712881 31311 357739568 25704952 35419347 733051430 13501479024 3837854276 2 58130080 3865392944
======================
   8      32 sdc 2712881 31311 357739568 25704952 35420024 733051430 13501825264 3837982112 130 58131084 3865535580
======================
   8      32 sdc 2712881 31311 357739568 25704952 35420695 733051430 13502168304 3838125676 131 58132088 3865679012
======================
   8      32 sdc 2712882 31311 357739576 25705432 35421173 733051430 13502413040 3838215860 140 58133088 3865770856
======================
   8      32 sdc 2712882 31311 357739576 25705432 35421846 733051430 13502757616 3838359008 139 58134092 3865914420
======================
   8      32 sdc 2712882 31311 357739576 25705432 35422470 733051440 13503077104 3838502552 17 58135096 3866044856
======================
   8      32 sdc 2712882 31311 357739576 25705432 35422542 733051498 13503102400 3838508104 0 58135188 3866046836
======================
   8      32 sdc 2712882 31311 357739576 25705432 35422542 733051498 13503102400 3838508104 0 58135188 3866046836
======================
   8      32 sdc 2712882 31311 357739576 25705432 35422542 733051498 13503102400 3838508104 0 58135188 3866046836
======================
   8      32 sdc 2712882 31311 357739576 25705432 35422542 733051498 13503102400 3838508104 0 58135188 3866046836
======================
   8      32 sdc 2712882 31311 357739576 25705432 35422542 733051498 13503102400 3838508104 0 58135188 3866046836
======================
   8      32 sdc 2713118 31311 357741458 25721608 35422567 733051498 13503102496 3838508104 1 58135732 3866063040
started
======================
   8      32 sdc 2713125 31311 357741514 25721692 35422569 733051498 13503102504 3838508248 0 58135932 3866063240
======================
   8      32 sdc 2713166 31311 357746802 25722864 35422569 733051498 13503102504 3838508248 18 58136080 3866065484
======================
   8      32 sdc 2713609 31317 357858018 25753972 35422569 733051498 13503102504 3838508248 40 58137104 3866097404
======================
   8      32 sdc 2714002 31317 357958882 25780128 35422569 733051498 13503102504 3838508248 26 58138128 3866128276
======================
   8      32 sdc 2714464 31317 358077154 25813356 35422569 733051498 13503102504 3838508248 31 58139132 3866157348
======================
   8      32 sdc 2714942 31317 358199522 25842836 35422569 733051498 13503102504 3838508248 29 58140136 3866186492
======================
   8      32 sdc 2715474 31317 358335714 25871068 35422569 733051498 13503102504 3838508248 30 58141140 3866214848
======================
   8      32 sdc 2715993 31317 358468578 25900284 35422572 733051502 13503102560 3838508248 33 58142140 3866243640
======================
   8      32 sdc 2716483 31317 358594018 25928852 35422572 733051502 13503102560 3838508248 27 58143144 3866272628
======================
   8      32 sdc 2716988 31317 358723298 25958188 35422572 733051502 13503102560 3838508248 30 58144148 3866302048
======================
   8      32 sdc 2717490 31317 358851810 25987096 35422572 733051502 13503102560 3838508248 32 58145148 3866331064
======================
   8      32 sdc 2717985 31317 358978530 26016960 35422572 733051502 13503102560 3838508248 33 58146152 3866360364
======================
   8      32 sdc 2718458 31317 359099618 26045688 35422572 733051502 13503102560 3838508248 31 58147152 3866389728
======================
   8      32 sdc 2718961 31317 359228386 26075052 35422572 733051502 13503102560 3838508248 32 58148156 3866418784
======================
   8      32 sdc 2719438 31317 359350498 26104316 35422572 733051502 13503102560 3838508248 27 58149156 3866447996
======================
   8      32 sdc 2719950 31317 359481570 26132972 35422572 733051502 13503102560 3838508248 25 58150160 3866476588
======================
   8      32 sdc 2720462 31317 359612642 26161988 35422572 733051502 13503102560 3838508248 30 58151164 3866505476
======================
   8      32 sdc 2720972 31317 359743202 26190016 35422572 733051502 13503102560 3838508248 28 58152164 3866533456
======================
   8      32 sdc 2721462 31317 359868642 26218984 35422572 733051502 13503102560 3838508248 29 58153168 3866562356
======================
   8      32 sdc 2721966 31317 359997666 26247812 35422572 733051502 13503102560 3838508248 27 58154168 3866591616
======================
   8      32 sdc 2722468 31317 360126178 26277924 35422572 733051502 13503102560 3838508248 31 58155172 3866622048
======================
   8      32 sdc 2722987 31317 360259042 26308360 35422572 733051502 13503102560 3838508248 32 58156176 3866652160
======================
   8      32 sdc 2723489 31317 360387554 26337440 35422572 733051502 13503102560 3838508248 29 58157176 3866681232
======================
   8      32 sdc 2723980 31317 360513250 26366956 35422572 733051502 13503102560 3838508248 29 58158180 3866710460
======================
   8      32 sdc 2724484 31317 360642274 26396056 35422572 733051502 13503102560 3838508248 30 58159180 3866739364
======================
   8      32 sdc 2724969 31317 360766434 26425196 35422572 733051502 13503102560 3838508248 29 58160184 3866768736
======================
   8      32 sdc 2725470 31317 360894690 26453948 35422572 733051502 13503102560 3838508248 30 58161188 3866797656
======================
   8      32 sdc 2725974 31317 361023714 26482984 35422572 733051502 13503102560 3838508248 31 58162188 3866826712
======================
   8      32 sdc 2726487 31317 361155042 26512692 35422572 733051502 13503102560 3838508248 32 58163192 3866856480
======================
   8      32 sdc 2727000 31317 361286370 26542708 35422572 733051502 13503102560 3838508248 29 58164192 3866886084
======================
   8      32 sdc 2727472 31317 361407202 26571464 35422572 733051502 13503102560 3838508248 29 58165196 3866914816
======================
   8      32 sdc 2727955 31317 361530850 26600780 35422572 733051502 13503102560 3838508248 28 58166196 3866944504
======================
   8      32 sdc 2728449 31317 361657314 26633112 35422574 733051504 13503102592 3838508680 30 58167200 3866977404
======================
   8      32 sdc 2728967 31317 361789922 26661792 35422574 733051504 13503102592 3838508680 32 58168204 3867006736
======================
   8      32 sdc 2729435 31317 361909730 26692024 35422574 733051504 13503102592 3838508680 27 58169208 3867036264
======================
   8      32 sdc 2729952 31317 362042082 26721180 35422574 733051504 13503102592 3838508680 29 58170212 3867065072
======================
   8      32 sdc 2730441 31317 362167266 26750196 35422574 733051504 13503102592 3838508680 32 58171216 3867093988
======================
   8      32 sdc 2730932 31317 362292962 26779036 35422574 733051504 13503102592 3838508680 26 58172220 3867123056
======================
   8      32 sdc 2731419 31317 362417634 26808676 35422574 733051504 13503102592 3838508680 27 58173220 3867152644
======================
   8      32 sdc 2731815 31317 362519010 26838944 35422574 733051504 13503102592 3838508680 33 58174224 3867183176
======================
   8      32 sdc 2732306 31317 362644706 26868768 35422574 733051504 13503102592 3838508680 31 58175228 3867212592
======================
   8      32 sdc 2732772 31317 362764002 26897408 35422574 733051504 13503102592 3838508680 27 58176228 3867241564
======================
   8      32 sdc 2733292 31317 362897122 26925944 35422574 733051504 13503102592 3838508680 28 58177232 3867270264
======================
   8      32 sdc 2733760 31317 363016930 26955536 35422574 733051504 13503102592 3838508680 29 58178232 3867299736
======================
   8      32 sdc 2734245 31317 363141090 26984164 35422574 733051504 13503102592 3838508680 30 58179236 3867329176
======================
   8      32 sdc 2734735 31317 363266530 27014112 35422574 733051504 13503102592 3838508680 30 58180236 3867357916
======================
   8      32 sdc 2735222 31317 363391202 27042624 35422574 733051504 13503102592 3838508680 27 58181240 3867386928
======================
   8      32 sdc 2735710 31317 363516130 27072592 35422574 733051504 13503102592 3838508680 26 58182244 3867416680
======================
   8      32 sdc 2736193 31317 363639778 27100992 35422574 733051504 13503102592 3838508680 27 58183244 3867445344
======================
   8      32 sdc 2736673 31317 363762658 27129584 35422574 733051504 13503102592 3838508680 29 58184248 3867474056
======================
   8      32 sdc 2737161 31317 363887586 27159340 35422574 733051504 13503102592 3838508680 25 58185248 3867503608
======================
   8      32 sdc 2737681 31317 364020706 27189560 35422574 733051504 13503102592 3838508680 40 58186252 3867534136
======================
   8      32 sdc 2738182 31317 364148962 27219392 35422574 733051504 13503102592 3838508680 32 58187252 3867563544
======================
   8      32 sdc 2738690 31317 364279010 27248556 35422574 733051504 13503102592 3838508680 28 58188256 3867592680
======================
   8      32 sdc 2739207 31317 364411362 27277064 35422574 733051504 13503102592 3838508680 28 58189256 3867621200
======================
   8      32 sdc 2739719 31317 364542434 27305660 35422574 733051504 13503102592 3838508680 28 58190260 3867649916
======================
   8      32 sdc 2740213 31317 364668898 27334808 35422574 733051504 13503102592 3838508680 28 58191260 3867679328
======================
   8      32 sdc 2740720 31317 364798690 27364760 35422574 733051504 13503102592 3838508680 29 58192264 3867708744
======================
   8      32 sdc 2741234 31317 364930274 27393608 35422574 733051504 13503102592 3838508680 27 58193264 3867737640
======================
   8      32 sdc 2741726 31317 365056226 27423004 35422574 733051504 13503102592 3838508680 27 58194268 3867766820
======================
   8      32 sdc 2742226 31317 365184226 27450976 35422574 733051504 13503102592 3838508680 25 58195272 3867795932
======================
   8      32 sdc 2742762 31317 365321442 27480732 35422574 733051504 13503102592 3838508680 29 58196272 3867825216
======================
   8      32 sdc 2743124 31317 365414114 27504808 35422574 733051504 13503102592 3838508680 0 58197108 3867846856
