======================
   8      32 sdc 363245 2355 63052816 1057024 1759406 31068263 881936000 447039044 0 3335120 448101296
======================
   8      32 sdc 363245 2355 63052816 1057024 1759406 31068263 881936000 447039044 0 3335120 448101296
======================
   8      32 sdc 363246 2355 63052824 1057024 1759406 31068263 881936000 447039044 0 3335120 448101296
======================
   8      32 sdc 363246 2355 63052824 1057024 1760095 31069217 882271704 447041112 0 3335168 448103352
======================
   8      32 sdc 363246 2355 63052824 1057024 1762155 31069217 883326424 447111940 148 3335908 448194144
======================
   8      32 sdc 363246 2355 63052824 1057024 1762779 31069217 883645912 447259160 132 3336912 448337744
======================
   8      32 sdc 363246 2355 63052824 1057024 1763428 31069217 883978200 447403988 155 3337916 448481240
======================
   8      32 sdc 363246 2355 63052824 1057024 1763710 31069217 884122584 447463956 129 3338920 448616636
======================
   8      32 sdc 363246 2355 63052824 1057024 1764028 31069231 884285008 447670916 130 3339932 448742240
======================
   8      32 sdc 363246 2355 63052824 1057024 1765267 31069231 884919376 447813552 139 3340936 448885448
======================
   8      32 sdc 363246 2355 63052824 1057024 1765530 31069231 885054032 447845264 132 3342016 449031684
======================
   8      32 sdc 363246 2355 63052824 1057024 1765530 31069231 885054032 447845264 132 3343020 449164212
======================
   8      32 sdc 363246 2355 63052824 1057024 1766166 31069231 885379664 448227892 136 3344020 449306988
======================
   8      32 sdc 363246 2355 63052824 1057024 1766808 31069231 885708368 448371184 134 3345024 449450348
======================
   8      32 sdc 363246 2355 63052824 1057024 1767062 31069231 885838416 448427996 75 3346028 449549120
======================
   8      32 sdc 363247 2355 63052832 1057988 1768866 31069231 886762064 448600424 147 3347032 449673056
======================
   8      32 sdc 363247 2355 63052832 1057988 1769933 31069231 887308368 448735836 136 3348036 449816184
======================
   8      32 sdc 363247 2355 63052832 1057988 1770575 31069231 887637072 448879504 134 3349036 449959328
======================
   8      32 sdc 363247 2355 63052832 1057988 1771237 31069231 887976016 449022500 144 3350040 450102572
======================
   8      32 sdc 363247 2355 63052832 1057988 1771909 31069231 888320080 449165744 144 3351044 450246048
======================
   8      32 sdc 363247 2355 63052832 1057988 1772533 31069231 888639568 449308760 128 3352048 450389380
======================
   8      32 sdc 363247 2355 63052832 1057988 1773169 31069231 888965200 449453536 132 3353052 450532980
======================
   8      32 sdc 363247 2355 63052832 1057988 1773845 31069231 889311312 449596852 128 3354056 450676272
======================
   8      32 sdc 363247 2355 63052832 1057988 1774521 31069231 889657424 449740260 156 3355060 450819804
======================
   8      32 sdc 363247 2355 63052832 1057988 1774767 31069231 889783376 449792356 50 3356060 450897064
======================
   8      32 sdc 363248 2355 63052840 1058912 1775796 31069231 890310224 449944072 154 3357064 451025712
======================
   8      32 sdc 363248 2355 63052840 1058912 1776420 31069231 890629712 450087704 138 3358068 451169404
======================
   8      32 sdc 363248 2355 63052840 1058912 1777095 31069231 890975312 450232388 135 3359072 451312740
======================
   8      32 sdc 363248 2355 63052840 1058912 1777735 31069231 891302992 450375004 135 3360076 451456256
======================
   8      32 sdc 363248 2355 63052840 1058912 1778382 31069231 891634256 450519116 128 3361080 451599604
======================
   8      32 sdc 363248 2355 63052840 1058912 1779046 31069231 891974224 450662288 136 3362084 451743280
======================
   8      32 sdc 363248 2355 63052840 1058912 1779701 31069231 892309584 450805288 153 3363084 451886248
======================
   8      32 sdc 363248 2355 63052840 1058912 1780343 31069231 892638288 450948932 151 3364088 452029976
======================
   8      32 sdc 363248 2355 63052840 1058912 1780985 31069231 892966992 451092364 149 3365092 452173452
======================
   8      32 sdc 363248 2355 63052840 1058912 1781626 31069231 893295184 451235688 148 3366096 452317064
======================
   8      32 sdc 363248 2355 63052840 1058912 1782287 31069231 893633616 451379724 145 3367100 452460392
======================
   8      32 sdc 363249 2355 63052848 1059124 1782929 31069231 893962320 451508596 138 3368104 452590024
======================
   8      32 sdc 363249 2355 63052848 1059124 1783571 31069231 894291024 451651928 136 3369104 452733004
======================
   8      32 sdc 363249 2355 63052848 1059124 1784222 31069231 894624336 451796412 157 3370108 452876540
======================
   8      32 sdc 363249 2355 63052848 1059124 1784892 31069231 894967376 451939956 140 3371112 453020252
======================
   8      32 sdc 363249 2355 63052848 1059124 1785369 31069231 895211600 452086040 130 3372116 453167952
======================
   8      32 sdc 363249 2355 63052848 1059124 1786007 31069231 895538256 452231292 132 3373120 453311788
======================
   8      32 sdc 363249 2355 63052848 1059124 1786683 31069231 895884368 452374936 128 3374124 453455180
======================
   8      32 sdc 363249 2355 63052848 1059124 1787359 31069231 896230480 452518008 156 3375128 453598556
======================
   8      32 sdc 363249 2355 63052848 1059124 1788036 31069231 896577104 452661536 151 3376132 453742156
======================
   8      32 sdc 363249 2355 63052848 1059124 1788659 31069231 896896080 452802432 136 3377136 453885604
======================
   8      32 sdc 363249 2355 63052848 1059124 1789293 31069231 897220688 452947820 156 3378140 454028832
======================
   8      32 sdc 363249 2355 63052848 1059124 1789964 31069231 897564240 453092324 157 3379144 454172488
======================
   8      32 sdc 363250 2355 63052856 1059344 1790601 31069231 897890384 453220192 150 3380148 454301856
======================
   8      32 sdc 363250 2355 63052856 1059344 1791243 31069231 898219088 453363288 148 3381152 454445060
======================
   8      32 sdc 363250 2355 63052856 1059344 1791897 31069231 898553936 453507232 134 3382156 454588348
======================
   8      32 sdc 363250 2355 63052856 1059344 1792561 31069231 898893904 453650348 142 3383160 454731768
======================
   8      32 sdc 363250 2355 63052856 1059344 1793193 31069231 899217488 453792716 150 3384160 454873968
======================
   8      32 sdc 363250 2355 63052856 1059344 1793835 31069231 899546192 453935392 148 3385164 455016780
======================
   8      32 sdc 363250 2355 63052856 1059344 1794476 31069231 899874384 454077856 147 3386168 455159580
======================
   8      32 sdc 363250 2355 63052856 1059344 1795138 31069231 900213328 454221472 157 3387172 455302428
======================
   8      32 sdc 363250 2355 63052856 1059344 1795799 31069231 900551760 454363848 136 3388172 455445148
======================
   8      32 sdc 363250 2355 63052856 1059344 1796441 31069231 900880464 454506848 134 3389176 455588208
======================
   8      32 sdc 363250 2355 63052856 1059344 1797094 31069231 901214800 454650492 153 3390180 455731268
======================
   8      32 sdc 363250 2355 63052856 1059344 1797769 31069231 901560400 454793252 88 3391180 455871668
======================
   8      32 sdc 363251 2355 63052864 1059564 1798391 31069231 901878864 454916468 156 3392184 455998580
======================
   8      32 sdc 363251 2355 63052864 1059564 1799016 31069231 902198864 455060108 139 3393188 456142452
======================
   8      32 sdc 363251 2355 63052864 1059564 1799678 31069231 902537808 455204780 149 3394192 456285920
======================
   8      32 sdc 363251 2355 63052864 1059564 1800337 31069231 902875216 455345340 130 3395196 456429588
======================
   8      32 sdc 363251 2355 63052864 1059564 1801005 31069231 903217232 455490920 134 3396200 456573100
======================
   8      32 sdc 363251 2355 63052864 1059564 1801630 31069231 903537232 455634308 149 3397204 456716796
======================
   8      32 sdc 363251 2355 63052864 1059564 1802268 31069231 903863888 455778948 151 3398208 456860300
======================
   8      32 sdc 363251 2355 63052864 1059564 1802939 31069231 904207440 455922216 152 3399208 457002816
======================
   8      32 sdc 363251 2355 63052864 1059564 1803595 31069231 904543312 456064672 136 3400212 457146560
======================
   8      32 sdc 363251 2355 63052864 1059564 1804237 31069231 904872016 456208408 134 3401216 457290208
======================
   8      32 sdc 363251 2355 63052864 1059564 1804874 31069231 905198160 456352740 137 3402220 457434352
======================
   8      32 sdc 363252 2355 63052872 1059772 1805512 31069231 905524816 456490564 159 3403220 457562520
======================
   8      32 sdc 363252 2355 63052872 1059772 1806170 31069231 905861712 456623988 141 3404224 457705936
======================
   8      32 sdc 363252 2355 63052872 1059772 1806811 31069231 906189904 456767040 140 3405228 457849264
======================
   8      32 sdc 363252 2355 63052872 1059772 1807453 31069231 906518608 456910448 138 3406232 457992704
======================
   8      32 sdc 363252 2355 63052872 1059772 1808088 31069231 906843728 457053372 143 3407232 458135580
======================
   8      32 sdc 363252 2355 63052872 1059772 1808738 31069231 907176528 457195496 133 3408236 458278624
======================
   8      32 sdc 363252 2355 63052872 1059772 1809387 31069231 907508816 457339884 156 3409240 458421524
======================
   8      32 sdc 363252 2355 63052872 1059772 1810047 31069231 907846736 457483776 136 3410244 458564880
======================
   8      32 sdc 363252 2355 63052872 1059772 1810723 31069231 908192848 457627084 132 3411248 458708244
======================
   8      32 sdc 363252 2355 63052872 1059772 1811356 31069231 908516944 457769052 139 3412252 458851656
======================
   8      32 sdc 363252 2355 63052872 1059772 1811997 31069231 908845136 457913396 138 3413252 458994304
======================
   8      32 sdc 363252 2355 63052872 1059772 1812673 31069231 909191248 458056524 134 3414256 459137480
======================
   8      32 sdc 363253 2355 63052880 1059992 1813321 31069231 909523024 458185884 143 3415260 459266992
======================
   8      32 sdc 363253 2355 63052880 1059992 1813989 31069231 909865040 458328772 131 3416264 459410484
======================
   8      32 sdc 363253 2355 63052880 1059992 1814613 31069231 910184528 458471368 147 3417268 459554324
======================
   8      32 sdc 363253 2355 63052880 1059992 1815247 31069231 910509136 458616372 153 3418272 459697860
======================
   8      32 sdc 363253 2355 63052880 1059992 1815898 31069231 910842448 458758932 142 3419272 459840924
======================
   8      32 sdc 363253 2355 63052880 1059992 1816539 31069231 911170640 458902376 141 3420276 459984608
======================
   8      32 sdc 363253 2355 63052880 1059992 1817192 31069231 911504976 459046716 128 3421280 460128064
======================
   8      32 sdc 363253 2355 63052880 1059992 1817856 31069231 911844944 459189780 136 3422284 460271544
======================
   8      32 sdc 363253 2355 63052880 1059992 1818504 31069231 912176720 459332772 128 3423288 460415000
======================
   8      32 sdc 363253 2355 63052880 1059992 1819146 31069231 912505424 459476444 158 3424288 460558288
======================
   8      32 sdc 363253 2355 63052880 1059992 1819788 31069231 912834128 459620084 156 3425292 460701992
======================
   8      32 sdc 363253 2355 63052880 1059992 1820432 31069231 913163856 459763928 152 3426296 460845756
======================
   8      32 sdc 363254 2355 63052888 1060212 1821074 31069231 913492560 459893088 152 3427300 460975104
======================
   8      32 sdc 363254 2355 63052888 1060212 1821732 31069231 913829456 460036076 134 3428304 461118720
======================
   8      32 sdc 363254 2355 63052888 1060212 1822374 31069231 914158160 460180004 132 3429304 461262032
======================
   8      32 sdc 363254 2355 63052888 1060212 1823027 31069231 914492496 460324432 151 3430308 461405996
======================
   8      32 sdc 363254 2355 63052888 1060212 1823658 31069231 914815568 460466876 128 3431312 461549392
======================
   8      32 sdc 363254 2355 63052888 1060212 1824282 31069231 915135056 460610216 144 3432316 461693268
======================
   8      32 sdc 363254 2355 63052888 1060212 1824941 31069231 915472464 460755152 157 3433320 461836620
======================
   8      32 sdc 363254 2355 63052888 1060212 1825617 31069231 915818576 460898572 153 3434324 461980224
======================
   8      32 sdc 363254 2355 63052888 1060212 1826294 31069231 916165200 461042128 148 3435328 462123860
======================
   8      32 sdc 363254 2355 63052888 1060212 1826947 31069231 916499536 461184372 135 3436332 462267484
======================
   8      32 sdc 363254 2355 63052888 1060212 1827571 31069231 916819024 461327664 151 3437336 462411064
======================
   8      32 sdc 363254 2355 63052888 1060212 1828220 31069231 917151312 461472800 142 3438336 462554268
======================
   8      32 sdc 363255 2355 63052896 1060432 1828873 31069231 917485648 461602128 129 3439340 462683784
======================
   8      32 sdc 363255 2355 63052896 1060432 1829524 31069231 917818960 461744732 150 3440344 462827460
======================
   8      32 sdc 363255 2355 63052896 1060432 1830166 31069231 918147664 461888360 148 3441348 462971172
======================
   8      32 sdc 363255 2355 63052896 1060432 1830829 31069231 918487120 462032804 157 3442352 463114836
======================
   8      32 sdc 363255 2355 63052896 1060432 1831464 31069231 918812240 462175884 130 3443356 463258356
======================
   8      32 sdc 363255 2355 63052896 1060432 1832106 31069231 919140944 462318972 128 3444360 463401420
======================
   8      32 sdc 363255 2355 63052896 1060432 1832748 31069231 919469648 462462412 156 3445364 463545052
======================
   8      32 sdc 363255 2355 63052896 1060432 1833397 31069231 919801936 462606572 149 3446368 463688920
======================
   8      32 sdc 363255 2355 63052896 1060432 1834072 31069231 920147536 462752300 146 3447384 463834404
======================
   8      32 sdc 363255 2355 63052896 1060432 1834724 31069231 920481360 462895360 134 3448388 463977732
======================
   8      32 sdc 363255 2355 63052896 1060432 1835366 31069231 920810064 463038912 132 3449392 464121316
======================
   8      32 sdc 363255 2355 63052896 1060432 1836029 31069231 921149520 463183056 141 3450396 464264804
======================
   8      32 sdc 363256 2355 63052904 1060648 1836681 31069231 921483344 463312228 129 3451400 464394388
======================
   8      32 sdc 363256 2355 63052904 1060648 1837305 31069231 921802832 463454592 145 3452404 464538264
======================
   8      32 sdc 363256 2355 63052904 1060648 1837938 31069231 922126928 463599664 152 3453408 464682072
======================
   8      32 sdc 363256 2355 63052904 1060648 1838615 31069231 922473552 463743592 147 3454412 464825704
======================
   8      32 sdc 363256 2355 63052904 1060648 1839273 31069231 922810448 463887260 129 3455416 464969184
======================
   8      32 sdc 363256 2355 63052904 1060648 1839920 31069231 923141712 464029556 154 3456420 465112924
======================
   8      32 sdc 363256 2355 63052904 1060648 1840544 31069231 923461200 464173184 138 3457424 465256832
======================
   8      32 sdc 363256 2355 63052904 1060648 1841199 31069231 923796560 464317300 155 3458424 465399432
======================
   8      32 sdc 363256 2355 63052904 1060648 1841875 31069231 924142672 464461204 151 3459428 465543260
======================
   8      32 sdc 363256 2355 63052904 1060648 1842517 31069231 924471376 464604108 149 3460432 465687092
======================
   8      32 sdc 363256 2355 63052904 1060648 1843164 31069231 924802640 464748404 142 3461436 465830852
======================
   8      32 sdc 363256 2355 63052904 1060648 1843829 31069231 925143120 464891912 76 3462440 465970760
======================
   8      32 sdc 363257 2355 63052912 1060868 1844463 31069231 925467728 465020696 155 3463444 466103600
======================
   8      32 sdc 363257 2355 63052912 1060868 1845105 31069231 925796432 465164396 153 3464448 466247356
======================
   8      32 sdc 363257 2355 63052912 1060868 1845745 31069231 926124112 465307396 153 3465452 466390924
======================
   8      32 sdc 363257 2355 63052912 1060868 1846369 31069231 926443600 465448452 137 3466456 466534800
======================
   8      32 sdc 363257 2355 63052912 1060868 1847034 31069231 926784080 465595676 144 3467460 466678424
======================
   8      32 sdc 363257 2355 63052912 1060868 1847678 31069231 927113808 465738352 140 3468460 466821500
======================
   8      32 sdc 363257 2355 63052912 1060868 1848322 31069231 927443536 465882060 136 3469464 466964992
======================
   8      32 sdc 363257 2355 63052912 1060868 1848993 31069231 927787088 466026436 137 3470468 467108612
======================
   8      32 sdc 363257 2355 63052912 1060868 1849625 31069231 928110672 466168636 145 3471472 467252256
======================
   8      32 sdc 363257 2355 63052912 1060868 1850250 31069231 928430672 466312848 128 3472476 467396000
======================
   8      32 sdc 363257 2355 63052912 1060868 1850919 31069231 928773200 466457448 131 3473480 467539616
======================
   8      32 sdc 363258 2355 63052920 1061092 1851567 31069231 929104976 466595684 156 3474484 467668088
======================
   8      32 sdc 363258 2355 63052920 1061092 1852244 31069231 929451600 466729212 151 3475488 467811792
======================
   8      32 sdc 363258 2355 63052920 1061092 1852894 31069231 929784400 466871368 141 3476496 467955872
======================
   8      32 sdc 363258 2355 63052920 1061092 1853518 31069231 930103888 467015092 157 3477500 468099520
======================
   8      32 sdc 363258 2355 63052920 1061092 1854158 31069231 930431568 467159296 157 3478504 468243156
======================
   8      32 sdc 363258 2355 63052920 1061092 1854812 31069231 930766416 467302764 143 3479508 468386824
======================
   8      32 sdc 363258 2355 63052920 1061092 1855453 31069231 931094608 467446244 142 3480508 468530056
======================
   8      32 sdc 363258 2355 63052920 1061092 1856115 31069231 931433552 467590408 152 3481512 468673576
======================
   8      32 sdc 363258 2355 63052920 1061092 1856777 31069231 931772496 467733392 130 3482516 468816896
======================
   8      32 sdc 363258 2355 63052920 1061092 1857419 31069231 932101200 467876632 128 3483520 468960208
======================
   8      32 sdc 363258 2355 63052920 1061092 1858061 31069231 932429904 468020008 158 3484524 469103716
======================
   8      32 sdc 363258 2355 63052920 1061092 1858712 31069231 932763216 468163892 147 3485528 469247356
======================
   8      32 sdc 363259 2355 63052928 1061324 1859336 31069231 933082704 468292724 132 3486532 469374732
======================
   8      32 sdc 363259 2355 63052928 1061324 1859999 31069231 933422160 468435032 141 3487536 469518436
======================
   8      32 sdc 363259 2355 63052928 1061324 1860631 31069231 933745744 468577324 149 3488540 469661968
======================
   8      32 sdc 363259 2355 63052928 1061324 1861299 31069231 934087760 468721616 153 3489544 469805300
======================
   8      32 sdc 363259 2355 63052928 1061324 1861943 31069231 934418000 468864052 149 3490544 469948776
======================
   8      32 sdc 363259 2355 63052928 1061324 1862559 31069231 934732880 469007584 141 3491548 470092224
======================
   8      32 sdc 363259 2355 63052928 1061324 1863190 31069231 935055952 469152400 150 3492556 470236300
======================
   8      32 sdc 363259 2355 63052928 1061324 1863848 31069231 935392848 469296076 132 3493560 470379840
======================
   8      32 sdc 363259 2355 63052928 1061324 1864497 31069231 935725136 469439056 155 3494564 470522916
======================
   8      32 sdc 363259 2355 63052928 1061324 1865143 31069231 936055888 469582132 149 3495564 470665848
======================
   8      32 sdc 363259 2355 63052928 1061324 1865799 31069231 936391760 469725832 133 3496568 470809136
======================
   8      32 sdc 363259 2355 63052928 1061324 1866431 31069231 936715344 469868528 141 3497572 470952744
======================
   8      32 sdc 363260 2355 63052936 1061544 1867055 31069231 937034832 469997908 128 3498576 471082076
======================
   8      32 sdc 363260 2355 63052936 1061544 1867691 31069231 937360464 470141152 132 3499580 471225388
======================
   8      32 sdc 363260 2355 63052936 1061544 1868326 31069231 937685584 470284136 137 3500584 471368700
======================
   8      32 sdc 363260 2355 63052936 1061544 1868963 31069231 938011728 470428176 140 3501588 471512284
======================
   8      32 sdc 363260 2355 63052936 1061544 1869604 31069231 938339920 470571144 139 3502588 471655032
======================
   8      32 sdc 363260 2355 63052936 1061544 1870250 31069231 938670672 470714264 133 3503592 471798256
======================
   8      32 sdc 363260 2355 63052936 1061544 1870904 31069231 939005520 470857676 151 3504596 471941476
======================
   8      32 sdc 363260 2355 63052936 1061544 1871559 31069231 939340880 471000440 136 3505600 472084888
======================
   8      32 sdc 363260 2355 63052936 1061544 1872175 31069231 939656272 471143404 128 3506604 472228020
======================
   8      32 sdc 363260 2355 63052936 1061544 1872800 31069231 939976272 471287648 143 3507608 472371448
======================
   8      32 sdc 363260 2355 63052936 1061544 1873463 31069231 940315728 471430556 152 3508608 472513808
======================
   8      32 sdc 363260 2355 63052936 1061544 1874127 31069231 940655696 471574092 128 3509612 472657152
======================
   8      32 sdc 363261 2355 63052944 1061768 1874773 31069231 940986448 471701188 157 3510616 472784676
======================
   8      32 sdc 363261 2355 63052944 1061768 1875398 31069231 941306448 471842908 140 3511620 472928260
======================
   8      32 sdc 363261 2355 63052944 1061768 1876014 31069231 941621840 471986772 132 3512624 473071808
======================
   8      32 sdc 363261 2355 63052944 1061768 1876669 31069231 941957200 472131332 149 3513628 473215388
======================
   8      32 sdc 363261 2355 63052944 1061768 1877310 31069231 942285392 472274580 148 3514632 473359248
======================
   8      32 sdc 363261 2355 63052944 1061768 1877953 31069231 942614608 472418056 145 3515636 473502960
======================
   8      32 sdc 363261 2355 63052944 1061768 1878610 31069231 942950992 472562168 128 3516636 473645428
======================
   8      32 sdc 363261 2355 63052944 1061768 1879257 31069231 943282256 472704420 153 3517640 473789052
======================
   8      32 sdc 363261 2355 63052944 1061768 1879892 31069231 943607376 472847852 158 3518644 473932496
======================
   8      32 sdc 363261 2355 63052944 1061768 1880528 31069231 943933008 472991524 130 3519648 474076048
======================
   8      32 sdc 363261 2355 63052944 1061768 1881163 31069231 944258128 473134784 135 3520652 474219704
======================
   8      32 sdc 363261 2355 63052944 1061768 1881816 31069231 944592464 473278720 154 3521652 474362732
======================
   8      32 sdc 363262 2355 63052952 1062000 1882447 31069231 944915536 473404580 134 3522656 474488640
======================
   8      32 sdc 363262 2355 63052952 1062000 1883092 31069231 945245776 473547652 129 3523660 474632068
======================
   8      32 sdc 363262 2355 63052952 1062000 1883741 31069231 945578064 473691384 152 3524664 474775704
======================
   8      32 sdc 363262 2355 63052952 1062000 1884398 31069231 945914448 473834512 135 3525668 474919060
======================
   8      32 sdc 363262 2355 63052952 1062000 1885021 31069231 946233424 473977132 152 3526668 475062428
======================
   8      32 sdc 363262 2355 63052952 1062000 1885662 31069231 946561616 474121816 151 3527672 475205872
======================
   8      32 sdc 363262 2355 63052952 1062000 1886331 31069231 946904144 474265620 154 3528676 475349632
======================
   8      32 sdc 363262 2355 63052952 1062000 1887000 31069231 947246672 474409360 157 3529680 475493280
======================
   8      32 sdc 363262 2355 63052952 1062000 1887655 31069231 947582032 474552092 142 3530684 475637420
======================
   8      32 sdc 363262 2355 63052952 1062000 1888271 31069231 947897424 474695692 134 3531688 475780988
======================
   8      32 sdc 363262 2355 63052952 1062000 1888898 31069231 948218448 474840292 147 3532692 475924792
======================
   8      32 sdc 363262 2355 63052952 1062000 1889556 31069231 948555344 474984020 129 3533696 476068268
======================
   8      32 sdc 363263 2355 63052960 1062228 1890184 31069231 948876880 475109448 142 3534696 476194204
======================
   8      32 sdc 363263 2355 63052960 1062228 1890831 31069231 949208144 475253144 135 3535700 476337760
======================
   8      32 sdc 363263 2355 63052960 1062228 1891485 31069231 949542992 475396708 153 3536704 476481076
======================
   8      32 sdc 363263 2355 63052960 1062228 1892137 31069231 949876816 475539244 141 3537708 476623900
======================
   8      32 sdc 363263 2355 63052960 1062228 1892762 31069231 950196816 475682124 156 3538712 476767040
======================
   8      32 sdc 363263 2355 63052960 1062228 1893397 31069231 950521936 475825492 129 3539716 476910496
======================
   8      32 sdc 363263 2355 63052960 1062228 1894037 31069231 950849616 475969580 129 3540720 477053872
======================
   8      32 sdc 363263 2355 63052960 1062228 1894694 31069231 951186000 476112472 144 3541724 477197204
======================
   8      32 sdc 363263 2355 63052960 1062228 1895340 31069231 951516752 476255552 138 3542724 477340292
======================
   8      32 sdc 363263 2355 63052960 1062228 1895986 31069231 951847504 476398540 132 3543728 477483272
======================
   8      32 sdc 363263 2355 63052960 1062228 1896641 31069231 952182864 476542116 149 3544732 477626840
======================
   8      32 sdc 363263 2355 63052960 1062228 1897292 31069231 952516176 476684336 138 3545736 477770140
======================
   8      32 sdc 363264 2355 63052968 1062472 1897886 31069231 952820304 476809080 155 3546736 477894892
======================
   8      32 sdc 363264 2355 63052968 1062472 1898515 31069231 953142352 476953940 134 3547740 478038300
======================
   8      32 sdc 363264 2355 63052968 1062472 1899184 31069231 953484880 477096392 137 3548744 478180828
======================
   8      32 sdc 363264 2355 63052968 1062472 1899853 31069231 953827408 477239332 140 3549748 478323808
======================
   8      32 sdc 363264 2355 63052968 1062472 1900473 31069231 954144848 477381452 128 3550752 478467200
======================
   8      32 sdc 363264 2355 63052968 1062472 1901088 31069231 954459728 477524896 153 3551756 478611024
======================
   8      32 sdc 363264 2355 63052968 1062472 1901732 31069231 954789456 477669460 149 3552760 478754728
======================
   8      32 sdc 363264 2355 63052968 1062472 1902388 31069231 955125328 477812712 133 3553760 478897580
======================
   8      32 sdc 363264 2355 63052968 1062472 1903034 31069231 955456080 477956208 159 3554764 479040980
======================
   8      32 sdc 363264 2355 63052968 1062472 1903680 31069231 955786832 478100012 153 3555768 479184796
======================
   8      32 sdc 363264 2355 63052968 1062472 1904335 31069231 956122192 478242944 138 3556772 479328400
======================
   8      32 sdc 363264 2355 63052968 1062472 1904970 31069231 956447312 478386268 143 3557772 479471420
======================
   8      32 sdc 363265 2355 63052976 1062716 1905579 31069231 956759120 478508900 149 3558776 479594428
======================
   8      32 sdc 363265 2355 63052976 1062716 1906214 31069231 957084240 478652392 154 3559780 479737964
======================
   8      32 sdc 363265 2355 63052976 1062716 1906859 31069231 957414480 478796336 149 3560784 479881648
======================
   8      32 sdc 363265 2355 63052976 1062716 1907516 31069231 957750864 478940012 132 3561784 480024760
======================
   8      32 sdc 363265 2355 63052976 1062716 1908153 31069231 958077008 479083168 135 3562788 480168244
======================
   8      32 sdc 363265 2355 63052976 1062716 1908806 31069231 958411344 479227060 154 3563792 480311944
======================
   8      32 sdc 363265 2355 63052976 1062716 1909463 31069231 958747728 479370536 137 3564796 480455688
======================
   8      32 sdc 363265 2355 63052976 1062716 1910079 31069231 959063632 479512960 129 3565800 480599168
======================
   8      32 sdc 363265 2355 63052976 1062716 1910700 31069231 959381072 479657532 148 3566804 480743080
======================
   8      32 sdc 363265 2355 63052976 1062716 1911370 31069231 959724112 479802296 150 3567808 480887156
======================
   8      32 sdc 363265 2355 63052976 1062716 1912039 31069231 960066640 479946216 153 3568812 481031020
======================
   8      32 sdc 363265 2355 63052976 1062716 1912707 31069231 960408656 480089668 157 3569812 481173888
======================
   8      32 sdc 363266 2355 63052984 1062948 1913314 31069231 960719440 480218492 158 3570816 481304292
======================
   8      32 sdc 363266 2355 63052984 1062948 1913929 31069231 961034320 480361912 151 3571820 481447992
======================
   8      32 sdc 363266 2355 63052984 1062948 1914576 31069231 961365584 480506312 144 3572824 481591684
======================
   8      32 sdc 363266 2355 63052984 1062948 1915226 31069231 961698384 480649648 134 3573828 481735108
======================
   8      32 sdc 363266 2355 63052984 1062948 1915855 31069231 962020432 480792756 145 3574832 481878708
======================
   8      32 sdc 363266 2355 63052984 1062948 1916513 31069231 962357328 480937116 151 3575836 482022132
======================
   8      32 sdc 363266 2355 63052984 1062948 1917162 31069231 962689616 481079820 150 3576840 482165968
======================
   8      32 sdc 363266 2355 63052984 1062948 1917797 31069231 963014736 481223496 155 3577840 482309044
======================
   8      32 sdc 363266 2355 63052984 1062948 1918433 31069231 963340368 481367456 143 3578848 482453360
======================
   8      32 sdc 363266 2355 63052984 1062948 1919068 31069231 963665488 481510932 132 3579848 482596512
======================
   8      32 sdc 363266 2355 63052984 1062948 1919720 31069231 963999312 481655072 152 3580852 482740344
======================
   8      32 sdc 363266 2355 63052984 1062948 1920376 31069231 964335184 481798560 136 3581856 482884312
======================
   8      32 sdc 363267 2355 63052992 1063180 1920991 31069231 964650576 481929016 131 3582860 483014880
======================
   8      32 sdc 363267 2355 63052992 1063180 1921639 31069231 964981840 482072824 155 3583864 483158380
======================
   8      32 sdc 363267 2355 63052992 1063180 1922297 31069231 965318736 482216308 137 3584868 483301836
======================
   8      32 sdc 363267 2355 63052992 1063180 1922935 31069231 965645904 482358380 139 3585872 483445416
======================
   8      32 sdc 363267 2355 63052992 1063180 1923560 31069231 965965392 482503456 154 3586872 483588432
======================
   8      32 sdc 363267 2355 63052992 1063180 1924229 31069231 966307920 482647288 157 3587876 483732148
======================
   8      32 sdc 363267 2355 63052992 1063180 1924898 31069231 966650448 482790904 128 3588880 483875732
======================
   8      32 sdc 363267 2355 63052992 1063180 1925558 31069231 966988368 482933200 140 3589884 484018988
======================
   8      32 sdc 363267 2355 63052992 1063180 1926174 31069231 967303760 483076224 132 3590888 484162604
======================
   8      32 sdc 363267 2355 63052992 1063180 1926797 31069231 967622736 483220768 149 3591892 484306352
======================
   8      32 sdc 363267 2355 63052992 1063180 1927454 31069231 967959120 483364316 132 3592896 484449904
======================
   8      32 sdc 363267 2355 63052992 1063180 1928105 31069231 968292432 483507436 153 3593896 484592976
======================
   8      32 sdc 363268 2355 63053000 1063408 1928730 31069231 968612432 483637952 137 3594900 484723840
======================
   8      32 sdc 363268 2355 63053000 1063408 1929383 31069231 968946768 483781692 156 3595904 484867260
======================
   8      32 sdc 363268 2355 63053000 1063408 1930035 31069231 969280592 483925096 144 3596908 485010940
======================
   8      32 sdc 363268 2355 63053000 1063408 1930672 31069231 969606736 484067792 147 3597912 485154428
======================
   8      32 sdc 363268 2355 63053000 1063408 1931297 31069231 969926736 484211364 130 3598912 485297144
======================
   8      32 sdc 363268 2355 63053000 1063408 1931934 31069231 970252880 484355316 133 3599916 485441040
======================
   8      32 sdc 363268 2355 63053000 1063408 1932591 31069231 970589264 484499240 151 3600920 485584964
======================
   8      32 sdc 363268 2355 63053000 1063408 1933245 31069231 970924112 484642408 137 3601924 485728220
======================
   8      32 sdc 363268 2355 63053000 1063408 1933892 31069231 971255376 484785488 130 3602928 485871172
======================
   8      32 sdc 363268 2355 63053000 1063408 1934543 31069231 971588688 484929196 151 3603932 486015040
======================
   8      32 sdc 363268 2355 63053000 1063408 1935201 31069231 971925584 485072872 133 3604936 486158576
======================
   8      32 sdc 363268 2355 63053000 1063408 1935823 31069231 972244560 485214876 151 3605940 486302024
======================
   8      32 sdc 363269 2355 63053008 1063652 1936417 31069231 972548176 485343852 135 3606940 486430724
======================
   8      32 sdc 363269 2355 63053008 1063652 1937078 31069231 972886608 485489072 146 3607944 486574856
======================
   8      32 sdc 363269 2355 63053008 1063652 1937747 31069231 973229136 485633176 149 3608948 486718944
======================
   8      32 sdc 363269 2355 63053008 1063652 1938411 31069231 973569104 485777364 157 3609952 486862816
======================
   8      32 sdc 363269 2355 63053008 1063652 1939015 31069231 973878352 485919560 129 3610956 487006564
======================
   8      32 sdc 363269 2355 63053008 1063652 1939672 31069231 974214736 486064148 144 3611960 487150348
======================
   8      32 sdc 363269 2355 63053008 1063652 1940326 31069231 974549584 486207624 130 3612964 487293864
======================
   8      32 sdc 363269 2355 63053008 1063652 1940972 31069231 974880336 486351068 156 3613968 487437492
======================
   8      32 sdc 363269 2355 63053008 1063652 1941624 31069231 975214160 486494828 144 3614972 487581188
======================
   8      32 sdc 363269 2355 63053008 1063652 1942282 31069231 975551056 486638716 158 3615976 487724708
======================
   8      32 sdc 363269 2355 63053008 1063652 1942923 31069231 975879248 486781284 157 3616976 487867416
======================
   8      32 sdc 363269 2355 63053008 1063652 1943559 31069231 976204880 486925136 122 3617980 488010860
======================
   8      32 sdc 363270 2355 63053016 1063880 1944173 31069231 976519248 487053812 156 3618984 488140192
======================
   8      32 sdc 363270 2355 63053016 1063880 1944810 31069231 976845392 487197668 142 3619988 488283760
======================
   8      32 sdc 363270 2355 63053016 1063880 1945467 31069231 977181776 487341136 142 3620992 488427616
======================
   8      32 sdc 363270 2355 63053016 1063880 1946116 31069231 977514064 487483556 133 3621992 488570420
======================
   8      32 sdc 363270 2355 63053016 1063880 1946756 31069231 977841744 487628048 133 3622996 488713980
======================
   8      32 sdc 363270 2355 63053016 1063880 1947409 31069231 978176080 487771732 152 3624000 488857632
======================
   8      32 sdc 363270 2355 63053016 1063880 1948041 31069231 978499664 487914216 128 3625004 489001204
======================
   8      32 sdc 363270 2355 63053016 1063880 1948656 31069231 978814544 488057452 153 3626008 489144856
======================
   8      32 sdc 363270 2355 63053016 1063880 1949310 31069231 979149392 488202520 139 3627012 489288648
======================
   8      32 sdc 363270 2355 63053016 1063880 1949979 31069231 979491920 488346376 142 3628016 489432684
======================
   8      32 sdc 363270 2355 63053016 1063880 1950648 31069231 979834448 488490332 145 3629016 489576084
======================
   8      32 sdc 363270 2355 63053016 1063880 1951295 31069231 980165712 488632716 66 3630020 489714936
======================
   8      32 sdc 363270 2355 63053016 1063880 1951327 31069231 980182096 488640136 34 3631024 489749928
======================
   8      32 sdc 363271 2355 63053024 1065604 1952505 31069231 980785232 488740700 142 3632028 489828812
======================
   8      32 sdc 363271 2355 63053024 1065604 1953163 31069231 981122128 488884428 156 3633032 489971844
======================
   8      32 sdc 363271 2355 63053024 1065604 1953811 31069231 981453904 489027088 148 3634036 490115140
======================
   8      32 sdc 363271 2355 63053024 1065604 1954458 31069231 981785168 489170476 141 3635040 490258344
======================
   8      32 sdc 363271 2355 63053024 1065604 1955115 31069231 982121552 489313660 156 3636044 490401520
======================
   8      32 sdc 363271 2355 63053024 1065604 1955757 31069231 982450256 489457680 154 3637056 490545936
======================
   8      32 sdc 363271 2355 63053024 1065604 1956393 31069231 982775888 489600960 158 3638060 490688764
======================
   8      32 sdc 363271 2355 63053024 1065604 1957028 31069231 983101008 489744044 131 3639064 490832284
======================
   8      32 sdc 363271 2355 63053024 1065604 1957671 31069231 983430224 489887644 128 3640064 490974996
======================
   8      32 sdc 363271 2355 63053024 1065604 1958328 31069231 983766608 490030396 143 3641068 491118264
======================
   8      32 sdc 363271 2355 63053024 1065604 1958978 31069231 984099408 490173492 63 3642072 491256552
======================
   8      32 sdc 363272 2355 63053032 1065816 1959592 31069231 984413776 490305232 146 3643076 491393764
======================
   8      32 sdc 363272 2355 63053032 1065816 1960247 31069231 984749136 490449012 131 3644080 491537004
======================
   8      32 sdc 363272 2355 63053032 1065816 1960901 31069231 985083984 490591604 149 3645084 491680536
======================
   8      32 sdc 363272 2355 63053032 1065816 1961501 31069231 985391184 490731148 157 3646088 491824024
======================
   8      32 sdc 363272 2355 63053032 1065816 1962165 31069231 985731152 490879544 133 3647092 491967420
======================
   8      32 sdc 363272 2355 63053032 1065816 1962834 31069231 986073680 491022896 136 3648092 492110300
======================
   8      32 sdc 363272 2355 63053032 1065816 1963503 31069231 986416208 491166288 139 3649096 492253884
======================
   8      32 sdc 363272 2355 63053032 1065816 1964135 31069231 986739792 491308512 147 3650100 492397536
======================
   8      32 sdc 363272 2355 63053032 1065816 1964750 31069231 987054672 491451812 140 3651104 492541104
======================
   8      32 sdc 363272 2355 63053032 1065816 1965399 31069231 987386960 491596320 131 3652108 492684340
======================
   8      32 sdc 363272 2355 63053032 1065816 1966049 31069231 987719760 491738936 153 3653108 492826840
======================
   8      32 sdc 363272 2355 63053032 1065816 1966690 31069231 988047952 491882348 31 3654112 492960840
======================
   8      32 sdc 363273 2355 63053040 1066044 1967317 31069231 988368976 492006552 137 3655116 493094836
======================
   8      32 sdc 363273 2355 63053040 1066044 1967975 31069231 988705872 492149944 151 3656120 493237936
======================
   8      32 sdc 363273 2355 63053040 1066044 1968621 31069231 989036624 492292544 145 3657124 493381596
======================
   8      32 sdc 363273 2355 63053040 1066044 1969239 31069231 989353552 492433616 135 3658128 493524652
======================
   8      32 sdc 363273 2355 63053040 1066044 1969875 31069231 989678672 492578960 139 3659128 493667584
======================
   8      32 sdc 363273 2355 63053040 1066044 1970525 31069231 990011472 492722628 129 3660132 493810688
======================
   8      32 sdc 363273 2355 63053040 1066044 1971177 31069231 990345296 492865528 149 3661136 493953812
======================
   8      32 sdc 363273 2355 63053040 1066044 1971824 31069231 990676560 493008456 142 3662140 494097144
======================
   8      32 sdc 363273 2355 63053040 1066044 1972471 31069231 991007824 493151804 135 3663144 494240244
======================
   8      32 sdc 363273 2355 63053040 1066044 1973128 31069231 991344208 493295112 150 3664144 494383100
======================
   8      32 sdc 363273 2355 63053040 1066044 1973768 31069231 991671888 493437416 150 3665148 494526604
======================
   8      32 sdc 363273 2355 63053040 1066044 1974383 31069231 991986768 493580520 18 3666152 494657160
======================
   8      32 sdc 363273 2355 63053040 1066044 1974388 31069231 991989328 493581704 13 3667156 494670232
======================
   8      32 sdc 363274 2355 63053048 1067688 1975663 31069231 992642128 493663116 143 3668160 494752892
======================
   8      32 sdc 363274 2355 63053048 1067688 1976326 31069231 992981584 493805848 152 3669164 494895744
======================
   8      32 sdc 363274 2355 63053048 1067688 1976975 31069231 993313872 493947372 143 3670164 495038344
======================
   8      32 sdc 363274 2355 63053048 1067688 1977595 31069231 993631312 494092084 131 3671168 495181816
======================
   8      32 sdc 363274 2355 63053048 1067688 1978249 31069231 993966160 494234780 149 3672172 495325300
======================
   8      32 sdc 363274 2355 63053048 1067688 1978905 31069231 994302032 494378444 133 3673176 495468392
======================
   8      32 sdc 363274 2355 63053048 1067688 1979551 31069231 994632784 494521748 159 3674180 495611692
======================
   8      32 sdc 363274 2355 63053048 1067688 1980199 31069231 994964560 494665532 151 3675184 495755452
======================
   8      32 sdc 363274 2355 63053048 1067688 1980851 31069231 995298384 494809008 139 3676188 495899036
======================
   8      32 sdc 363274 2355 63053048 1067688 1981490 31069231 995625552 494951848 140 3677192 496042608
======================
   8      32 sdc 363275 2355 63053056 1067896 1982104 31069231 995939920 495087368 156 3678192 496168904
======================
   8      32 sdc 363275 2355 63053056 1067896 1982739 31069231 996265040 495221964 129 3679196 496312308
======================
   8      32 sdc 363275 2355 63053056 1067896 1983379 31069231 996592720 495366024 129 3680200 496455784
======================
   8      32 sdc 363275 2355 63053056 1067896 1984036 31069231 996929104 495509348 267 3681204 496604972
======================
   8      32 sdc 363275 2355 63053056 1067896 1984676 31069231 997256784 495649432 235 3682208 496849872
======================
   8      32 sdc 363275 2355 63053056 1067896 1985326 31069231 997589584 495800488 225 3683212 497088872
======================
   8      32 sdc 363275 2355 63053056 1067896 1985984 31069231 997926480 495954728 239 3684216 497323788
======================
   8      32 sdc 363275 2355 63053056 1067896 1986605 31069231 998244432 496296544 194 3685220 497540532
======================
   8      32 sdc 363275 2355 63053056 1067896 1987220 31069231 998559312 496615240 155 3686224 497706520
======================
   8      32 sdc 363275 2355 63053056 1067896 1987876 31069231 998895184 496758952 139 3687224 497848620
======================
   8      32 sdc 363275 2355 63053056 1067896 1988545 31069231 999237712 496901652 142 3688228 497991404
======================
   8      32 sdc 363275 2355 63053056 1067896 1989208 31069231 999577168 497044388 151 3689232 498134456
======================
   8      32 sdc 363275 2355 63053056 1067896 1989761 31069231 999859800 497167376 1 3690236 498242184
======================
   8      32 sdc 363275 2355 63053056 1067896 1989761 31069231 999859800 497167376 1 3691240 498243188
======================
   8      32 sdc 363276 2355 63053064 1069656 1991076 31069683 1000532664 497236300 154 3692244 498328324
======================
   8      32 sdc 363276 2355 63053064 1069656 1991734 31069683 1000869560 497379668 136 3693248 498471756
======================
   8      32 sdc 363276 2355 63053064 1069656 1992373 31069683 1001196728 497522652 137 3694252 498615076
======================
   8      32 sdc 363276 2355 63053064 1069656 1993029 31069683 1001532600 497666316 153 3695252 498757908
======================
   8      32 sdc 363276 2355 63053064 1069656 1993683 31069683 1001867448 497809220 139 3696256 498901504
======================
   8      32 sdc 363276 2355 63053064 1069656 1994319 31069683 1002193080 497952688 143 3697260 499045044
======================
   8      32 sdc 363276 2355 63053064 1069656 1994955 31069683 1002518712 498096144 147 3698264 499188340
======================
   8      32 sdc 363276 2355 63053064 1069656 1995590 31069683 1002843832 498239408 152 3699268 499331676
======================
   8      32 sdc 363276 2355 63053064 1069656 1996238 31069683 1003175608 498383464 144 3700272 499475232
======================
   8      32 sdc 363276 2355 63053064 1069656 1996895 31069683 1003511992 498526632 138 3701276 499618212
======================
   8      32 sdc 363277 2355 63053072 1069892 1997514 31069702 1003827560 498656044 132 3702280 499738332
======================
   8      32 sdc 363277 2355 63053072 1069892 1998157 31069702 1004156776 498788780 129 3703284 499881736
======================
   8      32 sdc 363277 2355 63053072 1069892 1998811 31069702 1004491624 498932732 147 3704288 500025164
======================
   8      32 sdc 363277 2355 63053072 1069892 1999459 31069702 1004823400 499075340 139 3705292 500168980
======================
   8      32 sdc 363277 2355 63053072 1069892 2000073 31069702 1005137768 499220692 133 3706292 500312036
======================
   8      32 sdc 363277 2355 63053072 1069892 2000742 31069712 1005480296 499363648 103 3707296 500453964
======================
   8      32 sdc 363277 2355 63053072 1069892 2001412 31069712 1005822408 499491472 140 3708300 500583272
======================
   8      32 sdc 363277 2355 63053072 1069892 2002081 31069712 1006164936 499635028 143 3709304 500726916
======================
   8      32 sdc 363277 2355 63053072 1069892 2002705 31069712 1006484424 499777552 141 3710308 500870340
======================
   8      32 sdc 363277 2355 63053072 1069892 2003319 31069712 1006798792 499921016 153 3711312 501014396
======================
   8      32 sdc 363277 2355 63053072 1069892 2003971 31069722 1007132616 500065960 108 3712316 501157224
======================
   8      32 sdc 363277 2355 63053072 1069892 2004627 31069722 1007467560 500193772 156 3713320 501285972
======================
   8      32 sdc 363278 2355 63053080 1070180 2005238 31070184 1007777424 500312728 42 3714324 501395428
======================
   8      32 sdc 363278 2355 63053080 1070180 2005281 31070184 1007781392 500319072 0 3714332 501395712
======================
   8      32 sdc 363278 2355 63053080 1070180 2005281 31070184 1007781392 500319072 0 3714332 501395712
======================
   8      32 sdc 363278 2355 63053080 1070180 2005281 31070184 1007781392 500319072 0 3714332 501395712
======================
   8      32 sdc 363278 2355 63053080 1070180 2005281 31070184 1007781392 500319072 0 3714332 501395712
======================
   8      32 sdc 363278 2355 63053080 1070180 2005281 31070184 1007781392 500319072 0 3714332 501395712
started
======================
   8      32 sdc 363278 2355 63053080 1070180 2005281 31070184 1007781392 500319072 0 3714332 501395712
======================
   8      32 sdc 363778 2356 63172808 1071008 2005281 31070184 1007781392 500319072 2 3714780 501396544
======================
   8      32 sdc 364979 2356 63475320 1072728 2005281 31070184 1007781392 500319072 1 3715724 501398260
======================
   8      32 sdc 366164 2356 63760584 1074372 2005281 31070184 1007781392 500319072 1 3716600 501399900
======================
   8      32 sdc 367410 2356 64068984 1076084 2005281 31070184 1007781392 500319072 2 3717552 501401612
======================
   8      32 sdc 368628 2356 64368192 1077764 2005281 31070184 1007781392 500319072 1 3718436 501403288
======================
   8      32 sdc 369791 2356 64653072 1079656 2005281 31070184 1007781392 500319072 2 3719360 501405192
======================
   8      32 sdc 371011 2357 64955200 1081436 2005283 31070185 1007781416 500319084 2 3720328 501406988
======================
   8      32 sdc 372198 2357 65244312 1083024 2005283 31070185 1007781416 500319084 2 3721200 501408572
======================
   8      32 sdc 373390 2357 65541280 1084804 2005283 31070185 1007781416 500319084 2 3722148 501410352
======================
   8      32 sdc 374526 2357 65810872 1086436 2005283 31070185 1007781416 500319084 1 3723012 501411992
======================
   8      32 sdc 375717 2357 66105496 1088152 2005283 31070185 1007781416 500319084 2 3723920 501413704
======================
   8      32 sdc 376818 2357 66355824 1089880 2005283 31070185 1007781416 500319084 2 3724816 501415440
======================
   8      32 sdc 378023 2357 66657528 1091732 2005283 31070185 1007781416 500319084 2 3725744 501417284
======================
   8      32 sdc 379183 2357 66938056 1093480 2005283 31070185 1007781416 500319084 1 3726676 501419032
======================
   8      32 sdc 380281 2357 67210744 1095196 2005283 31070185 1007781416 500319084 2 3727572 501420744
======================
   8      32 sdc 381462 2357 67506688 1096996 2005283 31070185 1007781416 500319084 1 3728516 501422544
======================
   8      32 sdc 382740 2357 67816816 1098892 2005283 31070185 1007781416 500319084 1 3729464 501424436
======================
   8      32 sdc 383937 2357 68100600 1100624 2005283 31070185 1007781416 500319084 2 3730372 501426168
======================
   8      32 sdc 385110 2357 68394352 1102324 2005283 31070185 1007781416 500319084 2 3731300 501427868
======================
   8      32 sdc 386245 2359 68674528 1104088 2005283 31070185 1007781416 500319084 1 3732228 501429632
======================
   8      32 sdc 387454 2359 68971272 1105816 2005283 31070185 1007781416 500319084 2 3733100 501431360
======================
   8      32 sdc 388651 2360 69260904 1107380 2005283 31070185 1007781416 500319084 2 3733948 501432924
======================
   8      32 sdc 389785 2360 69535416 1108996 2005283 31070185 1007781416 500319084 2 3734812 501434540
======================
   8      32 sdc 390941 2360 69823592 1110496 2005283 31070185 1007781416 500319084 2 3735676 501436036
======================
   8      32 sdc 392164 2360 70129808 1112276 2005283 31070185 1007781416 500319084 1 3736608 501437812
======================
   8      32 sdc 393312 2360 70414928 1113952 2005283 31070185 1007781416 500319084 2 3737524 501439488
======================
   8      32 sdc 394483 2362 70694936 1115832 2005283 31070185 1007781416 500319084 2 3738444 501441368
======================
   8      32 sdc 395680 2362 70987856 1117624 2005283 31070185 1007781416 500319084 2 3739364 501443160
======================
   8      32 sdc 396916 2362 71286256 1119424 2005283 31070185 1007781416 500319084 2 3740300 501444964
======================
   8      32 sdc 398115 2362 71579480 1121180 2005283 31070185 1007781416 500319084 2 3741248 501446716
======================
   8      32 sdc 399305 2363 71862752 1123016 2005283 31070185 1007781416 500319084 1 3742120 501448552
======================
   8      32 sdc 400501 2363 72158976 1124728 2005283 31070185 1007781416 500319084 2 3743024 501450264
======================
   8      32 sdc 401705 2363 72451072 1126544 2005283 31070185 1007781416 500319084 1 3743944 501452080
======================
   8      32 sdc 402947 2363 72754864 1128312 2005283 31070185 1007781416 500319084 2 3744896 501453848
======================
   8      32 sdc 404083 2363 73034008 1129940 2005283 31070185 1007781416 500319084 2 3745744 501455472
======================
   8      32 sdc 405263 2364 73320112 1131648 2005283 31070185 1007781416 500319084 2 3746664 501457188
======================
   8      32 sdc 406425 2365 73598824 1133412 2005284 31070185 1007781424 500319084 1 3747612 501458944
======================
   8      32 sdc 407627 2366 73888632 1135108 2005284 31070185 1007781424 500319084 1 3748540 501460648
======================
   8      32 sdc 408814 2366 74182808 1136888 2005284 31070185 1007781424 500319084 2 3749484 501462420
======================
   8      32 sdc 410018 2366 74460664 1138772 2005284 31070185 1007781424 500319084 2 3750364 501464300
======================
   8      32 sdc 411195 2368 74741288 1140496 2005284 31070185 1007781424 500319084 0 3751232 501466024
======================
   8      32 sdc 412325 2368 75013824 1142224 2005284 31070185 1007781424 500319084 1 3752144 501467752
======================
   8      32 sdc 413154 2369 75216104 1144088 2005284 31070185 1007781424 500319084 2 3753096 501469624
======================
   8      32 sdc 414385 2369 75520104 1145852 2005284 31070185 1007781424 500319084 2 3754040 501471380
======================
   8      32 sdc 415587 2369 75811368 1147400 2005284 31070185 1007781424 500319084 2 3754904 501472928
======================
   8      32 sdc 416824 2370 76114096 1149080 2005284 31070185 1007781424 500319084 2 3755792 501474616
======================
   8      32 sdc 418007 2370 76399728 1150672 2005284 31070185 1007781424 500319084 2 3756700 501476204
======================
   8      32 sdc 419155 2370 76678280 1152372 2005284 31070185 1007781424 500319084 2 3757632 501477900
======================
   8      32 sdc 420328 2370 76967832 1154164 2005284 31070185 1007781424 500319084 1 3758596 501479696
======================
   8      32 sdc 421546 2370 77270576 1155928 2005284 31070185 1007781424 500319084 2 3759536 501481452
======================
   8      32 sdc 422801 2370 77570824 1157604 2005284 31070185 1007781424 500319084 2 3760424 501483132
======================
   8      32 sdc 423974 2370 77862464 1159376 2005284 31070185 1007781424 500319084 5 3761372 501484896
======================
   8      32 sdc 425199 2370 78163752 1161144 2005284 31070185 1007781424 500319084 2 3762296 501486672
======================
   8      32 sdc 426413 2370 78467344 1162824 2005284 31070185 1007781424 500319084 2 3763220 501488344
======================
   8      32 sdc 427551 2370 78742304 1164528 2005284 31070185 1007781424 500319084 2 3764088 501490052
======================
   8      32 sdc 428695 2370 79016416 1166228 2005284 31070185 1007781424 500319084 2 3764992 501491748
======================
   8      32 sdc 429893 2370 79304240 1167928 2005284 31070185 1007781424 500319084 2 3765880 501493448
======================
   8      32 sdc 431057 2370 79580992 1169624 2005284 31070185 1007781424 500319084 2 3766780 501495144
======================
   8      32 sdc 432144 2370 79838144 1171176 2005284 31070185 1007781424 500319084 2 3767672 501496700
======================
   8      32 sdc 433384 2370 80139376 1172944 2005284 31070185 1007781424 500319084 1 3768616 501498460
======================
   8      32 sdc 434620 2370 80447184 1174568 2005284 31070185 1007781424 500319084 2 3769512 501500084
======================
   8      32 sdc 434999 2370 80540224 1175136 2005284 31070185 1007781424 500319084 0 3769836 501500652
