======================
   8      32 sdc 3251822 102010 453558124 34904752 45773747 1010401606 18514440160 2401110256 0 77726612 2438507728
======================
   8      32 sdc 3251822 102010 453558124 34904752 45773747 1010401606 18514440160 2401110256 0 77726612 2438507728
======================
   8      32 sdc 3251825 102010 453558148 34904784 45773747 1010401606 18514440160 2401110256 0 77726644 2438507760
======================
   8      32 sdc 3251825 102010 453558148 34904784 45773747 1010401606 18514440160 2401110256 0 77726644 2438507760
======================
   8      32 sdc 3251826 102010 453558156 34904788 45776321 1010401606 18515758048 2401118580 143 77726904 2438520592
======================
   8      32 sdc 3251826 102010 453558156 34904788 45777039 1010401606 18516125664 2401245512 129 77727904 2438662496
======================
   8      32 sdc 3251826 102010 453558156 34904788 45777673 1010401606 18516450272 2401391752 135 77728908 2438805660
======================
   8      32 sdc 3251826 102010 453558156 34904788 45778320 1010401634 18516780752 2401536148 130 77729912 2438949384
======================
   8      32 sdc 3251826 102010 453558156 34904788 45778995 1010401634 18517126352 2401680000 159 77730916 2439092748
======================
   8      32 sdc 3251826 102010 453558156 34904788 45779484 1010401634 18517376720 2401832328 150 77731920 2439237476
======================
   8      32 sdc 3251826 102010 453558156 34904788 45780076 1010401634 18517679824 2401928160 134 77732996 2439384184
======================
   8      32 sdc 3251826 102010 453558156 34904788 45780975 1010401634 18518140112 2402117212 131 77734024 2439525644
======================
   8      32 sdc 3251826 102010 453558156 34904788 45780975 1010401634 18518140112 2402117212 131 77735032 2439657692
======================
   8      32 sdc 3251826 102010 453558156 34904788 45781068 1010401634 18518187728 2402307836 134 77736052 2439793036
======================
   8      32 sdc 3251827 102010 453558164 34905240 45781571 1010401661 18518437416 2402465688 148 77737056 2439880468
======================
   8      32 sdc 3251827 102010 453558164 34905240 45782961 1010401661 18519149096 2402617392 134 77738060 2440023060
======================
   8      32 sdc 3251827 102010 453558164 34905240 45784057 1010401661 18519710248 2402756028 158 77739068 2440166464
======================
   8      32 sdc 3251827 102010 453558164 34905240 45784748 1010401661 18520064040 2402896276 139 77740080 2440310976
======================
   8      32 sdc 3251827 102010 453558164 34905240 45785393 1010401661 18520394280 2403040512 134 77741088 2440455052
======================
   8      32 sdc 3251827 102010 453558164 34905240 45786053 1010401674 18520731800 2403182748 133 77742096 2440597528
======================
   8      32 sdc 3251827 102010 453558164 34905240 45786721 1010401674 18521073816 2403326556 137 77743100 2440741332
======================
   8      32 sdc 3251827 102010 453558164 34905240 45787345 1010401674 18521393304 2403470008 153 77744104 2440884892
======================
   8      32 sdc 3251827 102010 453558164 34905240 45787976 1010401674 18521716376 2403613512 130 77745108 2441027252
======================
   8      32 sdc 3251827 102010 453558164 34905240 45788643 1010401674 18522057880 2403755820 135 77746108 2441169816
======================
   8      32 sdc 3251828 102010 453558172 34905540 45789295 1010401674 18522391704 2403878696 156 77747112 2441292620
======================
   8      32 sdc 3251828 102010 453558172 34905540 45789969 1010401674 18522736792 2404021808 154 77748116 2441435768
======================
   8      32 sdc 3251828 102010 453558172 34905540 45790593 1010401674 18523056280 2404163900 138 77749120 2441579540
======================
   8      32 sdc 3251828 102010 453558172 34905540 45791225 1010401674 18523379864 2404308540 146 77750120 2441722716
======================
   8      32 sdc 3251828 102010 453558172 34905540 45791852 1010401674 18523700888 2404444640 159 77751124 2441866592
======================
   8      32 sdc 3251828 102010 453558172 34905540 45792523 1010401674 18524044440 2404596528 128 77752124 2442010864
======================
   8      32 sdc 3251828 102010 453558172 34905540 45793173 1010401674 18524377240 2404735900 153 77753128 2442150324
======================
   8      32 sdc 3251828 102010 453558172 34905540 45793831 1010401674 18524714136 2404879296 135 77754128 2442293452
======================
   8      32 sdc 3251828 102010 453558172 34905540 45794481 1010401674 18525046936 2405022292 157 77755132 2442436956
======================
   8      32 sdc 3251828 102010 453558172 34905540 45795122 1010401674 18525375128 2405165712 156 77756136 2442580700
======================
   8      32 sdc 3251828 102010 453558172 34905540 45795763 1010401674 18525703320 2405309288 155 77757136 2442724036
======================
   8      32 sdc 3251828 102010 453558172 34905540 45796405 1010401674 18526032024 2405454004 153 77758140 2442868784
======================
   8      32 sdc 3251829 102010 453558180 34905756 45797047 1010401674 18526360728 2405583796 138 77759140 2442998084
======================
   8      32 sdc 3251829 102010 453558180 34905756 45797700 1010401674 18526695064 2405726568 157 77760144 2443141484
======================
   8      32 sdc 3251829 102010 453558180 34905756 45798342 1010401674 18527023768 2405870012 155 77761148 2443285064
======================
   8      32 sdc 3251829 102010 453558180 34905756 45798992 1010401674 18527356568 2406013780 145 77762148 2443427976
======================
   8      32 sdc 3251829 102010 453558180 34905756 45799626 1010401674 18527681176 2406157272 151 77763152 2443572152
======================
   8      32 sdc 3251829 102010 453558180 34905756 45800250 1010401674 18528000664 2406299980 135 77764156 2443715632
======================
   8      32 sdc 3251829 102010 453558180 34905756 45800906 1010401674 18528336536 2406444636 151 77765156 2443858540
======================
   8      32 sdc 3251829 102010 453558180 34905756 45801581 1010401674 18528682136 2406587880 148 77766160 2444002196
======================
   8      32 sdc 3251829 102010 453558180 34905756 45802257 1010401674 18529028248 2406730396 144 77767164 2444144848
======================
   8      32 sdc 3251829 102010 453558180 34905756 45802918 1010401674 18529366680 2406872784 155 77768168 2444288120
======================
   8      32 sdc 3251829 102010 453558180 34905756 45803542 1010401674 18529686168 2407015960 139 77769168 2444431232
======================
   8      32 sdc 3251829 102010 453558180 34905756 45804184 1010401674 18530014872 2407161060 47 77770176 2444568444
======================
   8      32 sdc 3251829 102010 453558180 34905756 45804214 1010401674 18530030232 2407167404 17 77771176 2444586076
======================
   8      32 sdc 3251830 102010 453558188 34907336 45805481 1010401674 18530678936 2407254396 150 77772184 2444671124
======================
   8      32 sdc 3251830 102010 453558188 34907336 45806123 1010401674 18531007640 2407398264 148 77773188 2444814996
======================
   8      32 sdc 3251830 102010 453558188 34907336 45806694 1010401674 18531299992 2407522676 153 77774196 2444960492
======================
   8      32 sdc 3251830 102010 453558188 34907336 45807283 1010401674 18531601560 2407688016 140 77775196 2445104612
======================
   8      32 sdc 3251830 102010 453558188 34907336 45807916 1010401674 18531925656 2407829772 147 77776200 2445248508
======================
   8      32 sdc 3251830 102010 453558188 34907336 45808565 1010401674 18532257944 2407975888 145 77777200 2445392124
======================
   8      32 sdc 3251830 102010 453558188 34907336 45809208 1010401674 18532587160 2408119584 156 77778204 2445535660
======================
   8      32 sdc 3251830 102010 453558188 34907336 45809873 1010401674 18532927640 2408263380 131 77779208 2445679324
======================
   8      32 sdc 3251830 102010 453558188 34907336 45810533 1010401674 18533265560 2408406596 143 77780212 2445822900
======================
   8      32 sdc 3251830 102010 453558188 34907336 45811176 1010401674 18533594776 2408550424 140 77781220 2445967132
======================
   8      32 sdc 3251830 102010 453558188 34907336 45811843 1010401674 18533936280 2408697144 68 77782236 2446108664
======================
   8      32 sdc 3251831 102010 453558196 34907552 45812498 1010401674 18534271640 2408826808 128 77783284 2446248000
======================
   8      32 sdc 3251831 102010 453558196 34907552 45813132 1010401674 18534596248 2408970200 134 77784300 2446392272
======================
   8      32 sdc 3251831 102010 453558196 34907552 45813811 1010401674 18534943896 2409120012 131 77785304 2446535748
======================
   8      32 sdc 3251831 102010 453558196 34907552 45814470 1010401674 18535281304 2409262032 140 77786308 2446679220
======================
   8      32 sdc 3251831 102010 453558196 34907552 45815143 1010401674 18535625880 2409405720 139 77787308 2446822112
======================
   8      32 sdc 3251831 102010 453558196 34907552 45815775 1010401674 18535949464 2409546404 147 77788312 2446963828
======================
   8      32 sdc 3251831 102010 453558196 34907552 45816369 1010401674 18536253592 2409683152 129 77789316 2447106500
======================
   8      32 sdc 3251831 102010 453558196 34907552 45817070 1010401674 18536612504 2409832992 132 77790316 2447248700
======================
   8      32 sdc 3251831 102010 453558196 34907552 45817730 1010401674 18536950424 2409975112 144 77791320 2447391924
======================
   8      32 sdc 3251831 102010 453558196 34907552 45818371 1010401674 18537278616 2410118452 143 77792324 2447535580
======================
   8      32 sdc 3251831 102010 453558196 34907552 45819020 1010401674 18537610904 2410262616 134 77793324 2447678572
======================
   8      32 sdc 3251832 102010 453558204 34907776 45819656 1010401674 18537936536 2410390460 140 77794328 2447806468
======================
   8      32 sdc 3251832 102010 453558204 34907776 45820297 1010401674 18538264728 2410534580 131 77795328 2447951380
======================
   8      32 sdc 3251832 102010 453558204 34907776 45820939 1010401674 18538593432 2410678096 129 77796332 2448094900
======================
   8      32 sdc 3251832 102010 453558204 34907776 45821563 1010401674 18538912920 2410817340 145 77797332 2448237968
======================
   8      32 sdc 3251832 102010 453558204 34907776 45822076 1010401674 18539175576 2410944500 144 77798336 2448379632
======================
   8      32 sdc 3251832 102010 453558204 34907776 45822737 1010401674 18539514008 2411105988 155 77799340 2448522852
======================
   8      32 sdc 3251832 102010 453558204 34907776 45823378 1010401674 18539842200 2411249148 154 77800340 2448665904
======================
   8      32 sdc 3251832 102010 453558204 34907776 45824032 1010401674 18540177048 2411393376 140 77801344 2448809684
======================
   8      32 sdc 3251832 102010 453558204 34907776 45824708 1010401674 18540523160 2411536764 136 77802348 2448952952
======================
   8      32 sdc 3251832 102010 453558204 34907776 45825349 1010401674 18540851352 2411680564 135 77803348 2449097564
======================
   8      32 sdc 3251832 102010 453558204 34907776 45825973 1010401674 18541170840 2411823920 151 77804352 2449241284
======================
   8      32 sdc 3251832 102010 453558204 34907776 45826637 1010401674 18541511320 2411968452 159 77805356 2449384668
======================
   8      32 sdc 3251832 102010 453558204 34907776 45827204 1010401674 18541801112 2412088540 35 77806360 2449502156
======================
   8      32 sdc 3251832 102010 453558204 34907776 45827204 1010401674 18541801112 2412088540 35 77807364 2449537296
======================
   8      32 sdc 3251833 102010 453558212 34909352 45828610 1010401674 18542520984 2412234360 150 77808368 2449653848
======================
   8      32 sdc 3251833 102010 453558212 34909352 45829234 1010401674 18542840472 2412375988 134 77809372 2449795588
======================
   8      32 sdc 3251833 102010 453558212 34909352 45829716 1010401674 18543087256 2412487448 132 77810376 2449939224
======================
   8      32 sdc 3251833 102010 453558212 34909352 45830437 1010401674 18543456408 2412669028 147 77811424 2450088252
======================
   8      32 sdc 3251833 102010 453558212 34909352 45831085 1010401674 18543788184 2412811760 136 77812436 2450230772
======================
   8      32 sdc 3251833 102010 453558212 34909352 45831733 1010401674 18544119960 2412953984 128 77813440 2450373796
======================
   8      32 sdc 3251833 102010 453558212 34909352 45832407 1010401674 18544465048 2413093716 158 77814444 2450511804
======================
   8      32 sdc 3251833 102010 453558212 34909352 45833051 1010401674 18544794776 2413236192 154 77815448 2450655276
======================
   8      32 sdc 3251833 102010 453558212 34909352 45833692 1010401674 18545122968 2413379196 153 77816448 2450797980
======================
   8      32 sdc 3251833 102010 453558212 34909352 45834334 1010401674 18545451672 2413522448 151 77817452 2450941324
======================
   8      32 sdc 3251833 102010 453558212 34909352 45834862 1010401674 18545722008 2413642168 25 77818456 2451054624
======================
   8      32 sdc 3251834 102010 453558220 34910596 45835403 1010401674 18545999000 2413683872 135 77819460 2451090116
======================
   8      32 sdc 3251834 102010 453558220 34910596 45836263 1010401674 18546439320 2413813328 139 77820464 2451233628
======================
   8      32 sdc 3251834 102010 453558220 34910596 45836867 1010401674 18546748568 2413948208 143 77821468 2451377100
======================
   8      32 sdc 3251834 102010 453558220 34910596 45837419 1010401674 18547031192 2414083460 135 77822472 2451519360
======================
   8      32 sdc 3251834 102010 453558220 34910596 45838077 1010401674 18547368088 2414242092 149 77823476 2451662616
======================
   8      32 sdc 3251834 102010 453558220 34910596 45838699 1010401674 18547686552 2414384632 135 77824476 2451805636
======================
   8      32 sdc 3251834 102010 453558220 34910596 45839355 1010401674 18548022424 2414524716 139 77825480 2451945164
======================
   8      32 sdc 3251834 102010 453558220 34910596 45840025 1010401674 18548365464 2414667404 141 77826484 2452088032
======================
   8      32 sdc 3251834 102010 453558220 34910596 45840701 1010401674 18548711576 2414811728 137 77827484 2452231068
======================
   8      32 sdc 3251834 102010 453558220 34910596 45841358 1010401674 18549047960 2414954012 152 77828488 2452374380
======================
   8      32 sdc 3251834 102010 453558220 34910596 45841982 1010401674 18549367448 2415097232 136 77829492 2452518080
======================
   8      32 sdc 3251835 102010 453558228 34910800 45842608 1010401674 18549687960 2415234016 142 77830492 2452650980
======================
   8      32 sdc 3251835 102010 453558228 34910800 45843284 1010401674 18550034072 2415375404 138 77831496 2452795100
======================
   8      32 sdc 3251835 102010 453558228 34910800 45843934 1010401674 18550366872 2415518728 128 77832500 2452939072
======================
   8      32 sdc 3251835 102010 453558228 34910800 45844575 1010401674 18550695064 2415660680 151 77833500 2453080664
======================
   8      32 sdc 3251835 102010 453558228 34910800 45845217 1010401674 18551023768 2415804356 157 77834504 2453230456
======================
   8      32 sdc 3251835 102010 453558228 34910800 45845835 1010401674 18551340184 2415941480 147 77835508 2453374356
======================
   8      32 sdc 3251835 102010 453558228 34910800 45846502 1010401674 18551681688 2416091012 158 77836508 2453517284
======================
   8      32 sdc 3251835 102010 453558228 34910800 45847145 1010401674 18552010904 2416234284 155 77837516 2453660988
======================
   8      32 sdc 3251835 102010 453558228 34910800 45847794 1010401674 18552343192 2416378024 146 77838520 2453804576
======================
   8      32 sdc 3251835 102010 453558228 34910800 45848459 1010401674 18552683672 2416521428 153 77839520 2453947388
======================
   8      32 sdc 3251835 102010 453558228 34910800 45849105 1010401674 18553014424 2416664252 147 77840524 2454090932
======================
   8      32 sdc 3251835 102010 453558228 34910800 45849796 1010401674 18553368216 2416819884 128 77841604 2454245324
======================
   8      32 sdc 3251836 102010 453558236 34911000 45850443 1010401674 18553699480 2416945340 155 77842608 2454371660
======================
   8      32 sdc 3251836 102010 453558236 34911000 45851114 1010401674 18554043032 2417088272 156 77843608 2454514900
======================
   8      32 sdc 3251836 102010 453558236 34911000 45851737 1010401674 18554362008 2417231248 141 77844612 2454658864
======================
   8      32 sdc 3251836 102010 453558236 34911000 45852372 1010401674 18554687128 2417375884 146 77845612 2454801904
======================
   8      32 sdc 3251836 102010 453558236 34911000 45853035 1010401674 18555026584 2417518952 155 77846616 2454945072
======================
   8      32 sdc 3251836 102010 453558236 34911000 45853693 1010401674 18555363480 2417666032 137 77847616 2455089264
======================
   8      32 sdc 3251836 102010 453558236 34911000 45854347 1010401674 18555698328 2417805428 155 77848620 2455232940
======================
   8      32 sdc 3251836 102010 453558236 34911000 45854971 1010401674 18556017816 2417949096 139 77849624 2455376796
======================
   8      32 sdc 3251836 102010 453558236 34911000 45855573 1010401674 18556326040 2418083080 145 77850628 2455519804
======================
   8      32 sdc 3251836 102010 453558236 34911000 45856309 1010401674 18556702872 2418236324 145 77851628 2455662712
======================
   8      32 sdc 3251836 102010 453558236 34911000 45856950 1010401674 18557031064 2418379212 144 77852632 2455806380
======================
   8      32 sdc 3251836 102010 453558236 34911000 45857597 1010401674 18557362328 2418523292 137 77853632 2455949532
======================
   8      32 sdc 3251837 102010 453558244 34911220 45858234 1010401674 18557688472 2418654320 139 77854636 2456080680
======================
   8      32 sdc 3251837 102010 453558244 34911220 45858882 1010401674 18558020248 2418796668 131 77855640 2456223768
======================
   8      32 sdc 3251837 102010 453558244 34911220 45859523 1010401674 18558348440 2418940496 130 77856640 2456367232
======================
   8      32 sdc 3251837 102010 453558244 34911220 45860165 1010401674 18558677144 2419082328 128 77857644 2456509052
======================
   8      32 sdc 3251837 102010 453558244 34911220 45860809 1010401674 18559006872 2419225864 156 77858648 2456652432
======================
   8      32 sdc 3251837 102010 453558244 34911220 45861473 1010401674 18559346840 2419368668 132 77859648 2456795032
======================
   8      32 sdc 3251837 102010 453558244 34911220 45862118 1010401674 18559677080 2419511184 128 77860652 2456938020
======================
   8      32 sdc 3251837 102010 453558244 34911220 45862761 1010401674 18560006296 2419654508 156 77861656 2457081336
======================
   8      32 sdc 3251837 102010 453558244 34911220 45863426 1010401674 18560346776 2419797672 131 77862656 2457224556
======================
   8      32 sdc 3251837 102010 453558244 34911220 45864090 1010401674 18560686744 2419939896 139 77863660 2457367208
======================
   8      32 sdc 3251837 102010 453558244 34911220 45864713 1010401674 18561005720 2420082740 156 77864664 2457510196
======================
   8      32 sdc 3251837 102010 453558244 34911220 45865362 1010401674 18561338008 2420226804 147 77865668 2457653440
======================
   8      32 sdc 3251838 102010 453558252 34911436 45866015 1010401674 18561672344 2420350512 137 77866668 2457777008
======================
   8      32 sdc 3251838 102010 453558252 34911436 45866690 1010401674 18562017944 2420493908 134 77867672 2457920616
======================
   8      32 sdc 3251838 102010 453558252 34911436 45867357 1010401674 18562359448 2420636840 139 77868676 2458065404
======================
   8      32 sdc 3251838 102010 453558252 34911436 45867984 1010401674 18562680472 2420780024 152 77869680 2458208260
======================
   8      32 sdc 3251838 102010 453558252 34911436 45868630 1010401674 18563011224 2420923824 146 77870684 2458351264
======================
   8      32 sdc 3251838 102010 453558252 34911436 45869295 1010401674 18563351704 2421066632 153 77871684 2458494384
======================
   8      32 sdc 3251838 102010 453558252 34911436 45869936 1010401674 18563679896 2421210056 152 77872688 2458638080
======================
   8      32 sdc 3251838 102010 453558252 34911436 45870589 1010401674 18564014232 2421354148 139 77873692 2458781824
======================
   8      32 sdc 3251838 102010 453558252 34911436 45871253 1010401674 18564354200 2421496680 147 77874692 2458924044
======================
   8      32 sdc 3251838 102010 453558252 34911436 45871830 1010401674 18564649624 2421623820 146 77875696 2459067984
======================
   8      32 sdc 3251838 102010 453558252 34911436 45872506 1010401674 18564995736 2421776208 129 77876700 2459210956
======================
   8      32 sdc 3251838 102010 453558252 34911436 45873183 1010401674 18565342360 2421919280 104 77877700 2459345752
======================
   8      32 sdc 3251838 102010 453558252 34911436 45873262 1010401674 18565382808 2421936824 25 77878704 2459375800
======================
   8      32 sdc 3251839 102010 453558260 34913068 45874453 1010401674 18565992600 2422020712 156 77879708 2459450084
======================
   8      32 sdc 3251839 102010 453558260 34913068 45875110 1010401674 18566328984 2422163764 139 77880708 2459593360
======================
   8      32 sdc 3251839 102010 453558260 34913068 45875750 1010401674 18566656664 2422307112 139 77881712 2459737112
======================
   8      32 sdc 3251839 102010 453558260 34913068 45876415 1010401674 18566997144 2422454588 146 77882712 2459881108
======================
   8      32 sdc 3251839 102010 453558260 34913068 45877060 1010401674 18567327384 2422594840 141 77883720 2460025128
======================
   8      32 sdc 3251839 102010 453558260 34913068 45877684 1010401674 18567646872 2422738164 157 77884724 2460168832
======================
   8      32 sdc 3251839 102010 453558260 34913068 45878345 1010401674 18567985304 2422882928 136 77885724 2460312120
======================
   8      32 sdc 3251839 102010 453558260 34913068 45879020 1010401674 18568330904 2423026276 133 77886728 2460455692
======================
   8      32 sdc 3251839 102010 453558260 34913068 45879696 1010401674 18568677016 2423169848 129 77887732 2460599140
======================
   8      32 sdc 3251839 102010 453558260 34913068 45880307 1010401674 18568989848 2423301152 158 77888732 2460742428
======================
   8      32 sdc 3251840 102010 453558268 34913280 45880954 1010401674 18569321112 2423452104 138 77889736 2460874020
======================
   8      32 sdc 3251840 102010 453558268 34913280 45881604 1010401674 18569653912 2423588096 128 77890740 2461017508
======================
   8      32 sdc 3251840 102010 453558268 34913280 45882280 1010401674 18570000024 2423731320 156 77891744 2461160900
======================
   8      32 sdc 3251840 102010 453558268 34913280 45882896 1010401674 18570315416 2423867736 148 77892744 2461304292
======================
   8      32 sdc 3251840 102010 453558268 34913280 45883545 1010401674 18570647704 2424015532 139 77893748 2461448384
======================
   8      32 sdc 3251840 102010 453558268 34913280 45884218 1010401674 18570992280 2424160360 136 77894756 2461590900
======================
   8      32 sdc 3251840 102010 453558268 34913280 45884860 1010401674 18571320984 2424302740 134 77895756 2461733564
======================
   8      32 sdc 3251840 102010 453558268 34913280 45885501 1010401674 18571649176 2424446128 133 77896760 2461877212
======================
   8      32 sdc 3251840 102010 453558268 34913280 45886142 1010401674 18571977368 2424589424 132 77897760 2462020108
======================
   8      32 sdc 3251840 102010 453558268 34913280 45886792 1010401674 18572310168 2424733296 154 77898764 2462163596
======================
   8      32 sdc 3251840 102010 453558268 34913280 45887450 1010401674 18572647064 2424876416 136 77899764 2462306476
======================
   8      32 sdc 3251840 102010 453558268 34913280 45888101 1010401674 18572980376 2425019212 157 77900768 2462449948
======================
   8      32 sdc 3251841 102010 453558276 34913512 45888721 1010401674 18573297816 2425146240 154 77901772 2462573464
======================
   8      32 sdc 3251841 102010 453558276 34913512 45889362 1010401674 18573626008 2425280724 153 77902772 2462716772
======================
   8      32 sdc 3251841 102010 453558276 34913512 45890060 1010401674 18573983384 2425430016 154 77903776 2462860692
======================
   8      32 sdc 3251841 102010 453558276 34913512 45890684 1010401674 18574302872 2425572624 143 77904776 2463004152
======================
   8      32 sdc 3251841 102010 453558276 34913512 45891311 1010401674 18574623896 2425717240 156 77905780 2463147476
======================
   8      32 sdc 3251841 102010 453558276 34913512 45891986 1010401674 18574969496 2425860692 153 77906784 2463291120
======================
   8      32 sdc 3251841 102010 453558276 34913512 45892512 1010401674 18575238808 2426001700 139 77907784 2463431936
======================
   8      32 sdc 3251841 102010 453558276 34913512 45893166 1010401674 18575573656 2426143672 157 77908788 2463574464
======================
   8      32 sdc 3251841 102010 453558276 34913512 45893789 1010401674 18575892632 2426286580 142 77909792 2463718456
======================
   8      32 sdc 3251841 102010 453558276 34913512 45894442 1010401674 18576226968 2426431444 129 77910796 2463861960
======================
   8      32 sdc 3251841 102010 453558276 34913512 45895118 1010401674 18576573080 2426574856 157 77911796 2464004768
======================
   8      32 sdc 3251841 102010 453558276 34913512 45895746 1010401674 18576894616 2426713088 137 77912800 2464148164
======================
   8      32 sdc 3251842 102010 453558284 34913740 45896384 1010401674 18577221272 2426846024 146 77913800 2464276316
======================
   8      32 sdc 3251842 102010 453558284 34913740 45897049 1010401674 18577561752 2426989260 153 77914804 2464419824
======================
   8      32 sdc 3251842 102010 453558284 34913740 45897706 1010401674 18577898136 2427131648 136 77915808 2464563320
======================
   8      32 sdc 3251842 102010 453558284 34913740 45898348 1010401674 18578226840 2427275092 134 77916808 2464706168
======================
   8      32 sdc 3251842 102010 453558284 34913740 45898974 1010401674 18578547352 2427418432 148 77917812 2464849532
======================
   8      32 sdc 3251842 102010 453558284 34913740 45899626 1010401674 18578881176 2427562456 136 77918816 2464993120
======================
   8      32 sdc 3251842 102010 453558284 34913740 45900287 1010401674 18579219608 2427707724 147 77919824 2465136876
======================
   8      32 sdc 3251842 102010 453558284 34913740 45900872 1010401674 18579519128 2427835248 138 77920828 2465279552
======================
   8      32 sdc 3251842 102010 453558284 34913740 45901573 1010401674 18579878040 2427989272 141 77921832 2465420940
======================
   8      32 sdc 3251842 102010 453558284 34913740 45902245 1010401674 18580222104 2428133676 141 77922836 2465564492
======================
   8      32 sdc 3251842 102010 453558284 34913740 45902913 1010401674 18580564120 2428275960 145 77923840 2465707948
======================
   8      32 sdc 3251842 102010 453558284 34913740 45903499 1010401674 18580864152 2428410608 135 77924840 2465850420
======================
   8      32 sdc 3251843 102010 453558292 34914172 45904013 1010401674 18581127320 2428528336 136 77925844 2465954000
======================
   8      32 sdc 3251843 102010 453558292 34914172 45904652 1010401674 18581454488 2428658460 137 77926848 2466097128
======================
   8      32 sdc 3251843 102010 453558292 34914172 45905364 1010401674 18581819032 2428807136 129 77927848 2466237640
======================
   8      32 sdc 3251843 102010 453558292 34914172 45906039 1010401674 18582164632 2428949788 158 77928852 2466380436
======================
   8      32 sdc 3251843 102010 453558292 34914172 45906663 1010401674 18582484120 2429091180 142 77929852 2466523132
======================
   8      32 sdc 3251843 102010 453558292 34914172 45907320 1010401674 18582820504 2429235080 157 77930856 2466666020
======================
   8      32 sdc 3251843 102010 453558292 34914172 45907951 1010401674 18583143576 2429368528 134 77931860 2466808536
======================
   8      32 sdc 3251843 102010 453558292 34914172 45908639 1010401674 18583495832 2429514164 146 77932860 2466945828
======================
   8      32 sdc 3251843 102010 453558292 34914172 45909239 1010401674 18583803032 2429648372 154 77933864 2467090052
======================
   8      32 sdc 3251843 102010 453558292 34914172 45909943 1010401674 18584163480 2429805456 141 77934868 2467236564
======================
   8      32 sdc 3251843 102010 453558292 34914172 45910598 1010401674 18584498840 2429947928 158 77935872 2467379728
======================
   8      32 sdc 3251843 102010 453558292 34914172 45911212 1010401674 18584813208 2430084836 152 77936880 2467524180
======================
   8      32 sdc 3251844 102010 453558300 34914396 45911876 1010401674 18585153176 2430218912 132 77937904 2467651336
======================
   8      32 sdc 3251844 102010 453558300 34914396 45912521 1010401674 18585483416 2430363300 133 77938912 2467795444
======================
   8      32 sdc 3251844 102010 453558300 34914396 45913181 1010401674 18585821336 2430507260 139 77939916 2467939080
======================
   8      32 sdc 3251844 102010 453558300 34914396 45913844 1010401674 18586160792 2430650260 148 77940920 2468082508
======================
   8      32 sdc 3251844 102010 453558300 34914396 45914330 1010401674 18586409624 2430790000 142 77941920 2468222344
======================
   8      32 sdc 3251844 102010 453558300 34914396 45914997 1010401674 18586751640 2430935468 147 77942924 2468367500
======================
   8      32 sdc 3251844 102010 453558300 34914396 45915655 1010401674 18587088024 2431075276 129 77943924 2468509536
======================
   8      32 sdc 3251844 102010 453558300 34914396 45916294 1010401674 18587415192 2431215916 134 77944928 2468648924
======================
   8      32 sdc 3251844 102010 453558300 34914396 45916928 1010401674 18587739800 2431360540 140 77945932 2468792444
======================
   8      32 sdc 3251844 102010 453558300 34914396 45917605 1010401674 18588086424 2431504232 135 77946936 2468936036
======================
   8      32 sdc 3251844 102010 453558300 34914396 45918280 1010401674 18588432024 2431647452 132 77947940 2469079352
======================
   8      32 sdc 3251844 102010 453558300 34914396 45918956 1010401674 18588778136 2431791028 128 77948940 2469222256
======================
   8      32 sdc 3251845 102010 453558308 34914592 45919561 1010401674 18589087896 2431919988 139 77949944 2469353260
======================
   8      32 sdc 3251845 102010 453558308 34914592 45920185 1010401674 18589407384 2432063648 155 77950948 2469496832
======================
   8      32 sdc 3251845 102010 453558308 34914592 45920859 1010401674 18589752472 2432208168 153 77951952 2469640204
======================
   8      32 sdc 3251845 102010 453558308 34914592 45921520 1010401674 18590090904 2432350600 132 77952952 2469783140
======================
   8      32 sdc 3251845 102010 453558308 34914592 45922152 1010401674 18590414488 2432494756 140 77953956 2469926824
======================
   8      32 sdc 3251845 102010 453558308 34914592 45922816 1010401674 18590754456 2432639544 148 77954960 2470070132
======================
   8      32 sdc 3251845 102010 453558308 34914592 45923469 1010401674 18591089304 2432780608 135 77955964 2470213460
======================
   8      32 sdc 3251845 102010 453558308 34914592 45924097 1010401674 18591410328 2432920932 147 77956968 2470357276
======================
   8      32 sdc 3251845 102010 453558308 34914592 45924753 1010401674 18591746200 2433068964 139 77957968 2470501396
======================
   8      32 sdc 3251845 102010 453558308 34914592 45925394 1010401674 18592074392 2433212004 138 77958972 2470644780
======================
   8      32 sdc 3251845 102010 453558308 34914592 45926014 1010401674 18592391832 2433346624 158 77959972 2470787816
======================
   8      32 sdc 3251845 102010 453558308 34914592 45926716 1010401674 18592751256 2433499616 128 77960976 2470932088
======================
   8      32 sdc 3251846 102010 453558316 34914824 45927337 1010401674 18593069208 2433624580 152 77961980 2471057576
======================
   8      32 sdc 3251846 102010 453558316 34914824 45927987 1010401674 18593402008 2433768404 142 77962980 2471200344
======================
   8      32 sdc 3251846 102010 453558316 34914824 45928656 1010401674 18593744536 2433911560 145 77963984 2471343840
======================
   8      32 sdc 3251846 102010 453558316 34914824 45929298 1010401674 18594073240 2434053568 143 77964984 2471486940
======================
   8      32 sdc 3251846 102010 453558316 34914824 45929932 1010401674 18594397848 2434198116 149 77965988 2471630136
======================
   8      32 sdc 3251846 102010 453558316 34914824 45930607 1010401674 18594743448 2434341284 146 77966992 2471773756
======================
   8      32 sdc 3251846 102010 453558316 34914824 45931283 1010401674 18595089560 2434484704 142 77967992 2471916792
======================
   8      32 sdc 3251846 102010 453558316 34914824 45931951 1010401674 18595431576 2434627168 146 77968996 2472060420
======================
   8      32 sdc 3251846 102010 453558316 34914824 45932574 1010401674 18595750552 2434770124 131 77969996 2472203312
======================
   8      32 sdc 3251846 102010 453558316 34914824 45933208 1010401674 18596075160 2434915836 137 77971000 2472345704
======================
   8      32 sdc 3251846 102010 453558316 34914824 45933884 1010401674 18596421272 2435058472 133 77972004 2472490308
======================
   8      32 sdc 3251846 102010 453558316 34914824 45934540 1010401674 18596757144 2435200580 149 77973008 2472633580
======================
   8      32 sdc 3251847 102010 453558324 34915056 45935160 1010401674 18597074584 2435325072 138 77974012 2472758552
======================
   8      32 sdc 3251847 102010 453558324 34915056 45935818 1010401674 18597411480 2435468932 152 77975012 2472901220
======================
   8      32 sdc 3251847 102010 453558324 34915056 45936482 1010401674 18597751448 2435612052 128 77976016 2473044436
======================
   8      32 sdc 3251847 102010 453558324 34915056 45937124 1010401674 18598080152 2435754660 158 77977016 2473186388
======================
   8      32 sdc 3251847 102010 453558324 34915056 45937749 1010401674 18598400152 2435897116 141 77978020 2473330304
======================
   8      32 sdc 3251847 102010 453558324 34915056 45938388 1010401674 18598727320 2436040540 142 77979024 2473473560
======================
   8      32 sdc 3251847 102010 453558324 34915056 45939052 1010401674 18599067288 2436183816 150 77980024 2473616140
======================
   8      32 sdc 3251847 102010 453558324 34915056 45939708 1010401674 18599403160 2436325636 134 77981028 2473758680
======================
   8      32 sdc 3251847 102010 453558324 34915056 45940338 1010401674 18599725720 2436468040 144 77982032 2473902292
======================
   8      32 sdc 3251847 102010 453558324 34915056 45941000 1010401674 18600064664 2436612988 154 77983032 2474045040
======================
   8      32 sdc 3251847 102010 453558324 34915056 45941675 1010401674 18600410264 2436756204 151 77984036 2474188748
======================
   8      32 sdc 3251847 102010 453558324 34915056 45942304 1010401674 18600732312 2436898364 39 77985036 2474323108
======================
   8      32 sdc 3251848 102010 453558332 34915500 45942772 1010401674 18600971928 2436996124 142 77986040 2474429724
======================
   8      32 sdc 3251848 102010 453558332 34915500 45943438 1010401674 18601312920 2437140448 148 77987044 2474573128
======================
   8      32 sdc 3251848 102010 453558332 34915500 45944114 1010401674 18601659032 2437283868 144 77988048 2474716628
======================
   8      32 sdc 3251848 102010 453558332 34915500 45944791 1010401674 18602005656 2437427452 139 77989052 2474860104
======================
   8      32 sdc 3251848 102010 453558332 34915500 45945402 1010401674 18602318488 2437569804 136 77990056 2475003836
======================
   8      32 sdc 3251848 102010 453558332 34915500 45946048 1010401674 18602649240 2437715204 130 77991060 2475145828
======================
   8      32 sdc 3251848 102010 453558332 34915500 45946716 1010401674 18602991256 2437855936 134 77992060 2475288592
======================
   8      32 sdc 3251848 102010 453558332 34915500 45947362 1010401674 18603322008 2437998624 128 77993064 2475431808
======================
   8      32 sdc 3251848 102010 453558332 34915500 45948004 1010401674 18603650712 2438142408 158 77994068 2475575236
======================
   8      32 sdc 3251848 102010 453558332 34915500 45948668 1010401674 18603990680 2438285312 134 77995068 2475718036
======================
   8      32 sdc 3251848 102010 453558332 34915500 45949319 1010401674 18604323992 2438428084 155 77996072 2475861656
======================
   8      32 sdc 3251848 102010 453558332 34915500 45949951 1010401674 18604647576 2438574952 40 77997076 2476000920
======================
   8      32 sdc 3251848 102010 453558332 34915500 45949951 1010401674 18604647576 2438574952 40 77998080 2476041080
======================
   8      32 sdc 3251849 102010 453558340 34917368 45951076 1010401674 18605223576 2438680448 157 77999084 2476114408
======================
   8      32 sdc 3251849 102010 453558340 34917368 45951731 1010401674 18605558936 2438823008 142 78000084 2476258608
======================
   8      32 sdc 3251849 102010 453558340 34917368 45952393 1010401674 18605897880 2438967108 152 78001088 2476402072
======================
   8      32 sdc 3251849 102010 453558340 34917368 45953025 1010401674 18606221464 2439110240 128 78002092 2476545628
======================
   8      32 sdc 3251849 102010 453558340 34917368 45953642 1010401674 18606537368 2439242840 151 78003092 2476689808
======================
   8      32 sdc 3251849 102010 453558340 34917368 45954362 1010401674 18606906008 2439397144 135 78004096 2476832492
======================
   8      32 sdc 3251849 102010 453558340 34917368 45954986 1010401674 18607225496 2439539912 151 78005100 2476975952
======================
   8      32 sdc 3251849 102010 453558340 34917368 45955604 1010401674 18607541912 2439678056 141 78006100 2477117612
======================
   8      32 sdc 3251849 102010 453558340 34917368 45956258 1010401674 18607876760 2439816944 159 78007104 2477262060
======================
   8      32 sdc 3251849 102010 453558340 34917368 45956979 1010401674 18608245912 2439971016 142 78008108 2477405964
======================
   8      32 sdc 3251849 102010 453558340 34917368 45957639 1010401674 18608583832 2440111168 32 78009108 2477537304
======================
   8      32 sdc 3251850 102010 453558348 34917580 45958201 1010401674 18608871576 2440233580 153 78010112 2477676944
======================
   8      32 sdc 3251850 102010 453558348 34917580 45958833 1010401674 18609195160 2440380184 129 78011116 2477820804
======================
   8      32 sdc 3251850 102010 453558348 34917580 45959534 1010401674 18609554072 2440528928 132 78012116 2477963612
======================
   8      32 sdc 3251850 102010 453558348 34917580 45960134 1010401674 18609861272 2440657412 140 78013120 2478106912
======================
   8      32 sdc 3251850 102010 453558348 34917580 45960675 1010401674 18610138264 2440813740 143 78014120 2478249076
======================
   8      32 sdc 3251850 102010 453558348 34917580 45961334 1010401674 18610475672 2440957724 156 78015124 2478392536
======================
   8      32 sdc 3251850 102010 453558348 34917580 45961992 1010401674 18610812568 2441100972 138 78016132 2478536944
======================
   8      32 sdc 3251850 102010 453558348 34917580 45962634 1010401674 18611141272 2441244672 136 78017136 2478680708
======================
   8      32 sdc 3251850 102010 453558348 34917580 45963278 1010401674 18611471000 2441388736 132 78018144 2478824644
======================
   8      32 sdc 3251850 102010 453558348 34917580 45963911 1010401674 18611795096 2441532972 139 78019152 2478968948
======================
   8      32 sdc 3251850 102010 453558348 34917580 45964569 1010401674 18612131992 2441676452 153 78020152 2479111888
======================
   8      32 sdc 3251850 102010 453558348 34917580 45965229 1010401674 18612470424 2441820396 122 78021160 2479255728
======================
   8      32 sdc 3251851 102010 453558356 34917844 45965808 1010401674 18612766360 2441943592 133 78022160 2479379640
======================
   8      32 sdc 3251851 102010 453558356 34917844 45966445 1010401674 18613092504 2442086884 136 78023164 2479523036
======================
   8      32 sdc 3251851 102010 453558356 34917844 45967121 1010401674 18613438616 2442245976 149 78024168 2479674508
======================
   8      32 sdc 3251851 102010 453558356 34917844 45967779 1010401674 18613775512 2442381028 131 78025168 2479817656
======================
   8      32 sdc 3251851 102010 453558356 34917844 45968388 1010401674 18614087320 2442525752 130 78026176 2479961468
======================
   8      32 sdc 3251851 102010 453558356 34917844 45969066 1010401674 18614434456 2442669752 156 78027180 2480105124
======================
   8      32 sdc 3251851 102010 453558356 34917844 45969742 1010401674 18614780568 2442813464 153 78028184 2480248996
======================
   8      32 sdc 3251851 102010 453558356 34917844 45970388 1010401674 18615111320 2442950672 146 78029188 2480393052
======================
   8      32 sdc 3251851 102010 453558356 34917844 45971044 1010401674 18615447192 2443100020 130 78030188 2480536600
======================
   8      32 sdc 3251851 102010 453558356 34917844 45971672 1010401674 18615768728 2443244188 142 78031192 2480680424
======================
   8      32 sdc 3251851 102010 453558356 34917844 45972347 1010401674 18616114328 2443388112 139 78032196 2480824088
======================
   8      32 sdc 3251851 102010 453558356 34917844 45972987 1010401674 18616442008 2443525724 44 78033196 2480956224
======================
   8      32 sdc 3251852 102010 453558364 34918076 45973630 1010401674 18616771224 2443661304 139 78034200 2481098152
======================
   8      32 sdc 3251852 102010 453558364 34918076 45974279 1010401674 18617103512 2443804728 130 78035204 2481240736
======================
   8      32 sdc 3251852 102010 453558364 34918076 45974932 1010401674 18617437848 2443947676 149 78036204 2481384096
======================
   8      32 sdc 3251852 102010 453558364 34918076 45975552 1010401674 18617755288 2444088576 137 78037208 2481527492
======================
   8      32 sdc 3251852 102010 453558364 34918076 45976193 1010401674 18618083480 2444234336 136 78038212 2481671096
======================
   8      32 sdc 3251852 102010 453558364 34918076 45976843 1010401674 18618416280 2444378440 158 78039212 2481814116
======================
   8      32 sdc 3251852 102010 453558364 34918076 45977507 1010401674 18618756248 2444522776 134 78040216 2481957056
======================
   8      32 sdc 3251852 102010 453558364 34918076 45978156 1010401674 18619088536 2444663704 157 78041216 2482100104
======================
   8      32 sdc 3251852 102010 453558364 34918076 45978761 1010401674 18619398296 2444804016 128 78042220 2482243528
======================
   8      32 sdc 3251852 102010 453558364 34918076 45979441 1010401674 18619746456 2444945912 152 78043224 2482382012
======================
   8      32 sdc 3251852 102010 453558364 34918076 45980112 1010401674 18620090008 2445088888 153 78044228 2482525392
======================
   8      32 sdc 3251853 102010 453558372 34918296 45980728 1010401674 18620405400 2445227696 152 78045236 2482656960
======================
   8      32 sdc 3251853 102010 453558372 34918296 45981364 1010401674 18620731032 2445364392 156 78046240 2482800428
======================
   8      32 sdc 3251853 102010 453558372 34918296 45982041 1010401674 18621077656 2445508080 151 78047244 2482944320
======================
   8      32 sdc 3251853 102010 453558372 34918296 45982706 1010401674 18621418136 2445648724 158 78048248 2483086956
======================
   8      32 sdc 3251853 102010 453558372 34918296 45983363 1010401674 18621754520 2445793884 141 78049248 2483231192
======================
   8      32 sdc 3251853 102010 453558372 34918296 45983979 1010401674 18622069912 2445935776 133 78050252 2483374724
======================
   8      32 sdc 3251853 102010 453558372 34918296 45984652 1010401674 18622414488 2446081420 132 78051256 2483517460
======================
   8      32 sdc 3251853 102010 453558372 34918296 45985319 1010401674 18622755992 2446224172 137 78052256 2483660460
======================
   8      32 sdc 3251853 102010 453558372 34918296 45985960 1010401674 18623084184 2446367288 136 78053260 2483804232
======================
   8      32 sdc 3251853 102010 453558372 34918296 45986607 1010401674 18623415448 2446511064 129 78054260 2483947012
======================
   8      32 sdc 3251853 102010 453558372 34918296 45987271 1010401674 18623755416 2446654316 137 78055264 2484090596
======================
   8      32 sdc 3251853 102010 453558372 34918296 45987923 1010401674 18624089240 2446796232 157 78056268 2484233284
======================
   8      32 sdc 3251854 102010 453558380 34918732 45988410 1010401674 18624338584 2446909672 150 78057268 2484338988
======================
   8      32 sdc 3251854 102010 453558380 34918732 45989052 1010401674 18624667288 2447045424 148 78058272 2484482780
======================
   8      32 sdc 3251854 102010 453558380 34918732 45989689 1010401674 18624993432 2447189136 151 78059276 2484626428
======================
   8      32 sdc 3251854 102010 453558380 34918732 45990349 1010401674 18625331352 2447333936 131 78060284 2484770396
======================
   8      32 sdc 3251854 102010 453558380 34918732 45990997 1010401674 18625663128 2447476552 155 78061292 2484913068
======================
   8      32 sdc 3251854 102010 453558380 34918732 45991620 1010401674 18625982104 2447615056 140 78062300 2485057164
======================
   8      32 sdc 3251854 102010 453558380 34918732 45992315 1010401674 18626337944 2447763424 142 78063308 2485200076
======================
   8      32 sdc 3251854 102010 453558380 34918732 45992983 1010401674 18626679960 2447905532 146 78064312 2485343544
======================
   8      32 sdc 3251854 102010 453558380 34918732 45993607 1010401674 18626999448 2448049332 130 78065312 2485486648
======================
   8      32 sdc 3251854 102010 453558380 34918732 45994246 1010401674 18627326616 2448193892 131 78066316 2485630288
======================
   8      32 sdc 3251854 102010 453558380 34918732 45994921 1010401674 18627672216 2448337156 128 78067320 2485773800
======================
   8      32 sdc 3251854 102010 453558380 34918732 45995587 1010401674 18628013208 2448484248 134 78068324 2485919092
======================
   8      32 sdc 3251855 102010 453558388 34919172 45996098 1010401674 18628274840 2448595024 138 78069328 2486027028
======================
   8      32 sdc 3251855 102010 453558388 34919172 45996736 1010401674 18628601496 2448731240 140 78070332 2486170468
======================
   8      32 sdc 3251855 102010 453558388 34919172 45997359 1010401674 18628920472 2448874560 157 78071336 2486313884
======================
   8      32 sdc 3251855 102010 453558388 34919172 45998022 1010401674 18629259928 2449019164 134 78072336 2486457072
======================
   8      32 sdc 3251855 102010 453558388 34919172 45998638 1010401674 18629575320 2449149424 247 78073344 2486642400
======================
   8      32 sdc 3251855 102010 453558388 34919172 45999318 1010401674 18629923480 2449311616 239 78074348 2486874812
======================
   8      32 sdc 3251855 102010 453558388 34919172 46000013 1010401674 18630279320 2449475652 216 78075396 2487108652
======================
   8      32 sdc 3251855 102010 453558388 34919172 46000673 1010401674 18630617240 2449644068 228 78076408 2487326968
======================
   8      32 sdc 3251855 102010 453558388 34919172 46001304 1010401674 18630940312 2449823936 205 78077416 2487535624
======================
   8      32 sdc 3251855 102010 453558388 34919172 46001946 1010401674 18631269016 2450017660 203 78078420 2487733864
======================
   8      32 sdc 3251855 102010 453558388 34919172 46002568 1010401674 18631587480 2450197340 189 78079424 2487922484
======================
   8      32 sdc 3251855 102010 453558388 34919172 46003249 1010401674 18631936152 2450402704 180 78080432 2488105016
======================
   8      32 sdc 3251856 102010 453558396 34919608 46003765 1010401674 18632200344 2450587052 177 78081436 2488229968
======================
   8      32 sdc 3251856 102010 453558396 34919608 46004410 1010401674 18632530584 2450793336 147 78082440 2488394704
======================
   8      32 sdc 3251856 102010 453558396 34919608 46005056 1010401674 18632861336 2451037280 141 78083444 2488549468
======================
   8      32 sdc 3251856 102010 453558396 34919608 46005732 1010401674 18633207448 2451257036 137 78084448 2488695636
======================
   8      32 sdc 3251856 102010 453558396 34919608 46006374 1010401674 18633536152 2451394612 157 78085452 2488834216
======================
   8      32 sdc 3251856 102010 453558396 34919608 46007015 1010401674 18633864344 2451539264 156 78086456 2488977748
======================
   8      32 sdc 3251856 102010 453558396 34919608 46007690 1010401674 18634209944 2451682420 153 78087456 2489120740
======================
   8      32 sdc 3251856 102010 453558396 34919608 46008366 1010401674 18634556056 2451825724 149 78088460 2489264236
======================
   8      32 sdc 3251856 102010 453558396 34919608 46009043 1010401674 18634902680 2451969176 144 78089464 2489407568
======================
   8      32 sdc 3251856 102010 453558396 34919608 46009669 1010401674 18635223192 2452111748 158 78090472 2489551268
======================
   8      32 sdc 3251856 102010 453558396 34919608 46010303 1010401674 18635547800 2452256668 132 78091480 2489695304
======================
   8      32 sdc 3251856 102010 453558396 34919608 46010979 1010401674 18635893912 2452400168 128 78092480 2489838180
======================
   8      32 sdc 3251857 102010 453558404 34920076 46011475 1010402125 18636147360 2452496944 148 78093484 2489927424
======================
   8      32 sdc 3251857 102010 453558404 34920076 46012117 1010402125 18636475640 2452631372 157 78094488 2490071232
======================
   8      32 sdc 3251857 102010 453558404 34920076 46012767 1010402125 18636808440 2452777024 147 78095488 2490216188
======================
   8      32 sdc 3251857 102010 453558404 34920076 46013432 1010402125 18637148920 2452920672 154 78096492 2490359816
======================
   8      32 sdc 3251857 102010 453558404 34920076 46014065 1010402125 18637473016 2453063392 129 78097496 2490503224
======================
   8      32 sdc 3251857 102010 453558404 34920076 46014706 1010402125 18637801208 2453206996 128 78098496 2490646440
======================
   8      32 sdc 3251857 102010 453558404 34920076 46015349 1010402125 18638130424 2453350728 157 78099500 2490790004
======================
   8      32 sdc 3251857 102010 453558404 34920076 46016003 1010402125 18638465272 2453494176 143 78100504 2490933784
======================
   8      32 sdc 3251857 102010 453558404 34920076 46016641 1010402125 18638791928 2453636860 145 78101508 2491077328
======================
   8      32 sdc 3251857 102010 453558404 34920076 46017283 1010402125 18639120632 2453781356 143 78102512 2491221144
======================
   8      32 sdc 3251857 102010 453558404 34920076 46017948 1010402125 18639461112 2453925936 150 78103516 2491364856
======================
   8      32 sdc 3251857 102010 453558404 34920076 46018624 1010402125 18639807224 2454069332 146 78104520 2491508480
======================
   8      32 sdc 3251857 102010 453558404 34920076 46019120 1010402125 18640060672 2454189944 1 78105536 2491614028
======================
   8      32 sdc 3251858 102010 453558412 34920528 46019582 1010402591 18640277744 2454272120 0 78106416 2491696272
======================
   8      32 sdc 3251858 102010 453558412 34920528 46019582 1010402591 18640277744 2454272120 0 78106416 2491696272
======================
   8      32 sdc 3251858 102010 453558412 34920528 46019582 1010402591 18640277744 2454272120 0 78106416 2491696272
======================
   8      32 sdc 3251858 102010 453558412 34920528 46019582 1010402591 18640277744 2454272120 0 78106416 2491696272
======================
   8      32 sdc 3251858 102010 453558412 34920528 46019582 1010402591 18640277744 2454272120 0 78106416 2491696272
======================
   8      32 sdc 3251858 102010 453558412 34920528 46019582 1010402591 18640277744 2454272120 0 78106416 2491696272
======================
   8      32 sdc 3252074 102010 453560134 34929272 46019597 1010402591 18640277800 2454272120 19 78106516 2491706080
started
======================
   8      32 sdc 3252099 102010 453560334 34931204 46019599 1010402591 18640277808 2454272120 0 78106592 2491706948
======================
   8      32 sdc 3252798 102010 453736830 34931532 46019599 1010402591 18640277808 2454272120 0 78106856 2491707276
======================
   8      32 sdc 3254065 102010 454060158 34932140 46019599 1010402591 18640277808 2454272120 1 78107356 2491707884
======================
   8      32 sdc 3255246 102010 454361454 34932796 46019599 1010402591 18640277808 2454272120 2 78107876 2491708540
======================
   8      32 sdc 3256477 102010 454676078 34933388 46019599 1010402591 18640277808 2454272120 1 78108344 2491709136
======================
   8      32 sdc 3257667 102010 454980206 34933952 46019599 1010402591 18640277808 2454272120 1 78108792 2491709696
======================
   8      32 sdc 3258996 102010 455320046 34934688 46019600 1010402593 18640277816 2454272160 2 78109380 2491710480
======================
   8      32 sdc 3260137 102011 455610686 34935296 46019602 1010402593 18640277848 2454272188 2 78109880 2491711112
======================
   8      32 sdc 3261321 102011 455913294 34935956 46019602 1010402593 18640277848 2454272188 1 78110388 2491711768
======================
   8      32 sdc 3262626 102011 456247294 34936672 46019602 1010402593 18640277848 2454272188 2 78110944 2491712484
======================
   8      32 sdc 3263806 102011 456548958 34937296 46019602 1010402593 18640277848 2454272188 1 78111440 2491713108
======================
   8      32 sdc 3265099 102011 456878974 34938020 46019602 1010402593 18640277848 2454272188 1 78111992 2491713832
======================
   8      32 sdc 3266294 102011 457182910 34938628 46019602 1010402593 18640277848 2454272188 0 78112488 2491714440
======================
   8      32 sdc 3267598 102011 457515918 34939336 46019602 1010402593 18640277848 2454272188 0 78113024 2491715144
======================
   8      32 sdc 3268390 102011 457717422 34940184 46019602 1010402593 18640277848 2454272188 2 78113552 2491716000
======================
   8      32 sdc 3269681 102011 458047406 34940920 46019602 1010402593 18640277848 2454272188 1 78114132 2491716728
======================
   8      32 sdc 3270930 102011 458367038 34941548 46019602 1010402593 18640277848 2454272188 1 78114620 2491717356
======================
   8      32 sdc 3272160 102011 458681646 34942172 46019602 1010402593 18640277848 2454272188 1 78115108 2491717980
======================
   8      32 sdc 3273257 102011 458961566 34942796 46019602 1010402593 18640277848 2454272188 2 78115604 2491718608
======================
   8      32 sdc 3274511 102011 459281582 34943508 46019602 1010402593 18640277848 2454272188 1 78116148 2491719308
======================
   8      32 sdc 3275780 102011 459605678 34944244 46019602 1010402593 18640277848 2454272188 2 78116700 2491720044
======================
   8      32 sdc 3277145 102011 459954302 34945036 46019602 1010402593 18640277848 2454272188 0 78117320 2491720836
======================
   8      32 sdc 3278377 102011 460267934 34945708 46019602 1010402593 18640277848 2454272188 1 78117884 2491721508
======================
   8      32 sdc 3279673 102011 460598686 34946420 46019602 1010402593 18640277848 2454272188 1 78118432 2491722220
======================
   8      32 sdc 3280887 102011 460908366 34947172 46019602 1010402593 18640277848 2454272188 1 78119032 2491722972
======================
   8      32 sdc 3281971 102011 461185342 34947764 46019602 1010402593 18640277848 2454272188 1 78119508 2491723560
======================
   8      32 sdc 3283292 102011 461522478 34948528 46019602 1010402593 18640277848 2454272188 1 78120100 2491724324
======================
   8      32 sdc 3284442 102011 461816142 34949052 46019602 1010402593 18640277848 2454272188 0 78120528 2491724848
======================
   8      32 sdc 3285702 102011 462137822 34949704 46019602 1010402593 18640277848 2454272188 1 78121048 2491725500
======================
   8      32 sdc 3287010 102011 462472430 34950332 46019602 1010402593 18640277848 2454272188 1 78121576 2491726124
======================
   8      32 sdc 3288285 102011 462798334 34951004 46019602 1010402593 18640277848 2454272188 1 78122084 2491726796
======================
   8      32 sdc 3289492 102011 463104790 34951760 46019602 1010402593 18640277848 2454272188 2 78122640 2491727552
======================
   8      32 sdc 3290771 102011 463431558 34952476 46019602 1010402593 18640277848 2454272188 2 78123196 2491728268
======================
   8      32 sdc 3292029 102011 463752550 34953188 46019602 1010402593 18640277848 2454272188 1 78123732 2491728980
======================
   8      32 sdc 3293178 102011 464045430 34953824 46019602 1010402593 18640277848 2454272188 0 78124232 2491729612
======================
   8      32 sdc 3294473 102011 464375094 34954464 46019602 1010402593 18640277848 2454272188 1 78124748 2491730256
======================
   8      32 sdc 3295574 102011 464656774 34955024 46019604 1010402593 18640277864 2454272188 1 78125220 2491730812
======================
   8      32 sdc 3296782 102011 464965238 34955680 46019604 1010402593 18640277864 2454272188 2 78125748 2491731472
======================
   8      32 sdc 3297895 102011 465247430 34956208 46019604 1010402593 18640277864 2454272188 0 78126176 2491731996
======================
   8      32 sdc 3299008 102011 465532342 34956692 46019604 1010402593 18640277864 2454272188 0 78126600 2491732480
======================
   8      32 sdc 3300139 102011 465821270 34957228 46019604 1010402593 18640277864 2454272188 1 78127052 2491733012
======================
   8      32 sdc 3301419 102011 466147782 34957900 46019604 1010402593 18640277864 2454272188 1 78127600 2491733684
======================
   8      32 sdc 3302751 102011 466488406 34958612 46019604 1010402593 18640277864 2454272188 0 78128156 2491734396
======================
   8      32 sdc 3303813 102011 466757606 34959092 46019604 1010402593 18640277864 2454272188 2 78128704 2491735236
======================
   8      32 sdc 3304954 102011 467048966 34960264 46019604 1010402593 18640277864 2454272188 1 78129260 2491736052
======================
   8      32 sdc 3306165 102011 467354790 34960912 46019604 1010402593 18640277864 2454272188 1 78129760 2491736696
======================
   8      32 sdc 3307295 102011 467643782 34961504 46019604 1010402593 18640277864 2454272188 0 78130256 2491737288
======================
   8      32 sdc 3308563 102011 467965686 34962164 46019604 1010402593 18640277864 2454272188 1 78130784 2491737948
======================
   8      32 sdc 3309905 102011 468308822 34962840 46019604 1010402593 18640277864 2454272188 2 78131308 2491738628
======================
   8      32 sdc 3311020 102011 468593094 34963376 46019604 1010402593 18640277864 2454272188 2 78131740 2491739156
======================
   8      32 sdc 3312200 102011 468894038 34963920 46019604 1010402593 18640277864 2454272188 1 78132180 2491739704
======================
   8      32 sdc 3313496 102011 469225494 34964504 46019604 1010402593 18640277864 2454272188 0 78132652 2491740284
======================
   8      32 sdc 3314691 102011 469531302 34965128 46019604 1010402593 18640277864 2454272188 1 78133152 2491740912
======================
   8      32 sdc 3315822 102011 469819542 34965648 46019604 1010402593 18640277864 2454272188 2 78133544 2491741424
======================
   8      32 sdc 3317049 102011 470132486 34966240 46019604 1010402593 18640277864 2454272188 1 78134048 2491742016
======================
   8      32 sdc 3318268 102011 470443462 34966820 46019604 1010402593 18640277864 2454272188 2 78134508 2491742596
======================
   8      32 sdc 3319553 102011 470772326 34967468 46019604 1010402593 18640277864 2454272188 1 78135020 2491743244
======================
   8      32 sdc 3320881 102011 471111542 34968168 46019604 1010402593 18640277864 2454272188 1 78135576 2491743944
======================
   8      32 sdc 3322147 102011 471435046 34968820 46019604 1010402593 18640277864 2454272188 1 78136096 2491744596
======================
   8      32 sdc 3323432 102011 471763782 34969476 46019604 1010402593 18640277864 2454272188 1 78136624 2491745248
======================
   8      32 sdc 3324628 102011 472068390 34970120 46019604 1010402593 18640277864 2454272188 1 78137136 2491745892
======================
   8      32 sdc 3325644 102011 472328182 34970640 46019604 1010402593 18640277864 2454272188 0 78137544 2491746412
