======================
   8      32 sdc 2385077 31163 275421544 21280300 32878009 686424383 12217916232 3175143664 0 53326556 3198162800
======================
   8      32 sdc 2385077 31163 275421544 21280300 32878009 686424383 12217916232 3175143664 0 53326556 3198162800
======================
   8      32 sdc 2385080 31163 275421568 21280348 32878009 686424383 12217916232 3175143664 0 53326604 3198162848
======================
   8      32 sdc 2385080 31163 275421568 21280348 32878009 686424383 12217916232 3175143664 0 53326604 3198162848
======================
   8      32 sdc 2385081 31163 275421576 21280372 32880648 686424383 12219267400 3175161008 133 53327096 3198207972
======================
   8      32 sdc 2385081 31163 275421576 21280372 32881249 686424383 12219575112 3175268384 140 53328096 3198349448
======================
   8      32 sdc 2385081 31163 275421576 21280372 32881890 686424383 12219903304 3175468284 139 53329100 3198494872
======================
   8      32 sdc 2385081 31163 275421576 21280372 32882405 686424411 12220166480 3175586432 86 53330104 3198628316
======================
   8      32 sdc 2385081 31163 275421576 21280372 32882430 686424411 12220179000 3175597864 153 53331108 3198771532
======================
   8      32 sdc 2385081 31163 275421576 21280372 32882678 686424411 12220305976 3175885932 129 53332116 3198921744
======================
   8      32 sdc 2385081 31163 275421576 21280372 32883413 686424411 12220682296 3176038480 130 53333120 3199065176
======================
   8      32 sdc 2385081 31163 275421576 21280372 32884765 686424411 12221374520 3176168076 154 53334124 3199209236
======================
   8      32 sdc 2385082 31163 275421584 21280436 32885820 686424411 12221914680 3176314696 135 53335124 3199349896
======================
   8      32 sdc 2385082 31163 275421584 21280436 32886498 686424411 12222261816 3176457912 129 53336128 3199493680
======================
   8      32 sdc 2385082 31163 275421584 21280436 32887140 686424411 12222590520 3176601448 151 53337132 3199637224
======================
   8      32 sdc 2385082 31163 275421584 21280436 32887782 686424411 12222919224 3176744960 157 53338136 3199780964
======================
   8      32 sdc 2385082 31163 275421584 21280436 32888428 686424411 12223249976 3176888792 151 53339140 3199924400
======================
   8      32 sdc 2385082 31163 275421584 21280436 32889074 686424411 12223580728 3177031784 145 53340144 3200068168
======================
   8      32 sdc 2385082 31163 275421584 21280436 32889715 686424411 12223908920 3177178716 144 53341148 3200211712
======================
   8      32 sdc 2385082 31163 275421584 21280436 32890394 686424411 12224256568 3177320120 137 53342152 3200355420
======================
   8      32 sdc 2385082 31163 275421584 21280436 32891048 686424411 12224591416 3177462560 155 53343156 3200499276
======================
   8      32 sdc 2385082 31163 275421584 21280436 32891660 686424411 12224904760 3177603600 151 53344156 3200642856
======================
   8      32 sdc 2385082 31163 275421584 21280436 32892153 686424411 12225157176 3177730804 138 53345160 3200784160
======================
   8      32 sdc 2385082 31163 275421584 21280436 32892829 686424411 12225503288 3177892640 134 53346164 3200927708
======================
   8      32 sdc 2385083 31163 275421592 21280696 32893492 686424436 12225841936 3178016280 149 53347168 3201051624
======================
   8      32 sdc 2385083 31163 275421592 21280696 32894178 686424447 12226186704 3178160264 135 53348172 3201195696
======================
   8      32 sdc 2385083 31163 275421592 21280696 32894805 686424447 12226507728 3178302204 148 53349176 3201338884
======================
   8      32 sdc 2385083 31163 275421592 21280696 32895433 686424447 12226829264 3178446256 128 53350180 3201482128
======================
   8      32 sdc 2385083 31163 275421592 21280696 32896088 686424447 12227164624 3178589304 145 53351180 3201625044
======================
   8      32 sdc 2385083 31163 275421592 21280696 32896730 686424447 12227493328 3178732364 143 53352184 3201768312
======================
   8      32 sdc 2385083 31163 275421592 21280696 32897375 686424447 12227823568 3178878604 138 53353188 3201911552
======================
   8      32 sdc 2385083 31163 275421592 21280696 32898044 686424447 12228166096 3179019520 141 53354192 3202055096
======================
   8      32 sdc 2385083 31163 275421592 21280696 32898696 686424447 12228499920 3179162020 129 53355196 3202197780
======================
   8      32 sdc 2385083 31163 275421592 21280696 32899337 686424447 12228828112 3179304868 128 53356200 3202340904
======================
   8      32 sdc 2385083 31163 275421592 21280696 32899979 686424447 12229156816 3179447856 158 53357204 3202484088
======================
   8      32 sdc 2385083 31163 275421592 21280696 32900596 686424447 12229472720 3179591852 149 53358208 3202626404
======================
   8      32 sdc 2385084 31163 275421600 21281136 32901108 686424447 12229734864 3179686072 149 53359208 3202721808
======================
   8      32 sdc 2385084 31163 275421600 21281136 32901772 686424447 12230074832 3179829176 157 53360212 3202865124
======================
   8      32 sdc 2385084 31163 275421600 21281136 32902416 686424447 12230404560 3179971844 153 53361216 3203008340
======================
   8      32 sdc 2385084 31163 275421600 21281136 32903062 686424447 12230735312 3180115620 147 53362220 3203151680
======================
   8      32 sdc 2385084 31163 275421600 21281136 32903675 686424447 12231049168 3180256912 142 53363220 3203294108
======================
   8      32 sdc 2385084 31163 275421600 21281136 32904335 686424447 12231387088 3180400480 154 53364224 3203437012
======================
   8      32 sdc 2385084 31163 275421600 21281136 32904977 686424447 12231715792 3180544784 152 53365228 3203580392
======================
   8      32 sdc 2385084 31163 275421600 21281136 32905653 686424447 12232061904 3180687848 148 53366232 3203723728
======================
   8      32 sdc 2385084 31163 275421600 21281136 32906329 686424447 12232408016 3180831024 144 53367236 3203866864
======================
   8      32 sdc 2385084 31163 275421600 21281136 32907005 686424447 12232754128 3180974192 140 53368240 3204010200
======================
   8      32 sdc 2385084 31163 275421600 21281136 32907629 686424447 12233073616 3181115944 156 53369244 3204152980
======================
   8      32 sdc 2385084 31163 275421600 21281136 32908260 686424447 12233396688 3181259664 133 53370244 3204295316
======================
   8      32 sdc 2385085 31163 275421608 21281356 32908908 686424447 12233728464 3181383292 158 53371248 3204419916
======================
   8      32 sdc 2385085 31163 275421608 21281356 32909571 686424447 12234067920 3181527116 136 53372252 3204563524
======================
   8      32 sdc 2385085 31163 275421608 21281356 32910213 686424447 12234396624 3181670260 134 53373256 3204707056
======================
   8      32 sdc 2385085 31163 275421608 21281356 32910868 686424447 12234731984 3181813280 151 53374260 3204849952
======================
   8      32 sdc 2385085 31163 275421608 21281356 32911504 686424447 12235057616 3181956140 155 53375260 3204992584
======================
   8      32 sdc 2385085 31163 275421608 21281356 32912145 686424447 12235385808 3182099728 154 53376264 3205136512
======================
   8      32 sdc 2385085 31163 275421608 21281356 32912786 686424447 12235714000 3182243088 153 53377268 3205280184
======================
   8      32 sdc 2385085 31163 275421608 21281356 32913427 686424447 12236042192 3182386412 152 53378268 3205423184
======================
   8      32 sdc 2385085 31163 275421608 21281356 32914085 686424447 12236379088 3182530384 134 53379272 3205566864
======================
   8      32 sdc 2385085 31163 275421608 21281356 32914740 686424447 12236714448 3182673680 151 53380276 3205710720
======================
   8      32 sdc 2385085 31163 275421608 21281356 32915381 686424447 12237042640 3182817112 150 53381276 3205853844
======================
   8      32 sdc 2385085 31163 275421608 21281356 32916037 686424447 12237378512 3182961576 134 53382280 3205997516
======================
   8      32 sdc 2385086 31163 275421616 21281780 32916549 686424447 12237640656 3183071752 134 53383284 3206108488
======================
   8      32 sdc 2385086 31163 275421616 21281780 32917196 686424447 12237971920 3183214344 158 53384284 3206251560
======================
   8      32 sdc 2385086 31163 275421616 21281780 32917824 686424447 12238293456 3183358692 139 53385288 3206395596
======================
   8      32 sdc 2385086 31163 275421616 21281780 32918499 686424447 12238639056 3183502788 136 53386292 3206539404
======================
   8      32 sdc 2385086 31163 275421616 21281780 32919159 686424447 12238976976 3183646180 148 53387296 3206682800
======================
   8      32 sdc 2385086 31163 275421616 21281780 32919808 686424447 12239309264 3183788432 139 53388296 3206825884
======================
   8      32 sdc 2385086 31163 275421616 21281780 32920431 686424447 12239628240 3183930980 156 53389300 3206968580
======================
   8      32 sdc 2385086 31163 275421616 21281780 32921082 686424447 12239961552 3184079336 145 53390304 3207113260
======================
   8      32 sdc 2385086 31163 275421616 21281780 32921766 686424447 12240311760 3184220412 133 53391308 3207256952
======================
   8      32 sdc 2385086 31163 275421616 21281780 32922410 686424447 12240641488 3184363496 129 53392312 3207400552
======================
   8      32 sdc 2385086 31163 275421616 21281780 32923051 686424447 12240969680 3184507460 128 53393316 3207544044
======================
   8      32 sdc 2385086 31163 275421616 21281780 32923711 686424447 12241307600 3184650728 108 53394320 3207686728
======================
   8      32 sdc 2385087 31163 275421624 21282004 32924316 686424447 12241617360 3184782320 143 53395324 3207819964
======================
   8      32 sdc 2385087 31163 275421624 21282004 32924976 686424447 12241955280 3184926184 155 53396328 3207963708
======================
   8      32 sdc 2385087 31163 275421624 21282004 32925617 686424447 12242283472 3185069432 154 53397328 3208106728
======================
   8      32 sdc 2385087 31163 275421624 21282004 32926260 686424447 12242612688 3185213324 151 53398332 3208250600
======================
   8      32 sdc 2385087 31163 275421624 21282004 32926908 686424447 12242944464 3185356792 143 53399336 3208394204
======================
   8      32 sdc 2385087 31163 275421624 21282004 32927550 686424447 12243273168 3185500432 141 53400340 3208538188
======================
   8      32 sdc 2385087 31163 275421624 21282004 32928200 686424447 12243605968 3185644360 131 53401344 3208681160
======================
   8      32 sdc 2385087 31163 275421624 21282004 32928876 686424447 12243952080 3185788196 158 53402348 3208824908
======================
   8      32 sdc 2385087 31163 275421624 21282004 32929525 686424447 12244284368 3185930352 150 53403348 3208968108
======================
   8      32 sdc 2385087 31163 275421624 21282004 32930149 686424447 12244603856 3186073892 134 53404352 3209111772
======================
   8      32 sdc 2385087 31163 275421624 21282004 32930808 686424447 12244941264 3186218976 147 53405356 3209255560
======================
   8      32 sdc 2385087 31163 275421624 21282004 32931456 686424447 12245273040 3186356032 43 53406360 3209387100
======================
   8      32 sdc 2385088 31163 275421632 21282436 32931992 686424447 12245547472 3186471324 147 53407364 3209508436
======================
   8      32 sdc 2385088 31163 275421632 21282436 32932659 686424447 12245888976 3186614444 152 53408368 3209652304
======================
   8      32 sdc 2385088 31163 275421632 21282436 32933283 686424447 12246208464 3186757648 136 53409372 3209795800
======================
   8      32 sdc 2385088 31163 275421632 21282436 32933918 686424447 12246533584 3186902228 141 53410376 3209939652
======================
   8      32 sdc 2385088 31163 275421632 21282436 32934573 686424447 12246868944 3187043032 158 53411376 3210080528
======================
   8      32 sdc 2385088 31163 275421632 21282436 32935215 686424447 12247197648 3187186856 156 53412380 3210224476
======================
   8      32 sdc 2385088 31163 275421632 21282436 32935867 686424447 12247531472 3187330740 144 53413384 3210368284
======================
   8      32 sdc 2385088 31163 275421632 21282436 32936532 686424447 12247871952 3187474732 151 53414388 3210511980
======================
   8      32 sdc 2385088 31163 275421632 21282436 32937176 686424447 12248201680 3187617964 147 53415392 3210655976
======================
   8      32 sdc 2385088 31163 275421632 21282436 32937809 686424447 12248525776 3187764324 154 53416396 3210798984
======================
   8      32 sdc 2385088 31163 275421632 21282436 32938438 686424447 12248847824 3187905176 133 53417396 3210942768
======================
   8      32 sdc 2385088 31163 275421632 21282436 32939081 686424447 12249177040 3188049316 66 53418400 3211082356
======================
   8      32 sdc 2385089 31163 275421640 21282644 32939734 686424447 12249511376 3188182188 149 53419404 3211219828
======================
   8      32 sdc 2385089 31163 275421640 21282644 32940382 686424447 12249843152 3188324868 141 53420408 3211363148
======================
   8      32 sdc 2385089 31163 275421640 21282644 32940911 686424447 12250114000 3188443572 156 53421412 3211509280
======================
   8      32 sdc 2385089 31163 275421640 21282644 32941670 686424447 12250502608 3188614688 133 53422416 3211653192
======================
   8      32 sdc 2385089 31163 275421640 21282644 32942313 686424447 12250831824 3188756916 130 53423420 3211796736
======================
   8      32 sdc 2385089 31163 275421640 21282644 32942943 686424447 12251154384 3188901336 140 53424420 3211939728
======================
   8      32 sdc 2385089 31163 275421640 21282644 32943602 686424447 12251491792 3189046140 153 53425424 3212083368
======================
   8      32 sdc 2385089 31163 275421640 21282644 32944278 686424447 12251837904 3189189840 149 53426428 3212227208
======================
   8      32 sdc 2385089 31163 275421640 21282644 32944919 686424447 12252166096 3189326060 148 53427432 3212371136
======================
   8      32 sdc 2385089 31163 275421640 21282644 32945613 686424447 12252521424 3189476640 158 53428436 3212514976
======================
   8      32 sdc 2385089 31163 275421640 21282644 32946237 686424447 12252840912 3189620124 142 53429444 3212659444
======================
   8      32 sdc 2385090 31163 275421648 21282864 32946863 686424447 12253161424 3189756608 156 53430448 3212790792
======================
   8      32 sdc 2385090 31163 275421648 21282864 32947534 686424447 12253504976 3189896272 157 53431448 3212933824
======================
   8      32 sdc 2385090 31163 275421648 21282864 32948184 686424447 12253837776 3190038532 147 53432452 3213077512
======================
   8      32 sdc 2385090 31163 275421648 21282864 32948827 686424447 12254166992 3190182316 144 53433456 3213221180
======================
   8      32 sdc 2385090 31163 275421648 21282864 32949475 686424447 12254498768 3190326044 136 53434460 3213364432
======================
   8      32 sdc 2385090 31163 275421648 21282864 32950118 686424447 12254827984 3190469060 133 53435464 3213508000
======================
   8      32 sdc 2385090 31163 275421648 21282864 32950760 686424447 12255156688 3190612660 131 53436472 3213652108
======================
   8      32 sdc 2385090 31163 275421648 21282864 32951403 686424447 12255485904 3190759036 128 53437476 3213796784
======================
   8      32 sdc 2385090 31163 275421648 21282864 32952046 686424447 12255815120 3190901552 157 53438480 3213940620
======================
   8      32 sdc 2385090 31163 275421648 21282864 32952711 686424447 12256155600 3191045296 132 53439480 3214083860
======================
   8      32 sdc 2385090 31163 275421648 21282864 32953363 686424447 12256489424 3191188396 152 53440484 3214227716
======================
   8      32 sdc 2385090 31163 275421648 21282864 32954004 686424447 12256817616 3191331888 151 53441488 3214371356
======================
   8      32 sdc 2385091 31163 275421656 21283296 32954503 686424447 12257073104 3191450248 132 53442492 3214480932
======================
   8      32 sdc 2385091 31163 275421656 21283296 32955179 686424447 12257419216 3191585480 128 53443492 3214624056
======================
   8      32 sdc 2385091 31163 275421656 21283296 32955814 686424447 12257744336 3191727944 133 53444500 3214768528
======================
   8      32 sdc 2385091 31163 275421656 21283296 32956438 686424447 12258063824 3191871232 149 53445504 3214912112
======================
   8      32 sdc 2385091 31163 275421656 21283296 32957099 686424447 12258402256 3192016164 128 53446508 3215055376
======================
   8      32 sdc 2385091 31163 275421656 21283296 32957774 686424447 12258747856 3192159408 157 53447512 3215199172
======================
   8      32 sdc 2385091 31163 275421656 21283296 32958433 686424447 12259085264 3192301988 138 53448516 3215343004
======================
   8      32 sdc 2385091 31163 275421656 21283296 32959057 686424447 12259404752 3192445632 154 53449520 3215486624
======================
   8      32 sdc 2385091 31163 275421656 21283296 32959705 686424447 12259736528 3192588224 146 53450520 3215626604
======================
   8      32 sdc 2385091 31163 275421656 21283296 32960376 686424447 12260080080 3192730856 147 53451524 3215770424
======================
   8      32 sdc 2385091 31163 275421656 21283296 32961026 686424447 12260412880 3192873988 137 53452528 3215914500
======================
   8      32 sdc 2385091 31163 275421656 21283296 32961668 686424447 12260741584 3193017696 135 53453532 3216058220
======================
   8      32 sdc 2385092 31163 275421664 21283736 32962166 686424447 12260996560 3193131524 151 53454536 3216167600
======================
   8      32 sdc 2385092 31163 275421664 21283736 32962831 686424447 12261337040 3193270732 158 53455540 3216311132
======================
   8      32 sdc 2385092 31163 275421664 21283736 32963473 686424447 12261665744 3193413376 156 53456540 3216454016
======================
   8      32 sdc 2385092 31163 275421664 21283736 32964115 686424447 12261994448 3193558004 154 53457544 3216598168
======================
   8      32 sdc 2385092 31163 275421664 21283736 32964749 686424447 12262319056 3193700768 128 53458548 3216741560
======================
   8      32 sdc 2385092 31163 275421664 21283736 32965408 686424447 12262656464 3193844676 141 53459552 3216885124
======================
   8      32 sdc 2385092 31163 275421664 21283736 32966064 686424447 12262992336 3193987760 157 53460556 3217028712
======================
   8      32 sdc 2385092 31163 275421664 21283736 32966706 686424447 12263321040 3194131224 155 53461556 3217171760
======================
   8      32 sdc 2385092 31163 275421664 21283736 32967363 686424447 12263657424 3194278076 138 53462560 3217315780
======================
   8      32 sdc 2385092 31163 275421664 21283736 32968043 686424447 12264005584 3194419356 130 53463564 3217459400
======================
   8      32 sdc 2385092 31163 275421664 21283736 32968674 686424447 12264328656 3194561516 139 53464568 3217603040
======================
   8      32 sdc 2385092 31163 275421664 21283736 32969298 686424447 12264648144 3194705140 155 53465568 3217746144
======================
   8      32 sdc 2385093 31163 275421672 21283964 32969945 686424447 12264979408 3194837280 150 53466572 3217876488
======================
   8      32 sdc 2385093 31163 275421672 21283964 32970622 686424447 12265326032 3194979740 145 53467576 3218020080
======================
   8      32 sdc 2385093 31163 275421672 21283964 32971297 686424447 12265671632 3195123008 142 53468580 3218163640
======================
   8      32 sdc 2385093 31163 275421672 21283964 32971941 686424447 12266001360 3195265464 138 53469584 3218307356
======================
   8      32 sdc 2385093 31163 275421672 21283964 32972568 686424447 12266322384 3195409864 151 53470584 3218450000
======================
   8      32 sdc 2385093 31163 275421672 21283964 32973244 686424447 12266668496 3195553376 147 53471588 3218593652
======================
   8      32 sdc 2385093 31163 275421672 21283964 32973891 686424447 12266999760 3195696096 140 53472592 3218737452
======================
   8      32 sdc 2385093 31163 275421672 21283964 32974529 686424447 12267326416 3195839272 142 53473596 3218880780
======================
   8      32 sdc 2385093 31163 275421672 21283964 32975193 686424447 12267666384 3195983524 150 53474596 3219023764
======================
   8      32 sdc 2385093 31163 275421672 21283964 32975851 686424447 12268003280 3196126720 132 53475600 3219167548
======================
   8      32 sdc 2385093 31163 275421672 21283964 32976492 686424447 12268331472 3196269884 131 53476608 3219311488
======================
   8      32 sdc 2385093 31163 275421672 21283964 32977134 686424447 12268660176 3196413460 129 53477612 3219455092
======================
   8      32 sdc 2385094 31163 275421680 21284168 32977755 686424447 12268978128 3196545212 136 53478612 3219586684
======================
   8      32 sdc 2385094 31163 275421680 21284168 32978410 686424447 12269313488 3196689052 153 53479616 3219729988
======================
   8      32 sdc 2385094 31163 275421680 21284168 32979069 686424447 12269650896 3196831340 134 53480620 3219873616
======================
   8      32 sdc 2385094 31163 275421680 21284168 32979713 686424447 12269980624 3196975132 130 53481620 3220016676
======================
   8      32 sdc 2385094 31163 275421680 21284168 32980356 686424447 12270309840 3197119792 142 53482624 3220160468
======================
   8      32 sdc 2385094 31163 275421680 21284168 32981000 686424447 12270639568 3197260972 155 53483628 3220304136
======================
   8      32 sdc 2385094 31163 275421680 21284168 32981650 686424447 12270972368 3197405356 145 53484632 3220447988
======================
   8      32 sdc 2385094 31163 275421680 21284168 32982288 686424447 12271299024 3197550388 147 53485636 3220591524
======================
   8      32 sdc 2385094 31163 275421680 21284168 32982961 686424447 12271643600 3197693396 146 53486636 3220734724
======================
   8      32 sdc 2385094 31163 275421680 21284168 32983634 686424447 12271988176 3197837392 145 53487640 3220878372
======================
   8      32 sdc 2385094 31163 275421680 21284168 32984262 686424447 12272309712 3197972104 157 53488644 3221022676
======================
   8      32 sdc 2385094 31163 275421680 21284168 32984928 686424447 12272650704 3198124396 131 53489648 3221166536
======================
   8      32 sdc 2385095 31163 275421688 21284400 32985531 686424447 12272959440 3198249304 136 53490652 3221292036
======================
   8      32 sdc 2385095 31163 275421688 21284400 32986208 686424447 12273306064 3198393940 131 53491660 3221435684
======================
   8      32 sdc 2385095 31163 275421688 21284400 32986874 686424447 12273647056 3198536640 137 53492664 3221579452
======================
   8      32 sdc 2385095 31163 275421688 21284400 32987516 686424447 12273975760 3198680160 135 53493668 3221722952
======================
   8      32 sdc 2385095 31163 275421688 21284400 32988159 686424447 12274304976 3198824284 132 53494668 3221866064
======================
   8      32 sdc 2385095 31163 275421688 21284400 32988806 686424447 12274636240 3198967020 157 53495672 3222009688
======================
   8      32 sdc 2385095 31163 275421688 21284400 32989422 686424447 12274951632 3199108912 149 53496676 3222154680
======================
   8      32 sdc 2385095 31163 275421688 21284400 32990091 686424447 12275294160 3199255564 152 53497680 3222298192
======================
   8      32 sdc 2385095 31163 275421688 21284400 32990733 686424447 12275622864 3199398952 150 53498684 3222441728
======================
   8      32 sdc 2385095 31163 275421688 21284400 32991395 686424447 12275961808 3199543076 128 53499688 3222584940
======================
   8      32 sdc 2385095 31163 275421688 21284400 32992057 686424447 12276301264 3199685976 138 53500692 3222728804
======================
   8      32 sdc 2385095 31163 275421688 21284400 32992664 686424447 12276611536 3199821712 139 53501748 3222879576
======================
   8      32 sdc 2385096 31163 275421696 21284608 32993325 686424447 12276949968 3199956464 155 53502752 3223005640
======================
   8      32 sdc 2385096 31163 275421696 21284608 32993996 686424447 12277293520 3200100032 156 53503756 3223149188
======================
   8      32 sdc 2385096 31163 275421696 21284608 32994642 686424447 12277624272 3200243872 150 53504756 3223292828
======================
   8      32 sdc 2385096 31163 275421696 21284608 32995266 686424447 12277943760 3200385908 134 53505760 3223436092
======================
   8      32 sdc 2385096 31163 275421696 21284608 32995920 686424447 12278278608 3200530512 152 53506764 3223579572
======================
   8      32 sdc 2385096 31163 275421696 21284608 32996587 686424447 12278620112 3200674104 157 53507768 3223722956
======================
   8      32 sdc 2385096 31163 275421696 21284608 32997254 686424447 12278961616 3200816052 130 53508772 3223866488
======================
   8      32 sdc 2385096 31163 275421696 21284608 32997845 686424447 12279264208 3200955316 147 53509776 3224009744
======================
   8      32 sdc 2385096 31163 275421696 21284608 32998518 686424447 12279608784 3201103120 146 53510776 3224152076
======================
   8      32 sdc 2385096 31163 275421696 21284608 32999194 686424447 12279954896 3201246336 142 53511780 3224295476
======================
   8      32 sdc 2385096 31163 275421696 21284608 32999849 686424447 12280290768 3201388784 153 53512784 3224438560
======================
   8      32 sdc 2385096 31163 275421696 21284608 33000492 686424447 12280619472 3201532240 63 53513788 3224577168
======================
   8      32 sdc 2385097 31163 275421704 21284832 33001100 686424447 12280930768 3201650160 156 53514792 3224706676
======================
   8      32 sdc 2385097 31163 275421704 21284832 33001796 686424447 12281287120 3201800904 132 53515796 3224850264
======================
   8      32 sdc 2385097 31163 275421704 21284832 33002439 686424447 12281616336 3201944120 130 53516800 3224994124
======================
   8      32 sdc 2385097 31163 275421704 21284832 33003063 686424447 12281935824 3202085116 145 53517804 3225138336
======================
   8      32 sdc 2385097 31163 275421704 21284832 33003709 686424447 12282266576 3202232160 139 53518808 3225282064
======================
   8      32 sdc 2385097 31163 275421704 21284832 33004374 686424447 12282607056 3202375668 146 53519812 3225425412
======================
   8      32 sdc 2385097 31163 275421704 21284832 33005030 686424447 12282942928 3202518440 130 53520820 3225568968
======================
   8      32 sdc 2385097 31163 275421704 21284832 33005671 686424447 12283271120 3202661408 129 53521824 3225712132
======================
   8      32 sdc 2385097 31163 275421704 21284832 33006335 686424447 12283611088 3202805528 137 53522828 3225855524
======================
   8      32 sdc 2385097 31163 275421704 21284832 33007011 686424447 12283957200 3202948924 133 53523828 3225998528
======================
   8      32 sdc 2385097 31163 275421704 21284832 33007628 686424447 12284273104 3203093636 156 53524832 3226141792
======================
   8      32 sdc 2385098 31163 275421712 21285068 33008239 686424447 12284585936 3203229336 153 53525836 3226265720
======================
   8      32 sdc 2385098 31163 275421712 21285068 33008915 686424447 12284932048 3203359128 149 53526840 3226409064
======================
   8      32 sdc 2385098 31163 275421712 21285068 33009591 686424447 12285278160 3203502392 145 53527844 3226553040
======================
   8      32 sdc 2385098 31163 275421712 21285068 33010268 686424447 12285624784 3203645676 140 53528848 3226696156
======================
   8      32 sdc 2385098 31163 275421712 21285068 33010879 686424447 12285937616 3203791120 137 53529852 3226840408
======================
   8      32 sdc 2385098 31163 275421712 21285068 33011545 686424447 12286278608 3203932860 143 53530856 3226983608
======================
   8      32 sdc 2385098 31163 275421712 21285068 33012221 686424447 12286624720 3204075764 139 53531860 3227126576
======================
   8      32 sdc 2385098 31163 275421712 21285068 33012867 686424447 12286955472 3204218612 133 53532864 3227270080
======================
   8      32 sdc 2385098 31163 275421712 21285068 33013512 686424447 12287285712 3204364396 128 53533868 3227413608
======================
   8      32 sdc 2385098 31163 275421712 21285068 33014175 686424447 12287625168 3204505236 137 53534872 3227557132
======================
   8      32 sdc 2385098 31163 275421712 21285068 33014832 686424447 12287961552 3204648104 152 53535872 3227699916
======================
   8      32 sdc 2385098 31163 275421712 21285068 33015473 686424447 12288289744 3204791092 151 53536876 3227843200
======================
   8      32 sdc 2385099 31163 275421720 21285292 33016093 686424447 12288607184 3204915276 138 53537876 3227967364
======================
   8      32 sdc 2385099 31163 275421720 21285292 33016729 686424447 12288932816 3205061604 142 53538880 3228111268
======================
   8      32 sdc 2385099 31163 275421720 21285292 33017388 686424447 12289270224 3205203464 155 53539884 3228254640
======================
   8      32 sdc 2385099 31163 275421720 21285292 33018052 686424447 12289610192 3205349252 131 53540888 3228398720
======================
   8      32 sdc 2385099 31163 275421720 21285292 33018680 686424447 12289931728 3205490324 143 53541892 3228542648
======================
   8      32 sdc 2385099 31163 275421720 21285292 33019353 686424447 12290276304 3205634752 142 53542896 3228686300
======================
   8      32 sdc 2385099 31163 275421720 21285292 33020019 686424447 12290617296 3205776976 148 53543900 3228829620
======================
   8      32 sdc 2385099 31163 275421720 21285292 33020632 686424447 12290931152 3205917928 143 53544904 3228972232
======================
   8      32 sdc 2385099 31163 275421720 21285292 33021285 686424447 12291265488 3206064352 130 53545908 3229115716
======================
   8      32 sdc 2385099 31163 275421720 21285292 33021960 686424447 12291611088 3206207324 159 53546908 3229258240
======================
   8      32 sdc 2385099 31163 275421720 21285292 33022637 686424447 12291957712 3206350648 154 53547912 3229401640
======================
   8      32 sdc 2385099 31163 275421720 21285292 33023313 686424447 12292303824 3206493924 150 53548916 3229545300
======================
   8      32 sdc 2385100 31163 275421728 21285528 33023917 686424447 12292613072 3206619764 155 53549924 3229670292
======================
   8      32 sdc 2385100 31163 275421728 21285528 33024547 686424447 12292935632 3206761720 133 53550924 3229813288
======================
   8      32 sdc 2385100 31163 275421728 21285528 33025223 686424447 12293281744 3206905712 129 53551928 3229953784
======================
   8      32 sdc 2385100 31163 275421728 21285528 33025874 686424447 12293615056 3207044648 150 53552932 3230097072
======================
   8      32 sdc 2385100 31163 275421728 21285528 33026510 686424447 12293940688 3207189356 154 53553940 3230241464
======================
   8      32 sdc 2385100 31163 275421728 21285528 33027174 686424447 12294280656 3207332428 130 53554940 3230384136
======================
   8      32 sdc 2385100 31163 275421728 21285528 33027825 686424447 12294613968 3207475064 151 53555944 3230527384
======================
   8      32 sdc 2385100 31163 275421728 21285528 33028453 686424447 12294935504 3207620556 131 53556948 3230671592
======================
   8      32 sdc 2385100 31163 275421728 21285528 33029109 686424447 12295271376 3207762408 147 53557952 3230814928
======================
   8      32 sdc 2385100 31163 275421728 21285528 33029750 686424447 12295599568 3207905628 146 53558956 3230958552
======================
   8      32 sdc 2385100 31163 275421728 21285528 33030409 686424447 12295936976 3208049568 129 53559956 3231101180
======================
   8      32 sdc 2385100 31163 275421728 21285528 33031064 686424447 12296272336 3208192528 144 53560960 3231244792
======================
   8      32 sdc 2385101 31163 275421736 21285756 33031684 686424447 12296589776 3208316120 134 53561964 3231368792
======================
   8      32 sdc 2385101 31163 275421736 21285756 33032320 686424447 12296915408 3208455972 138 53562968 3231512008
======================
   8      32 sdc 2385101 31163 275421736 21285756 33033015 686424447 12297271248 3208604700 147 53563968 3231655684
======================
   8      32 sdc 2385101 31163 275421736 21285756 33033654 686424447 12297598416 3208746200 148 53564972 3231799404
======================
   8      32 sdc 2385101 31163 275421736 21285756 33034296 686424447 12297927120 3208891320 146 53565976 3231943504
======================
   8      32 sdc 2385101 31163 275421736 21285756 33034966 686424447 12298270160 3209034796 148 53566980 3232087164
======================
   8      32 sdc 2385101 31163 275421736 21285756 33035642 686424447 12298616272 3209178040 144 53567980 3232229832
======================
   8      32 sdc 2385101 31163 275421736 21285756 33036285 686424447 12298945488 3209321928 141 53568984 3232372640
======================
   8      32 sdc 2385101 31163 275421736 21285756 33036927 686424447 12299274192 3209463036 139 53569988 3232516412
======================
   8      32 sdc 2385101 31163 275421736 21285756 33037574 686424447 12299605456 3209608000 133 53570992 3232659872
======================
   8      32 sdc 2385101 31163 275421736 21285756 33038249 686424447 12299951056 3209751432 129 53571996 3232803436
======================
   8      32 sdc 2385101 31163 275421736 21285756 33038900 686424447 12300284368 3209894004 55 53572996 3232940736
======================
   8      32 sdc 2385102 31163 275421744 21285988 33039484 686424447 12300583376 3210019648 141 53574000 3233077700
======================
   8      32 sdc 2385102 31163 275421744 21285988 33040173 686424447 12300936144 3210168656 156 53575004 3233220580
======================
   8      32 sdc 2385102 31163 275421744 21285988 33040829 686424447 12301272016 3210310696 140 53576008 3233363492
======================
   8      32 sdc 2385102 31163 275421744 21285988 33041454 686424447 12301592016 3210450800 155 53577012 3233506876
======================
   8      32 sdc 2385102 31163 275421744 21285988 33042097 686424447 12301921232 3210597072 152 53578016 3233650028
======================
   8      32 sdc 2385102 31163 275421744 21285988 33042737 686424447 12302248912 3210738972 152 53579020 3233793328
======================
   8      32 sdc 2385102 31163 275421744 21285988 33043409 686424447 12302592976 3210884444 152 53580020 3233936416
======================
   8      32 sdc 2385102 31163 275421744 21285988 33044062 686424447 12302927312 3211026760 139 53581024 3234079600
======================
   8      32 sdc 2385102 31163 275421744 21285988 33044694 686424447 12303250896 3211170176 147 53582028 3234222944
======================
   8      32 sdc 2385102 31163 275421744 21285988 33045356 686424447 12303589840 3211314460 157 53583032 3234366104
======================
   8      32 sdc 2385102 31163 275421744 21285988 33046031 686424447 12303935440 3211457124 154 53584036 3234509324
======================
   8      32 sdc 2385102 31163 275421744 21285988 33046590 686424447 12304221648 3211583468 13 53585040 3234624672
======================
   8      32 sdc 2385103 31163 275421752 21286424 33047136 686424447 12304501200 3211695648 137 53586048 3234749688
======================
   8      32 sdc 2385103 31163 275421752 21286424 33047808 686424447 12304845264 3211839800 137 53587048 3234892312
======================
   8      32 sdc 2385103 31163 275421752 21286424 33048484 686424447 12305191376 3211982952 133 53588052 3235035264
======================
   8      32 sdc 2385103 31163 275421752 21286424 33049134 686424447 12305524176 3212123176 155 53589056 3235178548
======================
   8      32 sdc 2385103 31163 275421752 21286424 33049756 686424447 12305842640 3212267132 141 53590060 3235321112
======================
   8      32 sdc 2385103 31163 275421752 21286424 33050415 686424447 12306180048 3212411540 154 53591068 3235464304
======================
   8      32 sdc 2385103 31163 275421752 21286424 33051089 686424447 12306525136 3212554784 152 53592072 3235607636
======================
   8      32 sdc 2385103 31163 275421752 21286424 33051729 686424447 12306852816 3212697012 152 53593076 3235751036
======================
   8      32 sdc 2385103 31163 275421752 21286424 33052374 686424447 12307183056 3212840536 147 53594080 3235894276
======================
   8      32 sdc 2385103 31163 275421752 21286424 33053038 686424447 12307523024 3212983760 155 53595084 3236037692
======================
   8      32 sdc 2385103 31163 275421752 21286424 33053688 686424447 12307855824 3213127112 145 53596088 3236181172
======================
   8      32 sdc 2385103 31163 275421752 21286424 33054237 686424447 12308136912 3213250524 14 53597092 3236293616
======================
   8      32 sdc 2385104 31163 275421760 21286868 33054811 686424447 12308430800 3213367224 141 53598096 3236421660
======================
   8      32 sdc 2385104 31163 275421760 21286868 33055452 686424447 12308758992 3213510244 140 53599100 3236564972
======================
   8      32 sdc 2385104 31163 275421760 21286868 33056114 686424447 12309097936 3213653508 150 53600100 3236707112
======================
   8      32 sdc 2385104 31163 275421760 21286868 33056764 686424447 12309430736 3213794636 140 53601104 3236850904
======================
   8      32 sdc 2385104 31163 275421760 21286868 33057410 686424447 12309761488 3213940392 134 53602108 3236994108
======================
   8      32 sdc 2385104 31163 275421760 21286868 33058086 686424447 12310107600 3214083920 130 53603112 3237138212
======================
   8      32 sdc 2385104 31163 275421760 21286868 33058741 686424447 12310442960 3214226100 147 53604116 3237281900
======================
   8      32 sdc 2385104 31163 275421760 21286868 33059354 686424447 12310756816 3214372620 142 53605120 3237425832
======================
   8      32 sdc 2385104 31163 275421760 21286868 33060019 686424447 12311097296 3214514740 149 53606124 3237569180
======================
   8      32 sdc 2385104 31163 275421760 21286868 33060694 686424447 12311442896 3214652920 146 53607124 3237706924
======================
   8      32 sdc 2385104 31163 275421760 21286868 33061370 686424447 12311789008 3214796184 142 53608128 3237850360
======================
   8      32 sdc 2385105 31163 275421768 21287092 33062009 686424447 12312116176 3214921236 142 53609132 3237974232
======================
   8      32 sdc 2385105 31163 275421768 21287092 33062633 686424447 12312435664 3215062052 158 53610136 3238117576
======================
   8      32 sdc 2385105 31163 275421768 21287092 33063273 686424447 12312763344 3215206304 158 53611136 3238260172
======================
   8      32 sdc 2385105 31163 275421768 21287092 33063944 686424447 12313106896 3215349432 130 53612140 3238403292
======================
   8      32 sdc 2385105 31163 275421768 21287092 33064583 686424447 12313434064 3215492324 128 53613144 3238547152
======================
   8      32 sdc 2385105 31163 275421768 21287092 33065238 686424447 12313769424 3215636064 145 53614148 3238690648
======================
   8      32 sdc 2385105 31163 275421768 21287092 33065903 686424447 12314109904 3215779668 152 53615152 3238834232
======================
   8      32 sdc 2385105 31163 275421768 21287092 33066549 686424447 12314440656 3215922332 146 53616156 3238977716
======================
   8      32 sdc 2385105 31163 275421768 21287092 33067190 686424447 12314768848 3216066688 145 53617156 3239121800
======================
   8      32 sdc 2385105 31163 275421768 21287092 33067831 686424447 12315097040 3216209900 144 53618160 3239265240
======================
   8      32 sdc 2385105 31163 275421768 21287092 33068478 686424447 12315428304 3216353988 137 53619164 3239408604
======================
   8      32 sdc 2385105 31163 275421768 21287092 33069143 686424447 12315768784 3216497068 144 53620168 3239551928
======================
   8      32 sdc 2385106 31163 275421776 21287324 33069771 686424447 12316090320 3216620372 156 53621172 3239675744
======================
   8      32 sdc 2385106 31163 275421776 21287324 33070413 686424447 12316419024 3216763164 154 53622176 3239818640
======================
   8      32 sdc 2385106 31163 275421776 21287324 33071076 686424447 12316758480 3216907912 131 53623180 3239962376
======================
   8      32 sdc 2385106 31163 275421776 21287324 33071752 686424447 12317104592 3217051256 159 53624184 3240105848
======================
   8      32 sdc 2385106 31163 275421776 21287324 33072367 686424447 12317419472 3217193056 152 53625188 3240249248
======================
   8      32 sdc 2385106 31163 275421776 21287324 33073036 686424447 12317762000 3217338140 155 53626192 3240392596
======================
   8      32 sdc 2385106 31163 275421776 21287324 33073712 686424447 12318108112 3217481296 151 53627196 3240536152
======================
   8      32 sdc 2385106 31163 275421776 21287324 33074388 686424447 12318454224 3217624788 147 53628200 3240679908
======================
   8      32 sdc 2385106 31163 275421776 21287324 33075037 686424447 12318786512 3217766844 138 53629200 3240822696
======================
   8      32 sdc 2385106 31163 275421776 21287324 33075662 686424447 12319106512 3217910428 154 53630204 3240966176
======================
   8      32 sdc 2385106 31163 275421776 21287324 33076319 686424447 12319442896 3218054884 136 53631208 3241109500
======================
   8      32 sdc 2385106 31163 275421776 21287324 33076989 686424447 12319785936 3218198060 138 53632212 3241253004
======================
   8      32 sdc 2385107 31163 275421784 21287596 33077613 686424447 12320105424 3218321156 135 53633216 3241376780
======================
   8      32 sdc 2385107 31163 275421784 21287596 33078252 686424447 12320432592 3218464376 136 53634224 3241520992
======================
   8      32 sdc 2385107 31163 275421784 21287596 33078916 686424447 12320772560 3218608428 144 53635224 3241663900
======================
   8      32 sdc 2385107 31163 275421784 21287596 33079562 686424447 12321103312 3218751480 138 53636228 3241807712
======================
   8      32 sdc 2385107 31163 275421784 21287596 33080189 686424447 12321424336 3218895308 151 53637236 3241951844
======================
   8      32 sdc 2385107 31163 275421784 21287596 33080819 686424447 12321746896 3219042860 129 53638244 3242096312
======================
   8      32 sdc 2385107 31163 275421784 21287596 33081490 686424447 12322090448 3219183632 130 53639248 3242239952
======================
   8      32 sdc 2385107 31163 275421784 21287596 33082151 686424447 12322428880 3219326612 141 53640252 3242383648
======================
   8      32 sdc 2385107 31163 275421784 21287596 33082793 686424447 12322757584 3219470172 139 53641256 3242527236
======================
   8      32 sdc 2385107 31163 275421784 21287596 33083451 686424447 12323094480 3219614968 153 53642264 3242671416
======================
   8      32 sdc 2385107 31163 275421784 21287596 33083964 686424447 12323357136 3219723820 152 53643268 3242817296
======================
   8      32 sdc 2385107 31163 275421784 21287596 33084767 686424447 12323768272 3219904612 149 53644272 3242962252
======================
   8      32 sdc 2385108 31163 275421792 21287832 33085370 686424447 12324077008 3220032500 155 53645276 3243090432
======================
   8      32 sdc 2385108 31163 275421792 21287832 33086035 686424447 12324417488 3220181088 130 53646280 3243235740
======================
   8      32 sdc 2385108 31163 275421792 21287832 33086708 686424447 12324762064 3220322280 129 53647284 3243378996
======================
   8      32 sdc 2385108 31163 275421792 21287832 33087385 686424447 12325108688 3220465932 156 53648288 3243522528
======================
   8      32 sdc 2385108 31163 275421792 21287832 33088001 686424447 12325424080 3220608072 148 53649292 3243666792
======================
   8      32 sdc 2385108 31163 275421792 21287832 33088646 686424447 12325754320 3220752852 143 53650296 3243810248
======================
   8      32 sdc 2385108 31163 275421792 21287832 33089285 686424447 12326081488 3220889580 144 53651300 3243953272
======================
   8      32 sdc 2385108 31163 275421792 21287832 33089974 686424447 12326434256 3221038280 159 53652304 3244096460
======================
   8      32 sdc 2385108 31163 275421792 21287832 33090617 686424447 12326763472 3221182108 156 53653308 3244240256
======================
   8      32 sdc 2385108 31163 275421792 21287832 33091273 686424447 12327099344 3221324916 140 53654312 3244383892
======================
   8      32 sdc 2385108 31163 275421792 21287832 33091935 686424447 12327438288 3221468852 150 53655316 3244527352
======================
   8      32 sdc 2385108 31163 275421792 21287832 33092577 686424447 12327766992 3221612128 74 53656320 3244666792
======================
   8      32 sdc 2385108 31163 275421792 21287832 33092619 686424447 12327788496 3221623504 32 53657324 3244702200
======================
   8      32 sdc 2385109 31163 275421800 21289708 33093814 686424447 12328400336 3221709180 148 53658328 3244761156
======================
   8      32 sdc 2385109 31163 275421800 21289708 33094467 686424447 12328734672 3221845104 146 53659332 3244904820
======================
   8      32 sdc 2385109 31163 275421800 21289708 33095122 686424447 12329070032 3221986548 131 53660336 3245048008
======================
   8      32 sdc 2385109 31163 275421800 21289708 33095765 686424447 12329399248 3222131160 128 53661344 3245191680
======================
   8      32 sdc 2385109 31163 275421800 21289708 33096429 686424447 12329739216 3222275268 136 53662348 3245335500
======================
   8      32 sdc 2385109 31163 275421800 21289708 33097101 686424447 12330083280 3222418900 136 53663352 3245478748
======================
   8      32 sdc 2385109 31163 275421800 21289708 33097728 686424447 12330404304 3222561108 149 53664356 3245622504
======================
   8      32 sdc 2385109 31163 275421800 21289708 33098357 686424447 12330726352 3222705776 128 53665360 3245765984
======================
   8      32 sdc 2385109 31163 275421800 21289708 33099033 686424447 12331072464 3222849632 156 53666364 3245909552
======================
   8      32 sdc 2385109 31163 275421800 21289708 33099709 686424447 12331418576 3222993036 152 53667368 3246053308
======================
   8      32 sdc 2385110 31163 275421808 21289904 33100357 686424447 12331750352 3223129956 139 53668368 3246185736
======================
   8      32 sdc 2385110 31163 275421808 21289904 33100996 686424447 12332077520 3223268480 128 53669372 3246329452
======================
   8      32 sdc 2385110 31163 275421808 21289904 33101620 686424447 12332397008 3223411800 144 53670376 3246473212
======================
   8      32 sdc 2385110 31163 275421808 21289904 33102288 686424447 12332739024 3223557224 148 53671380 3246617512
======================
   8      32 sdc 2385110 31163 275421808 21289904 33102922 686424447 12333063632 3223691808 223 53672380 3246794100
======================
   8      32 sdc 2385110 31163 275421808 21289904 33103587 686424447 12333404112 3223849240 198 53673384 3247004556
======================
   8      32 sdc 2385110 31163 275421808 21289904 33104252 686424447 12333744592 3224008080 205 53674388 3247206572
======================
   8      32 sdc 2385110 31163 275421808 21289904 33104908 686424447 12334080464 3224262732 157 53675392 3247380900
======================
   8      32 sdc 2385110 31163 275421808 21289904 33105399 686424447 12334331856 3224436860 146 53676396 3247540636
======================
   8      32 sdc 2385110 31163 275421808 21289904 33106041 686424447 12334660560 3224621972 144 53677400 3247688688
======================
   8      32 sdc 2385110 31163 275421808 21289904 33106682 686424447 12334988752 3224770408 143 53678400 3247831172
======================
   8      32 sdc 2385110 31163 275421808 21289904 33107337 686424447 12335324112 3224914380 128 53679404 3247974160
======================
   8      32 sdc 2385110 31163 275421808 21289904 33108001 686424447 12335664080 3225057392 10 53680408 3248104252
======================
   8      32 sdc 2385110 31163 275421808 21289904 33108011 686424447 12335668696 3225059316 1 53681412 3248105312
======================
   8      32 sdc 2385111 31163 275421816 21291540 33109265 686424878 12336310664 3225118852 150 53682416 3248181524
======================
   8      32 sdc 2385111 31163 275421816 21291540 33109934 686424878 12336653192 3225263428 153 53683420 3248325132
======================
   8      32 sdc 2385111 31163 275421816 21291540 33110588 686424878 12336988040 3225405024 139 53684420 3248468036
======================
   8      32 sdc 2385111 31163 275421816 21291540 33111220 686424878 12337311624 3225552632 147 53685424 3248612480
======================
   8      32 sdc 2385111 31163 275421816 21291540 33111897 686424878 12337658248 3225694316 142 53686428 3248756072
======================
   8      32 sdc 2385111 31163 275421816 21291540 33112573 686424878 12338004360 3225837760 138 53687432 3248899540
======================
   8      32 sdc 2385111 31163 275421816 21291540 33113249 686424878 12338350472 3225981276 134 53688440 3249043172
======================
   8      32 sdc 2385111 31163 275421816 21291540 33113881 686424878 12338674056 3226122908 142 53689440 3249186248
======================
   8      32 sdc 2385111 31163 275421816 21291540 33114505 686424878 12338993544 3226266516 158 53690444 3249329596
======================
   8      32 sdc 2385111 31163 275421816 21291540 33115174 686424878 12339336072 3226410132 129 53691448 3249472688
======================
   8      32 sdc 2385111 31163 275421816 21291540 33115699 686424878 12339604368 3226521532 1 53692452 3249568936
======================
   8      32 sdc 2385111 31163 275421816 21291540 33115699 686424878 12339604368 3226521532 1 53693456 3249569940
======================
   8      32 sdc 2385112 31163 275421824 21293976 33115734 686424897 12339621936 3226521540 6 53694460 3249570964
======================
   8      32 sdc 2385112 31163 275421824 21293976 33117747 686424897 12340652592 3226648112 157 53695460 3249711332
======================
   8      32 sdc 2385112 31163 275421824 21293976 33118412 686424897 12340993072 3226789548 132 53696464 3249855016
======================
   8      32 sdc 2385112 31163 275421824 21293976 33119054 686424897 12341321776 3226933284 130 53697468 3249998684
======================
   8      32 sdc 2385112 31163 275421824 21293976 33119697 686424897 12341650992 3227077156 127 53698472 3250142868
======================
   8      32 sdc 2385112 31163 275421824 21293976 33120357 686424897 12341988912 3227220892 139 53699476 3250286668
======================
   8      32 sdc 2385112 31163 275421824 21293976 33120999 686424897 12342317616 3227363896 137 53700480 3250430100
======================
   8      32 sdc 2385112 31163 275421824 21293976 33121641 686424897 12342646320 3227507440 135 53701484 3250573680
======================
   8      32 sdc 2385112 31163 275421824 21293976 33122308 686424897 12342987824 3227651652 140 53702484 3250716768
======================
   8      32 sdc 2385112 31163 275421824 21293976 33122982 686424897 12343332912 3227794696 138 53703488 3250860224
======================
   8      32 sdc 2385113 31163 275421832 21294240 33123583 686424917 12343639272 3227907664 154 53704492 3250974356
======================
   8      32 sdc 2385113 31163 275421832 21294240 33123844 686425368 12343753816 3227972532 0 53704988 3251022784
======================
   8      32 sdc 2385113 31163 275421832 21294240 33123844 686425368 12343753816 3227972532 0 53704988 3251022784
======================
   8      32 sdc 2385113 31163 275421832 21294240 33123844 686425368 12343753816 3227972532 0 53704988 3251022784
======================
   8      32 sdc 2385113 31163 275421832 21294240 33123844 686425368 12343753816 3227972532 0 53704988 3251022784
======================
   8      32 sdc 2385113 31163 275421832 21294240 33123844 686425368 12343753816 3227972532 0 53704988 3251022784
======================
   8      32 sdc 2385113 31163 275421832 21294240 33123844 686425368 12343753816 3227972532 0 53704988 3251022784
======================
   8      32 sdc 2385349 31163 275423714 21314924 33123861 686425368 12343753880 3227972532 1 53705920 3251043512
======================
   8      32 sdc 2385354 31163 275423754 21315896 33123863 686425368 12343753888 3227972532 0 53706848 3251044440
started
======================
   8      32 sdc 2385354 31163 275423754 21315896 33123863 686425368 12343753888 3227972532 0 53706848 3251044440
======================
   8      32 sdc 2386117 31163 275617770 21316948 33123863 686425368 12343753888 3227972532 2 53707416 3251045500
======================
   8      32 sdc 2387394 31163 275944426 21318884 33123863 686425368 12343753888 3227972532 2 53708416 3251047428
======================
   8      32 sdc 2387924 31163 276080106 21320616 33123863 686425368 12343753888 3227972532 1 53709412 3251049164
======================
   8      32 sdc 2388372 31163 276194794 21322148 33123863 686425368 12343753888 3227972532 1 53710396 3251050696
======================
   8      32 sdc 2388829 31163 276311786 21323672 33123863 686425368 12343753888 3227972532 2 53711392 3251052224
======================
   8      32 sdc 2389287 31164 276429290 21325200 33123866 686425370 12343753928 3227972596 1 53712388 3251053812
======================
   8      32 sdc 2389756 31164 276549098 21326736 33123866 686425370 12343753928 3227972596 1 53713376 3251055348
======================
   8      32 sdc 2390225 31164 276669162 21328240 33123866 686425370 12343753928 3227972596 2 53714364 3251056856
======================
   8      32 sdc 2390695 31164 276789482 21329728 33123866 686425370 12343753928 3227972596 2 53715356 3251058336
======================
   8      32 sdc 2391163 31164 276909290 21331216 33123866 686425370 12343753928 3227972596 2 53716340 3251059824
======================
   8      32 sdc 2391622 31164 277026538 21332708 33123866 686425370 12343753928 3227972596 1 53717344 3251061324
======================
   8      32 sdc 2392084 31164 277144810 21334236 33123866 686425370 12343753928 3227972596 1 53718340 3251062848
======================
   8      32 sdc 2392519 31164 277256170 21335772 33123866 686425370 12343753928 3227972596 2 53719340 3251064388
======================
   8      32 sdc 2392989 31164 277376490 21337312 33123866 686425370 12343753928 3227972596 1 53720344 3251065924
======================
   8      32 sdc 2393452 31164 277494762 21338808 33123866 686425370 12343753928 3227972596 2 53721344 3251067424
======================
   8      32 sdc 2393921 31164 277614826 21340336 33123866 686425370 12343753928 3227972596 2 53722336 3251068948
======================
   8      32 sdc 2394388 31164 277734378 21341860 33123866 686425370 12343753928 3227972596 2 53723328 3251070468
======================
   8      32 sdc 2394845 31164 277851370 21343376 33123866 686425370 12343753928 3227972596 1 53724324 3251071988
======================
   8      32 sdc 2395313 31164 277971178 21344904 33123866 686425370 12343753928 3227972596 1 53725320 3251073516
======================
   8      32 sdc 2395782 31164 278091242 21346428 33123866 686425370 12343753928 3227972596 1 53726324 3251075040
======================
   8      32 sdc 2396235 31164 278207210 21347952 33123866 686425370 12343753928 3227972596 2 53727324 3251076568
======================
   8      32 sdc 2396698 31164 278325738 21349488 33123866 686425370 12343753928 3227972596 2 53728328 3251078100
======================
   8      32 sdc 2397149 31164 278441194 21351016 33123866 686425370 12343753928 3227972596 2 53729328 3251079628
======================
   8      32 sdc 2397615 31164 278560490 21352556 33123866 686425370 12343753928 3227972596 2 53730336 3251081172
======================
   8      32 sdc 2398077 31164 278678762 21354100 33123866 686425370 12343753928 3227972596 2 53731336 3251082708
======================
   8      32 sdc 2398539 31164 278797034 21355648 33123866 686425370 12343753928 3227972596 2 53732340 3251084260
======================
   8      32 sdc 2398992 31164 278913002 21357168 33123866 686425370 12343753928 3227972596 1 53733340 3251085780
======================
   8      32 sdc 2399450 31164 279030250 21358716 33123866 686425370 12343753928 3227972596 2 53734328 3251087332
======================
   8      32 sdc 2399912 31164 279148522 21360236 33123866 686425370 12343753928 3227972596 2 53735308 3251088852
======================
   8      32 sdc 2400377 31164 279267562 21361756 33123866 686425370 12343753928 3227972596 1 53736288 3251090360
======================
   8      32 sdc 2400837 31164 279385066 21363264 33123866 686425370 12343753928 3227972596 2 53737276 3251091868
======================
   8      32 sdc 2401304 31164 279504618 21364784 33123866 686425370 12343753928 3227972596 1 53738260 3251093392
======================
   8      32 sdc 2401760 31164 279621354 21366280 33123866 686425370 12343753928 3227972596 1 53739252 3251094892
======================
   8      32 sdc 2402222 31164 279739626 21367792 33123866 686425370 12343753928 3227972596 1 53740256 3251096404
======================
   8      32 sdc 2402678 31164 279856362 21369288 33123866 686425370 12343753928 3227972596 1 53741256 3251097892
======================
   8      32 sdc 2403132 31164 279972586 21370780 33123866 686425370 12343753928 3227972596 2 53742260 3251099388
======================
   8      32 sdc 2403584 31165 280088554 21372300 33123868 686425370 12343753944 3227972596 2 53743264 3251100912
======================
   8      32 sdc 2404043 31165 280206058 21373824 33123868 686425370 12343753944 3227972596 1 53744264 3251102432
======================
   8      32 sdc 2404514 31165 280326634 21375332 33123868 686425370 12343753944 3227972596 2 53745268 3251103944
======================
   8      32 sdc 2404983 31165 280446698 21376852 33123868 686425370 12343753944 3227972596 1 53746264 3251105464
======================
   8      32 sdc 2405456 31165 280567786 21378400 33123868 686425370 12343753944 3227972596 2 53747264 3251107004
======================
   8      32 sdc 2405925 31165 280687850 21379884 33123868 686425370 12343753944 3227972596 1 53748260 3251108504
======================
   8      32 sdc 2406378 31165 280803818 21381448 33123868 686425370 12343753944 3227972596 2 53749260 3251110068
======================
   8      32 sdc 2406732 31165 280894442 21383084 33123868 686425370 12343753944 3227972596 2 53750252 3251111700
======================
   8      32 sdc 2407188 31165 281011178 21384616 33123868 686425370 12343753944 3227972596 1 53751252 3251113228
======================
   8      32 sdc 2407643 31165 281127658 21386140 33123868 686425370 12343753944 3227972596 1 53752240 3251114748
======================
   8      32 sdc 2408101 31165 281244906 21387660 33123868 686425370 12343753944 3227972596 2 53753232 3251116276
======================
   8      32 sdc 2408561 31165 281362666 21389192 33123868 686425370 12343753944 3227972596 2 53754220 3251117796
======================
   8      32 sdc 2409029 31165 281482218 21390708 33123868 686425370 12343753944 3227972596 2 53755216 3251119312
======================
   8      32 sdc 2409506 31165 281604330 21392228 33123868 686425370 12343753944 3227972596 2 53756212 3251120840
======================
   8      32 sdc 2409980 31165 281725674 21393780 33123868 686425370 12343753944 3227972596 2 53757216 3251122392
======================
   8      32 sdc 2410450 31165 281845994 21395276 33123868 686425370 12343753944 3227972596 1 53758204 3251123880
======================
   8      32 sdc 2410916 31165 281965034 21396808 33123868 686425370 12343753944 3227972596 2 53759196 3251125408
======================
   8      32 sdc 2411387 31165 282085610 21398316 33123868 686425370 12343753944 3227972596 1 53760192 3251126920
======================
   8      32 sdc 2411856 31165 282205674 21399836 33123868 686425370 12343753944 3227972596 1 53761184 3251128436
======================
   8      32 sdc 2412327 31165 282326250 21401356 33123868 686425370 12343753944 3227972596 1 53762180 3251129960
======================
   8      32 sdc 2412789 31165 282444522 21402852 33123868 686425370 12343753944 3227972596 1 53763176 3251131460
======================
   8      32 sdc 2413250 31165 282562538 21404376 33123868 686425370 12343753944 3227972596 1 53764172 3251132984
======================
   8      32 sdc 2413709 31165 282680042 21405912 33123868 686425370 12343753944 3227972596 2 53765168 3251134516
======================
   8      32 sdc 2414165 31165 282796778 21407444 33123868 686425370 12343753944 3227972596 2 53766168 3251136056
======================
   8      32 sdc 2414624 31165 282914282 21408964 33123868 686425370 12343753944 3227972596 1 53767160 3251137568
======================
   8      32 sdc 2414740 31165 282943978 21409348 33123868 686425370 12343753944 3227972596 0 53767416 3251137952
