======================
   8      32 sdc 2796499 31507 373574560 29700840 38089583 826288440 14835935816 341586340 0 63459636 373245784
======================
   8      32 sdc 2796499 31507 373574560 29700840 38089583 826288440 14835935816 341586340 0 63459636 373245784
======================
   8      32 sdc 2796501 31507 373574576 29700884 38089583 826288440 14835935816 341586340 1 63459912 373246060
======================
   8      32 sdc 2796502 31507 373574584 29701256 38089583 826288440 14835935816 341586340 0 63460052 373246200
======================
   8      32 sdc 2796503 31507 373574592 29701280 38090700 826288440 14836507720 341593008 133 63460292 373266108
======================
   8      32 sdc 2796503 31507 373574592 29701280 38090964 826288440 14836642888 341710088 157 63461296 373409068
======================
   8      32 sdc 2796503 31507 373574592 29701280 38091131 826288440 14836728392 341800052 150 63462300 373555608
======================
   8      32 sdc 2796503 31507 373574592 29701280 38091131 826288440 14836728392 341800052 151 63463304 373706468
======================
   8      32 sdc 2796503 31507 373574592 29701280 38091131 826288440 14836728392 341800052 151 63464308 373858072
======================
   8      32 sdc 2796503 31507 373574592 29701280 38091540 826288460 14836936952 342299276 159 63465312 374006644
======================
   8      32 sdc 2796503 31507 373574592 29701280 38092721 826288460 14837541624 342517456 130 63466576 374191060
======================
   8      32 sdc 2796503 31507 373574592 29701280 38093290 826288460 14837832952 342666352 137 63467580 374333816
======================
   8      32 sdc 2796503 31507 373574592 29701280 38093765 826288460 14838076152 342807276 142 63468584 374474480
======================
   8      32 sdc 2796503 31507 373574592 29701280 38094033 826288460 14838213368 342834664 130 63469588 374607304
======================
   8      32 sdc 2796503 31507 373574592 29701280 38094846 826288460 14838629624 343077632 149 63470588 374744660
======================
   8      32 sdc 2796503 31507 373574592 29701280 38095909 826288460 14839173880 343215176 142 63471596 374888432
======================
   8      32 sdc 2796503 31507 373574592 29701280 38096571 826288460 14839512824 343355856 152 63472600 375031344
======================
   8      32 sdc 2796504 31507 373574600 29701440 38097222 826288460 14839846136 343492516 132 63473600 375168180
======================
   8      32 sdc 2796504 31507 373574600 29701440 38097864 826288460 14840174840 343637084 130 63474604 375312700
======================
   8      32 sdc 2796504 31507 373574600 29701440 38098506 826288460 14840503544 343780564 128 63475608 375456180
======================
   8      32 sdc 2796504 31507 373574600 29701440 38099146 826288460 14840831224 343923604 128 63476612 375599732
======================
   8      32 sdc 2796504 31507 373574600 29701440 38099786 826288460 14841158904 344067932 128 63477616 375743328
======================
   8      32 sdc 2796504 31507 373574600 29701440 38100439 826288460 14841493240 344210312 147 63478620 375886616
======================
   8      32 sdc 2796504 31507 373574600 29701440 38101066 826288460 14841814264 344356672 128 63479624 376029852
======================
   8      32 sdc 2796504 31507 373574600 29701440 38101742 826288460 14842160376 344498076 156 63480628 376173324
======================
   8      32 sdc 2796504 31507 373574600 29701440 38102415 826288460 14842504952 344640832 155 63481632 376316960
======================
   8      32 sdc 2796504 31507 373574600 29701440 38103043 826288460 14842826488 344786984 135 63482632 376463132
======================
   8      32 sdc 2796504 31507 373574600 29701440 38103669 826288460 14843147000 344930428 149 63483636 376606832
======================
   8      32 sdc 2796504 31507 373574600 29701440 38104329 826288460 14843484920 345075556 129 63484640 376750528
======================
   8      32 sdc 2796505 31507 373574608 29701652 38104984 826288460 14843820280 345202376 135 63485644 376877956
======================
   8      32 sdc 2796505 31507 373574608 29701652 38105652 826288460 14844162296 345345284 139 63486648 377021352
======================
   8      32 sdc 2796505 31507 373574608 29701652 38106287 826288460 14844487416 345490916 144 63487652 377165416
======================
   8      32 sdc 2796505 31507 373574608 29701652 38106912 826288460 14844807416 345632036 145 63488656 377308780
======================
   8      32 sdc 2796505 31507 373574608 29701652 38107573 826288460 14845145848 345776328 138 63489656 377451808
======================
   8      32 sdc 2796505 31507 373574608 29701652 38108215 826288460 14845474552 345918956 136 63490660 377595276
======================
   8      32 sdc 2796505 31507 373574608 29701652 38108860 826288460 14845804792 346062520 131 63491664 377738404
======================
   8      32 sdc 2796505 31507 373574608 29701652 38109526 826288460 14846145784 346205840 137 63492668 377881828
======================
   8      32 sdc 2796505 31507 373574608 29701652 38110175 826288460 14846478072 346348676 128 63493668 378024472
======================
   8      32 sdc 2796505 31507 373574608 29701652 38110811 826288460 14846803704 346491936 132 63494672 378168180
======================
   8      32 sdc 2796505 31507 373574608 29701652 38111453 826288460 14847132408 346635424 130 63495676 378311500
======================
   8      32 sdc 2796505 31507 373574608 29701652 38112094 826288460 14847460600 346778464 129 63496680 378454768
======================
   8      32 sdc 2796506 31507 373574616 29701876 38112734 826288460 14847788280 346906736 149 63497684 378582824
======================
   8      32 sdc 2796506 31507 373574616 29701876 38113399 826288460 14848128760 347052116 156 63498688 378725972
======================
   8      32 sdc 2796506 31507 373574616 29701876 38114040 826288460 14848456952 347192944 155 63499692 378869620
======================
   8      32 sdc 2796506 31507 373574616 29701876 38114690 826288460 14848789752 347337040 145 63500696 379012980
======================
   8      32 sdc 2796506 31507 373574616 29701876 38115203 826288460 14849052408 347482944 144 63501696 379159584
======================
   8      32 sdc 2796506 31507 373574616 29701876 38115829 826288460 14849372920 347626744 156 63502700 379303272
======================
   8      32 sdc 2796506 31507 373574616 29701876 38116465 826288460 14849698552 347771584 130 63503704 379447036
======================
   8      32 sdc 2796506 31507 373574616 29701876 38117141 826288460 14850044664 347916164 158 63504708 379591580
======================
   8      32 sdc 2796506 31507 373574616 29701876 38117818 826288460 14850391288 348059804 153 63505712 379735464
======================
   8      32 sdc 2796506 31507 373574616 29701876 38118491 826288460 14850735864 348202824 152 63506716 379879052
======================
   8      32 sdc 2796506 31507 373574616 29701876 38119123 826288460 14851059448 348345964 128 63507720 380022708
======================
   8      32 sdc 2796506 31507 373574616 29701876 38119744 826288460 14851377400 348488732 147 63508724 380166196
======================
   8      32 sdc 2796507 31507 373574624 29702092 38120397 826288460 14851711736 348621468 156 63509728 380296220
======================
   8      32 sdc 2796507 31507 373574624 29702092 38121064 826288460 14852053240 348762948 129 63510732 380439580
======================
   8      32 sdc 2796507 31507 373574624 29702092 38121703 826288460 14852380408 348905852 130 63511732 380582668
======================
   8      32 sdc 2796507 31507 373574624 29702092 38122342 826288460 14852707576 349050540 131 63512736 380726440
======================
   8      32 sdc 2796507 31507 373574624 29702092 38122848 826288460 14852966648 349194708 137 63513740 380871424
======================
   8      32 sdc 2796507 31507 373574624 29702092 38123490 826288460 14853295352 349338424 135 63514744 381015084
======================
   8      32 sdc 2796507 31507 373574624 29702092 38124132 826288460 14853624056 349482568 133 63515748 381159192
======================
   8      32 sdc 2796507 31507 373574624 29702092 38124771 826288460 14853951224 349625508 134 63516752 381302972
======================
   8      32 sdc 2796507 31507 373574624 29702092 38125431 826288460 14854289144 349770260 146 63517756 381446492
======================
   8      32 sdc 2796507 31507 373574624 29702092 38126096 826288460 14854629624 349913888 153 63518760 381590048
======================
   8      32 sdc 2796507 31507 373574624 29702092 38126740 826288460 14854959352 350056588 149 63519764 381733576
======================
   8      32 sdc 2796507 31507 373574624 29702092 38127385 826288460 14855289592 350202792 144 63520768 381878116
======================
   8      32 sdc 2796508 31507 373574632 29702364 38128029 826288460 14855619320 350320716 131 63521768 381998368
======================
   8      32 sdc 2796508 31507 373574632 29702364 38128686 826288460 14855955704 350463556 146 63522772 382141708
======================
   8      32 sdc 2796508 31507 373574632 29702364 38129310 826288460 14856275192 350607748 130 63523776 382285076
======================
   8      32 sdc 2796508 31507 373574632 29702364 38129984 826288460 14856620280 350752368 128 63524780 382428156
======================
   8      32 sdc 2796508 31507 373574632 29702364 38130504 826288460 14856886520 350894584 152 63525788 382571188
======================
   8      32 sdc 2796508 31507 373574632 29702364 38131152 826288460 14857218808 351042492 144 63526792 382717816
======================
   8      32 sdc 2796508 31507 373574632 29702364 38131793 826288460 14857546488 351182700 143 63527792 382860608
======================
   8      32 sdc 2796508 31507 373574632 29702364 38132424 826288460 14857869560 351328840 152 63528796 383004572
======================
   8      32 sdc 2796508 31507 373574632 29702364 38133094 826288460 14858212600 351471396 154 63529800 383147884
======================
   8      32 sdc 2796508 31507 373574632 29702364 38133744 826288460 14858545912 351613388 144 63530804 383291016
======================
   8      32 sdc 2796508 31507 373574632 29702364 38134373 826288460 14858867448 351755500 155 63531808 383434356
======================
   8      32 sdc 2796508 31507 373574632 29702364 38135043 826288460 14859210488 351900728 157 63532812 383577536
======================
   8      32 sdc 2796509 31507 373574640 29702588 38135679 826288460 14859536120 352027056 151 63533816 383704876
======================
   8      32 sdc 2796509 31507 373574640 29702588 38136321 826288460 14859864824 352170828 149 63534820 383848792
======================
   8      32 sdc 2796509 31507 373574640 29702588 38136963 826288460 14860193528 352317388 147 63535824 383993544
======================
   8      32 sdc 2796509 31507 373574640 29702588 38137600 826288460 14860519672 352457900 150 63536828 384137000
======================
   8      32 sdc 2796509 31507 373574640 29702588 38138091 826288460 14860771064 352599564 155 63537832 384274708
======================
   8      32 sdc 2796509 31507 373574640 29702588 38138753 826288460 14861110008 352740236 133 63538836 384418236
======================
   8      32 sdc 2796509 31507 373574640 29702588 38139395 826288460 14861438712 352883848 131 63539840 384561816
======================
   8      32 sdc 2796509 31507 373574640 29702588 38140060 826288460 14861779192 353028264 138 63540840 384704952
======================
   8      32 sdc 2796509 31507 373574640 29702588 38140731 826288460 14862122744 353170556 139 63541844 384848540
======================
   8      32 sdc 2796509 31507 373574640 29702588 38141363 826288460 14862446328 353313996 147 63542848 384992000
======================
   8      32 sdc 2796509 31507 373574640 29702588 38141992 826288460 14862768376 353461880 158 63543852 385138388
======================
   8      32 sdc 2796509 31507 373574640 29702588 38142663 826288460 14863111928 353605312 138 63544856 385281892
======================
   8      32 sdc 2796510 31507 373574648 29702808 38143317 826288460 14863446776 353731420 148 63545860 385408596
======================
   8      32 sdc 2796510 31507 373574648 29702808 38143987 826288460 14863789816 353874288 150 63546864 385552704
======================
   8      32 sdc 2796510 31507 373574648 29702808 38144632 826288460 14864120056 354018020 145 63547868 385696396
======================
   8      32 sdc 2796510 31507 373574648 29702808 38145256 826288460 14864439544 354161748 129 63548872 385839984
======================
   8      32 sdc 2796510 31507 373574648 29702808 38145773 826288460 14864704248 354307692 156 63549876 385984796
======================
   8      32 sdc 2796510 31507 373574648 29702808 38146426 826288460 14865038584 354450688 143 63550880 386128640
======================
   8      32 sdc 2796510 31507 373574648 29702808 38147044 826288460 14865355000 354597440 133 63551884 386272096
======================
   8      32 sdc 2796510 31507 373574648 29702808 38147725 826288460 14865703672 354738252 156 63552888 386415528
======================
   8      32 sdc 2796510 31507 373574648 29702808 38148387 826288460 14866042616 354881292 134 63553892 386559316
======================
   8      32 sdc 2796510 31507 373574648 29702808 38149029 826288460 14866371320 355024848 132 63554896 386702784
======================
   8      32 sdc 2796510 31507 373574648 29702808 38149671 826288460 14866700024 355168544 130 63555900 386846480
======================
   8      32 sdc 2796510 31507 373574648 29702808 38150312 826288460 14867028216 355311884 129 63556904 386990052
======================
   8      32 sdc 2796511 31507 373574656 29702964 38150890 826288460 14867324152 355444056 153 63557908 387119772
======================
   8      32 sdc 2796511 31507 373574656 29702964 38151555 826288460 14867664632 355585740 128 63558908 387262652
======================
   8      32 sdc 2796511 31507 373574656 29702964 38152194 826288460 14867991800 355728720 129 63559912 387406380
======================
   8      32 sdc 2796511 31507 373574656 29702964 38152836 826288460 14868320504 355872148 141 63560916 387549804
======================
   8      32 sdc 2796511 31507 373574656 29702964 38153494 826288460 14868657400 356012980 141 63561920 387691808
======================
   8      32 sdc 2796511 31507 373574656 29702964 38154130 826288460 14868983032 356156856 145 63562924 387835316
======================
   8      32 sdc 2796511 31507 373574656 29702964 38154757 826288460 14869304056 356301000 158 63563928 387978872
======================
   8      32 sdc 2796511 31507 373574656 29702964 38155433 826288460 14869650168 356445228 154 63564932 388122708
======================
   8      32 sdc 2796511 31507 373574656 29702964 38156109 826288460 14869996280 356588844 150 63565936 388266316
======================
   8      32 sdc 2796511 31507 373574656 29702964 38156766 826288460 14870332664 356735612 133 63566940 388410812
======================
   8      32 sdc 2796511 31507 373574656 29702964 38157424 826288460 14870669560 356875628 147 63567944 388554528
======================
   8      32 sdc 2796511 31507 373574656 29702964 38158049 826288460 14870989560 357019456 130 63568948 388697840
======================
   8      32 sdc 2796512 31507 373574664 29703296 38158696 826288460 14871320824 357140688 151 63569952 388817248
======================
   8      32 sdc 2796512 31507 373574664 29703296 38159368 826288460 14871664888 357282332 151 63570956 388960780
======================
   8      32 sdc 2796512 31507 373574664 29703296 38160002 826288460 14871989496 357424020 157 63571960 389104376
======================
   8      32 sdc 2796512 31507 373574664 29703296 38160660 826288460 14872326392 357569692 139 63572964 389247840
======================
   8      32 sdc 2796512 31507 373574664 29703296 38161158 826288460 14872581368 357711448 153 63573964 389389408
======================
   8      32 sdc 2796512 31507 373574664 29703296 38161800 826288460 14872910072 357854848 151 63574968 389532992
======================
   8      32 sdc 2796512 31507 373574664 29703296 38162442 826288460 14873238776 357998196 149 63575972 389676512
======================
   8      32 sdc 2796512 31507 373574664 29703296 38163076 826288460 14873563384 358139656 155 63576976 389819616
======================
   8      32 sdc 2796512 31507 373574664 29703296 38163738 826288460 14873902328 358285492 133 63577980 389963168
======================
   8      32 sdc 2796512 31507 373574664 29703296 38164402 826288460 14874242296 358428756 141 63578984 390106788
======================
   8      32 sdc 2796512 31507 373574664 29703296 38165050 826288460 14874574072 358571664 133 63579988 390250036
======================
   8      32 sdc 2796512 31507 373574664 29703296 38165692 826288460 14874902776 358715232 131 63580992 390393640
======================
   8      32 sdc 2796513 31507 373574672 29703612 38166327 826288460 14875227896 358838996 145 63581996 390516272
======================
   8      32 sdc 2796513 31507 373574672 29703612 38167005 826288460 14875575032 358980404 139 63583000 390659708
======================
   8      32 sdc 2796513 31507 373574672 29703612 38167629 826288460 14875894520 359123608 155 63584004 390802784
======================
   8      32 sdc 2796513 31507 373574672 29703612 38168271 826288460 14876223224 359268028 153 63585008 390945988
======================
   8      32 sdc 2796513 31507 373574672 29703612 38168930 826288460 14876560632 359414456 134 63586012 391092028
======================
   8      32 sdc 2796513 31507 373574672 29703612 38169605 826288460 14876906232 359557108 131 63587016 391235180
======================
   8      32 sdc 2796513 31507 373574672 29703612 38170245 826288460 14877233912 359699504 131 63588020 391378452
======================
   8      32 sdc 2796513 31507 373574672 29703612 38170869 826288460 14877553400 359842668 147 63589024 391521952
======================
   8      32 sdc 2796513 31507 373574672 29703612 38171540 826288460 14877896952 359987428 148 63590028 391665200
======================
   8      32 sdc 2796513 31507 373574672 29703612 38172207 826288460 14878238456 360132140 153 63591032 391808180
======================
   8      32 sdc 2796513 31507 373574672 29703612 38172850 826288460 14878567672 360272400 150 63592036 391951600
======================
   8      32 sdc 2796513 31507 373574672 29703612 38173503 826288460 14878902008 360416760 137 63593040 392094828
======================
   8      32 sdc 2796514 31507 373574680 29703832 38174146 826288460 14879231224 360542928 133 63594044 392221260
======================
   8      32 sdc 2796514 31507 373574680 29703832 38174792 826288460 14879561976 360685768 128 63595048 392364508
======================
   8      32 sdc 2796514 31507 373574680 29703832 38175419 826288460 14879883000 360825936 140 63596052 392508332
======================
   8      32 sdc 2796514 31507 373574680 29703832 38176075 826288460 14880218872 360972340 156 63597056 392651464
======================
   8      32 sdc 2796514 31507 373574680 29703832 38176725 826288460 14880551672 361116616 146 63598060 392795088
======================
   8      32 sdc 2796514 31507 373574680 29703832 38177389 826288460 14880891640 361259660 154 63599064 392938188
======================
   8      32 sdc 2796514 31507 373574680 29703832 38178032 826288460 14881220856 361402428 151 63600068 393081484
======================
   8      32 sdc 2796514 31507 373574680 29703832 38178681 826288460 14881553144 361542264 142 63601072 393220432
======================
   8      32 sdc 2796514 31507 373574680 29703832 38179351 826288460 14881896184 361685392 144 63602072 393363392
======================
   8      32 sdc 2796514 31507 373574680 29703832 38179997 826288460 14882226936 361827564 138 63603076 393506744
======================
   8      32 sdc 2796514 31507 373574680 29703832 38180621 826288460 14882546424 361969876 154 63604080 393649020
======================
   8      32 sdc 2796514 31507 373574680 29703832 38181277 826288460 14882882296 362114288 138 63605084 393792568
======================
   8      32 sdc 2796515 31507 373574688 29704052 38181925 826288460 14883214072 362240292 130 63606088 393918704
======================
   8      32 sdc 2796515 31507 373574688 29704052 38182602 826288460 14883560696 362384008 157 63607092 394062260
======================
   8      32 sdc 2796515 31507 373574688 29704052 38183265 826288460 14883900152 362530968 134 63608096 394210164
======================
   8      32 sdc 2796515 31507 373574688 29704052 38183889 826288460 14884219640 362673900 150 63609096 394353240
======================
   8      32 sdc 2796515 31507 373574688 29704052 38184543 826288460 14884554488 362818116 136 63610100 394496284
======================
   8      32 sdc 2796515 31507 373574688 29704052 38185204 826288460 14884892920 362960536 147 63611104 394639588
======================
   8      32 sdc 2796515 31507 373574688 29704052 38185844 826288460 14885220600 363104372 147 63612108 394783912
======================
   8      32 sdc 2796515 31507 373574688 29704052 38186502 826288460 14885557496 363248064 129 63613112 394926544
======================
   8      32 sdc 2796515 31507 373574688 29704052 38187167 826288460 14885897976 363391256 136 63614116 395069976
======================
   8      32 sdc 2796515 31507 373574688 29704052 38187812 826288460 14886228216 363533948 131 63615120 395212816
======================
   8      32 sdc 2796515 31507 373574688 29704052 38188454 826288460 14886556920 363676904 129 63616124 395355932
======================
   8      32 sdc 2796515 31507 373574688 29704052 38189084 826288460 14886879480 363818564 22 63617128 395486452
======================
   8      32 sdc 2796516 31507 373574696 29704284 38189712 826288460 14887201016 363945936 153 63618132 395625104
======================
   8      32 sdc 2796516 31507 373574696 29704284 38190377 826288460 14887541496 364089672 128 63619136 395768344
======================
   8      32 sdc 2796516 31507 373574696 29704284 38191031 826288460 14887876344 364233812 146 63620140 395912932
======================
   8      32 sdc 2796516 31507 373574696 29704284 38191661 826288460 14888198904 364376252 156 63621140 396056012
======================
   8      32 sdc 2796516 31507 373574696 29704284 38192337 826288460 14888545016 364521360 153 63622144 396199584
======================
   8      32 sdc 2796516 31507 373574696 29704284 38192975 826288460 14888871672 364666292 154 63623148 396344580
======================
   8      32 sdc 2796516 31507 373574696 29704284 38193600 826288460 14889191672 364809116 137 63624152 396488764
======================
   8      32 sdc 2796516 31507 373574696 29704284 38194269 826288460 14889534200 364953896 140 63625156 396632504
======================
   8      32 sdc 2796516 31507 373574696 29704284 38194946 826288460 14889880824 365097700 135 63626160 396776084
======================
   8      32 sdc 2796516 31507 373574696 29704284 38195629 826288460 14890230520 365242800 156 63627176 396921232
======================
   8      32 sdc 2796516 31507 373574696 29704284 38196278 826288460 14890562808 365385144 147 63628180 397064832
======================
   8      32 sdc 2796517 31507 373574704 29704572 38196876 826288460 14890868984 365515840 139 63629184 397190728
======================
   8      32 sdc 2796517 31507 373574704 29704572 38197540 826288460 14891208952 365655376 147 63630188 397334128
======================
   8      32 sdc 2796517 31507 373574704 29704572 38198216 826288460 14891555576 365798660 143 63631192 397477752
======================
   8      32 sdc 2796517 31507 373574704 29704572 38198854 826288460 14891881720 365941268 145 63632196 397621208
======================
   8      32 sdc 2796517 31507 373574704 29704572 38199358 826288460 14892139768 366076764 153 63633200 397761504
======================
   8      32 sdc 2796517 31507 373574704 29704572 38200022 826288460 14892479736 366225608 129 63634204 397904796
======================
   8      32 sdc 2796517 31507 373574704 29704572 38200666 826288460 14892809464 366368984 157 63635208 398048068
======================
   8      32 sdc 2796517 31507 373574704 29704572 38201308 826288460 14893138168 366511872 155 63636216 398192160
======================
   8      32 sdc 2796517 31507 373574704 29704572 38201944 826288460 14893463800 366654016 129 63637224 398336028
======================
   8      32 sdc 2796517 31507 373574704 29704572 38202599 826288460 14893799160 366796524 144 63638228 398477048
======================
   8      32 sdc 2796517 31507 373574704 29704572 38203258 826288460 14894136568 366939780 157 63639232 398620436
======================
   8      32 sdc 2796517 31507 373574704 29704572 38203909 826288460 14894469880 367080252 146 63640232 398761404
======================
   8      32 sdc 2796518 31507 373574712 29704800 38204530 826288460 14894787832 367211836 136 63641236 398890820
======================
   8      32 sdc 2796518 31507 373574712 29704800 38205195 826288460 14895128312 367353368 143 63642240 399034444
======================
   8      32 sdc 2796518 31507 373574712 29704800 38205871 826288460 14895474424 367496920 139 63643244 399178100
======================
   8      32 sdc 2796518 31507 373574712 29704800 38206494 826288460 14895793400 367639276 156 63644248 399321508
======================
   8      32 sdc 2796518 31507 373574712 29704800 38206986 826288460 14896045304 367780648 144 63645248 399462776
======================
   8      32 sdc 2796518 31507 373574712 29704800 38207656 826288460 14896388344 367925692 146 63646252 399606584
======================
   8      32 sdc 2796518 31507 373574712 29704800 38208316 826288460 14896726264 368067956 158 63647256 399750092
======================
   8      32 sdc 2796518 31507 373574712 29704800 38208977 826288460 14897064696 368211592 137 63648260 399893868
======================
   8      32 sdc 2796518 31507 373574712 29704800 38209602 826288460 14897384696 368355364 152 63649264 400037452
======================
   8      32 sdc 2796518 31507 373574712 29704800 38210254 826288460 14897718520 368502636 140 63650268 400183668
======================
   8      32 sdc 2796518 31507 373574712 29704800 38210930 826288460 14898064632 368646092 136 63651268 400326712
======================
   8      32 sdc 2796518 31507 373574712 29704800 38211571 826288460 14898392824 368787168 135 63652272 400470036
======================
   8      32 sdc 2796519 31507 373574720 29705032 38212199 826288460 14898714360 368918160 149 63653276 400598620
======================
   8      32 sdc 2796519 31507 373574720 29705032 38212863 826288460 14899054328 369060892 157 63654280 400742004
======================
   8      32 sdc 2796519 31507 373574720 29705032 38213522 826288460 14899391736 369205172 138 63655284 400886680
======================
   8      32 sdc 2796519 31507 373574720 29705032 38214164 826288460 14899720440 369348136 136 63656288 401030088
======================
   8      32 sdc 2796519 31507 373574720 29705032 38214784 826288460 14900037880 369490368 156 63657292 401173580
======================
   8      32 sdc 2796519 31507 373574720 29705032 38215440 826288460 14900374264 369635336 140 63658296 401317108
======================
   8      32 sdc 2796519 31507 373574720 29705032 38216100 826288460 14900711672 369779028 152 63659296 401460032
======================
   8      32 sdc 2796519 31507 373574720 29705032 38216750 826288460 14901044472 369922016 142 63660300 401603776
======================
   8      32 sdc 2796519 31507 373574720 29705032 38217387 826288460 14901370616 370064668 145 63661304 401746300
======================
   8      32 sdc 2796519 31507 373574720 29705032 38218051 826288460 14901710584 370207344 153 63662308 401889776
======================
   8      32 sdc 2796519 31507 373574720 29705032 38218726 826288460 14902056184 370351072 150 63663312 402033264
======================
   8      32 sdc 2796519 31507 373574720 29705032 38219350 826288460 14902375672 370494256 134 63664316 402176664
======================
   8      32 sdc 2796520 31507 373574728 29705484 38219820 826288460 14902616312 370605732 145 63665316 402280560
======================
   8      32 sdc 2796520 31507 373574728 29705484 38220494 826288460 14902961400 370745320 143 63666320 402424492
======================
   8      32 sdc 2796520 31507 373574728 29705484 38221161 826288460 14903302904 370885372 148 63667324 402568176
======================
   8      32 sdc 2796520 31507 373574728 29705484 38221843 826288460 14903652088 371030068 138 63668328 402711520
======================
   8      32 sdc 2796520 31507 373574728 29705484 38222468 826288460 14903972088 371171928 153 63669332 402854828
======================
   8      32 sdc 2796520 31507 373574728 29705484 38223125 826288460 14904308472 371316656 136 63670336 402998364
======================
   8      32 sdc 2796520 31507 373574728 29705484 38223804 826288460 14904656120 371460272 129 63671344 403141684
======================
   8      32 sdc 2796520 31507 373574728 29705484 38224441 826288460 14904982264 371601172 132 63672344 403284732
======================
   8      32 sdc 2796520 31507 373574728 29705484 38225094 826288460 14905316600 371746744 151 63673348 403428240
======================
   8      32 sdc 2796520 31507 373574728 29705484 38225752 826288460 14905654008 371889708 133 63674352 403571124
======================
   8      32 sdc 2796520 31507 373574728 29705484 38226409 826288460 14905989880 372032496 148 63675360 403715336
======================
   8      32 sdc 2796520 31507 373574728 29705484 38227051 826288460 14906318584 372177448 146 63676364 403860352
======================
   8      32 sdc 2796521 31507 373574736 29705712 38227664 826288460 14906632440 372304228 140 63677368 403989100
======================
   8      32 sdc 2796521 31507 373574736 29705712 38228313 826288460 14906964728 372449512 131 63678372 404132720
======================
   8      32 sdc 2796521 31507 373574736 29705712 38228972 826288460 14907302136 372593584 144 63679376 404276300
======================
   8      32 sdc 2796521 31507 373574736 29705712 38229636 826288460 14907642104 372736840 152 63680376 404419112
======================
   8      32 sdc 2796521 31507 373574736 29705712 38230124 826288460 14907891960 372881812 144 63681380 404563996
======================
   8      32 sdc 2796521 31507 373574736 29705712 38230787 826288460 14908231416 373024532 153 63682384 404707504
======================
   8      32 sdc 2796521 31507 373574736 29705712 38231466 826288460 14908579064 373168528 146 63683384 404850424
======================
   8      32 sdc 2796521 31507 373574736 29705712 38232089 826288460 14908898040 373310668 131 63684388 404993900
======================
   8      32 sdc 2796521 31507 373574736 29705712 38232721 826288460 14909221624 373455224 139 63685392 405137500
======================
   8      32 sdc 2796521 31507 373574736 29705712 38233375 826288460 14909556472 373601896 157 63686396 405280492
======================
   8      32 sdc 2796521 31507 373574736 29705712 38234070 826288460 14909912312 373741176 134 63687400 405424040
======================
   8      32 sdc 2796521 31507 373574736 29705712 38234750 826288460 14910260472 373885516 155 63688404 405567488
======================
   8      32 sdc 2796522 31507 373574744 29705948 38235357 826288460 14910571256 374011912 128 63689408 405695504
======================
   8      32 sdc 2796522 31507 373574744 29705948 38235982 826288460 14910891256 374155592 143 63690412 405839488
======================
   8      32 sdc 2796522 31507 373574744 29705948 38236654 826288460 14911235320 374300152 143 63691416 405982848
======================
   8      32 sdc 2796522 31507 373574744 29705948 38237319 826288460 14911575800 374440692 150 63692416 406124388
======================
   8      32 sdc 2796522 31507 373574744 29705948 38237952 826288460 14911899896 374585208 145 63693420 406267596
======================
   8      32 sdc 2796522 31507 373574744 29705948 38238616 826288460 14912240376 374728332 133 63694424 406410996
======================
   8      32 sdc 2796522 31507 373574744 29705948 38239271 826288460 14912575224 374871264 150 63695428 406554752
======================
   8      32 sdc 2796522 31507 373574744 29705948 38239913 826288460 14912903928 375014852 148 63696432 406698372
======================
   8      32 sdc 2796522 31507 373574744 29705948 38240547 826288460 14913228536 375158804 154 63697432 406841628
======================
   8      32 sdc 2796522 31507 373574744 29705948 38241191 826288460 14913558264 375302020 150 63698436 406985204
======================
   8      32 sdc 2796522 31507 373574744 29705948 38241852 826288460 14913896696 375446132 129 63699440 407128440
======================
   8      32 sdc 2796522 31507 373574744 29705948 38242515 826288460 14914236152 375588980 138 63700444 407272124
======================
   8      32 sdc 2796523 31507 373574752 29706176 38243136 826288460 14914554104 375716980 157 63701448 407400340
======================
   8      32 sdc 2796523 31507 373574752 29706176 38243771 826288460 14914879224 375862740 130 63702452 407542704
======================
   8      32 sdc 2796523 31507 373574752 29706176 38244450 826288460 14915226872 376004172 155 63703452 407686240
======================
   8      32 sdc 2796523 31507 373574752 29706176 38245100 826288460 14915559672 376146088 145 63704456 407829916
======================
   8      32 sdc 2796523 31507 373574752 29706176 38245733 826288460 14915883768 376288804 152 63705460 407971156
======================
   8      32 sdc 2796523 31507 373574752 29706176 38246409 826288460 14916229880 376432200 148 63706464 408114844
======================
   8      32 sdc 2796523 31507 373574752 29706176 38247082 826288460 14916574456 376574992 147 63707468 408258184
======================
   8      32 sdc 2796523 31507 373574752 29706176 38247755 826288460 14916919032 376717848 146 63708472 408401668
======================
   8      32 sdc 2796523 31507 373574752 29706176 38248379 826288460 14917238520 376861268 130 63709476 408545296
======================
   8      32 sdc 2796523 31507 373574752 29706176 38249016 826288460 14917564664 377006820 133 63710476 408688740
======================
   8      32 sdc 2796523 31507 373574752 29706176 38249687 826288460 14917908216 377150124 134 63711480 408832584
======================
   8      32 sdc 2796523 31507 373574752 29706176 38250342 826288460 14918243576 377292216 151 63712484 408976268
======================
   8      32 sdc 2796524 31507 373574760 29706400 38250966 826288460 14918563064 377421732 134 63713488 409105152
======================
   8      32 sdc 2796524 31507 373574760 29706400 38251624 826288460 14918899960 377565752 148 63714492 409248760
======================
   8      32 sdc 2796524 31507 373574760 29706400 38252288 826288460 14919239928 377709216 156 63715496 409392232
======================
   8      32 sdc 2796524 31507 373574760 29706400 38252932 826288460 14919569656 377855948 152 63716500 409539080
======================
   8      32 sdc 2796524 31507 373574760 29706400 38253555 826288460 14919888632 377998160 137 63717504 409682520
======================
   8      32 sdc 2796524 31507 373574760 29706400 38254197 826288460 14920217336 378145928 135 63718508 409829092
======================
   8      32 sdc 2796524 31507 373574760 29706400 38254861 826288460 14920557304 378289216 143 63719512 409972688
======================
   8      32 sdc 2796524 31507 373574760 29706400 38255518 826288460 14920893688 378432192 147 63720512 410115316
======================
   8      32 sdc 2796524 31507 373574760 29706400 38256150 826288460 14921217272 378574944 134 63721520 410259404
======================
   8      32 sdc 2796524 31507 373574760 29706400 38256809 826288460 14921554680 378719388 147 63722524 410403208
======================
   8      32 sdc 2796524 31507 373574760 29706400 38257489 826288460 14921902840 378862936 139 63723528 410545832
======================
   8      32 sdc 2796524 31507 373574760 29706400 38258120 826288460 14922225912 379005144 42 63724532 410681016
======================
   8      32 sdc 2796525 31507 373574768 29706848 38258589 826288460 14922466040 379108896 130 63725536 410793440
======================
   8      32 sdc 2796525 31507 373574768 29706848 38259253 826288460 14922806008 379253472 138 63726540 410936960
======================
   8      32 sdc 2796525 31507 373574768 29706848 38259925 826288460 14923150072 379395816 138 63727540 411079528
======================
   8      32 sdc 2796525 31507 373574768 29706848 38260599 826288460 14923495160 379542452 136 63728544 411223156
======================
   8      32 sdc 2796525 31507 373574768 29706848 38261216 826288460 14923811064 379682052 145 63729548 411366424
======================
   8      32 sdc 2796525 31507 373574768 29706848 38261863 826288460 14924142328 379826644 152 63730552 411509952
======================
   8      32 sdc 2796525 31507 373574768 29706848 38262531 826288460 14924484344 379969880 156 63731556 411653352
======================
   8      32 sdc 2796525 31507 373574768 29706848 38263175 826288460 14924814072 380111948 152 63732560 411796864
======================
   8      32 sdc 2796525 31507 373574768 29706848 38263820 826288460 14925144312 380256244 147 63733560 411939588
======================
   8      32 sdc 2796525 31507 373574768 29706848 38264482 826288460 14925483256 380398680 157 63734564 412082276
======================
   8      32 sdc 2796525 31507 373574768 29706848 38265137 826288460 14925818616 380542780 142 63735568 412226744
======================
   8      32 sdc 2796525 31507 373574768 29706848 38265776 826288460 14926145784 380685884 34 63736572 412360772
======================
   8      32 sdc 2796525 31507 373574768 29706848 38265780 826288460 14926147832 380686808 30 63737576 412390904
======================
   8      32 sdc 2796526 31507 373574776 29708720 38266889 826288460 14926715640 380771376 143 63738580 412454868
======================
   8      32 sdc 2796526 31507 373574776 29708720 38267545 826288460 14927051512 380912308 159 63739584 412598008
======================
   8      32 sdc 2796526 31507 373574776 29708720 38268206 826288460 14927389944 381055796 138 63740588 412741348
======================
   8      32 sdc 2796526 31507 373574776 29708720 38268839 826288460 14927714040 381198128 145 63741588 412883772
======================
   8      32 sdc 2796526 31507 373574776 29708720 38269508 826288460 14928056568 381341272 148 63742592 413027064
======================
   8      32 sdc 2796526 31507 373574776 29708720 38270177 826288460 14928399096 381484408 151 63743596 413170792
======================
   8      32 sdc 2796526 31507 373574776 29708720 38270801 826288460 14928718584 381627668 135 63744600 413314096
======================
   8      32 sdc 2796526 31507 373574776 29708720 38271443 826288460 14929047288 381771836 133 63745604 413456916
======================
   8      32 sdc 2796526 31507 373574776 29708720 38272114 826288460 14929390840 381915100 134 63746608 413600248
======================
   8      32 sdc 2796526 31507 373574776 29708720 38272781 826288460 14929732344 382057588 139 63747612 413743584
======================
   8      32 sdc 2796526 31507 373574776 29708720 38273439 826288460 14930069240 382198268 51 63748616 413878364
======================
   8      32 sdc 2796527 31507 373574784 29709132 38273924 826288460 14930317560 382312840 134 63749620 414000036
======================
   8      32 sdc 2796527 31507 373574784 29709132 38274546 826288460 14930636024 382459088 152 63750624 414144256
======================
   8      32 sdc 2796527 31507 373574784 29709132 38275220 826288460 14930981112 382601952 150 63751628 414287576
======================
   8      32 sdc 2796527 31507 373574784 29709132 38275886 826288460 14931322104 382743724 156 63752628 414430536
======================
   8      32 sdc 2796527 31507 373574784 29709132 38276518 826288460 14931645688 382888600 132 63753632 414574204
======================
   8      32 sdc 2796527 31507 373574784 29709132 38277177 826288460 14931983096 383031392 145 63754636 414717300
======================
   8      32 sdc 2796527 31507 373574784 29709132 38277823 826288460 14932313848 383177364 139 63755640 414860808
======================
   8      32 sdc 2796527 31507 373574784 29709132 38278470 826288460 14932645112 383318420 132 63756644 415004848
======================
   8      32 sdc 2796527 31507 373574784 29709132 38279112 826288460 14932973816 383461820 130 63757648 415148056
======================
   8      32 sdc 2796527 31507 373574784 29709132 38279754 826288460 14933302520 383605420 128 63758652 415291764
======================
   8      32 sdc 2796527 31507 373574784 29709132 38280413 826288460 14933639928 383749316 141 63759652 415435144
======================
   8      32 sdc 2796527 31507 373574784 29709132 38281078 826288460 14933980408 383892812 92 63760656 415576504
======================
   8      32 sdc 2796528 31507 373574792 29709576 38281556 826288460 14934225144 383989360 151 63761660 415676928
======================
   8      32 sdc 2796528 31507 373574792 29709576 38282196 826288460 14934552824 384132928 151 63762664 415819780
======================
   8      32 sdc 2796528 31507 373574792 29709576 38282871 826288460 14934898424 384277288 148 63763668 415963316
======================
   8      32 sdc 2796528 31507 373574792 29709576 38283534 826288460 14935237880 384419348 157 63764672 416106700
======================
   8      32 sdc 2796528 31507 373574792 29709576 38284153 826288460 14935554808 384564036 146 63765676 416250388
======================
   8      32 sdc 2796528 31507 373574792 29709576 38284826 826288460 14935899384 384706712 145 63766676 416393248
======================
   8      32 sdc 2796528 31507 373574792 29709576 38285505 826288460 14936247032 384856348 139 63767680 416537788
======================
   8      32 sdc 2796528 31507 373574792 29709576 38286181 826288460 14936593144 384995344 135 63768684 416681336
======================
   8      32 sdc 2796528 31507 373574792 29709576 38286813 826288460 14936916728 385137444 143 63769688 416824836
======================
   8      32 sdc 2796528 31507 373574792 29709576 38287437 826288460 14937236216 385280996 140 63770692 416968180
======================
   8      32 sdc 2796528 31507 373574792 29709576 38288110 826288460 14937580792 385424908 158 63771696 417111584
======================
   8      32 sdc 2796528 31507 373574792 29709576 38288779 826288460 14937923320 385569512 71 63772700 417251484
======================
   8      32 sdc 2796529 31507 373574800 29709800 38289400 826288460 14938241272 385693184 148 63773700 417380040
======================
   8      32 sdc 2796529 31507 373574800 29709800 38290047 826288460 14938572536 385837236 141 63774704 417523440
======================
   8      32 sdc 2796529 31507 373574800 29709800 38290703 826288460 14938908408 385979656 157 63775708 417666124
======================
   8      32 sdc 2796529 31507 373574800 29709800 38291325 826288460 14939226872 386118784 143 63776712 417810196
======================
   8      32 sdc 2796529 31507 373574800 29709800 38291970 826288460 14939557112 386266632 138 63777716 417953696
======================
   8      32 sdc 2796529 31507 373574800 29709800 38292619 826288460 14939889400 386410580 129 63778720 418097016
======================
   8      32 sdc 2796529 31507 373574800 29709800 38293284 826288460 14940229880 386553756 136 63779724 418240376
======================
   8      32 sdc 2796529 31507 373574800 29709800 38293930 826288460 14940560632 386695884 132 63780728 418382132
======================
   8      32 sdc 2796529 31507 373574800 29709800 38294570 826288460 14940888312 386837952 132 63781728 418525188
======================
   8      32 sdc 2796529 31507 373574800 29709800 38295235 826288460 14941228792 386982688 139 63782732 418668728
======================
   8      32 sdc 2796529 31507 373574800 29709800 38295908 826288460 14941573368 387125452 138 63783736 418812076
======================
   8      32 sdc 2796529 31507 373574800 29709800 38296515 826288460 14941884152 387264072 15 63784740 418938812
======================
   8      32 sdc 2796530 31507 373574808 29710036 38297126 826288460 14942196984 387395080 137 63785744 419078160
======================
   8      32 sdc 2796530 31507 373574808 29710036 38297818 826288460 14942551288 387534408 149 63786748 419221868
======================
   8      32 sdc 2796530 31507 373574808 29710036 38298497 826288460 14942898936 387678036 142 63787752 419365096
======================
   8      32 sdc 2796530 31507 373574808 29710036 38299147 826288460 14943231736 387820708 132 63788756 419508504
======================
   8      32 sdc 2796530 31507 373574808 29710036 38299771 826288460 14943551224 387963356 148 63789756 419651352
======================
   8      32 sdc 2796530 31507 373574808 29710036 38300433 826288460 14943890168 388107952 144 63790760 419794312
======================
   8      32 sdc 2796530 31507 373574808 29710036 38301107 826288460 14944235256 388250668 156 63791764 419937632
======================
   8      32 sdc 2796530 31507 373574808 29710036 38301750 826288460 14944564472 388392936 153 63792768 420080560
======================
   8      32 sdc 2796530 31507 373574808 29710036 38302398 826288460 14944896248 388536892 145 63793772 420224000
======================
   8      32 sdc 2796530 31507 373574808 29710036 38303062 826288460 14945236216 388680144 153 63794776 420367244
======================
   8      32 sdc 2796530 31507 373574808 29710036 38303716 826288460 14945571064 388823596 139 63795780 420511448
======================
   8      32 sdc 2796531 31507 373574816 29710264 38304335 826288460 14945887992 388947060 132 63796784 420635320
======================
   8      32 sdc 2796531 31507 373574816 29710264 38304973 826288460 14946214648 389090384 134 63797784 420778088
======================
   8      32 sdc 2796531 31507 373574816 29710264 38305610 826288460 14946540792 389234092 137 63798788 420921836
======================
   8      32 sdc 2796531 31507 373574816 29710264 38306270 826288460 14946878712 389378220 149 63799792 421065692
======================
   8      32 sdc 2796531 31507 373574816 29710264 38306779 826288460 14947139320 389521024 152 63800796 421209392
======================
   8      32 sdc 2796531 31507 373574816 29710264 38307419 826288460 14947467000 389664196 152 63801800 421352588
======================
   8      32 sdc 2796531 31507 373574816 29710264 38308090 826288460 14947810552 389809060 153 63802804 421496268
======================
   8      32 sdc 2796531 31507 373574816 29710264 38308761 826288460 14948154104 389951616 154 63803808 421639776
======================
   8      32 sdc 2796531 31507 373574816 29710264 38309385 826288460 14948473592 390094260 138 63804812 421783148
======================
   8      32 sdc 2796531 31507 373574816 29710264 38310022 826288460 14948799736 390239292 141 63805816 421926856
======================
   8      32 sdc 2796531 31507 373574816 29710264 38310695 826288460 14949144312 390387028 152 63806816 422071988
======================
   8      32 sdc 2796531 31507 373574816 29710264 38311373 826288460 14949491448 390528192 146 63807820 422215604
======================
   8      32 sdc 2796532 31507 373574824 29710488 38312027 826288460 14949826296 390655872 135 63808824 422343360
======================
   8      32 sdc 2796532 31507 373574824 29710488 38312658 826288460 14950149368 390798036 144 63809828 422486928
======================
   8      32 sdc 2796532 31507 373574824 29710488 38313283 826288460 14950469368 390941848 142 63810832 422630272
======================
   8      32 sdc 2796532 31507 373574824 29710488 38313945 826288460 14950808312 391085988 137 63811836 422775396
======================
   8      32 sdc 2796532 31507 373574824 29710488 38314459 826288460 14951071992 391213800 213 63812840 422959620
======================
   8      32 sdc 2796532 31507 373574824 29710488 38315103 826288460 14951401208 391384324 209 63813840 423178264
======================
   8      32 sdc 2796532 31507 373574824 29710488 38315768 826288460 14951741688 391541680 216 63814844 423391012
======================
   8      32 sdc 2796532 31507 373574824 29710488 38316426 826288460 14952078584 391704932 198 63815848 423596772
======================
   8      32 sdc 2796532 31507 373574824 29710488 38317050 826288460 14952398072 391881228 182 63816852 423792352
======================
   8      32 sdc 2796532 31507 373574824 29710488 38317695 826288460 14952728312 392070348 177 63817856 423982228
======================
   8      32 sdc 2796532 31507 373574824 29710488 38318337 826288460 14953057016 392253728 175 63818860 424160816
======================
   8      32 sdc 2796532 31507 373574824 29710488 38318991 826288460 14953391864 392452380 161 63819864 424333504
======================
   8      32 sdc 2796533 31507 373574832 29710608 38319633 826288460 14953720568 392634644 171 63820868 424479452
======================
   8      32 sdc 2796533 31507 373574832 29710608 38320273 826288460 14954048248 392854148 139 63821872 424637932
======================
   8      32 sdc 2796533 31507 373574832 29710608 38320924 826288460 14954381560 393088920 133 63822876 424787056
======================
   8      32 sdc 2796533 31507 373574832 29710608 38321600 826288460 14954727672 393243100 156 63823880 424930604
======================
   8      32 sdc 2796533 31507 373574832 29710608 38322239 826288460 14955054840 393382632 157 63824884 425071108
======================
   8      32 sdc 2796533 31507 373574832 29710608 38322878 826288460 14955382008 393526900 147 63825888 425214224
======================
   8      32 sdc 2796533 31507 373574832 29710608 38323548 826288460 14955725048 393669072 128 63826892 425357720
======================
   8      32 sdc 2796533 31507 373574832 29710608 38324231 826288460 14956074744 393813620 149 63827896 425501264
======================
   8      32 sdc 2796533 31507 373574832 29710608 38324904 826288460 14956419832 393956344 148 63828900 425644664
======================
   8      32 sdc 2796533 31507 373574832 29710608 38325529 826288460 14956739320 394099172 131 63829900 425787496
======================
   8      32 sdc 2796533 31507 373574832 29710608 38326163 826288460 14957063928 394243952 137 63830904 425931144
======================
   8      32 sdc 2796533 31507 373574832 29710608 38326838 826288460 14957409528 394387336 134 63831908 426074780
======================
   8      32 sdc 2796534 31507 373574840 29711096 38327340 826288934 14957666048 394479424 146 63832912 426164836
======================
   8      32 sdc 2796534 31507 373574840 29711096 38327982 826288934 14957994512 394619588 144 63833916 426309132
======================
   8      32 sdc 2796534 31507 373574840 29711096 38328612 826288934 14958317072 394766096 154 63834920 426451296
======================
   8      32 sdc 2796534 31507 373574840 29711096 38329294 826288934 14958666256 394906056 144 63835924 426594988
======================
   8      32 sdc 2796534 31507 373574840 29711096 38329918 826288934 14958985744 395047368 128 63836928 426738348
======================
   8      32 sdc 2796534 31507 373574840 29711096 38330569 826288934 14959319056 395192388 149 63837932 426881980
======================
   8      32 sdc 2796534 31507 373574840 29711096 38331211 826288934 14959647760 395335880 147 63838936 427025556
======================
   8      32 sdc 2796534 31507 373574840 29711096 38331872 826288934 14959986192 395480128 158 63839940 427169040
======================
   8      32 sdc 2796534 31507 373574840 29711096 38332514 826288934 14960314896 395623316 156 63840944 427312196
======================
   8      32 sdc 2796534 31507 373574840 29711096 38333155 826288934 14960643088 395766012 155 63841948 427455692
======================
   8      32 sdc 2796534 31507 373574840 29711096 38333817 826288934 14960982544 395910648 133 63842952 427599484
======================
   8      32 sdc 2796534 31507 373574840 29711096 38334493 826288934 14961328144 396054176 129 63843952 427742476
======================
   8      32 sdc 2796535 31507 373574848 29711400 38335094 826288954 14961634504 396167572 137 63844956 427857020
======================
   8      32 sdc 2796535 31507 373574848 29711400 38335410 826289417 14961773272 396252252 0 63845448 427925872
======================
   8      32 sdc 2796535 31507 373574848 29711400 38335410 826289417 14961773272 396252252 0 63845448 427925872
======================
   8      32 sdc 2796535 31507 373574848 29711400 38335410 826289417 14961773272 396252252 0 63845448 427925872
======================
   8      32 sdc 2796535 31507 373574848 29711400 38335410 826289417 14961773272 396252252 0 63845448 427925872
======================
   8      32 sdc 2796535 31507 373574848 29711400 38335410 826289417 14961773272 396252252 0 63845448 427925872
======================
   8      32 sdc 2796535 31507 373574848 29711400 38335410 826289417 14961773272 396252252 0 63845448 427925872
======================
started
   8      32 sdc 2796776 31507 373576770 29727768 38335425 826289417 14961773328 396252356 0 63846088 427942344
======================
   8      32 sdc 2796776 31507 373576770 29727768 38335425 826289417 14961773328 396252356 0 63846088 427942344
======================
   8      32 sdc 2796896 31507 373606250 29728640 38335425 826289417 14961773328 396252356 1 63846964 427943220
======================
   8      32 sdc 2797027 31507 373639786 29729596 38335425 826289417 14961773328 396252356 1 63847920 427944176
======================
   8      32 sdc 2797154 31507 373672298 29730552 38335425 826289417 14961773328 396252356 1 63848872 427945128
======================
   8      32 sdc 2797280 31507 373704554 29731512 38335425 826289417 14961773328 396252356 1 63849840 427946096
======================
   8      32 sdc 2797410 31507 373737834 29732480 38335425 826289417 14961773328 396252356 1 63850804 427947060
======================
   8      32 sdc 2797530 31507 373768554 29733444 38335425 826289417 14961773328 396252356 1 63851776 427948032
======================
   8      32 sdc 2797659 31507 373801578 29734408 38335428 826289419 14961773368 396252356 1 63852732 427948988
======================
   8      32 sdc 2797782 31507 373833066 29735368 38335428 826289419 14961773368 396252356 1 63853688 427949944
======================
   8      32 sdc 2797913 31507 373866602 29736328 38335428 826289419 14961773368 396252356 1 63854656 427950912
======================
   8      32 sdc 2798035 31507 373897834 29737312 38335428 826289419 14961773368 396252356 1 63855636 427951892
======================
   8      32 sdc 2798162 31507 373930346 29738260 38335428 826289419 14961773368 396252356 1 63856584 427952840
======================
   8      32 sdc 2798288 31507 373962602 29739220 38335428 826289419 14961773368 396252356 1 63857544 427953800
======================
   8      32 sdc 2798390 31507 373988714 29739984 38335428 826289419 14961773368 396252356 1 63858520 427954776
======================
   8      32 sdc 2798513 31507 374020202 29741160 38335428 826289419 14961773368 396252356 1 63859476 427955732
======================
   8      32 sdc 2798643 31507 374053482 29742116 38335428 826289419 14961773368 396252356 1 63860436 427956692
======================
   8      32 sdc 2798776 31507 374087530 29743092 38335428 826289419 14961773368 396252356 1 63861416 427957672
======================
   8      32 sdc 2798905 31507 374120554 29744052 38335428 826289419 14961773368 396252356 1 63862372 427958628
======================
   8      32 sdc 2799036 31507 374154090 29745024 38335428 826289419 14961773368 396252356 1 63863340 427959596
======================
   8      32 sdc 2799166 31507 374187370 29746008 38335428 826289419 14961773368 396252356 1 63864328 427960584
======================
   8      32 sdc 2799306 31507 374223210 29746968 38335428 826289419 14961773368 396252356 1 63865284 427961540
======================
   8      32 sdc 2799430 31507 374254954 29747952 38335428 826289419 14961773368 396252356 1 63866268 427962524
======================
   8      32 sdc 2799565 31507 374289514 29748912 38335428 826289419 14961773368 396252356 1 63867232 427963488
======================
   8      32 sdc 2799707 31507 374325866 29749868 38335428 826289419 14961773368 396252356 1 63868188 427964444
======================
   8      32 sdc 2799834 31507 374358378 29750816 38335428 826289419 14961773368 396252356 1 63869140 427965396
======================
   8      32 sdc 2799968 31507 374392682 29751776 38335428 826289419 14961773368 396252356 1 63870100 427966356
======================
   8      32 sdc 2800099 31507 374426218 29752736 38335430 826289419 14961773384 396252356 1 63871060 427967316
======================
   8      32 sdc 2800235 31507 374461034 29753700 38335430 826289419 14961773384 396252356 1 63872020 427968276
======================
   8      32 sdc 2800364 31507 374494058 29754672 38335430 826289419 14961773384 396252356 1 63872996 427969252
======================
   8      32 sdc 2800463 31507 374519402 29755644 38335430 826289419 14961773384 396252356 1 63873964 427970220
======================
   8      32 sdc 2800605 31507 374555754 29756612 38335430 826289419 14961773384 396252356 1 63874928 427971184
======================
   8      32 sdc 2800749 31507 374592618 29757580 38335430 826289419 14961773384 396252356 1 63875896 427972152
======================
   8      32 sdc 2800877 31507 374625386 29758560 38335430 826289419 14961773384 396252356 1 63876884 427973140
======================
   8      32 sdc 2801006 31507 374658410 29759528 38335430 826289419 14961773384 396252356 1 63877848 427974104
======================
   8      32 sdc 2801138 31507 374692202 29760496 38335430 826289419 14961773384 396252356 1 63878820 427975076
======================
   8      32 sdc 2801270 31507 374725994 29761468 38335430 826289419 14961773384 396252356 1 63879796 427976052
======================
   8      32 sdc 2801396 31507 374758250 29762432 38335430 826289419 14961773384 396252356 1 63880756 427977012
======================
   8      32 sdc 2801526 31507 374791530 29763408 38335430 826289419 14961773384 396252356 1 63881728 427977988
======================
   8      32 sdc 2801660 31507 374825834 29764392 38335430 826289419 14961773384 396252356 1 63882712 427978972
======================
   8      32 sdc 2801784 31507 374857578 29765372 38335430 826289419 14961773384 396252356 1 63883692 427979952
======================
   8      32 sdc 2801911 31507 374890090 29766332 38335430 826289419 14961773384 396252356 1 63884652 427980912
======================
   8      32 sdc 2802043 31507 374923882 29767276 38335430 826289419 14961773384 396252356 1 63885604 427981864
======================
   8      32 sdc 2802174 31507 374957418 29768244 38335430 826289419 14961773384 396252356 1 63886560 427982820
======================
   8      32 sdc 2802307 31507 374991466 29769196 38335430 826289419 14961773384 396252356 1 63887516 427983776
======================
   8      32 sdc 2802434 31507 375023978 29770160 38335430 826289419 14961773384 396252356 1 63888480 427984740
======================
   8      32 sdc 2802567 31507 375058026 29771116 38335430 826289419 14961773384 396252356 1 63889432 427985692
======================
   8      32 sdc 2802697 31507 375091306 29772072 38335430 826289419 14961773384 396252356 1 63890388 427986648
======================
   8      32 sdc 2802833 31507 375126122 29773048 38335430 826289419 14961773384 396252356 1 63891364 427987624
======================
   8      32 sdc 2802964 31507 375159658 29774012 38335430 826289419 14961773384 396252356 1 63892332 427988592
======================
   8      32 sdc 2803095 31507 375193194 29774984 38335430 826289419 14961773384 396252356 1 63893304 427989564
======================
   8      32 sdc 2803231 31507 375228010 29775952 38335430 826289419 14961773384 396252356 1 63894268 427990528
======================
   8      32 sdc 2803358 31507 375260522 29776924 38335430 826289419 14961773384 396252356 1 63895240 427991500
======================
   8      32 sdc 2803492 31507 375294826 29777892 38335430 826289419 14961773384 396252356 1 63896208 427992468
======================
   8      32 sdc 2803622 31507 375328106 29778836 38335430 826289419 14961773384 396252356 1 63897180 427993440
======================
   8      32 sdc 2803761 31507 375363690 29779824 38335430 826289419 14961773384 396252356 1 63898144 427994404
======================
   8      32 sdc 2803891 31507 375396970 29780780 38335430 826289419 14961773384 396252356 1 63899104 427995364
======================
   8      32 sdc 2804023 31507 375430762 29781724 38335430 826289419 14961773384 396252356 1 63900048 427996308
======================
   8      32 sdc 2804155 31507 375464554 29782696 38335430 826289419 14961773384 396252356 1 63901012 427997272
======================
   8      32 sdc 2804285 31507 375497834 29783656 38335430 826289419 14961773384 396252356 1 63901980 427998240
======================
   8      32 sdc 2804418 31507 375531882 29784612 38335430 826289419 14961773384 396252356 1 63902944 427999204
======================
   8      32 sdc 2804555 31507 375566954 29785576 38335430 826289419 14961773384 396252356 1 63903904 428000164
======================
   8      32 sdc 2804664 31507 375594858 29786412 38335430 826289419 14961773384 396252356 0 63904736 428000996
