======================
   8      32 sdc 1635662 12506 233759084 10607688 18046742 432115973 7594019760 155548448 0 31632400 167076832
======================
   8      32 sdc 1635662 12506 233759084 10607688 18046742 432115973 7594019760 155548448 0 31632400 167076832
======================
   8      32 sdc 1635665 12506 233759108 10607752 18046742 432115973 7594019760 155548448 0 31632464 167076896
======================
   8      32 sdc 1635665 12506 233759108 10607752 18046742 432115973 7594019760 155548448 0 31632464 167076896
======================
   8      32 sdc 1635666 12506 233759116 10607772 18047967 432116101 7594646800 155585904 131 31633076 167151456
======================
   8      32 sdc 1635666 12506 233759116 10607772 18048236 432116101 7594784176 155728500 150 31634076 167294976
======================
   8      32 sdc 1635666 12506 233759116 10607772 18048506 432116101 7594921904 155872792 136 31635080 167438716
======================
   8      32 sdc 1635666 12506 233759116 10607772 18048781 432116101 7595062192 156018464 150 31636084 167582660
======================
   8      32 sdc 1635666 12506 233759116 10607772 18049013 432116124 7595179992 156139160 143 31637088 167725936
======================
   8      32 sdc 1635666 12506 233759116 10607772 18049258 432116124 7595304416 156305372 155 31638092 167875744
======================
   8      32 sdc 1635666 12506 233759116 10607772 18049569 432116124 7595463648 156369680 132 31639360 168045340
======================
   8      32 sdc 1635666 12506 233759116 10607772 18050090 432116129 7595723880 156645264 155 31640364 168181520
======================
   8      32 sdc 1635666 12506 233759116 10607772 18051036 432116129 7596207208 156740492 137 31641372 168323444
======================
   8      32 sdc 1635666 12506 233759116 10607772 18051987 432116141 7596692184 156882968 136 31642376 168463548
======================
   8      32 sdc 1635666 12506 233759116 10607772 18052665 432116144 7597037320 157064900 130 31643380 168600276
======================
   8      32 sdc 1635666 12506 233759116 10607772 18053487 432116144 7597457672 157199200 140 31644384 168743116
======================
   8      32 sdc 1635666 12506 233759116 10607772 18054152 432116144 7597797640 157342632 91 31645388 168884616
======================
   8      32 sdc 1635667 12506 233759124 10608156 18054652 432116144 7598053288 157453520 154 31646392 168998272
======================
   8      32 sdc 1635667 12506 233759124 10608156 18055297 432116161 7598382496 157596944 151 31647396 169141904
======================
   8      32 sdc 1635667 12506 233759124 10608156 18055940 432116161 7598711360 157740812 148 31648400 169285684
======================
   8      32 sdc 1635667 12506 233759124 10608156 18056582 432116161 7599039904 157882272 146 31649404 169427352
======================
   8      32 sdc 1635667 12506 233759124 10608156 18057234 432116166 7599371400 158026940 134 31650408 169571392
======================
   8      32 sdc 1635667 12506 233759124 10608156 18057879 432116166 7599701480 158169568 129 31651412 169714448
======================
   8      32 sdc 1635667 12506 233759124 10608156 18058526 432116183 7600031520 158311568 149 31652412 169855648
======================
   8      32 sdc 1635667 12506 233759124 10608156 18059202 432116183 7600377472 158455176 145 31653416 169999348
======================
   8      32 sdc 1635667 12506 233759124 10608156 18059859 432116183 7600713504 158597824 128 31654420 170142832
======================
   8      32 sdc 1635667 12506 233759124 10608156 18060484 432116188 7601033344 158741124 143 31655424 170286492
======================
   8      32 sdc 1635667 12506 233759124 10608156 18061114 432116205 7601354080 158887896 138 31656428 170429936
======================
   8      32 sdc 1635668 12506 233759132 10608196 18061784 432116205 7601696088 159019508 157 31657432 170565276
======================
   8      32 sdc 1635668 12506 233759132 10608196 18062456 432116205 7602040152 159164560 157 31658436 170708844
======================
   8      32 sdc 1635668 12506 233759132 10608196 18063120 432116205 7602379608 159307148 133 31659436 170852476
======================
   8      32 sdc 1635668 12506 233759132 10608196 18063745 432116210 7602699608 159450424 148 31660440 170995828
======================
   8      32 sdc 1635668 12506 233759132 10608196 18064394 432116210 7603029568 159595424 139 31661444 171139472
======================
   8      32 sdc 1635668 12506 233759132 10608196 18065045 432116225 7603362336 159735308 147 31662448 171280312
======================
   8      32 sdc 1635668 12506 233759132 10608196 18065688 432116225 7603691048 159879180 145 31663452 171424208
======================
   8      32 sdc 1635668 12506 233759132 10608196 18066336 432116225 7604022312 160024720 137 31664460 171568844
======================
   8      32 sdc 1635668 12506 233759132 10608196 18066998 432116225 7604361256 160166908 147 31665464 171712196
======================
   8      32 sdc 1635668 12506 233759132 10608196 18067646 432116229 7604692056 160309576 139 31666468 171855936
======================
   8      32 sdc 1635668 12506 233759132 10608196 18068291 432116247 7605020920 160445448 141 31667472 171991232
======================
   8      32 sdc 1635668 12506 233759132 10608196 18068933 432116247 7605349624 160588864 139 31668476 172134704
======================
   8      32 sdc 1635669 12506 233759140 10608244 18069541 432116247 7605660920 160740964 152 31669480 172277468
======================
   8      32 sdc 1635669 12506 233759140 10608244 18070218 432116247 7606007032 160875548 147 31670480 172420484
======================
   8      32 sdc 1635669 12506 233759140 10608244 18070874 432116247 7606342904 161018868 131 31671484 172564088
======================
   8      32 sdc 1635669 12506 233759140 10608244 18071520 432116270 7606671320 161160296 140 31672488 172705872
======================
   8      32 sdc 1635669 12506 233759140 10608244 18072164 432116270 7607000536 161302012 136 31673492 172849456
======================
   8      32 sdc 1635669 12506 233759140 10608244 18072807 432116270 7607329752 161446872 133 31674496 172993180
======================
   8      32 sdc 1635669 12506 233759140 10608244 18073432 432116270 7607649752 161590388 148 31675496 173136184
======================
   8      32 sdc 1635669 12506 233759140 10608244 18074100 432116286 7607991256 161735060 136 31676500 173279504
======================
   8      32 sdc 1635669 12506 233759140 10608244 18074778 432116286 7608337512 161871352 152 31677504 173415936
======================
   8      32 sdc 1635669 12506 233759140 10608244 18075433 432116296 7608670432 162014304 137 31678508 173559712
======================
   8      32 sdc 1635669 12506 233759140 10608244 18076088 432116296 7609005280 162157056 154 31679512 173703212
======================
   8      32 sdc 1635669 12506 233759140 10608244 18076712 432116296 7609324768 162298496 138 31680516 173845992
======================
   8      32 sdc 1635670 12506 233759148 10608340 18077351 432116296 7609651936 162441520 131 31681520 173986692
======================
   8      32 sdc 1635670 12506 233759148 10608340 18078028 432116319 7609998240 162582088 144 31682520 174127420
======================
   8      32 sdc 1635670 12506 233759148 10608340 18078673 432116319 7610327464 162724812 139 31683524 174271004
======================
   8      32 sdc 1635670 12506 233759148 10608340 18079320 432116319 7610658728 162869536 132 31684528 174414708
======================
   8      32 sdc 1635670 12506 233759148 10608340 18079963 432116319 7610987944 163013204 129 31685532 174558332
======================
   8      32 sdc 1635670 12506 233759148 10608340 18080605 432116338 7611316136 163156492 139 31686536 174701964
======================
   8      32 sdc 1635670 12506 233759148 10608340 18081249 432116338 7611645008 163291772 129 31687540 174837416
======================
   8      32 sdc 1635670 12506 233759148 10608340 18081891 432116338 7611973712 163435520 142 31688544 174981156
======================
   8      32 sdc 1635670 12506 233759148 10608340 18082550 432116350 7612306168 163578688 140 31689544 175124288
======================
   8      32 sdc 1635670 12506 233759148 10608340 18083217 432116350 7612647672 163723924 145 31690548 175265832
======================
   8      32 sdc 1635670 12506 233759148 10608340 18083866 432116369 7612979960 163862516 137 31691552 175409356
======================
   8      32 sdc 1635670 12506 233759148 10608340 18084511 432116369 7613308832 164005980 135 31692556 175551052
======================
   8      32 sdc 1635671 12506 233759156 10608480 18085156 432116369 7613639072 164145148 140 31693560 175691156
======================
   8      32 sdc 1635671 12506 233759156 10608480 18085821 432116369 7613979552 164287736 147 31694564 175834688
======================
   8      32 sdc 1635671 12506 233759156 10608480 18086441 432116369 7614296992 164434632 135 31695564 175978644
======================
   8      32 sdc 1635671 12506 233759156 10608480 18087107 432116388 7614637632 164577484 137 31696568 176122252
======================
   8      32 sdc 1635671 12506 233759156 10608480 18087769 432116388 7614975720 164721452 156 31697572 176266068
======================
   8      32 sdc 1635671 12506 233759156 10608480 18088438 432116398 7615316296 164864152 95 31698576 176408456
======================
   8      32 sdc 1635671 12506 233759156 10608480 18089062 432116398 7615633784 165003216 135 31699580 176550320
======================
   8      32 sdc 1635671 12506 233759156 10608480 18089707 432116398 7615964024 165149000 130 31700584 176694088
======================
   8      32 sdc 1635671 12506 233759156 10608480 18090385 432116415 7616311160 165292468 133 31701588 176837336
======================
   8      32 sdc 1635671 12506 233759156 10608480 18091034 432116415 7616643080 165431780 146 31702592 176977736
======================
   8      32 sdc 1635671 12506 233759156 10608480 18091670 432116415 7616968208 165576016 151 31703596 177121508
======================
   8      32 sdc 1635671 12506 233759156 10608480 18092330 432116415 7617306128 165718672 131 31704600 177264984
======================
   8      32 sdc 1635672 12506 233759164 10608572 18092969 432116415 7617633296 165859600 143 31705604 177405932
======================
   8      32 sdc 1635672 12506 233759164 10608572 18093606 432116435 7617959440 166002932 146 31706604 177548696
======================
   8      32 sdc 1635672 12506 233759164 10608572 18094256 432116453 7618288008 166139888 144 31707608 177687432
======================
   8      32 sdc 1635672 12506 233759164 10608572 18094898 432116453 7618616712 166285376 142 31708612 177831324
======================
   8      32 sdc 1635672 12506 233759164 10608572 18095388 432116453 7618867592 166430156 132 31709616 177976332
======================
   8      32 sdc 1635672 12506 233759164 10608572 18096045 432116453 7619203976 166573932 147 31710620 178120248
======================
   8      32 sdc 1635672 12506 233759164 10608572 18096677 432116470 7619527560 166717576 156 31711624 178263576
======================
   8      32 sdc 1635672 12506 233759164 10608572 18097344 432116470 7619868192 166856664 134 31712624 178401520
======================
   8      32 sdc 1635672 12506 233759164 10608572 18098020 432116470 7620214304 166999668 130 31713628 178545036
======================
   8      32 sdc 1635672 12506 233759164 10608572 18098641 432116470 7620532256 167141464 149 31714632 178688804
======================
   8      32 sdc 1635672 12506 233759164 10608572 18099275 432116470 7620856864 167286964 155 31715636 178832560
======================
   8      32 sdc 1635672 12506 233759164 10608572 18099948 432116493 7621199968 167430668 154 31716640 178975952
======================
   8      32 sdc 1635673 12506 233759172 10608688 18100608 432116493 7621537528 167568368 152 31717644 179114716
======================
   8      32 sdc 1635673 12506 233759172 10608688 18101285 432116493 7621883648 167712928 147 31718644 179258036
======================
   8      32 sdc 1635673 12506 233759172 10608688 18101917 432116493 7622207232 167854188 155 31719648 179401608
======================
   8      32 sdc 1635673 12506 233759172 10608688 18102545 432116493 7622528768 167998212 135 31720652 179545412
======================
   8      32 sdc 1635673 12506 233759172 10608688 18103064 432116511 7622794496 168141052 140 31721656 179685528
======================
   8      32 sdc 1635673 12506 233759172 10608688 18103725 432116525 7623128144 168278028 128 31722660 179823860
======================
   8      32 sdc 1635673 12506 233759172 10608688 18104367 432116525 7623456848 168421632 158 31723664 179967664
======================
   8      32 sdc 1635673 12506 233759172 10608688 18105028 432116525 7623795280 168565344 137 31724664 180110892
======================
   8      32 sdc 1635673 12506 233759172 10608688 18105690 432116525 7624134224 168708388 147 31725668 180254436
======================
   8      32 sdc 1635673 12506 233759172 10608688 18106327 432116542 7624460368 168851944 139 31726672 180398180
======================
   8      32 sdc 1635673 12506 233759172 10608688 18106976 432116542 7624791784 168995440 136 31727676 180541424
======================
   8      32 sdc 1635673 12506 233759172 10608688 18107618 432116542 7625120488 169138892 134 31728680 180684880
======================
   8      32 sdc 1635674 12506 233759180 10608772 18108250 432116542 7625444072 169281032 143 31729684 180826860
======================
   8      32 sdc 1635674 12506 233759180 10608772 18108909 432116542 7625781480 169423928 156 31730688 180969808
======================
   8      32 sdc 1635674 12506 233759180 10608772 18109541 432116550 7626104624 169565860 132 31731688 181112932
======================
   8      32 sdc 1635674 12506 233759180 10608772 18110189 432116571 7626435560 169707872 148 31732692 181254332
======================
   8      32 sdc 1635674 12506 233759180 10608772 18110719 432116571 7626706920 169849636 131 31733696 181394972
======================
   8      32 sdc 1635674 12506 233759180 10608772 18111352 432116571 7627031016 169991868 137 31734700 181538660
======================
   8      32 sdc 1635674 12506 233759180 10608772 18111976 432116571 7627350504 170135308 153 31735704 181682180
======================
   8      32 sdc 1635674 12506 233759180 10608772 18112639 432116586 7627689960 170278876 131 31736704 181824764
======================
   8      32 sdc 1635674 12506 233759180 10608772 18113325 432116600 7628036392 170415788 148 31737708 181960496
======================
   8      32 sdc 1635674 12506 233759180 10608772 18114001 432116600 7628382504 170559004 144 31738712 182104212
======================
   8      32 sdc 1635674 12506 233759180 10608772 18114645 432116600 7628712232 170701312 140 31739716 182247812
======================
   8      32 sdc 1635674 12506 233759180 10608772 18115269 432116600 7629031720 170845768 156 31740720 182392240
======================
   8      32 sdc 1635675 12506 233759188 10608884 18115904 432116619 7629356840 170985888 129 31741724 182532356
======================
   8      32 sdc 1635675 12506 233759188 10608884 18116587 432116619 7629705680 171129112 153 31742728 182674852
======================
   8      32 sdc 1635675 12506 233759188 10608884 18117229 432116619 7630034384 171271124 151 31743728 182817624
======================
   8      32 sdc 1635675 12506 233759188 10608884 18117870 432116619 7630362576 171415456 150 31744732 182961672
======================
   8      32 sdc 1635675 12506 233759188 10608884 18118514 432116619 7630692304 171559536 146 31745736 183105984
======================
   8      32 sdc 1635675 12506 233759188 10608884 18119152 432116643 7631018512 171702016 135 31746740 183249312
======================
   8      32 sdc 1635675 12506 233759188 10608884 18119803 432116643 7631349944 171839860 142 31747744 183386468
======================
   8      32 sdc 1635675 12506 233759188 10608884 18120446 432116643 7631678656 171983556 140 31748748 183530104
======================
   8      32 sdc 1635675 12506 233759188 10608884 18121101 432116643 7632014016 172127544 157 31749748 183673016
======================
   8      32 sdc 1635675 12506 233759188 10608884 18121760 432116643 7632351424 172272808 138 31750752 183817892
======================
   8      32 sdc 1635675 12506 233759188 10608884 18122399 432116660 7632678592 172413896 138 31751756 183961772
======================
   8      32 sdc 1635675 12506 233759188 10608884 18123044 432116660 7633007960 172558620 152 31752760 184105104
======================
   8      32 sdc 1635675 12506 233759188 10608884 18123281 432116672 7633126880 172606808 47 31753764 184172300
======================
   8      32 sdc 1635676 12506 233759196 10610376 18124354 432116672 7633676256 172696952 134 31754764 184243604
======================
   8      32 sdc 1635676 12506 233759196 10610376 18124978 432116672 7633995744 172839152 150 31755772 184387808
======================
   8      32 sdc 1635676 12506 233759196 10610376 18125622 432116691 7634325120 172983360 147 31756776 184531336
======================
   8      32 sdc 1635676 12506 233759196 10610376 18126141 432116691 7634590848 173128032 140 31757780 184675648
======================
   8      32 sdc 1635676 12506 233759196 10610376 18126813 432116691 7634934408 173271804 141 31758784 184819516
======================
   8      32 sdc 1635676 12506 233759196 10610376 18127454 432116691 7635262600 173414328 140 31759788 184963220
======================
   8      32 sdc 1635676 12506 233759196 10610376 18128078 432116691 7635582088 173557952 156 31760792 185106776
======================
   8      32 sdc 1635676 12506 233759196 10610376 18128742 432116712 7635920568 173702568 114 31761796 185249780
======================
   8      32 sdc 1635676 12506 233759196 10610376 18129423 432116712 7636266864 173842504 136 31762796 185389752
======================
   8      32 sdc 1635676 12506 233759196 10610376 18130065 432116712 7636595568 173985148 134 31763800 185533084
======================
   8      32 sdc 1635676 12506 233759196 10610376 18130711 432116712 7636926320 174129148 128 31764804 185676684
======================
   8      32 sdc 1635677 12506 233759204 10610576 18131354 432116712 7637255536 174257232 138 31765808 185805160
======================
   8      32 sdc 1635677 12506 233759204 10610576 18132005 432116732 7637588504 174400072 128 31766812 185947984
======================
   8      32 sdc 1635677 12506 233759204 10610576 18132648 432116746 7637917216 174543936 139 31767816 186092124
======================
   8      32 sdc 1635677 12506 233759204 10610576 18133297 432116746 7638245584 174686496 152 31768820 186235200
======================
   8      32 sdc 1635677 12506 233759204 10610576 18133936 432116746 7638572752 174830296 153 31769824 186378524
======================
   8      32 sdc 1635677 12506 233759204 10610576 18134601 432116746 7638913232 174974256 128 31770828 186522068
======================
   8      32 sdc 1635677 12506 233759204 10610576 18135248 432116765 7639244496 175116132 100 31771832 186664248
======================
   8      32 sdc 1635677 12506 233759204 10610576 18135891 432116765 7639572856 175257400 153 31772832 186805748
======================
   8      32 sdc 1635677 12506 233759204 10610576 18136568 432116765 7639919480 175401588 148 31773836 186949328
======================
   8      32 sdc 1635677 12506 233759204 10610576 18137228 432116765 7640257400 175544192 128 31774840 187092688
======================
   8      32 sdc 1635677 12506 233759204 10610576 18137852 432116765 7640576888 175687412 144 31775844 187236424
======================
   8      32 sdc 1635677 12506 233759204 10610576 18138500 432116782 7640908664 175832232 130 31776848 187379580
======================
   8      32 sdc 1635678 12506 233759212 10610628 18139154 432116785 7641240144 175966324 149 31777852 187513656
======================
   8      32 sdc 1635678 12506 233759212 10610628 18139830 432116785 7641586256 176109272 145 31778856 187657304
======================
   8      32 sdc 1635678 12506 233759212 10610628 18140497 432116785 7641927760 176252352 150 31779860 187801084
======================
   8      32 sdc 1635678 12506 233759212 10610628 18141122 432116785 7642247760 176395720 133 31780864 187944812
======================
   8      32 sdc 1635678 12506 233759212 10610628 18141767 432116808 7642578000 176540784 118 31781868 188088060
======================
   8      32 sdc 1635678 12506 233759212 10610628 18142436 432116808 7642919704 176682380 149 31782868 188230512
======================
   8      32 sdc 1635678 12506 233759212 10610628 18143087 432116821 7643248584 176825696 138 31783872 188374184
======================
   8      32 sdc 1635678 12506 233759212 10610628 18143740 432116821 7643582920 176969220 157 31784876 188518264
======================
   8      32 sdc 1635678 12506 233759212 10610628 18144404 432116821 7643922888 177112812 133 31785880 188662020
======================
   8      32 sdc 1635678 12506 233759212 10610628 18145053 432116838 7644255176 177257320 107 31786884 188804500
======================
   8      32 sdc 1635678 12506 233759212 10610628 18145697 432116838 7644584032 177393128 157 31787888 188941252
======================
   8      32 sdc 1635678 12506 233759212 10610628 18146321 432116838 7644903520 177532640 121 31788892 189083988
======================
   8      32 sdc 1635679 12506 233759220 10610708 18146956 432116838 7645228640 177679604 144 31789896 189228032
======================
   8      32 sdc 1635679 12506 233759220 10610708 18147621 432116838 7645569120 177823600 151 31790900 189371536
======================
   8      32 sdc 1635679 12506 233759220 10610708 18148278 432116855 7645905504 177966500 116 31791904 189514536
======================
   8      32 sdc 1635679 12506 233759220 10610708 18148922 432116867 7646234360 178108384 149 31792908 189657172
======================
   8      32 sdc 1635679 12506 233759220 10610708 18149590 432116867 7646574456 178250892 128 31793912 189798564
======================
   8      32 sdc 1635679 12506 233759220 10610708 18150236 432116867 7646905208 178393396 154 31794912 189941908
======================
   8      32 sdc 1635679 12506 233759220 10610708 18150860 432116867 7647224696 178536684 138 31795916 190085616
======================
   8      32 sdc 1635679 12506 233759220 10610708 18151522 432116890 7647563640 178679280 142 31796920 190229032
======================
   8      32 sdc 1635679 12506 233759220 10610708 18152200 432116890 7647909952 178819172 148 31797924 190366852
======================
   8      32 sdc 1635679 12506 233759220 10610708 18152876 432116890 7648256064 178962752 144 31798928 190510428
======================
   8      32 sdc 1635679 12506 233759220 10610708 18153532 432116890 7648591936 179105076 128 31799932 190653380
======================
   8      32 sdc 1635680 12506 233759228 10610816 18154136 432116890 7648901184 179246340 148 31800936 190792900
======================
   8      32 sdc 1635680 12506 233759228 10610816 18154780 432116908 7649230912 179388500 134 31801940 190936380
======================
   8      32 sdc 1635680 12506 233759228 10610816 18155457 432116914 7649574200 179529552 158 31802944 191078564
======================
   8      32 sdc 1635680 12506 233759228 10610816 18156107 432116914 7649907000 179672568 148 31803948 191221828
======================
   8      32 sdc 1635680 12506 233759228 10610816 18156739 432116914 7650230584 179816604 156 31804952 191365424
======================
   8      32 sdc 1635680 12506 233759228 10610816 18157403 432116914 7650570552 179960464 132 31805952 191508316
======================
   8      32 sdc 1635680 12506 233759228 10610816 18158046 432116914 7650899768 180102988 129 31806956 191650960
======================
   8      32 sdc 1635680 12506 233759228 10610816 18158690 432116940 7651228696 180239824 131 31807960 191788136
======================
   8      32 sdc 1635680 12506 233759228 10610816 18159333 432116940 7651557408 180383696 129 31808964 191931900
======================
   8      32 sdc 1635680 12506 233759228 10610816 18159971 432116940 7651884064 180524940 131 31809968 192075176
======================
   8      32 sdc 1635680 12506 233759228 10610816 18160642 432116940 7652227616 180670788 132 31810972 192218820
======================
   8      32 sdc 1635680 12506 233759228 10610816 18161288 432116964 7652555888 180814492 137 31811976 192361592
======================
   8      32 sdc 1635681 12506 233759236 10611156 18161787 432116964 7652810520 180930208 157 31812980 192490120
======================
   8      32 sdc 1635681 12506 233759236 10611156 18162448 432116964 7653148952 181085380 136 31813984 192633916
======================
   8      32 sdc 1635681 12506 233759236 10611156 18163124 432116964 7653495064 181229068 132 31814988 192777460
======================
   8      32 sdc 1635681 12506 233759236 10611156 18163756 432116964 7653818648 181371248 140 31815988 192920576
======================
   8      32 sdc 1635681 12506 233759236 10611156 18164374 432116964 7654135064 181514448 130 31816992 193063864
======================
   8      32 sdc 1635681 12506 233759236 10611156 18165050 432116993 7654478864 181659448 79 31818000 193204652
======================
   8      32 sdc 1635681 12506 233759236 10611156 18165719 432116993 7654820408 181798080 151 31819004 193346444
======================
   8      32 sdc 1635681 12506 233759236 10611156 18166372 432116993 7655154744 181938820 138 31820008 193490028
======================
   8      32 sdc 1635681 12506 233759236 10611156 18166997 432116993 7655474744 182083960 153 31821008 193632948
======================
   8      32 sdc 1635681 12506 233759236 10611156 18167650 432116993 7655809080 182228364 140 31822012 193776624
======================
   8      32 sdc 1635681 12506 233759236 10611156 18168328 432117015 7656155384 182367040 133 31823016 193915004
======================
   8      32 sdc 1635681 12506 233759236 10611156 18168969 432117015 7656483576 182509968 132 31824020 194058904
======================
   8      32 sdc 1635682 12506 233759244 10611244 18169590 432117015 7656801528 182651892 155 31825024 194200876
======================
   8      32 sdc 1635682 12506 233759244 10611244 18170254 432117015 7657141496 182796300 131 31826028 194345516
======================
   8      32 sdc 1635682 12506 233759244 10611244 18170913 432117015 7657478904 182939616 144 31827028 194488608
======================
   8      32 sdc 1635682 12506 233759244 10611244 18171563 432117038 7657807864 183082080 153 31828032 194631072
======================
   8      32 sdc 1635682 12506 233759244 10611244 18172051 432117038 7658057208 183209944 145 31829036 194778552
======================
   8      32 sdc 1635682 12506 233759244 10611244 18172699 432117038 7658388984 183373952 137 31830040 194922288
======================
   8      32 sdc 1635682 12506 233759244 10611244 18173350 432117038 7658722296 183513764 158 31831044 195066860
======================
   8      32 sdc 1635682 12506 233759244 10611244 18174006 432117038 7659058168 183663160 142 31832048 195212480
======================
   8      32 sdc 1635682 12506 233759244 10611244 18174650 432117058 7659387048 183800984 144 31833052 195350248
======================
   8      32 sdc 1635682 12506 233759244 10611244 18175321 432117072 7659726680 183945212 145 31834056 195493876
======================
   8      32 sdc 1635682 12506 233759244 10611244 18175997 432117072 7660072792 184088620 141 31835060 195637288
======================
   8      32 sdc 1635682 12506 233759244 10611244 18176624 432117072 7660393816 184230988 154 31836060 195780388
======================
   8      32 sdc 1635683 12506 233759252 10611364 18177224 432117072 7660701016 184371660 154 31837064 195920924
======================
   8      32 sdc 1635683 12506 233759252 10611364 18177897 432117090 7661044728 184515056 140 31838068 196063352
======================
   8      32 sdc 1635683 12506 233759252 10611364 18178568 432117090 7661388280 184658644 141 31839072 196207020
======================
   8      32 sdc 1635683 12506 233759252 10611364 18179244 432117090 7661734392 184802116 137 31840076 196350552
======================
   8      32 sdc 1635683 12506 233759252 10611364 18179870 432117090 7662054904 184944336 151 31841080 196494024
======================
   8      32 sdc 1635683 12506 233759252 10611364 18180527 432117090 7662391288 185089228 134 31842084 196637592
======================
   8      32 sdc 1635683 12506 233759252 10611364 18181209 432117120 7662737688 185226276 131 31843088 196773120
======================
   8      32 sdc 1635683 12506 233759252 10611364 18181853 432117120 7663067416 185367464 145 31844092 196916572
======================
   8      32 sdc 1635683 12506 233759252 10611364 18182498 432117120 7663397656 185511364 154 31845096 197060220
======================
   8      32 sdc 1635683 12506 233759252 10611364 18183163 432117120 7663738136 185655128 129 31846096 197203340
======================
   8      32 sdc 1635683 12506 233759252 10611364 18183819 432117120 7664074008 185797904 145 31847100 197346988
======================
   8      32 sdc 1635683 12506 233759252 10611364 18184462 432117142 7664402392 185940520 128 31848104 197489460
======================
   8      32 sdc 1635684 12506 233759260 10611504 18185083 432117142 7664720344 186079940 155 31849108 197629288
======================
   8      32 sdc 1635684 12506 233759260 10611504 18185725 432117142 7665049048 186223572 153 31850112 197772840
======================
   8      32 sdc 1635684 12506 233759260 10611504 18186383 432117142 7665385944 186368080 135 31851116 197917216
======================
   8      32 sdc 1635684 12506 233759260 10611504 18187042 432117142 7665723352 186511696 148 31852116 198060352
======================
   8      32 sdc 1635684 12506 233759260 10611504 18187673 432117162 7666041544 186653596 130 31853120 198202628
======================
   8      32 sdc 1635684 12506 233759260 10611504 18188347 432117162 7666386632 186798112 128 31854124 198346220
======================
   8      32 sdc 1635684 12506 233759260 10611504 18189006 432117162 7666724040 186939896 141 31855128 198489844
======================
   8      32 sdc 1635684 12506 233759260 10611504 18189630 432117162 7667043528 187084484 137 31856132 198633820
======================
   8      32 sdc 1635684 12506 233759260 10611504 18190272 432117162 7667372232 187228644 135 31857136 198777364
======================
   8      32 sdc 1635684 12506 233759260 10611504 18190950 432117183 7667718528 187368332 153 31858140 198917220
======================
   8      32 sdc 1635684 12506 233759260 10611504 18191627 432117197 7668062240 187511876 148 31859140 199059956
======================
   8      32 sdc 1635684 12506 233759260 10611504 18192303 432117197 7668408352 187655308 144 31860148 199204280
======================
   8      32 sdc 1635685 12506 233759268 10611600 18192906 432117197 7668717088 187796860 157 31861148 199346228
======================
   8      32 sdc 1635685 12506 233759268 10611600 18193536 432117197 7669039648 187940180 135 31862152 199490188
======================
   8      32 sdc 1635685 12506 233759268 10611600 18194213 432117214 7669385400 188082424 135 31863156 199632384
======================
   8      32 sdc 1635685 12506 233759268 10611600 18194876 432117214 7669724856 188226676 144 31864160 199776272
======================
   8      32 sdc 1635685 12506 233759268 10611600 18195511 432117214 7670049976 188370640 149 31865164 199919608
======================
   8      32 sdc 1635685 12506 233759268 10611600 18196175 432117214 7670389944 188514452 157 31866168 200063252
======================
   8      32 sdc 1635685 12506 233759268 10611600 18196826 432117214 7670723256 188657572 146 31867172 200206872
======================
   8      32 sdc 1635685 12506 233759268 10611600 18197470 432117229 7671052096 188795604 149 31868176 200345248
======================
   8      32 sdc 1635685 12506 233759268 10611600 18198116 432117239 7671380408 188939084 143 31869176 200488496
======================
   8      32 sdc 1635685 12506 233759268 10611600 18198759 432117239 7671709624 189081928 140 31870180 200631080
======================
   8      32 sdc 1635685 12506 233759268 10611600 18199423 432117239 7672049592 189226032 148 31871184 200774864
======================
   8      32 sdc 1635685 12506 233759268 10611600 18200082 432117239 7672387000 189370080 130 31872188 200918332
======================
   8      32 sdc 1635686 12506 233759276 10611720 18200705 432117264 7672705168 189508232 128 31873192 201057360
======================
   8      32 sdc 1635686 12506 233759276 10611720 18201362 432117264 7673041552 189652372 143 31874196 201201156
======================
   8      32 sdc 1635686 12506 233759276 10611720 18202033 432117264 7673385104 189796228 144 31875200 201344848
======================
   8      32 sdc 1635686 12506 233759276 10611720 18202666 432117264 7673709200 189938488 151 31876204 201488508
======================
   8      32 sdc 1635686 12506 233759276 10611720 18203298 432117264 7674032784 190082904 131 31877208 201631544
======================
   8      32 sdc 1635686 12506 233759276 10611720 18203987 432117282 7674384688 190219348 148 31878212 201768372
======================
   8      32 sdc 1635686 12506 233759276 10611720 18204671 432117300 7674730504 190362400 136 31879212 201910948
======================
   8      32 sdc 1635686 12506 233759276 10611720 18205331 432117300 7675068424 190504608 148 31880220 202055176
======================
   8      32 sdc 1635686 12506 233759276 10611720 18205955 432117300 7675387912 190648124 132 31881224 202198756
======================
   8      32 sdc 1635686 12506 233759276 10611720 18206603 432117300 7675719688 190792852 156 31882228 202342112
======================
   8      32 sdc 1635686 12506 233759276 10611720 18207275 432117320 7676062904 190937476 142 31883232 202485104
======================
   8      32 sdc 1635687 12506 233759284 10611872 18207900 432117320 7676382904 191075208 138 31884236 202623460
======================
   8      32 sdc 1635687 12506 233759284 10611872 18208542 432117320 7676711608 191217192 136 31885240 202767612
======================
   8      32 sdc 1635687 12506 233759284 10611872 18209204 432117320 7677050552 191361280 146 31886240 202910956
======================
   8      32 sdc 1635687 12506 233759284 10611872 18209865 432117320 7677388984 191504436 157 31887244 203054400
======================
   8      32 sdc 1635687 12506 233759284 10611872 18210495 432117354 7677706776 191641652 147 31888248 203194820
======================
   8      32 sdc 1635687 12506 233759284 10611872 18211132 432117354 7678032920 191788316 150 31889252 203338552
======================
   8      32 sdc 1635687 12506 233759284 10611872 18211774 432117354 7678361624 191931868 148 31890256 203481792
======================
   8      32 sdc 1635687 12506 233759284 10611872 18212439 432117354 7678702104 192075480 155 31891256 203624692
======================
   8      32 sdc 1635687 12506 233759284 10611872 18213091 432117354 7679035928 192218160 143 31892260 203768508
======================
   8      32 sdc 1635687 12506 233759284 10611872 18213718 432117369 7679356064 192358080 145 31893264 203908620
======================
   8      32 sdc 1635687 12506 233759284 10611872 18214385 432117369 7679697568 192502284 150 31894264 204051676
======================
   8      32 sdc 1635687 12506 233759284 10611872 18215059 432117369 7680042656 192646700 148 31895268 204194576
======================
   8      32 sdc 1635688 12506 233759292 10612184 18215532 432117369 7680284832 192761148 154 31896272 204330784
======================
   8      32 sdc 1635688 12506 233759292 10612184 18216156 432117369 7680604320 192923056 143 31897276 204474552
======================
   8      32 sdc 1635688 12506 233759292 10612184 18216832 432117393 7680948608 193067740 140 31898276 204617456
======================
   8      32 sdc 1635688 12506 233759292 10612184 18217508 432117393 7681294720 193211192 136 31899280 204760844
======================
   8      32 sdc 1635688 12506 233759292 10612184 18218163 432117393 7681629576 193352024 154 31900284 204904164
======================
   8      32 sdc 1635688 12506 233759292 10612184 18218785 432117393 7681948040 193496784 140 31901288 205048460
======================
   8      32 sdc 1635688 12506 233759292 10612184 18219444 432117393 7682285448 193642260 153 31902292 205192020
======================
   8      32 sdc 1635688 12506 233759292 10612184 18220113 432117410 7682627104 193783888 133 31903296 205333876
======================
   8      32 sdc 1635688 12506 233759292 10612184 18220763 432117424 7682955480 193912604 149 31904296 205461856
======================
   8      32 sdc 1635688 12506 233759292 10612184 18221409 432117424 7683286232 194055300 143 31905300 205605324
======================
   8      32 sdc 1635688 12506 233759292 10612184 18222074 432117424 7683626712 194198528 150 31906304 205748264
======================
   8      32 sdc 1635688 12506 233759292 10612184 18222722 432117424 7683958488 194341648 142 31907308 205892232
======================
   8      32 sdc 1635689 12506 233759300 10612452 18223203 432117444 7684203912 194444200 141 31908312 206022336
======================
   8      32 sdc 1635689 12506 233759300 10612452 18223845 432117444 7684532616 194614812 139 31909316 206165996
======================
   8      32 sdc 1635689 12506 233759300 10612452 18224487 432117444 7684861320 194758360 137 31910320 206309320
======================
   8      32 sdc 1635689 12506 233759300 10612452 18225142 432117444 7685196680 194901500 154 31911324 206452120
======================
   8      32 sdc 1635689 12506 233759300 10612452 18225794 432117444 7685530504 195042568 142 31912324 206595476
======================
   8      32 sdc 1635689 12506 233759300 10612452 18226439 432117463 7685859888 195188544 148 31913328 206739136
======================
   8      32 sdc 1635689 12506 233759300 10612452 18227123 432117477 7686206184 195328628 140 31914356 206882448
======================
   8      32 sdc 1635689 12506 233759300 10612452 18227781 432117477 7686543080 195471008 154 31915360 207026032
======================
   8      32 sdc 1635689 12506 233759300 10612452 18228405 432117477 7686862568 195614504 138 31916360 207169272
======================
   8      32 sdc 1635689 12506 233759300 10612452 18229048 432117477 7687191784 195759424 135 31917364 207312996
======================
   8      32 sdc 1635689 12506 233759300 10612452 18229720 432117491 7687534952 195898352 133 31918368 207451996
======================
   8      32 sdc 1635689 12506 233759300 10612452 18230396 432117491 7687881064 196041572 129 31919372 207595080
======================
   8      32 sdc 1635689 12506 233759300 10612452 18230870 432117491 7688123752 196142196 135 31920376 207736504
======================
   8      32 sdc 1635689 12506 233759300 10612452 18230870 432117491 7688123752 196142196 135 31921380 207872044
======================
   8      32 sdc 1635690 12506 233759308 10613988 18232290 432117496 7688850328 196458112 154 31922380 208012736
======================
   8      32 sdc 1635690 12506 233759308 10613988 18232965 432117517 7689196104 196600788 152 31923384 208155832
======================
   8      32 sdc 1635690 12506 233759308 10613988 18233610 432117517 7689525328 196744608 148 31924388 208299600
======================
   8      32 sdc 1635690 12506 233759308 10613988 18234258 432117517 7689857104 196887152 140 31925392 208442840
======================
   8      32 sdc 1635690 12506 233759308 10613988 18234922 432117517 7690197072 197030812 148 31926396 208586164
======================
   8      32 sdc 1635690 12506 233759308 10613988 18235571 432117517 7690529360 197173896 139 31927400 208729884
======================
   8      32 sdc 1635690 12506 233759308 10613988 18236214 432117534 7690857704 197314632 133 31928404 208870928
======================
   8      32 sdc 1635690 12506 233759308 10613988 18236842 432117546 7691174296 197441620 150 31929408 209002176
======================
   8      32 sdc 1635690 12506 233759308 10613988 18237511 432117546 7691516824 197590236 153 31930412 209145876
======================
   8      32 sdc 1635690 12506 233759308 10613988 18238176 432117546 7691857304 197733952 128 31931416 209289240
======================
   8      32 sdc 1635691 12506 233759316 10614428 18238668 432117546 7692109208 197849448 141 31932420 209400552
======================
   8      32 sdc 1635691 12506 233759316 10614428 18239311 432117565 7692437568 197987332 140 31933424 209544068
======================
   8      32 sdc 1635691 12506 233759316 10614428 18239963 432117565 7692771392 198131720 128 31934428 209687448
======================
   8      32 sdc 1635691 12506 233759316 10614428 18240640 432117565 7693118016 198274940 155 31935428 209830108
======================
   8      32 sdc 1635691 12506 233759316 10614428 18241271 432117565 7693441088 198416164 132 31936432 209973484
======================
   8      32 sdc 1635691 12506 233759316 10614428 18241923 432117565 7693774912 198561764 152 31937440 210117724
======================
   8      32 sdc 1635691 12506 233759316 10614428 18242607 432117585 7694121248 198703656 145 31938440 210259120
======================
   8      32 sdc 1635691 12506 233759316 10614428 18243279 432117585 7694464808 198847524 146 31939444 210402900
======================
   8      32 sdc 1635691 12506 233759316 10614428 18243945 432117585 7694805800 198990440 152 31940448 210547028
======================
   8      32 sdc 1635691 12506 233759316 10614428 18244569 432117585 7695125288 199133812 136 31941452 210690712
======================
   8      32 sdc 1635691 12506 233759316 10614428 18245211 432117585 7695453992 199278856 134 31942456 210834404
======================
   8      32 sdc 1635691 12506 233759316 10614428 18245888 432117601 7695799736 199415620 137 31943460 210971316
======================
   8      32 sdc 1635692 12506 233759324 10614492 18246528 432117613 7696123984 199558048 154 31944464 211114660
======================
   8      32 sdc 1635692 12506 233759324 10614492 18247171 432117613 7696453200 199701088 151 31945468 211257616
======================
   8      32 sdc 1635692 12506 233759324 10614492 18247825 432117613 7696788048 199845132 137 31946472 211401352
======================
   8      32 sdc 1635692 12506 233759324 10614492 18248473 432117613 7697119824 199988196 129 31947476 211544740
======================
   8      32 sdc 1635692 12506 233759324 10614492 18249101 432117635 7697440528 200130484 132 31948480 211686872
======================
   8      32 sdc 1635692 12506 233759324 10614492 18249743 432117635 7697769232 200273996 157 31949484 211830576
======================
   8      32 sdc 1635692 12506 233759324 10614492 18250400 432117635 7698105616 200417456 140 31950484 211973320
======================
   8      32 sdc 1635692 12506 233759324 10614492 18251065 432117635 7698446096 200561320 147 31951488 212116960
======================
   8      32 sdc 1635692 12506 233759324 10614492 18251710 432117635 7698776336 200704488 142 31952496 212261296
======================
   8      32 sdc 1635692 12506 233759324 10614492 18252367 432117663 7699106896 200842916 141 31953496 212398068
======================
   8      32 sdc 1635692 12506 233759324 10614492 18253038 432117663 7699450448 200985748 142 31954500 212541084
======================
   8      32 sdc 1635692 12506 233759324 10614492 18253687 432117663 7699782736 201127140 133 31955504 212683912
======================
   8      32 sdc 1635693 12506 233759332 10614588 18254292 432117663 7700092496 201268452 147 31956508 212825304
======================
   8      32 sdc 1635693 12506 233759332 10614588 18254941 432117663 7700424784 201413020 138 31957512 212969008
======================
   8      32 sdc 1635693 12506 233759332 10614588 18255619 432117679 7700771040 201556168 157 31958516 213112024
======================
   8      32 sdc 1635693 12506 233759332 10614588 18256295 432117679 7701117152 201700244 153 31959520 213256232
======================
   8      32 sdc 1635693 12506 233759332 10614588 18256794 432117679 7701372640 201842092 134 31960524 213399160
======================
   8      32 sdc 1635693 12506 233759332 10614588 18257419 432117679 7701692640 201985900 149 31961528 213542936
======================
   8      32 sdc 1635693 12506 233759332 10614588 18258082 432117679 7702032096 202131028 158 31962532 213686508
======================
   8      32 sdc 1635693 12506 233759332 10614588 18258757 432117703 7702375368 202267892 155 31963536 213825120
======================
   8      32 sdc 1635693 12506 233759332 10614588 18259400 432117703 7702704080 202412524 157 31964540 213969160
======================
   8      32 sdc 1635693 12506 233759332 10614588 18260050 432117703 7703036880 202556596 147 31965540 214112316
======================
   8      32 sdc 1635693 12506 233759332 10614588 18260686 432117703 7703362512 202699552 151 31966544 214257032
======================
   8      32 sdc 1635693 12506 233759332 10614588 18261339 432117703 7703696848 202843948 138 31967548 214400764
======================
   8      32 sdc 1635694 12506 233759340 10614720 18261955 432117719 7704011360 202981324 148 31968552 214538264
======================
   8      32 sdc 1635694 12506 233759340 10614720 18262607 432117732 7704340752 203124888 136 31969556 214681592
======================
   8      32 sdc 1635694 12506 233759340 10614720 18263250 432117732 7704669968 203268528 133 31970560 214824964
======================
   8      32 sdc 1635694 12506 233759340 10614720 18263913 432117732 7705009424 203412836 142 31971564 214968780
======================
   8      32 sdc 1635694 12506 233759340 10614720 18264552 432117732 7705336592 203555508 143 31972568 215112280
======================
   8      32 sdc 1635694 12506 233759340 10614720 18265196 432117754 7705665992 203698320 153 31973572 215254984
======================
   8      32 sdc 1635694 12506 233759340 10614720 18265876 432117754 7706013648 203842764 146 31974576 215398804
======================
   8      32 sdc 1635694 12506 233759340 10614720 18266526 432117754 7706346448 203984600 136 31975580 215541936
======================
   8      32 sdc 1635694 12506 233759340 10614720 18267149 432117754 7706665424 204127952 153 31976580 215684712
======================
   8      32 sdc 1635694 12506 233759340 10614720 18267801 432117754 7706999248 204272404 141 31977584 215828452
======================
   8      32 sdc 1635694 12506 233759340 10614720 18268463 432117778 7707333848 204408428 130 31978588 215964076
======================
   8      32 sdc 1635694 12506 233759340 10614720 18269138 432117778 7707679960 204551628 148 31979592 216107508
======================
   8      32 sdc 1635695 12506 233759348 10614776 18269795 432117778 7708015832 204693576 141 31980592 216250628
======================
   8      32 sdc 1635695 12506 233759348 10614776 18270419 432117778 7708335320 204838856 157 31981596 216394236
======================
   8      32 sdc 1635695 12506 233759348 10614776 18271059 432117778 7708663000 204982320 157 31982600 216537812
======================
   8      32 sdc 1635695 12506 233759348 10614776 18271732 432117796 7709006712 205124820 142 31983604 216680736
======================
   8      32 sdc 1635695 12506 233759348 10614776 18272216 432117807 7709252088 205253536 156 31984608 216811924
======================
   8      32 sdc 1635695 12506 233759348 10614776 18272865 432117807 7709584376 205399304 147 31985612 216955784
======================
   8      32 sdc 1635695 12506 233759348 10614776 18273514 432117807 7709916664 205543296 138 31986616 217099524
======================
   8      32 sdc 1635695 12506 233759348 10614776 18274168 432117807 7710251512 205686564 156 31987620 217243048
======================
   8      32 sdc 1635695 12506 233759348 10614776 18274812 432117829 7710580408 205822340 158 31988624 217378632
======================
   8      32 sdc 1635695 12506 233759348 10614776 18275454 432117829 7710909112 205966424 156 31989628 217522784
======================
   8      32 sdc 1635695 12506 233759348 10614776 18276096 432117829 7711237816 206109900 154 31990632 217666560
======================
   8      32 sdc 1635695 12506 233759348 10614776 18276759 432117829 7711577272 206253976 131 31991636 217810160
======================
   8      32 sdc 1635696 12506 233759356 10614880 18277405 432117829 7711908024 206394756 146 31992640 217951796
======================
   8      32 sdc 1635696 12506 233759356 10614880 18278056 432117850 7712237472 206537608 152 31993648 218094668
======================
   8      32 sdc 1635696 12506 233759356 10614880 18278710 432117850 7712571816 206683868 139 31994652 218238484
======================
   8      32 sdc 1635696 12506 233759356 10614880 18279386 432117850 7712917928 206825680 135 31995652 218381460
======================
   8      32 sdc 1635696 12506 233759356 10614880 18279886 432117850 7713173928 206965064 147 31996656 218522108
======================
   8      32 sdc 1635696 12506 233759356 10614880 18280523 432117850 7713500072 207108668 150 31997660 218665488
======================
   8      32 sdc 1635696 12506 233759356 10614880 18281200 432117871 7713845856 207247512 150 31998664 218803620
======================
   8      32 sdc 1635696 12506 233759356 10614880 18281885 432117884 7714193152 207391476 137 31999668 218947372
======================
   8      32 sdc 1635696 12506 233759356 10614880 18282557 432117884 7714537216 207534988 137 32000672 219091628
======================
   8      32 sdc 1635696 12506 233759356 10614880 18283184 432117884 7714858240 207677936 150 32001676 219235252
======================
   8      32 sdc 1635696 12506 233759356 10614880 18283816 432117884 7715181824 207822848 158 32002680 219378888
======================
   8      32 sdc 1635696 12506 233759356 10614880 18284494 432117902 7715528096 207966124 138 32003684 219522440
======================
   8      32 sdc 1635697 12506 233759364 10615020 18285128 432117902 7715852704 208105280 148 32004688 219662616
======================
   8      32 sdc 1635697 12506 233759364 10615020 18285770 432117902 7716181408 208248692 146 32005692 219806196
======================
   8      32 sdc 1635697 12506 233759364 10615020 18286425 432117902 7716516768 208393128 131 32006696 219950208
======================
   8      32 sdc 1635697 12506 233759364 10615020 18287090 432117902 7716857248 208536760 138 32007700 220093852
======================
   8      32 sdc 1635697 12506 233759364 10615020 18287587 432117918 7717110832 208680820 128 32008704 220238320
======================
   8      32 sdc 1635697 12506 233759364 10615020 18288234 432117932 7717439184 208815432 229 32009704 220409336
======================
   8      32 sdc 1635697 12506 233759364 10615020 18288876 432117932 7717767888 208988552 195 32010708 220604068
======================
   8      32 sdc 1635697 12506 233759364 10615020 18289531 432117932 7718103248 209147320 180 32011712 220784116
======================
   8      32 sdc 1635697 12506 233759364 10615020 18290157 432117932 7718423760 209307352 162 32012716 220957100
======================
   8      32 sdc 1635697 12506 233759364 10615020 18290792 432117951 7718748528 209526556 138 32013720 221101744
======================
   8      32 sdc 1635697 12506 233759364 10615020 18291458 432117951 7719089520 209689716 146 32014724 221246844
======================
   8      32 sdc 1635697 12506 233759364 10615020 18292132 432117951 7719434608 209833036 144 32015724 221390116
======================
   8      32 sdc 1635698 12506 233759372 10615308 18292742 432117951 7719746424 209953484 151 32016728 221511832
======================
   8      32 sdc 1635698 12506 233759372 10615308 18293373 432117951 7720069496 210098360 128 32017732 221655392
======================
   8      32 sdc 1635698 12506 233759372 10615308 18294045 432117965 7720412664 210225196 155 32018728 221781824
======================
   8      32 sdc 1635698 12506 233759372 10615308 18294714 432117965 7720755192 210368596 158 32019732 221925432
======================
   8      32 sdc 1635698 12506 233759372 10615308 18295211 432117965 7721009656 210510144 141 32020736 222068576
======================
   8      32 sdc 1635698 12506 233759372 10615308 18295835 432117965 7721329144 210653916 157 32021740 222211888
======================
   8      32 sdc 1635698 12506 233759372 10615308 18296482 432117965 7721660408 210798388 150 32022744 222355724
======================
   8      32 sdc 1635698 12506 233759372 10615308 18297160 432117975 7722006616 210926128 144 32023748 222483552
======================
   8      32 sdc 1635698 12506 233759372 10615308 18297811 432117975 7722339928 211068924 133 32024748 222626524
======================
   8      32 sdc 1635698 12506 233759372 10615308 18298447 432117975 7722665560 211212380 137 32025752 222770312
======================
   8      32 sdc 1635698 12506 233759372 10615308 18299111 432117975 7723005528 211356812 145 32026756 222913984
======================
   8      32 sdc 1635698 12506 233759372 10615308 18299771 432117975 7723343448 211499756 157 32027760 223057624
======================
   8      32 sdc 1635699 12506 233759380 10615620 18300394 432117988 7723661520 211605488 145 32028764 223162416
======================
   8      32 sdc 1635699 12506 233759380 10615620 18301036 432117988 7723990224 211747652 143 32029768 223305980
======================
   8      32 sdc 1635699 12506 233759380 10615620 18301678 432117988 7724318928 211891128 141 32030772 223449508
======================
   8      32 sdc 1635699 12506 233759380 10615620 18302332 432117988 7724653776 212035244 148 32031776 223592784
======================
   8      32 sdc 1635699 12506 233759380 10615620 18302970 432117988 7724980432 212178164 129 32032776 223735832
======================
   8      32 sdc 1635699 12506 233759380 10615620 18303608 432118003 7725306200 212305744 132 32033784 223864156
======================
   8      32 sdc 1635699 12506 233759380 10615620 18304275 432118003 7725647704 212450272 137 32034788 224007984
======================
   8      32 sdc 1635699 12506 233759380 10615620 18304951 432118003 7725993816 212594008 133 32035788 224151068
======================
   8      32 sdc 1635699 12506 233759380 10615620 18305575 432118003 7726313304 212736328 149 32036792 224294880
======================
   8      32 sdc 1635699 12506 233759380 10615620 18306206 432118003 7726636376 212881160 158 32037796 224438520
======================
   8      32 sdc 1635699 12506 233759380 10615620 18306872 432118014 7726976448 213009812 134 32038800 224567792
======================
   8      32 sdc 1635699 12506 233759380 10615620 18307554 432118014 7727325632 213154008 156 32039800 224710992
======================
   8      32 sdc 1635700 12506 233759388 10616048 18308196 432118014 7727654336 213253996 158 32040804 224811432
======================
   8      32 sdc 1635700 12506 233759388 10616048 18308833 432118014 7727980480 213396640 129 32041808 224955328
======================
   8      32 sdc 1635700 12506 233759388 10616048 18309391 432118068 7728257024 213524028 0 32042752 225066504
======================
   8      32 sdc 1635700 12506 233759388 10616048 18309392 432118068 7728257024 213524028 0 32042752 225066504
======================
   8      32 sdc 1635700 12506 233759388 10616048 18309392 432118068 7728257024 213524028 0 32042752 225066504
======================
   8      32 sdc 1635700 12506 233759388 10616048 18309392 432118068 7728257024 213524028 0 32042752 225066504
======================
   8      32 sdc 1635700 12506 233759388 10616048 18309392 432118068 7728257024 213524028 0 32042752 225066504
======================
   8      32 sdc 1635700 12506 233759388 10616048 18309392 432118068 7728257024 213524028 0 32042752 225066504
======================
   8      32 sdc 1635906 12506 233761030 10623168 18309413 432118068 7728257104 213524028 29 32043360 225090212
started
======================
   8      32 sdc 1635943 12506 233761326 10649452 18309415 432118068 7728257112 213524092 0 32043936 225099972
======================
   8      32 sdc 1635943 12506 233761326 10649452 18309415 432118068 7728257112 213524092 0 32043936 225099972
======================
   8      32 sdc 1636369 12506 233861702 10654432 18309415 432118068 7728257112 213524092 5 32044932 225105012
======================
   8      32 sdc 1636856 12506 233986374 10662268 18309415 432118068 7728257112 213524092 11 32045936 225113016
======================
   8      32 sdc 1637360 12506 234115398 10669556 18309415 432118068 7728257112 213524092 10 32046940 225120188
======================
   8      32 sdc 1637895 12506 234252358 10676788 18309415 432118068 7728257112 213524092 11 32047940 225127756
======================
   8      32 sdc 1638404 12506 234382662 10685500 18309415 432118068 7728257112 213524092 6 32048944 225136476
======================
   8      32 sdc 1638971 12506 234527814 10693212 18309418 432118072 7728257168 213524092 9 32049948 225143992
======================
   8      32 sdc 1639507 12506 234665030 10700244 18309418 432118072 7728257168 213524092 3 32050952 225150892
======================
   8      32 sdc 1640053 12506 234804806 10707372 18309418 432118072 7728257168 213524092 4 32051956 225158136
======================
   8      32 sdc 1640615 12506 234948678 10714700 18309418 432118072 7728257168 213524092 3 32052960 225165400
======================
   8      32 sdc 1641157 12506 235087430 10721980 18309418 432118072 7728257168 213524092 12 32053964 225172736
======================
   8      32 sdc 1641668 12506 235218246 10729320 18309418 432118072 7728257168 213524092 14 32054968 225179956
======================
   8      32 sdc 1642203 12506 235355206 10736148 18309418 432118072 7728257168 213524092 8 32055976 225186928
======================
   8      32 sdc 1642718 12506 235487046 10743088 18309418 432118072 7728257168 213524092 5 32056980 225193956
======================
   8      32 sdc 1643229 12506 235617862 10749956 18309418 432118072 7728257168 213524092 9 32057984 225200840
======================
   8      32 sdc 1643714 12506 235742022 10756616 18309418 432118072 7728257168 213524092 11 32058988 225208352
======================
   8      32 sdc 1644111 12506 235843654 10765488 18309418 432118072 7728257168 213524092 6 32059992 225216320
======================
   8      32 sdc 1644627 12506 235975750 10772804 18309418 432118072 7728257168 213524092 5 32060996 225223532
======================
   8      32 sdc 1645177 12506 236116550 10779356 18309418 432118072 7728257168 213524092 11 32062004 225230068
======================
   8      32 sdc 1645731 12506 236258374 10786300 18309418 432118072 7728257168 213524092 8 32063012 225237176
======================
   8      32 sdc 1646242 12506 236389190 10793112 18309418 432118072 7728257168 213524092 13 32064020 225244032
======================
   8      32 sdc 1646808 12506 236534086 10800628 18309418 432118072 7728257168 213524092 7 32065024 225251328
======================
   8      32 sdc 1647321 12506 236665414 10807472 18309418 432118072 7728257168 213524092 3 32066028 225258280
======================
   8      32 sdc 1647868 12506 236805446 10814468 18309418 432118072 7728257168 213524092 7 32067032 225265304
======================
   8      32 sdc 1648410 12506 236944198 10821428 18309418 432118072 7728257168 213524092 10 32068040 225272168
======================
   8      32 sdc 1648898 12506 237069126 10828844 18309418 432118072 7728257168 213524092 7 32069044 225279512
======================
   8      32 sdc 1649398 12506 237197126 10837104 18309418 432118072 7728257168 213524092 8 32070052 225287880
======================
   8      32 sdc 1649892 12506 237323590 10844204 18309418 432118072 7728257168 213524092 6 32071056 225295064
======================
   8      32 sdc 1650395 12506 237452358 10851524 18309418 432118072 7728257168 213524092 6 32072060 225302444
======================
   8      32 sdc 1650890 12506 237579078 10858880 18309418 432118072 7728257168 213524092 5 32073068 225309692
======================
   8      32 sdc 1651428 12506 237716806 10866084 18309418 432118072 7728257168 213524092 4 32074072 225316852
======================
   8      32 sdc 1651959 12506 237852742 10874160 18309418 432118072 7728257168 213524092 8 32075076 225325036
======================
   8      32 sdc 1652488 12506 237988166 10881064 18309418 432118072 7728257168 213524092 4 32076076 225331860
======================
   8      32 sdc 1653015 12506 238123078 10888844 18309418 432118072 7728257168 213524092 7 32077080 225339716
======================
   8      32 sdc 1653548 12506 238259526 10896120 18309418 432118072 7728257168 213524092 18 32078084 225346760
======================
   8      32 sdc 1654047 12506 238387270 10904344 18309418 432118072 7728257168 213524092 3 32079088 225355088
======================
   8      32 sdc 1654582 12507 238524486 10911424 18309420 432118074 7728257200 213524124 6 32080092 225362336
======================
   8      32 sdc 1655122 12507 238662726 10918804 18309420 432118074 7728257200 213524124 8 32081096 225369604
======================
   8      32 sdc 1655617 12507 238789446 10926280 18309420 432118074 7728257200 213524124 3 32082100 225377072
======================
   8      32 sdc 1656138 12507 238922822 10933304 18309420 432118074 7728257200 213524124 10 32083100 225384152
======================
   8      32 sdc 1656621 12507 239046470 10941092 18309420 432118074 7728257200 213524124 7 32084104 225391848
======================
   8      32 sdc 1657132 12507 239177286 10948612 18309420 432118074 7728257200 213524124 4 32085108 225399312
======================
   8      32 sdc 1657680 12507 239317574 10955968 18309420 432118074 7728257200 213524124 7 32086112 225406748
======================
   8      32 sdc 1658191 12507 239448390 10963916 18309420 432118074 7728257200 213524124 8 32087116 225414948
======================
   8      32 sdc 1658545 12507 239539014 10971912 18309420 432118074 7728257200 213524124 6 32088116 225422720
======================
   8      32 sdc 1659057 12507 239670086 10978572 18309420 432118074 7728257200 213524124 14 32089120 225429320
======================
   8      32 sdc 1659601 12507 239809350 10985924 18309420 432118074 7728257200 213524124 4 32090124 225436644
======================
   8      32 sdc 1660132 12507 239945286 10992724 18309420 432118074 7728257200 213524124 8 32091124 225443592
======================
   8      32 sdc 1660664 12507 240081478 11000096 18309420 432118074 7728257200 213524124 9 32092128 225450808
======================
   8      32 sdc 1661205 12507 240219974 11007044 18309420 432118074 7728257200 213524124 15 32093132 225457944
======================
   8      32 sdc 1661689 12507 240343878 11014080 18309420 432118074 7728257200 213524124 4 32094132 225464864
======================
   8      32 sdc 1662235 12507 240483654 11021592 18309420 432118074 7728257200 213524124 7 32095136 225472344
======================
   8      32 sdc 1662751 12507 240615750 11028404 18309420 432118074 7728257200 213524124 11 32096140 225479132
======================
   8      32 sdc 1663280 12507 240751174 11035116 18309420 432118074 7728257200 213524124 7 32097144 225485932
======================
   8      32 sdc 1663808 12507 240886342 11042380 18309420 432118074 7728257200 213524124 14 32098148 225493108
======================
   8      32 sdc 1664313 12507 241015622 11049336 18309420 432118074 7728257200 213524124 3 32099148 225500188
======================
   8      32 sdc 1664869 12507 241157958 11056492 18309420 432118074 7728257200 213524124 3 32100152 225507228
======================
   8      32 sdc 1665381 12507 241289030 11063312 18309420 432118074 7728257200 213524124 8 32101156 225514200
======================
   8      32 sdc 1665925 12507 241428294 11070352 18309420 432118074 7728257200 213524124 8 32102160 225521244
======================
   8      32 sdc 1666417 12507 241554246 11076860 18309420 432118074 7728257200 213524124 7 32103164 225527972
======================
   8      32 sdc 1666941 12507 241688390 11084164 18309420 432118074 7728257200 213524124 8 32104164 225534916
