======================
   8      32 sdc 1802949 12642 265671968 12402116 22861465 564198754 10007597848 1511211924 0 40990460 1524746672
======================
   8      32 sdc 1802949 12642 265671968 12402116 22861465 564198754 10007597848 1511211924 0 40990460 1524746672
======================
   8      32 sdc 1802949 12642 265671968 12402116 22861465 564198754 10007597848 1511211924 1 40990464 1524746676
======================
   8      32 sdc 1802952 12642 265671992 12402144 22861465 564198754 10007597848 1511211924 0 40990488 1524746700
======================
   8      32 sdc 1802953 12642 265672000 12402176 22862591 564198754 10008174360 1511227464 157 40990888 1524789320
======================
   8      32 sdc 1802953 12642 265672000 12402176 22862860 564198754 10008312088 1511359640 144 40991892 1524933292
======================
   8      32 sdc 1802953 12642 265672000 12402176 22863123 564198754 10008446744 1511502296 137 40992896 1525077148
======================
   8      32 sdc 1802953 12642 265672000 12402176 22863390 564198754 10008583448 1511666676 159 40993900 1525222492
======================
   8      32 sdc 1802953 12642 265672000 12402176 22863638 564198777 10008709600 1511800216 136 40994904 1525374164
======================
   8      32 sdc 1802953 12642 265672000 12402176 22863809 564198777 10008797152 1511903004 157 40995904 1525511256
======================
   8      32 sdc 1802953 12642 265672000 12402176 22864422 564198777 10009111008 1512083796 152 40996908 1525656208
======================
   8      32 sdc 1802953 12642 265672000 12402176 22864838 564198777 10009324000 1512183328 152 40997912 1525798548
======================
   8      32 sdc 1802953 12642 265672000 12402176 22864838 564198777 10009324000 1512183328 152 40998916 1525951156
======================
   8      32 sdc 1802953 12642 265672000 12402176 22866241 564198777 10010042336 1512552268 157 40999920 1526094220
======================
   8      32 sdc 1802953 12642 265672000 12402176 22866983 564198777 10010422240 1512670968 151 41000920 1526240504
======================
   8      32 sdc 1802953 12642 265672000 12402176 22867625 564198777 10010750944 1512833192 149 41001928 1526384648
======================
   8      32 sdc 1802953 12642 265672000 12402176 22868271 564198777 10011081696 1512977476 143 41002932 1526528404
======================
   8      32 sdc 1802953 12642 265672000 12402176 22868923 564198777 10011415520 1513118564 65 41003936 1526665996
======================
   8      32 sdc 1802954 12642 265672008 12402344 22869570 564198777 10011746784 1513256460 152 41004940 1526808108
======================
   8      32 sdc 1802954 12642 265672008 12402344 22870207 564198777 10012072928 1513399096 155 41005944 1526951576
======================
   8      32 sdc 1802954 12642 265672008 12402344 22870848 564198777 10012401120 1513543176 154 41006948 1527094852
======================
   8      32 sdc 1802954 12642 265672008 12402344 22871480 564198777 10012724704 1513684060 130 41007952 1527238176
======================
   8      32 sdc 1802954 12642 265672008 12402344 22872141 564198777 10013063136 1513829588 141 41008956 1527381432
======================
   8      32 sdc 1802954 12642 265672008 12402344 22872765 564198777 10013382624 1513972560 157 41009960 1527524972
======================
   8      32 sdc 1802954 12642 265672008 12402344 22873439 564198777 10013727712 1514117220 155 41010960 1527667712
======================
   8      32 sdc 1802954 12642 265672008 12402344 22874106 564198777 10014069216 1514258712 128 41011964 1527810736
======================
   8      32 sdc 1802954 12642 265672008 12402344 22874749 564198777 10014398432 1514402048 157 41012968 1527953668
======================
   8      32 sdc 1802954 12642 265672008 12402344 22875373 564198777 10014717920 1514544628 141 41013972 1528096800
======================
   8      32 sdc 1802954 12642 265672008 12402344 22875985 564198777 10015031264 1514682376 137 41014976 1528240396
======================
   8      32 sdc 1802954 12642 265672008 12402344 22876592 564198777 10015342048 1514811400 12 41015980 1528351384
======================
   8      32 sdc 1802955 12642 265672016 12402764 22877218 564198777 10015662560 1514931644 141 41016984 1528483056
======================
   8      32 sdc 1802955 12642 265672016 12402764 22877876 564198777 10015999456 1515074056 155 41017988 1528626560
======================
   8      32 sdc 1802955 12642 265672016 12402764 22878500 564198777 10016318944 1515217452 139 41018992 1528770164
======================
   8      32 sdc 1802955 12642 265672016 12402764 22879138 564198777 10016645600 1515361096 141 41019996 1528913956
======================
   8      32 sdc 1802955 12642 265672016 12402764 22879790 564198777 10016979424 1515506276 129 41021000 1529057204
======================
   8      32 sdc 1802955 12642 265672016 12402764 22880433 564198777 10017308640 1515648768 158 41022004 1529200848
======================
   8      32 sdc 1802955 12642 265672016 12402764 22881069 564198777 10017634272 1515797504 130 41023004 1529342928
======================
   8      32 sdc 1802955 12642 265672016 12402764 22881756 564198777 10017986016 1515935140 147 41024008 1529486340
======================
   8      32 sdc 1802955 12642 265672016 12402764 22882399 564198777 10018315232 1516077980 144 41025012 1529629960
======================
   8      32 sdc 1802955 12642 265672016 12402764 22883031 564198777 10018638816 1516222852 152 41026016 1529772648
======================
   8      32 sdc 1802955 12642 265672016 12402764 22883683 564198777 10018972640 1516364100 140 41027020 1529915988
======================
   8      32 sdc 1802956 12642 265672024 12402984 22884311 564198777 10019294176 1516498944 140 41028024 1530042392
======================
   8      32 sdc 1802956 12642 265672024 12402984 22884970 564198777 10019631584 1516634408 153 41029028 1530186360
======================
   8      32 sdc 1802956 12642 265672024 12402984 22885622 564198777 10019965408 1516777524 141 41030032 1530330088
======================
   8      32 sdc 1802956 12642 265672024 12402984 22886265 564198777 10020294624 1516921304 138 41031036 1530473628
======================
   8      32 sdc 1802956 12642 265672024 12402984 22886916 564198777 10020627936 1517064656 151 41032040 1530616052
======================
   8      32 sdc 1802956 12642 265672024 12402984 22887549 564198777 10020952032 1517207024 134 41033044 1530759940
======================
   8      32 sdc 1802956 12642 265672024 12402984 22888173 564198777 10021271520 1517350568 150 41034044 1530903096
======================
   8      32 sdc 1802956 12642 265672024 12402984 22888842 564198777 10021614048 1517495332 153 41035048 1531046704
======================
   8      32 sdc 1802956 12642 265672024 12402984 22889513 564198777 10021957600 1517639160 154 41036052 1531190372
======================
   8      32 sdc 1802956 12642 265672024 12402984 22890102 564198777 10022259168 1517764236 141 41037060 1531334544
======================
   8      32 sdc 1802956 12642 265672024 12402984 22890832 564198777 10022632928 1517924572 147 41038064 1531478132
======================
   8      32 sdc 1802956 12642 265672024 12402984 22891448 564198777 10022948320 1518069268 139 41039072 1531622368
======================
   8      32 sdc 1802957 12642 265672032 12403420 22891947 564198777 10023203808 1518183908 140 41040076 1531729312
======================
   8      32 sdc 1802957 12642 265672032 12403420 22892623 564198777 10023549920 1518319428 136 41041080 1531872736
======================
   8      32 sdc 1802957 12642 265672032 12403420 22893272 564198777 10023882208 1518462356 131 41042080 1532015512
======================
   8      32 sdc 1802957 12642 265672032 12403420 22893914 564198777 10024210912 1518605820 157 41043084 1532158964
======================
   8      32 sdc 1802957 12642 265672032 12403420 22894563 564198777 10024543200 1518749552 148 41044088 1532302684
======================
   8      32 sdc 1802957 12642 265672032 12403420 22895205 564198777 10024871904 1518891860 146 41045092 1532445808
======================
   8      32 sdc 1802957 12642 265672032 12403420 22895847 564198777 10025200608 1519035348 144 41046096 1532589380
======================
   8      32 sdc 1802957 12642 265672032 12403420 22896489 564198777 10025529312 1519178868 142 41047100 1532732852
======================
   8      32 sdc 1802957 12642 265672032 12403420 22897139 564198777 10025862112 1519322532 132 41048104 1532876024
======================
   8      32 sdc 1802957 12642 265672032 12403420 22897798 564198777 10026199520 1519465628 145 41049104 1533018720
======================
   8      32 sdc 1802957 12642 265672032 12403420 22898419 564198777 10026517472 1519604420 132 41050108 1533162596
======================
   8      32 sdc 1802957 12642 265672032 12403420 22899091 564198777 10026861536 1519753488 132 41051112 1533306380
======================
   8      32 sdc 1802957 12642 265672032 12403420 22899596 564198777 10027120096 1519862004 16 41052172 1533407776
======================
   8      32 sdc 1802957 12642 265672032 12403420 22899596 564198777 10027120096 1519862004 16 41053176 1533423840
======================
   8      32 sdc 1802958 12642 265672040 12405224 22900884 564198777 10027779552 1519960836 151 41054180 1533517996
======================
   8      32 sdc 1802958 12642 265672040 12405224 22901532 564198777 10028111328 1520105836 143 41055184 1533661816
======================
   8      32 sdc 1802958 12642 265672040 12405224 22902192 564198777 10028449248 1520248848 155 41056188 1533805524
======================
   8      32 sdc 1802958 12642 265672040 12405224 22902842 564198777 10028782048 1520397508 145 41057188 1533949600
======================
   8      32 sdc 1802958 12642 265672040 12405224 22903497 564198777 10029117408 1520536692 130 41058192 1534093264
======================
   8      32 sdc 1802958 12642 265672040 12405224 22904124 564198777 10029438432 1520680644 143 41059196 1534237116
======================
   8      32 sdc 1802958 12642 265672040 12405224 22904800 564198777 10029784544 1520825120 139 41060200 1534380816
======================
   8      32 sdc 1802958 12642 265672040 12405224 22905465 564198777 10030125024 1520967976 146 41061204 1534524540
======================
   8      32 sdc 1802958 12642 265672040 12405224 22906107 564198777 10030453728 1521111752 144 41062208 1534668324
======================
   8      32 sdc 1802958 12642 265672040 12405224 22906751 564198777 10030783456 1521254812 140 41063212 1534811796
======================
   8      32 sdc 1802959 12642 265672048 12405424 22907394 564198777 10031112672 1521386624 155 41064212 1534942220
======================
   8      32 sdc 1802959 12642 265672048 12405424 22908035 564198777 10031440864 1521529524 154 41065216 1535085908
======================
   8      32 sdc 1802959 12642 265672048 12405424 22908677 564198777 10031769568 1521673384 152 41066220 1535229880
======================
   8      32 sdc 1802959 12642 265672048 12405424 22909306 564198777 10032091616 1521818536 131 41067224 1535373712
======================
   8      32 sdc 1802959 12642 265672048 12405424 22909812 564198777 10032350688 1521947412 137 41068228 1535520988
======================
   8      32 sdc 1802959 12642 265672048 12405424 22910471 564198777 10032688096 1522107536 150 41069232 1535664616
======================
   8      32 sdc 1802959 12642 265672048 12405424 22911114 564198777 10033017312 1522251432 147 41070236 1535808252
======================
   8      32 sdc 1802959 12642 265672048 12405424 22911770 564198777 10033353184 1522395672 131 41071240 1535951624
======================
   8      32 sdc 1802959 12642 265672048 12405424 22912423 564198777 10033687520 1522539564 150 41072240 1536095380
======================
   8      32 sdc 1802959 12642 265672048 12405424 22913080 564198777 10034023904 1522682168 133 41073244 1536239064
======================
   8      32 sdc 1802959 12642 265672048 12405424 22913704 564198777 10034343392 1522825552 149 41074248 1536382768
======================
   8      32 sdc 1802959 12642 265672048 12405424 22914372 564198777 10034685408 1522970460 153 41075252 1536526252
======================
   8      32 sdc 1802960 12642 265672056 12405648 22915026 564198777 10035020256 1523101440 143 41076256 1536657008
======================
   8      32 sdc 1802960 12642 265672056 12405648 22915667 564198777 10035348448 1523237748 142 41077260 1536801156
======================
   8      32 sdc 1802960 12642 265672056 12405648 22916348 564198777 10035697120 1523386940 133 41078264 1536944348
======================
   8      32 sdc 1802960 12642 265672056 12405648 22916972 564198777 10036016608 1523530320 149 41079264 1537087388
======================
   8      32 sdc 1802960 12642 265672056 12405648 22917615 564198777 10036345824 1523674768 146 41080268 1537230744
======================
   8      32 sdc 1802960 12642 265672056 12405648 22918269 564198777 10036680672 1523817500 132 41081272 1537374316
======================
   8      32 sdc 1802960 12642 265672056 12405648 22918912 564198777 10037009888 1523961536 129 41082276 1537518036
======================
   8      32 sdc 1802960 12642 265672056 12405648 22919573 564198777 10037348320 1524105168 140 41083280 1537661396
======================
   8      32 sdc 1802960 12642 265672056 12405648 22920235 564198777 10037687264 1524248076 150 41084284 1537805040
======================
   8      32 sdc 1802960 12642 265672056 12405648 22920877 564198777 10038015968 1524391160 148 41085288 1537948372
======================
   8      32 sdc 1802960 12642 265672056 12405648 22921514 564198777 10038342112 1524534688 151 41086288 1538091304
======================
   8      32 sdc 1802960 12642 265672056 12405648 22921988 564198777 10038584800 1524640868 157 41087292 1538238392
======================
   8      32 sdc 1802960 12642 265672056 12405648 22922551 564198777 10038873056 1524770908 37 41088296 1538333184
======================
   8      32 sdc 1802960 12642 265672056 12405648 22922551 564198777 10038873056 1524770908 37 41089300 1538370332
======================
   8      32 sdc 1802961 12642 265672064 12407288 22924085 564198777 10039658464 1524947460 142 41090304 1538505548
======================
   8      32 sdc 1802961 12642 265672064 12407288 22924726 564198777 10039986656 1525090728 158 41091308 1538649248
======================
   8      32 sdc 1802961 12642 265672064 12407288 22925393 564198777 10040328160 1525235596 131 41092312 1538793072
======================
   8      32 sdc 1802961 12642 265672064 12407288 22926020 564198777 10040649184 1525377752 144 41093316 1538936936
======================
   8      32 sdc 1802961 12642 265672064 12407288 22926648 564198777 10040970720 1525522084 156 41094320 1539080456
======================
   8      32 sdc 1802961 12642 265672064 12407288 22927314 564198777 10041311712 1525668968 130 41095320 1539223132
======================
   8      32 sdc 1802961 12642 265672064 12407288 22928000 564198777 10041662944 1525809184 148 41096324 1539366920
======================
   8      32 sdc 1802961 12642 265672064 12407288 22928676 564198777 10042009056 1525952640 144 41097328 1539510312
======================
   8      32 sdc 1802961 12642 265672064 12407288 22929314 564198777 10042335712 1526094996 146 41098332 1539653992
======================
   8      32 sdc 1802961 12642 265672064 12407288 22929938 564198777 10042655200 1526238820 130 41099336 1539797568
======================
   8      32 sdc 1802962 12642 265672072 12407488 22930450 564198777 10042917344 1526340024 148 41100340 1539927852
======================
   8      32 sdc 1802962 12642 265672072 12407488 22931237 564198777 10043320288 1526513216 129 41101344 1540071420
======================
   8      32 sdc 1802962 12642 265672072 12407488 22931899 564198777 10043659232 1526656220 139 41102348 1540215212
======================
   8      32 sdc 1802962 12642 265672072 12407488 22932549 564198777 10043992032 1526800588 129 41103352 1540358804
======================
   8      32 sdc 1802962 12642 265672072 12407488 22933191 564198777 10044320736 1526943552 132 41104352 1540501688
======================
   8      32 sdc 1802962 12642 265672072 12407488 22933833 564198777 10044649440 1527087008 157 41105356 1540645152
======================
   8      32 sdc 1802962 12642 265672072 12407488 22934469 564198777 10044975072 1527230532 129 41106360 1540788996
======================
   8      32 sdc 1802962 12642 265672072 12407488 22935111 564198777 10045303776 1527377228 148 41107364 1540935644
======================
   8      32 sdc 1802962 12642 265672072 12407488 22935764 564198777 10045638112 1527520908 146 41108368 1541079108
======================
   8      32 sdc 1802962 12642 265672072 12407488 22936429 564198777 10045978592 1527664496 153 41109372 1541222676
======================
   8      32 sdc 1802962 12642 265672072 12407488 22937072 564198777 10046307808 1527807332 150 41110376 1541366212
======================
   8      32 sdc 1802962 12642 265672072 12407488 22937720 564198777 10046639584 1527951748 142 41111380 1541509688
======================
   8      32 sdc 1802963 12642 265672080 12407708 22938287 564198777 10046929888 1528062024 153 41112384 1541639892
======================
   8      32 sdc 1802963 12642 265672080 12407708 22939012 564198777 10047301088 1528224008 132 41113384 1541782932
======================
   8      32 sdc 1802963 12642 265672080 12407708 22939636 564198777 10047620576 1528367480 148 41114388 1541926800
======================
   8      32 sdc 1802963 12642 265672080 12407708 22940288 564198777 10047954400 1528512340 136 41115392 1542070284
======================
   8      32 sdc 1802963 12642 265672080 12407708 22940812 564198777 10048222688 1528654708 156 41116396 1542212556
======================
   8      32 sdc 1802963 12642 265672080 12407708 22941488 564198777 10048568800 1528798184 152 41117400 1542356124
======================
   8      32 sdc 1802963 12642 265672080 12407708 22942180 564198777 10048923104 1528957216 132 41118496 1542514792
======================
   8      32 sdc 1802963 12642 265672080 12407708 22942850 564198777 10049266144 1529108864 134 41119564 1542667672
======================
   8      32 sdc 1802963 12642 265672080 12407708 22943527 564198777 10049612768 1529254792 129 41120572 1542812376
======================
   8      32 sdc 1802963 12642 265672080 12407708 22944192 564198777 10049953248 1529397092 136 41121572 1542955688
======================
   8      32 sdc 1802963 12642 265672080 12407708 22944834 564198777 10050281952 1529540712 134 41122580 1543099872
======================
   8      32 sdc 1802963 12642 265672080 12407708 22945491 564198777 10050618336 1529685288 137 41123584 1543243444
======================
   8      32 sdc 1802964 12642 265672088 12407932 22946133 564198777 10050947040 1529812964 150 41124588 1543371692
======================
   8      32 sdc 1802964 12642 265672088 12407932 22946775 564198777 10051275744 1529959392 148 41125592 1543516088
======================
   8      32 sdc 1802964 12642 265672088 12407932 22947425 564198777 10051608544 1530101080 138 41126600 1543660472
======================
   8      32 sdc 1802964 12642 265672088 12407932 22948067 564198777 10051937248 1530244824 136 41127604 1543804224
======================
   8      32 sdc 1802964 12642 265672088 12407932 22948715 564198777 10052269024 1530389340 128 41128608 1543947748
======================
   8      32 sdc 1802964 12642 265672088 12407932 22949371 564198777 10052604896 1530532144 144 41129612 1544091672
======================
   8      32 sdc 1802964 12642 265672088 12407932 22950013 564198777 10052933600 1530675956 142 41130620 1544235840
======================
   8      32 sdc 1802964 12642 265672088 12407932 22950667 564198777 10053268448 1530819540 128 41131624 1544378284
======================
   8      32 sdc 1802964 12642 265672088 12407932 22951343 564198777 10053614560 1530962960 156 41132628 1544521900
======================
   8      32 sdc 1802964 12642 265672088 12407932 22951987 564198777 10053944288 1531105420 152 41133632 1544665568
======================
   8      32 sdc 1802964 12642 265672088 12407932 22952611 564198777 10054263776 1531249676 136 41134636 1544808960
======================
   8      32 sdc 1802964 12642 265672088 12407932 22953270 564198777 10054601184 1531393068 38 41135640 1544944060
======================
   8      32 sdc 1802965 12642 265672096 12408164 22953913 564198777 10054930400 1531520204 146 41136644 1545080540
======================
   8      32 sdc 1802965 12642 265672096 12408164 22954590 564198777 10055277024 1531664816 141 41137648 1545224208
======================
   8      32 sdc 1802965 12642 265672096 12408164 22955245 564198777 10055612384 1531807272 158 41138648 1545367012
======================
   8      32 sdc 1802965 12642 265672096 12408164 22955865 564198777 10055929824 1531953268 146 41139660 1545512264
======================
   8      32 sdc 1802965 12642 265672096 12408164 22956542 564198777 10056276448 1532096824 141 41140664 1545655968
======================
   8      32 sdc 1802965 12642 265672096 12408164 22957196 564198777 10056611296 1532239604 143 41141668 1545799448
======================
   8      32 sdc 1802965 12642 265672096 12408164 22957838 564198777 10056940000 1532383132 157 41142668 1545942452
======================
   8      32 sdc 1802965 12642 265672096 12408164 22958493 564198777 10057275360 1532527100 142 41143672 1546086236
======================
   8      32 sdc 1802965 12642 265672096 12408164 22959152 564198777 10057612768 1532670260 155 41144676 1546229404
======================
   8      32 sdc 1802965 12642 265672096 12408164 22959792 564198777 10057940448 1532812208 155 41145680 1546372204
======================
   8      32 sdc 1802965 12642 265672096 12408164 22960434 564198777 10058269152 1532955668 153 41146684 1546515796
======================
   8      32 sdc 1802966 12642 265672104 12408392 22961054 564198777 10058586592 1533085752 141 41147684 1546643016
======================
   8      32 sdc 1802966 12642 265672104 12408392 22961706 564198777 10058920416 1533227220 129 41148688 1546786352
======================
   8      32 sdc 1802966 12642 265672104 12408392 22962370 564198777 10059260384 1533370688 137 41149692 1546930224
======================
   8      32 sdc 1802966 12642 265672104 12408392 22963008 564198777 10059587040 1533516564 139 41150696 1547074896
======================
   8      32 sdc 1802966 12642 265672104 12408392 22963508 564198777 10059843040 1533637376 151 41151696 1547217332
======================
   8      32 sdc 1802966 12642 265672104 12408392 22964184 564198777 10060189152 1533801696 147 41152700 1547361056
======================
   8      32 sdc 1802966 12642 265672104 12408392 22964824 564198777 10060516832 1533943724 147 41153700 1547504092
======================
   8      32 sdc 1802966 12642 265672104 12408392 22965448 564198777 10060836320 1534087392 131 41154704 1547647732
======================
   8      32 sdc 1802966 12642 265672104 12408392 22966115 564198777 10061177824 1534232212 136 41155708 1547791356
======================
   8      32 sdc 1802966 12642 265672104 12408392 22966790 564198777 10061523424 1534375960 133 41156712 1547935316
======================
   8      32 sdc 1802966 12642 265672104 12408392 22967460 564198777 10061866464 1534519080 135 41157716 1548078600
======================
   8      32 sdc 1802966 12642 265672104 12408392 22968106 564198777 10062197216 1534661184 129 41158716 1548221408
======================
   8      32 sdc 1802967 12642 265672112 12408628 22968710 564198777 10062506464 1534793520 137 41159720 1548347948
======================
   8      32 sdc 1802967 12642 265672112 12408628 22969364 564198777 10062841312 1534932004 155 41160724 1548491296
======================
   8      32 sdc 1802967 12642 265672112 12408628 22970037 564198777 10063185888 1535077036 154 41161728 1548634668
======================
   8      32 sdc 1802967 12642 265672112 12408628 22970686 564198777 10063518176 1535217476 145 41162732 1548778052
======================
   8      32 sdc 1802967 12642 265672112 12408628 22971181 564198777 10063771616 1535348880 130 41163736 1548921208
======================
   8      32 sdc 1802967 12642 265672112 12408628 22971841 564198777 10064109536 1535504648 142 41164736 1549064232
======================
   8      32 sdc 1802967 12642 265672112 12408628 22972486 564198777 10064439776 1535647768 137 41165740 1549207928
======================
   8      32 sdc 1802967 12642 265672112 12408628 22973129 564198777 10064768992 1535791400 134 41166744 1549351324
======================
   8      32 sdc 1802967 12642 265672112 12408628 22973770 564198777 10065097184 1535934472 133 41167748 1549494764
======================
   8      32 sdc 1802967 12642 265672112 12408628 22974417 564198777 10065428448 1536078472 158 41168752 1549638308
======================
   8      32 sdc 1802967 12642 265672112 12408628 22975081 564198777 10065768416 1536221328 134 41169752 1549780784
======================
   8      32 sdc 1802967 12642 265672112 12408628 22975734 564198777 10066102752 1536364012 153 41170756 1549924308
======================
   8      32 sdc 1802968 12642 265672120 12408860 22976356 564198777 10066421216 1536501996 141 41171760 1550050344
======================
   8      32 sdc 1802968 12642 265672120 12408860 22977014 564198777 10066758112 1536633832 155 41172764 1550193388
======================
   8      32 sdc 1802968 12642 265672120 12408860 22977689 564198777 10067103712 1536776732 152 41173764 1550336148
======================
   8      32 sdc 1802968 12642 265672120 12408860 22978318 564198777 10067425760 1536920476 131 41174772 1550480308
======================
   8      32 sdc 1802968 12642 265672120 12408860 22978939 564198777 10067743712 1537063516 150 41175776 1550623924
======================
   8      32 sdc 1802968 12642 265672120 12408860 22979615 564198777 10068089824 1537207192 146 41176776 1550766576
======================
   8      32 sdc 1802968 12642 265672120 12408860 22980135 564198777 10068356064 1537352256 138 41177780 1550910816
======================
   8      32 sdc 1802968 12642 265672120 12408860 22980794 564198777 10068693472 1537494088 151 41178784 1551053388
======================
   8      32 sdc 1802968 12642 265672120 12408860 22981419 564198777 10069013472 1537635844 134 41179788 1551196888
======================
   8      32 sdc 1802968 12642 265672120 12408860 22982067 564198777 10069345248 1537780776 158 41180792 1551340276
======================
   8      32 sdc 1802968 12642 265672120 12408860 22982743 564198777 10069691360 1537923780 154 41181796 1551483640
======================
   8      32 sdc 1802968 12642 265672120 12408860 22983393 564198777 10070024160 1538066240 144 41182796 1551626752
======================
   8      32 sdc 1802968 12642 265672120 12408860 22983975 564198777 10070322144 1538196360 21 41183800 1551747108
======================
   8      32 sdc 1802968 12642 265672120 12408860 22983975 564198777 10070322144 1538196360 21 41184804 1551768192
======================
   8      32 sdc 1802969 12642 265672128 12410460 22985327 564198777 10071014368 1538308968 158 41185808 1551871064
======================
   8      32 sdc 1802969 12642 265672128 12410460 22985968 564198777 10071342560 1538452496 157 41186812 1552014760
======================
   8      32 sdc 1802969 12642 265672128 12410460 22986599 564198777 10071665632 1538596960 134 41187812 1552156928
======================
   8      32 sdc 1802969 12642 265672128 12410460 22987249 564198777 10071998432 1538739032 156 41188816 1552300204
======================
   8      32 sdc 1802969 12642 265672128 12410460 22987912 564198777 10072337888 1538882044 133 41189820 1552443608
======================
   8      32 sdc 1802969 12642 265672128 12410460 22988564 564198777 10072671712 1539024636 153 41190824 1552586984
======================
   8      32 sdc 1802969 12642 265672128 12410460 22989206 564198777 10073000416 1539168076 151 41191824 1552730028
======================
   8      32 sdc 1802969 12642 265672128 12410460 22989867 564198777 10073338848 1539311608 130 41192828 1552873664
======================
   8      32 sdc 1802969 12642 265672128 12410460 22990516 564198777 10073671136 1539453780 153 41193832 1553017364
======================
   8      32 sdc 1802969 12642 265672128 12410460 22991165 564198777 10074003424 1539599164 144 41194832 1553160636
======================
   8      32 sdc 1802969 12642 265672128 12410460 22991637 564198777 10074245088 1539706556 39 41195836 1553269780
======================
   8      32 sdc 1802970 12642 265672136 12410884 22992305 564198777 10074587104 1539849644 143 41196840 1553411600
======================
   8      32 sdc 1802970 12642 265672136 12410884 22992976 564198777 10074930656 1539993408 144 41197844 1553555220
======================
   8      32 sdc 1802970 12642 265672136 12410884 22993652 564198777 10075276768 1540136868 140 41198848 1553698796
======================
   8      32 sdc 1802970 12642 265672136 12410884 22994281 564198777 10075598816 1540283056 151 41199852 1553843300
======================
   8      32 sdc 1802970 12642 265672136 12410884 22994915 564198777 10075923424 1540424012 157 41200856 1553986688
======================
   8      32 sdc 1802970 12642 265672136 12410884 22995594 564198777 10076271072 1540568356 150 41201860 1554130492
======================
   8      32 sdc 1802970 12642 265672136 12410884 22996244 564198777 10076603872 1540711472 140 41202864 1554274292
======================
   8      32 sdc 1802970 12642 265672136 12410884 22996886 564198777 10076932576 1540855116 138 41203868 1554417824
======================
   8      32 sdc 1802970 12642 265672136 12410884 22997551 564198777 10077273056 1540998956 145 41204872 1554561384
======================
   8      32 sdc 1802970 12642 265672136 12410884 22998210 564198777 10077610464 1541142228 158 41205872 1554704272
======================
   8      32 sdc 1802970 12642 265672136 12410884 22998852 564198777 10077939168 1541285336 156 41206876 1554847476
======================
   8      32 sdc 1802971 12642 265672144 12411112 22999473 564198777 10078257120 1541414932 143 41207880 1554978164
======================
   8      32 sdc 1802971 12642 265672144 12411112 23000109 564198777 10078582752 1541558208 147 41208884 1555121624
======================
   8      32 sdc 1802971 12642 265672144 12411112 23000765 564198777 10078918624 1541702540 131 41209888 1555265228
======================
   8      32 sdc 1802971 12642 265672144 12411112 23001429 564198777 10079258592 1541845676 139 41210892 1555408656
======================
   8      32 sdc 1802971 12642 265672144 12411112 23001898 564198777 10079498720 1541970796 150 41211896 1555548004
======================
   8      32 sdc 1802971 12642 265672144 12411112 23002582 564198777 10079848928 1542128640 138 41212900 1555691492
======================
   8      32 sdc 1802971 12642 265672144 12411112 23003259 564198777 10080195552 1542272064 133 41213904 1555834776
======================
   8      32 sdc 1802971 12642 265672144 12411112 23003889 564198777 10080518112 1542413968 143 41214904 1555977680
======================
   8      32 sdc 1802971 12642 265672144 12411112 23004513 564198777 10080837600 1542557760 154 41215908 1556121144
======================
   8      32 sdc 1802971 12642 265672144 12411112 23005181 564198777 10081179616 1542706184 131 41216912 1556266412
======================
   8      32 sdc 1802971 12642 265672144 12411112 23005860 564198777 10081527264 1542849168 156 41217916 1556410492
======================
   8      32 sdc 1802971 12642 265672144 12411112 23006536 564198777 10081873376 1542991292 152 41218920 1556554128
======================
   8      32 sdc 1802972 12642 265672152 12411348 23007158 564198777 10082191840 1543119484 140 41219924 1556683316
======================
   8      32 sdc 1802972 12642 265672152 12411348 23007781 564198777 10082510816 1543262528 157 41220928 1556826576
======================
   8      32 sdc 1802972 12642 265672152 12411348 23008447 564198777 10082851808 1543407072 131 41221932 1556969684
======================
   8      32 sdc 1802972 12642 265672152 12411348 23009121 564198777 10083196896 1543549744 129 41222936 1557112800
======================
   8      32 sdc 1802972 12642 265672152 12411348 23009599 564198777 10083441632 1543682256 131 41223936 1557252168
======================
   8      32 sdc 1802972 12642 265672152 12411348 23010273 564198777 10083786720 1543832260 129 41224940 1557394868
======================
   8      32 sdc 1802972 12642 265672152 12411348 23010935 564198777 10084125664 1543974700 139 41225944 1557538300
======================
   8      32 sdc 1802972 12642 265672152 12411348 23011577 564198777 10084454368 1544117736 137 41226948 1557681528
======================
   8      32 sdc 1802972 12642 265672152 12411348 23012218 564198777 10084782560 1544260836 136 41227948 1557824360
======================
   8      32 sdc 1802972 12642 265672152 12411348 23012860 564198777 10085111264 1544404188 134 41228952 1557967708
======================
   8      32 sdc 1802972 12642 265672152 12411348 23013494 564198777 10085435872 1544549528 140 41229956 1558112204
======================
   8      32 sdc 1802972 12642 265672152 12411348 23014166 564198777 10085779936 1544692360 140 41230960 1558255632
======================
   8      32 sdc 1802972 12642 265672152 12411348 23014681 564198777 10086043616 1544805068 35 41231960 1558366736
======================
   8      32 sdc 1802972 12642 265672152 12411348 23014681 564198777 10086043616 1544805068 35 41232964 1558401876
======================
   8      32 sdc 1802972 12642 265672152 12411348 23014681 564198777 10086043616 1544805068 35 41233968 1558437016
======================
   8      32 sdc 1802973 12642 265672160 12413760 23016739 564198777 10087097312 1545005892 149 41234972 1558577556
======================
   8      32 sdc 1802973 12642 265672160 12413760 23017254 564198777 10087360992 1545138076 146 41235976 1558723104
======================
   8      32 sdc 1802973 12642 265672160 12413760 23017919 564198777 10087701472 1545301268 153 41236976 1558866080
======================
   8      32 sdc 1802973 12642 265672160 12413760 23018590 564198777 10088045024 1545446912 154 41237984 1559010408
======================
   8      32 sdc 1802973 12642 265672160 12413760 23019266 564198777 10088391136 1545588040 150 41238984 1559153128
======================
   8      32 sdc 1802973 12642 265672160 12413760 23019913 564198777 10088722400 1545730244 143 41239988 1559296700
======================
   8      32 sdc 1802973 12642 265672160 12413760 23020538 564198777 10089042400 1545873960 158 41240992 1559440084
======================
   8      32 sdc 1802973 12642 265672160 12413760 23021198 564198777 10089380320 1546018652 138 41241996 1559583820
======================
   8      32 sdc 1802973 12642 265672160 12413760 23021864 564198777 10089721312 1546163452 144 41243000 1559726452
======================
   8      32 sdc 1802974 12642 265672168 12414012 23022495 564198777 10090044384 1546287252 147 41244004 1559850752
======================
   8      32 sdc 1802974 12642 265672168 12414012 23023140 564198777 10090374624 1546427996 142 41245008 1559994076
======================
   8      32 sdc 1802974 12642 265672168 12414012 23023804 564198777 10090714592 1546571312 150 41246008 1560136800
======================
   8      32 sdc 1802974 12642 265672168 12414012 23024459 564198777 10091049952 1546713696 135 41247012 1560280084
======================
   8      32 sdc 1802974 12642 265672168 12414012 23024951 564198777 10091301856 1546844116 155 41248016 1560424344
======================
   8      32 sdc 1802974 12642 265672168 12414012 23025558 564198777 10091612640 1546993332 156 41249016 1560567716
======================
   8      32 sdc 1802974 12642 265672168 12414012 23026244 564198777 10091963872 1547145512 142 41250020 1560710992
======================
   8      32 sdc 1802974 12642 265672168 12414012 23026902 564198777 10092300768 1547287760 156 41251024 1560854196
======================
   8      32 sdc 1802974 12642 265672168 12414012 23027550 564198777 10092632544 1547430548 148 41252028 1560997664
======================
   8      32 sdc 1802974 12642 265672168 12414012 23028184 564198777 10092957152 1547574488 154 41253028 1561140252
======================
   8      32 sdc 1802974 12642 265672168 12414012 23028853 564198777 10093299680 1547718252 157 41254032 1561283376
======================
   8      32 sdc 1802974 12642 265672168 12414012 23029523 564198777 10093642720 1547860984 141 41255036 1561427208
======================
   8      32 sdc 1802974 12642 265672168 12414012 23030025 564198777 10093899744 1547975628 19 41256036 1561533488
======================
   8      32 sdc 1802974 12642 265672168 12414012 23030025 564198777 10093899744 1547975628 19 41257040 1561552564
======================
   8      32 sdc 1802975 12642 265672176 12415660 23031433 564198777 10094620640 1548095256 133 41258048 1561662452
======================
   8      32 sdc 1802975 12642 265672176 12415660 23032109 564198777 10094966752 1548238440 129 41259052 1561805592
======================
   8      32 sdc 1802975 12642 265672176 12415660 23032596 564198777 10095216096 1548367076 154 41260056 1561949340
======================
   8      32 sdc 1802975 12642 265672176 12415660 23033238 564198777 10095544800 1548524192 152 41261060 1562092880
======================
   8      32 sdc 1802975 12642 265672176 12415660 23033899 564198777 10095883232 1548669028 131 41262060 1562235852
======================
   8      32 sdc 1802975 12642 265672176 12415660 23034570 564198777 10096226784 1548812256 132 41263064 1562379356
======================
   8      32 sdc 1802975 12642 265672176 12415660 23035212 564198777 10096555488 1548955468 130 41264068 1562522948
======================
   8      32 sdc 1802975 12642 265672176 12415660 23035853 564198777 10096883680 1549103068 129 41265072 1562667000
======================
   8      32 sdc 1802975 12642 265672176 12415660 23036518 564198777 10097224160 1549243496 136 41266080 1562811300
======================
   8      32 sdc 1802975 12642 265672176 12415660 23037162 564198777 10097553888 1549387208 132 41267084 1562954168
======================
   8      32 sdc 1802975 12642 265672176 12415660 23037654 564198777 10097805792 1549496548 38 41268088 1563064616
======================
   8      32 sdc 1802975 12642 265672176 12415660 23037654 564198777 10097805792 1549496548 38 41269092 1563102768
======================
   8      32 sdc 1802976 12642 265672184 12417304 23039051 564198777 10098521056 1549650292 135 41270096 1563219468
======================
   8      32 sdc 1802976 12642 265672184 12417304 23039715 564198777 10098861024 1549793248 143 41271096 1563362116
======================
   8      32 sdc 1802976 12642 265672184 12417304 23040228 564198777 10099123680 1549919420 142 41272100 1563506388
======================
   8      32 sdc 1802976 12642 265672184 12417304 23040874 564198777 10099454944 1550080904 136 41273104 1563649544
======================
   8      32 sdc 1802976 12642 265672184 12417304 23041550 564198777 10099800544 1550226628 132 41274108 1563793208
======================
   8      32 sdc 1802976 12642 265672184 12417304 23042205 564198777 10100135904 1550366728 149 41275112 1563936468
======================
   8      32 sdc 1802976 12642 265672184 12417304 23042830 564198777 10100455904 1550510236 132 41276116 1564079828
======================
   8      32 sdc 1802976 12642 265672184 12417304 23043482 564198777 10100790240 1550654128 152 41277120 1564222964
======================
   8      32 sdc 1802976 12642 265672184 12417304 23044159 564198777 10101136352 1550797372 147 41278124 1564366184
======================
   8      32 sdc 1802976 12642 265672184 12417304 23044826 564198777 10101477856 1550943108 152 41279124 1564509632
======================
   8      32 sdc 1802977 12642 265672192 12417512 23045468 564198777 10101806560 1551069800 141 41280132 1564639832
======================
   8      32 sdc 1802977 12642 265672192 12417512 23046092 564198777 10102126048 1551212916 157 41281132 1564782624
======================
   8      32 sdc 1802977 12642 265672192 12417512 23046733 564198777 10102454240 1551357684 156 41282136 1564926428
======================
   8      32 sdc 1802977 12642 265672192 12417512 23047409 564198777 10102800352 1551501156 152 41283140 1565070008
======================
   8      32 sdc 1802977 12642 265672192 12417512 23047914 564198777 10103058912 1551632804 159 41284144 1565216668
======================
   8      32 sdc 1802977 12642 265672192 12417512 23048565 564198777 10103392224 1551791076 148 41285148 1565360640
======================
   8      32 sdc 1802977 12642 265672192 12417512 23049229 564198777 10103732192 1551934396 156 41286148 1565503244
======================
   8      32 sdc 1802977 12642 265672192 12417512 23049880 564198777 10104065504 1552077504 145 41287152 1565646944
======================
   8      32 sdc 1802977 12642 265672192 12417512 23050522 564198777 10104394208 1552220708 143 41288156 1565790216
======================
   8      32 sdc 1802977 12642 265672192 12417512 23051153 564198777 10104717280 1552367404 152 41289160 1565934268
======================
   8      32 sdc 1802977 12642 265672192 12417512 23051802 564198777 10105049568 1552508460 143 41290168 1566078420
======================
   8      32 sdc 1802977 12642 265672192 12417512 23052471 564198777 10105392096 1552653212 146 41291176 1566222404
======================
   8      32 sdc 1802978 12642 265672200 12417748 23053103 564198777 10105715680 1552783580 140 41292180 1566348776
======================
   8      32 sdc 1802978 12642 265672200 12417748 23053746 564198777 10106044896 1552922840 156 41293184 1566492480
======================
   8      32 sdc 1802978 12642 265672200 12417748 23054403 564198777 10106381280 1553067060 139 41294188 1566636164
======================
   8      32 sdc 1802978 12642 265672200 12417748 23055073 564198777 10106724320 1553210568 141 41295192 1566779940
======================
   8      32 sdc 1802978 12642 265672200 12417748 23055563 564198777 10106975200 1553329196 131 41296196 1566923264
======================
   8      32 sdc 1802978 12642 265672200 12417748 23056210 564198777 10107306464 1553497808 156 41297200 1567066924
======================
   8      32 sdc 1802978 12642 265672200 12417748 23056886 564198777 10107652576 1553640972 152 41298200 1567209804
======================
   8      32 sdc 1802978 12642 265672200 12417748 23057562 564198777 10107998688 1553784392 148 41299204 1567353336
======================
   8      32 sdc 1802978 12642 265672200 12417748 23058225 564198777 10108338144 1553929232 157 41300208 1567497152
======================
   8      32 sdc 1802978 12642 265672200 12417748 23058855 564198777 10108660704 1554070024 135 41301212 1567640720
======================
   8      32 sdc 1802978 12642 265672200 12417748 23059486 564198777 10108983776 1554214780 144 41302212 1567783396
======================
   8      32 sdc 1802978 12642 265672200 12417748 23060162 564198777 10109329888 1554357952 140 41303216 1567927220
======================
   8      32 sdc 1802979 12642 265672208 12417980 23060798 564198777 10109655520 1554486292 150 41304220 1568053044
======================
   8      32 sdc 1802979 12642 265672208 12417980 23061439 564198777 10109983712 1554625828 149 41305220 1568195916
======================
   8      32 sdc 1802979 12642 265672208 12417980 23062092 564198777 10110318048 1554769888 136 41306224 1568339248
======================
   8      32 sdc 1802979 12642 265672208 12417980 23062747 564198777 10110653408 1554912704 153 41307228 1568482588
======================
   8      32 sdc 1802979 12642 265672208 12417980 23063372 564198777 10110973408 1555056068 136 41308232 1568626400
======================
   8      32 sdc 1802979 12642 265672208 12417980 23064015 564198777 10111302624 1555199800 133 41309236 1568769860
======================
   8      32 sdc 1802979 12642 265672208 12417980 23064670 564198777 10111637984 1555343356 150 41310240 1568913248
======================
   8      32 sdc 1802979 12642 265672208 12417980 23065326 564198777 10111973856 1555489680 134 41311244 1569057448
======================
   8      32 sdc 1802979 12642 265672208 12417980 23065976 564198777 10112306656 1555630884 156 41312248 1569200960
======================
   8      32 sdc 1802979 12642 265672208 12417980 23066618 564198777 10112635360 1555774336 154 41313248 1569343988
======================
   8      32 sdc 1802979 12642 265672208 12417980 23067296 564198777 10112982496 1555918852 148 41314256 1569488172
======================
   8      32 sdc 1802979 12642 265672208 12417980 23067956 564198777 10113320416 1556061380 128 41315260 1569631676
======================
   8      32 sdc 1802980 12642 265672216 12418212 23068552 564198777 10113625568 1556189132 140 41316268 1569757760
======================
   8      32 sdc 1802980 12642 265672216 12418212 23069208 564198777 10113961440 1556331828 156 41317272 1569901384
======================
   8      32 sdc 1802980 12642 265672216 12418212 23069879 564198777 10114304992 1556475976 157 41318276 1570045532
======================
   8      32 sdc 1802980 12642 265672216 12418212 23070555 564198777 10114651104 1556619420 153 41319280 1570189148
======================
   8      32 sdc 1802980 12642 265672216 12418212 23071193 564198777 10114977760 1556762124 155 41320284 1570332772
======================
   8      32 sdc 1802980 12642 265672216 12418212 23071818 564198777 10115297760 1556905688 138 41321288 1570476432
======================
   8      32 sdc 1802980 12642 265672216 12418212 23072493 564198777 10115643360 1557050244 135 41322292 1570619840
======================
   8      32 sdc 1802980 12642 265672216 12418212 23073160 564198777 10115984864 1557192444 140 41323296 1570762796
======================
   8      32 sdc 1802980 12642 265672216 12418212 23073802 564198777 10116313568 1557335988 138 41324300 1570906364
======================
   8      32 sdc 1802980 12642 265672216 12418212 23074455 564198777 10116647904 1557480200 157 41325304 1571049932
======================
   8      32 sdc 1802980 12642 265672216 12418212 23075119 564198777 10116987872 1557623460 133 41326304 1571193096
======================
   8      32 sdc 1802980 12642 265672216 12418212 23075767 564198777 10117319648 1557766512 157 41327308 1571336616
======================
   8      32 sdc 1802981 12642 265672224 12418440 23076378 564198777 10117632480 1557894612 153 41328312 1571462340
======================
   8      32 sdc 1802981 12642 265672224 12418440 23077028 564198777 10117965280 1558034812 143 41329312 1571605316
======================
   8      32 sdc 1802981 12642 265672224 12418440 23077671 564198777 10118294496 1558178472 140 41330316 1571748828
======================
   8      32 sdc 1802981 12642 265672224 12418440 23078334 564198777 10118633952 1558322880 149 41331324 1571893012
======================
   8      32 sdc 1802981 12642 265672224 12418440 23078934 564198777 10118941152 1558463056 157 41332328 1572036368
======================
   8      32 sdc 1802981 12642 265672224 12418440 23079581 564198777 10119272416 1558611176 150 41333332 1572182596
======================
   8      32 sdc 1802981 12642 265672224 12418440 23080262 564198777 10119621088 1558756052 141 41334332 1572325872
======================
   8      32 sdc 1802981 12642 265672224 12418440 23080910 564198777 10119952864 1558898152 133 41335336 1572469280
======================
   8      32 sdc 1802981 12642 265672224 12418440 23081534 564198777 10120272352 1559041432 149 41336340 1572612856
======================
   8      32 sdc 1802981 12642 265672224 12418440 23082193 564198777 10120609760 1559186452 130 41337340 1572755780
======================
   8      32 sdc 1802981 12642 265672224 12418440 23082863 564198777 10120952800 1559330544 132 41338344 1572899376
======================
   8      32 sdc 1802981 12642 265672224 12418440 23083534 564198777 10121296352 1559473364 133 41339348 1573043016
======================
   8      32 sdc 1802982 12642 265672232 12418656 23084173 564198777 10121623520 1559598260 135 41340352 1573169392
======================
   8      32 sdc 1802982 12642 265672232 12418656 23084797 564198777 10121943008 1559742448 151 41341356 1573313048
======================
   8      32 sdc 1802982 12642 265672232 12418656 23085443 564198777 10122273760 1559886580 145 41342360 1573456720
======================
   8      32 sdc 1802982 12642 265672232 12418656 23086119 564198777 10122619872 1560022908 227 41343360 1573623212
======================
   8      32 sdc 1802982 12642 265672232 12418656 23086615 564198777 10122873824 1560173836 228 41344364 1573855416
======================
   8      32 sdc 1802982 12642 265672232 12418656 23087262 564198777 10123205600 1560332852 204 41345368 1574079412
======================
   8      32 sdc 1802982 12642 265672232 12418656 23087927 564198777 10123545568 1560493508 211 41346372 1574296432
======================
   8      32 sdc 1802982 12642 265672232 12418656 23088565 564198777 10123872224 1560666360 213 41347376 1574506116
======================
   8      32 sdc 1802982 12642 265672232 12418656 23089203 564198777 10124198880 1560847144 183 41348380 1574708680
======================
   8      32 sdc 1802982 12642 265672232 12418656 23089849 564198777 10124529632 1561040648 177 41349384 1574902336
======================
   8      32 sdc 1802982 12642 265672232 12418656 23090496 564198777 10124860896 1561245832 170 41350388 1575086952
======================
   8      32 sdc 1802982 12642 265672232 12418656 23091160 564198777 10125200864 1561452548 178 41351392 1575263060
======================
   8      32 sdc 1802982 12642 265672232 12418656 23091425 564198777 10125336544 1561533964 27 41352396 1575331732
======================
   8      32 sdc 1802983 12642 265672240 12420332 23092425 564198777 10125848544 1561808692 135 41353396 1575374224
======================
   8      32 sdc 1802983 12642 265672240 12420332 23093087 564198777 10126187488 1561946176 145 41354400 1575517900
======================
   8      32 sdc 1802983 12642 265672240 12420332 23093763 564198777 10126533600 1562089704 141 41355404 1575661444
======================
   8      32 sdc 1802983 12642 265672240 12420332 23094365 564198777 10126841824 1562231584 147 41356408 1575805124
======================
   8      32 sdc 1802983 12642 265672240 12420332 23095050 564198777 10127192544 1562376524 134 41357408 1575948088
======================
   8      32 sdc 1802983 12642 265672240 12420332 23095726 564198777 10127538656 1562519860 130 41358412 1576091272
======================
   8      32 sdc 1802983 12642 265672240 12420332 23096402 564198777 10127884768 1562663304 158 41359416 1576234344
======================
   8      32 sdc 1802983 12642 265672240 12420332 23097052 564198777 10128217568 1562804852 148 41360420 1576378212
======================
   8      32 sdc 1802983 12642 265672240 12420332 23097677 564198777 10128537568 1562948596 131 41361424 1576521520
======================
   8      32 sdc 1802983 12642 265672240 12420332 23098334 564198777 10128873952 1563093288 146 41362428 1576665268
======================
   8      32 sdc 1802983 12642 265672240 12420332 23099010 564198777 10129220064 1563236640 122 41363428 1576807632
======================
   8      32 sdc 1802984 12642 265672248 12420796 23099501 564199248 10129470688 1563326364 156 41364432 1576899120
======================
   8      32 sdc 1802984 12642 265672248 12420796 23100142 564199248 10129798880 1563469760 155 41365436 1577042776
======================
   8      32 sdc 1802984 12642 265672248 12420796 23100800 564199248 10130135776 1563613004 137 41366440 1577186388
======================
   8      32 sdc 1802984 12642 265672248 12420796 23101461 564199248 10130474208 1563757112 148 41367444 1577330352
======================
   8      32 sdc 1802984 12642 265672248 12420796 23102085 564199248 10130793696 1563900028 132 41368448 1577473452
======================
   8      32 sdc 1802984 12642 265672248 12420796 23102730 564199248 10131123936 1564044256 146 41369452 1577616996
======================
   8      32 sdc 1802984 12642 265672248 12420796 23103378 564199248 10131455712 1564188160 151 41370456 1577760896
======================
   8      32 sdc 1802984 12642 265672248 12420796 23104038 564199248 10131793632 1564330700 131 41371456 1577903592
======================
   8      32 sdc 1802984 12642 265672248 12420796 23104674 564199248 10132119264 1564474404 135 41372460 1578047124
======================
   8      32 sdc 1802984 12642 265672248 12420796 23105322 564199248 10132451040 1564618756 154 41373464 1578190552
======================
   8      32 sdc 1802984 12642 265672248 12420796 23105999 564199248 10132797664 1564762408 154 41374468 1578334152
======================
   8      32 sdc 1802984 12642 265672248 12420796 23106645 564199248 10133128416 1564904456 148 41375472 1578477744
======================
   8      32 sdc 1802985 12642 265672256 12421100 23107242 564199731 10133431256 1565017540 44 41376472 1578585840
======================
   8      32 sdc 1802985 12642 265672256 12421100 23107292 564199731 10133435304 1565032928 0 41376560 1578590020
======================
   8      32 sdc 1802985 12642 265672256 12421100 23107292 564199731 10133435304 1565032928 0 41376560 1578590020
======================
   8      32 sdc 1802985 12642 265672256 12421100 23107292 564199731 10133435304 1565032928 0 41376560 1578590020
======================
   8      32 sdc 1802985 12642 265672256 12421100 23107292 564199731 10133435304 1565032928 0 41376560 1578590020
======================
   8      32 sdc 1802985 12642 265672256 12421100 23107292 564199731 10133435304 1565032928 0 41376560 1578590020
======================
   8      32 sdc 1803203 12642 265673994 12428392 23107305 564199731 10133435352 1565032928 17 41377192 1578607444
======================
   8      32 sdc 1803223 12642 265674154 12441044 23107307 564199731 10133435360 1565032984 0 41378080 1578610020
started
======================
   8      32 sdc 1803226 12642 265674178 12441044 23107307 564199731 10133435360 1565032984 0 41378080 1578610020
======================
   8      32 sdc 1803339 12642 265701866 12441588 23107307 564199731 10133435360 1565032984 3 41378380 1578610580
======================
   8      32 sdc 1803666 12642 265785578 12443804 23107307 564199731 10133435360 1565032984 2 41379372 1578612844
======================
   8      32 sdc 1803981 12642 265864586 12446476 23107307 564199731 10133435360 1565032984 4 41380372 1578615472
======================
   8      32 sdc 1804304 12642 265946730 12449064 23107307 564199731 10133435360 1565032984 5 41381364 1578618172
======================
   8      32 sdc 1804653 12642 266036074 12452144 23107307 564199731 10133435360 1565032984 1 41382368 1578621140
======================
   8      32 sdc 1805001 12642 266124618 12455144 23107307 564199731 10133435360 1565032984 1 41383364 1578624136
======================
   8      32 sdc 1805365 12642 266217802 12457872 23107310 564199733 10133435400 1565032984 3 41384368 1578626888
======================
   8      32 sdc 1805725 12642 266309418 12460644 23107310 564199733 10133435400 1565032984 2 41385368 1578629672
======================
   8      32 sdc 1806070 12642 266397738 12463668 23107310 564199733 10133435400 1565032984 3 41386360 1578632644
======================
   8      32 sdc 1806400 12642 266482218 12467032 23107310 564199733 10133435400 1565032984 2 41387360 1578636108
======================
   8      32 sdc 1806735 12642 266567978 12469932 23107310 564199733 10133435400 1565032984 4 41388360 1578639068
======================
   8      32 sdc 1807091 12642 266659114 12473228 23107310 564199733 10133435400 1565032984 4 41389364 1578642416
======================
   8      32 sdc 1807350 12642 266725418 12476056 23107310 564199733 10133435400 1565032984 8 41390368 1578645160
======================
   8      32 sdc 1807682 12642 266810410 12479444 23107310 564199733 10133435400 1565032984 1 41391368 1578648424
======================
   8      32 sdc 1808000 12642 266891818 12482620 23107310 564199733 10133435400 1565032984 1 41392372 1578651600
======================
   8      32 sdc 1808331 12642 266976554 12486184 23107310 564199733 10133435400 1565032984 5 41393376 1578655216
======================
   8      32 sdc 1808650 12642 267058218 12489348 23107310 564199733 10133435400 1565032984 5 41394380 1578658496
======================
   8      32 sdc 1808955 12642 267136298 12492324 23107310 564199733 10133435400 1565032984 6 41395376 1578661328
======================
   8      32 sdc 1809288 12642 267221546 12495556 23107310 564199733 10133435400 1565032984 4 41396376 1578664548
======================
   8      32 sdc 1809613 12642 267304746 12498492 23107310 564199733 10133435400 1565032984 2 41397372 1578667476
======================
   8      32 sdc 1809934 12642 267386922 12501516 23107310 564199733 10133435400 1565032984 3 41398372 1578670508
======================
   8      32 sdc 1810273 12642 267473706 12504588 23107310 564199733 10133435400 1565032984 2 41399376 1578673584
======================
   8      32 sdc 1810606 12642 267558954 12507496 23107310 564199733 10133435400 1565032984 2 41400380 1578676476
======================
   8      32 sdc 1810933 12642 267642666 12511220 23107310 564199733 10133435400 1565032984 2 41401376 1578680224
======================
   8      32 sdc 1811265 12642 267727658 12514128 23107310 564199733 10133435400 1565032984 1 41402380 1578683116
======================
   8      32 sdc 1811578 12642 267807786 12517040 23107310 564199733 10133435400 1565032984 5 41403368 1578686088
======================
   8      32 sdc 1811908 12642 267892266 12520024 23107310 564199733 10133435400 1565032984 9 41404372 1578689244
======================
   8      32 sdc 1812221 12642 267972394 12523520 23107310 564199733 10133435400 1565032984 1 41405372 1578692536
======================
   8      32 sdc 1812531 12642 268051754 12526752 23107310 564199733 10133435400 1565032984 1 41406360 1578695724
======================
   8      32 sdc 1812877 12642 268140330 12529948 23107310 564199733 10133435400 1565032984 1 41407356 1578698924
======================
   8      32 sdc 1813219 12642 268227882 12533044 23107310 564199733 10133435400 1565032984 1 41408356 1578702020
======================
   8      32 sdc 1813553 12642 268313386 12536332 23107310 564199733 10133435400 1565032984 2 41409348 1578705300
======================
   8      32 sdc 1813887 12642 268398890 12539836 23107310 564199733 10133435400 1565032984 2 41410352 1578708804
======================
   8      32 sdc 1814206 12642 268480554 12542620 23107310 564199733 10133435400 1565032984 5 41411336 1578711692
======================
   8      32 sdc 1814534 12642 268564522 12546188 23107310 564199733 10133435400 1565032984 1 41412332 1578715188
======================
   8      32 sdc 1814885 12642 268654378 12549192 23107310 564199733 10133435400 1565032984 3 41413328 1578718252
======================
   8      32 sdc 1815207 12642 268736810 12552456 23107312 564199733 10133435416 1565033000 8 41414324 1578721632
======================
   8      32 sdc 1815522 12642 268817450 12555768 23107312 564199733 10133435416 1565033000 6 41415324 1578724868
======================
   8      32 sdc 1815843 12642 268899626 12558760 23107312 564199733 10133435416 1565033000 3 41416328 1578727780
======================
   8      32 sdc 1816153 12642 268978986 12562064 23107312 564199733 10133435416 1565033000 1 41417328 1578731076
======================
   8      32 sdc 1816462 12642 269058090 12565348 23107312 564199733 10133435416 1565033000 2 41418332 1578734388
======================
   8      32 sdc 1816786 12642 269141034 12568748 23107312 564199733 10133435416 1565033000 1 41419332 1578737764
======================
   8      32 sdc 1817037 12642 269205290 12571764 23107312 564199733 10133435416 1565033000 4 41420328 1578740872
======================
   8      32 sdc 1817374 12642 269291562 12574684 23107312 564199733 10133435416 1565033000 9 41421328 1578743976
======================
   8      32 sdc 1817702 12642 269375530 12577996 23107312 564199733 10133435416 1565033000 7 41422324 1578747060
======================
   8      32 sdc 1818005 12642 269453098 12581208 23107312 564199733 10133435416 1565033000 1 41423328 1578750228
======================
   8      32 sdc 1818342 12642 269539370 12584412 23107312 564199733 10133435416 1565033000 4 41424324 1578753432
======================
   8      32 sdc 1818677 12642 269625130 12587412 23107312 564199733 10133435416 1565033000 2 41425324 1578756444
======================
   8      32 sdc 1818991 12642 269705514 12590496 23107312 564199733 10133435416 1565033000 7 41426328 1578759524
======================
   8      32 sdc 1819315 12642 269788458 12594064 23107312 564199733 10133435416 1565033000 6 41427332 1578763152
======================
   8      32 sdc 1819653 12642 269874986 12597148 23107312 564199733 10133435416 1565033000 6 41428328 1578766188
======================
   8      32 sdc 1819978 12642 269958186 12600324 23107312 564199733 10133435416 1565033000 1 41429328 1578769352
======================
   8      32 sdc 1820310 12642 270043178 12603072 23107312 564199733 10133435416 1565033000 2 41430332 1578772128
======================
   8      32 sdc 1820629 12642 270124842 12606380 23107312 564199733 10133435416 1565033000 3 41431332 1578775448
======================
   8      32 sdc 1820947 12642 270206250 12609096 23107312 564199733 10133435416 1565033000 1 41432316 1578778108
======================
   8      32 sdc 1821280 12642 270291498 12611928 23107312 564199733 10133435416 1565033000 5 41433316 1578780976
======================
   8      32 sdc 1821627 12642 270380330 12615080 23107312 564199733 10133435416 1565033000 5 41434316 1578784168
======================
   8      32 sdc 1821955 12642 270464298 12618524 23107312 564199733 10133435416 1565033000 2 41435316 1578787548
======================
   8      32 sdc 1822284 12642 270548522 12621456 23107312 564199733 10133435416 1565033000 3 41436320 1578790496
======================
   8      32 sdc 1822597 12642 270628650 12624692 23107312 564199733 10133435416 1565033000 5 41437308 1578793784
======================
   8      32 sdc 1822942 12642 270716970 12627684 23107312 564199733 10133435416 1565033000 1 41438308 1578796708
======================
   8      32 sdc 1823122 12642 270763050 12629104 23107312 564199733 10133435416 1565033000 0 41438840 1578798104
