======================
   8      16 sdb 32503553 525732 3106401890 73494404 60142658 381746520 16245512512 2312455556 0 20880576 2386018116
======================
   8      16 sdb 32503553 525732 3106401890 73494404 60142658 381746520 16245512512 2312455556 0 20880576 2386018116
======================
   8      16 sdb 32503589 525732 3106402178 73494520 60142659 381746520 16245512520 2312455556 0 20880584 2386018232
======================
   8      16 sdb 32503589 525732 3106402178 73494520 60142659 381746520 16245512520 2312455556 0 20880584 2386018232
======================
   8      16 sdb 32503589 525732 3106402178 73494520 60142659 381746520 16245512520 2312455556 0 20880584 2386018232
======================
   8      16 sdb 32503589 525732 3106402178 73494520 60142659 381746520 16245512520 2312455556 0 20880584 2386018232
======================
   8      16 sdb 32503589 525732 3106402178 73494520 60142664 381746753 16245514424 2312455568 0 20880588 2386018244
======================
   8      16 sdb 32503589 525732 3106402178 73494520 60142689 381746964 16245516304 2312455568 0 20880588 2386018244
started
======================
   8      16 sdb 32503589 525732 3106402178 73494520 60142689 381746964 16245516304 2312455568 0 20880588 2386018244
======================
   8      16 sdb 32503627 525732 3106402482 73494564 60142689 381746964 16245516304 2312455568 0 20880592 2386018288
======================
   8      16 sdb 32503627 525732 3106402482 73494564 60142689 381746964 16245516304 2312455568 0 20880592 2386018288
======================
   8      16 sdb 32503635 525732 3106402546 73494596 60145569 381746964 16246990864 2312472620 0 20880940 2386035364
======================
   8      16 sdb 32503638 525732 3106402570 73494676 60147276 381746964 16247864848 2312514720 22 20881348 2386079000
======================
   8      16 sdb 32503642 525732 3106402602 73494980 60149206 381746984 16248853008 2312635164 108 20882352 2386203336
======================
   8      16 sdb 32503646 525732 3106402634 73495220 60151142 381746994 16249840448 2312753016 141 20883356 2386321812
======================
   8      16 sdb 32503651 525732 3106402674 73495536 60153078 381746994 16250831680 2312871184 128 20884364 2386439528
======================
   8      16 sdb 32503655 525732 3106402706 73495920 60155080 381746994 16251856704 2312981968 135 20885408 2386550924
======================
   8      16 sdb 32503659 525732 3106402738 73495936 60157055 381746994 16252867904 2313128660 140 20886444 2386697672
======================
   8      16 sdb 32503663 525732 3106402770 73495968 60158969 381747018 16253847560 2313272920 145 20887456 2386841904
======================
   8      16 sdb 32503667 525732 3106402802 73496032 60160929 381747018 16254851592 2313414608 151 20888460 2386984188
======================
   8      16 sdb 32503671 525732 3106402834 73496120 60162846 381747018 16255832584 2313554708 149 20889472 2387125176
======================
   8      16 sdb 32503675 525732 3106402866 73496220 60164771 381747018 16256818184 2313694960 156 20890476 2387264912
======================
   8      16 sdb 32503679 525732 3106402898 73496344 60166689 381747018 16257800200 2313835880 156 20891484 2387404400
======================
   8      16 sdb 32503683 525732 3106402930 73496492 60168614 381747018 16258785800 2313967748 152 20892488 2387537692
======================
   8      16 sdb 32503687 525732 3106402962 73496680 60170538 381747018 16259770888 2314102236 131 20893492 2387672360
======================
   8      16 sdb 32503691 525732 3106402994 73496876 60172460 381747018 16260754952 2314236464 132 20894496 2387807024
======================
   8      16 sdb 32503694 525732 3106403018 73497020 60174383 381747018 16261739528 2314371000 60 20895496 2387939548
======================
   8      16 sdb 32503699 525732 3106403058 73497252 60176306 381747018 16262724104 2314499252 155 20896500 2388070128
======================
   8      16 sdb 32503703 525732 3106403090 73497528 60178213 381747018 16263700488 2314624052 134 20897504 2388194852
======================
   8      16 sdb 32503707 525732 3106403122 73497832 60180073 381747063 16264652160 2314748316 131 20898512 2388314864
======================
   8      16 sdb 32503710 525732 3106403146 73498040 60181990 381747118 16265630576 2314866508 142 20899516 2388442372
======================
   8      16 sdb 32503715 525732 3106403186 73498368 60183982 381747118 16266650480 2314989816 145 20900516 2388561676
======================
   8      16 sdb 32503719 525732 3106403218 73498688 60185901 381747118 16267633008 2315106668 146 20901516 2388678468
======================
   8      16 sdb 32503722 525732 3106403242 73498908 60187751 381747118 16268580208 2315232212 13 20902520 2388800296
======================
   8      16 sdb 32503726 525732 3106403274 73499188 60189748 381747141 16269602352 2315351136 65 20903524 2388922308
======================
   8      16 sdb 32503731 525732 3106403314 73499500 60191652 381747158 16270576696 2315467496 156 20904528 2389040596
======================
   8      16 sdb 32503735 525732 3106403346 73499816 60193548 381747158 16271546072 2315584032 151 20905528 2389157616
======================
   8      16 sdb 32503739 525732 3106403378 73500124 60195468 381747158 16272529112 2315708148 150 20906528 2389277364
======================
   8      16 sdb 32503742 525732 3106403402 73500352 60197391 381747158 16273514200 2315829132 106 20907532 2389402676
======================
   8      16 sdb 32503747 525732 3106403442 73500664 60199313 381747180 16274496920 2315941692 154 20908536 2389516152
======================
   8      16 sdb 32503751 525732 3106403474 73500996 60201193 381747196 16275458600 2316060980 131 20909536 2389634360
======================
   8      16 sdb 32503755 525732 3106403506 73501288 60203182 381747196 16276476968 2316183316 152 20910548 2389755704
======================
   8      16 sdb 32503758 525732 3106403530 73501528 60205086 381747196 16277451816 2316306628 95 20911548 2389881252
======================
   8      16 sdb 32503763 525732 3106403570 73501840 60206994 381747196 16278428712 2316423516 153 20912552 2389998700
======================
   8      16 sdb 32503767 525732 3106403602 73502156 60208891 381747219 16279399656 2316537512 145 20913552 2390112980
======================
   8      16 sdb 32503770 525732 3106403626 73502380 60210740 381747219 16280345840 2316657296 75 20914556 2390235052
======================
   8      16 sdb 32503774 525732 3106403658 73502716 60212741 381747235 16281368968 2316780972 125 20915560 2390357224
======================
   8      16 sdb 32503779 525732 3106403698 73503040 60214661 381747235 16282352008 2316898344 136 20916556 2390474752
======================
   8      16 sdb 32503783 525732 3106403730 73503352 60216584 381747235 16283336584 2317014648 135 20917560 2390591264
======================
   8      16 sdb 32503786 525732 3106403754 73503572 60218421 381747258 16284276808 2317134568 78 20918564 2390714100
======================
   8      16 sdb 32503790 525732 3106403786 73503904 60220428 381747275 16285302512 2317257720 123 20919568 2390835180
======================
   8      16 sdb 32503795 525732 3106403826 73504212 60222331 381747275 16286276848 2317375180 147 20920564 2390952616
======================
   8      16 sdb 32503799 525732 3106403858 73504520 60224252 381747275 16287260400 2317492640 148 20921564 2391070300
======================
   8      16 sdb 32503802 525732 3106403882 73504752 60226173 381747275 16288243952 2317617080 10 20922568 2391190668
======================
   8      16 sdb 32503806 525732 3106403914 73505044 60228098 381747297 16289228720 2317729760 135 20923568 2391307808
======================
   8      16 sdb 32503811 525732 3106403954 73505344 60230024 381747313 16290213952 2317847688 143 20924572 2391426352
======================
   8      16 sdb 32503815 525732 3106403986 73505684 60231886 381747313 16291167296 2317964228 136 20925576 2391541328
======================
   8      16 sdb 32503818 525732 3106404010 73505900 60233849 381747313 16292172352 2318086840 18 20926576 2391662040
======================
   8      16 sdb 32503822 525732 3106404042 73506196 60235758 381747313 16293149760 2318206528 134 20927580 2391785996
======================
   8      16 sdb 32503827 525732 3106404082 73506504 60237682 381747336 16294134024 2318317048 136 20928580 2391897204
======================
   8      16 sdb 32503831 525732 3106404114 73506816 60239607 381747353 16295118752 2318433688 129 20929580 2392013008
======================
   8      16 sdb 32503834 525732 3106404138 73507040 60241532 381747353 16296104352 2318558260 19 20930580 2392134596
======================
   8      16 sdb 32503838 525732 3106404170 73507328 60243457 381747353 16297089952 2318677732 142 20931584 2392258340
======================
   8      16 sdb 32503843 525732 3106404210 73507644 60245377 381747353 16298072992 2318794028 128 20932584 2392375080
======================
   8      16 sdb 32503847 525732 3106404242 73507952 60247274 381747377 16299043440 2318907956 145 20933580 2392488868
======================
   8      16 sdb 32503850 525732 3106404266 73508168 60249180 381747393 16300017424 2319030340 57 20934580 2392610832
======================
   8      16 sdb 32503854 525732 3106404298 73508500 60251108 381747393 16301004560 2319148020 157 20935584 2392729968
======================
   8      16 sdb 32503859 525732 3106404338 73508796 60253033 381747393 16301990160 2319264744 135 20936580 2392846572
======================
   8      16 sdb 32503863 525732 3106404370 73509104 60254958 381747393 16302975760 2319383256 132 20937584 2392963712
======================
   8      16 sdb 32503866 525732 3106404394 73509320 60256849 381747415 16303943120 2319507092 70 20938588 2393087896
