======================
   8      16 sdb 28964585 368941 2594496754 62082556 50281118 355329712 14305816600 2037327740 0 17984476 2099469288
======================
   8      16 sdb 28964585 368941 2594496754 62082556 50281118 355329712 14305816600 2037327740 0 17984476 2099469288
======================
   8      16 sdb 28964585 368941 2594496754 62082556 50281118 355329712 14305816600 2037327740 0 17984476 2099469288
======================
   8      16 sdb 28964585 368941 2594496754 62082556 50281120 355329713 14305816624 2037327740 0 17984476 2099469288
======================
   8      16 sdb 28964586 368941 2594496762 62082560 50281120 355329713 14305816624 2037327740 0 17984480 2099469292
======================
   8      16 sdb 28964586 368941 2594496762 62082560 50281120 355329713 14305816624 2037327740 0 17984480 2099469292
======================
   8      16 sdb 28964586 368941 2594496762 62082560 50281120 355329713 14305816624 2037327740 0 17984480 2099469292
======================
   8      16 sdb 28964586 368941 2594496762 62082560 50281120 355329713 14305816624 2037327740 0 17984480 2099469292
======================
   8      16 sdb 28965068 368941 2594500618 62082608 50281120 355329713 14305816624 2037327740 0 17984528 2099469340
======================
   8      16 sdb 28965068 368941 2594500618 62082608 50281129 355330209 14305820664 2037327740 0 17984528 2099469340
======================
   8      16 sdb 28965068 368941 2594500618 62082608 50281129 355330209 14305820664 2037327740 0 17984528 2099469340
======================
   8      16 sdb 28965073 368941 2594500658 62082780 50283387 355330666 14306959752 2037380256 135 17985100 2099526556
======================
   8      16 sdb 28965078 368941 2594500698 62083072 50285960 355330666 14308277128 2037498060 140 17986096 2099643544
======================
   8      16 sdb 28965082 368941 2594500730 62083328 50288293 355330666 14309471624 2037618032 46 17987100 2099762928
======================
   8      16 sdb 28965087 368941 2594500770 62083640 50290216 355330687 14310455360 2037727060 138 17988100 2099874872
======================
   8      16 sdb 28965090 368941 2594500794 62083852 50291758 355330700 14311242952 2037821820 152 17989104 2100000312
======================
   8      16 sdb 28965095 368941 2594500834 62084092 50293976 355330700 14312378568 2037981256 0 17990108 2100124284
======================
   8      16 sdb 28965098 368941 2594500858 62084316 50295889 355330700 14313358024 2038102180 136 17991112 2100250632
======================
   8      16 sdb 28965103 368941 2594500898 62084648 50297802 355330700 14314337480 2038214904 138 17992112 2100363840
======================
   8      16 sdb 28965107 368941 2594500930 62084900 50299710 355330737 14315312152 2038332012 134 17993116 2100480328
======================
   8      16 sdb 28965110 368941 2594500954 62085132 50301636 355330737 14316298264 2038456748 26 17994116 2100602544
======================
   8      16 sdb 28965114 368941 2594500986 62085444 50303559 355330737 14317282840 2038576468 128 17995116 2100726252
======================
   8      16 sdb 28965119 368941 2594501026 62085768 50305480 355330737 14318266392 2038692732 145 17996112 2100842444
======================
   8      16 sdb 28965123 368941 2594501058 62086068 50307380 355330737 14319239192 2038813152 148 17997116 2100961840
======================
   8      16 sdb 28965126 368941 2594501082 62086292 50309326 355330761 14320234728 2038931248 18 17998116 2101077624
======================
   8      16 sdb 28965130 368941 2594501114 62086604 50311227 355330778 14321206664 2039051068 145 17999120 2101201844
======================
   8      16 sdb 28965135 368941 2594501154 62086932 50313136 355330778 14322184072 2039167264 139 18000120 2101318412
======================
   8      16 sdb 28965139 368941 2594501186 62087228 50315059 355330778 14323168648 2039286896 153 18001124 2101437028
======================
   8      16 sdb 28965142 368941 2594501210 62087456 50316934 355330778 14324128648 2039410788 93 18002124 2101561424
======================
   8      16 sdb 28965146 368941 2594501242 62087740 50318906 355330801 14325137488 2039529692 148 18003128 2101681828
======================
   8      16 sdb 28965151 368941 2594501282 62088088 50320834 355330818 14326123752 2039646800 132 18004128 2101798616
======================
   8      16 sdb 28965155 368941 2594501314 62088384 50322755 355330818 14327107304 2039765644 141 18005128 2101916984
======================
   8      16 sdb 28965158 368941 2594501338 62088608 50324655 355330818 14328080104 2039890144 56 18006132 2102040596
======================
   8      16 sdb 28965162 368941 2594501370 62088912 50326570 355330818 14329060584 2040009708 138 18007136 2102162648
======================
   8      16 sdb 28965167 368941 2594501410 62089240 50328493 355330840 14330044328 2040125108 152 18008140 2102278324
======================
   8      16 sdb 28965169 368941 2594501426 62089384 50329819 355330857 14330722368 2040210544 16 18009140 2102364844
======================
   8      16 sdb 28965174 368941 2594501466 62089940 50332113 355330857 14331896896 2040330100 129 18010144 2102485272
======================
   8      16 sdb 28965178 368941 2594501498 62089972 50333924 355330857 14332824128 2040474428 138 18011148 2102628512
======================
   8      16 sdb 28965182 368941 2594501530 62090028 50335846 355330857 14333808192 2040616932 133 18012152 2102771236
======================
   8      16 sdb 28965186 368941 2594501562 62090108 50337753 355330880 14334784256 2040756696 130 18013152 2102910864
======================
   8      16 sdb 28965190 368941 2594501594 62090196 50339678 355330880 14335769856 2040897548 145 18014156 2103051672
======================
   8      16 sdb 28965194 368941 2594501626 62090300 50341536 355330880 14336721152 2041038292 131 18015160 2103190992
======================
   8      16 sdb 28965198 368941 2594501658 62090416 50343500 355330880 14337726720 2041173316 134 18016164 2103327700
======================
   8      16 sdb 28965202 368941 2594501690 62090580 50345426 355330880 14338712832 2041308912 131 18017168 2103463444
======================
   8      16 sdb 28965206 368941 2594501722 62090756 50347352 355330880 14339698944 2041443552 142 18018172 2103598172
======================
   8      16 sdb 28965210 368941 2594501754 62090956 50349274 355330880 14340683008 2041577688 147 18019176 2103729628
======================
   8      16 sdb 28965214 368941 2594501786 62091132 50351141 355330880 14341638912 2041705784 132 18020180 2103861788
======================
   8      16 sdb 28965218 368941 2594501818 62091372 50353102 355330880 14342642944 2041832864 139 18021184 2103988408
======================
   8      16 sdb 28965222 368941 2594501850 62091616 50355005 355330880 14343617280 2041958756 151 18022192 2104113620
======================
   8      16 sdb 28965225 368941 2594501874 62091820 50356937 355330880 14344606464 2042083960 35 18023196 2104237236
======================
   8      16 sdb 28965230 368941 2594501914 62092120 50358863 355330926 14345591432 2042200316 138 18024196 2104356672
======================
   8      16 sdb 28965234 368941 2594501946 62092424 50360794 355330981 14346577520 2042317048 132 18025196 2104473576
======================
   8      16 sdb 28965238 368941 2594501978 62092720 50362717 355330981 14347562096 2042435684 140 18026200 2104591756
======================
   8      16 sdb 28965241 368941 2594502002 62092936 50364608 355330981 14348530288 2042560076 53 18027204 2104714944
======================
   8      16 sdb 28965246 368941 2594502042 62093260 50366568 355330981 14349533808 2042678284 141 18028216 2104835884
======================
   8      16 sdb 28965250 368941 2594502074 62093512 50368481 355331004 14350512440 2042794852 128 18029228 2104952752
======================
   8      16 sdb 28965254 368941 2594502106 62093812 50370410 355331019 14351498192 2042914644 154 18030228 2105072556
======================
   8      16 sdb 28965257 368941 2594502130 62094032 50372334 355331019 14352483280 2043038984 13 18031228 2105193052
======================
   8      16 sdb 28965262 368941 2594502170 62094360 50374197 355331019 14353437136 2043154808 129 18032224 2105314004
======================
   8      16 sdb 28965266 368941 2594502202 62094660 50376181 355331019 14354452944 2043273812 143 18033228 2105432736
======================
   8      16 sdb 28965270 368941 2594502234 62094948 50378108 355331042 14355438744 2043386624 139 18034232 2105545548
======================
   8      16 sdb 28965273 368941 2594502258 62095180 50380015 355331059 14356414256 2043512204 16 18035236 2105667540
======================
   8      16 sdb 28965278 368941 2594502298 62095500 50381919 355331059 14357389104 2043629808 137 18036240 2105789660
======================
   8      16 sdb 28965282 368941 2594502330 62095816 50383821 355331059 14358362928 2043746924 155 18037244 2105907132
======================
   8      16 sdb 28965286 368941 2594502362 62096120 50385746 355331059 14359348528 2043867072 129 18038248 2106026020
======================
   8      16 sdb 28965289 368941 2594502386 62096332 50387636 355331082 14360315384 2043988092 77 18039248 2106147372
======================
   8      16 sdb 28965294 368941 2594502426 62096644 50389584 355331099 14361311888 2044105092 131 18040252 2106266304
======================
   8      16 sdb 28965298 368941 2594502458 62096944 50391524 355331099 14362305168 2044222240 137 18041256 2106383520
======================
   8      16 sdb 28965302 368941 2594502490 62097248 50393449 355331099 14363290768 2044342036 138 18042260 2106502088
======================
   8      16 sdb 28965305 368941 2594502514 62097484 50395350 355331099 14364264080 2044463808 46 18043264 2106623076
======================
   8      16 sdb 28965310 368941 2594502554 62097812 50397254 355331121 14365238096 2044579044 148 18044268 2106741308
======================
   8      16 sdb 28965314 368941 2594502586 62098128 50399178 355331138 14366222312 2044694408 135 18045264 2106856564
======================
   8      16 sdb 28965318 368941 2594502618 62098596 50401100 355331138 14367206376 2044782700 132 18046268 2106945440
======================
   8      16 sdb 28965322 368941 2594502650 62098616 50403027 355331138 14368193000 2044924748 153 18047272 2107087552
======================
   8      16 sdb 28965326 368941 2594502682 62098668 50404953 355331138 14369179112 2045066416 145 18048276 2107229348
======================
   8      16 sdb 28965330 368941 2594502714 62098740 50406878 355331161 14370164904 2045208672 141 18049280 2107371752
======================
   8      16 sdb 28965333 368941 2594502738 62098796 50408517 355331161 14371003560 2045348204 135 18050284 2107513300
======================
   8      16 sdb 28965337 368941 2594502770 62098916 50410188 355331161 14371859112 2045491308 153 18051288 2107654056
======================
   8      16 sdb 28965340 368941 2594502794 62099004 50412110 355331161 14372843176 2045629808 147 18052292 2107793276
======================
   8      16 sdb 28965345 368941 2594502834 62099180 50414034 355331161 14373828264 2045765008 136 18053292 2107928212
======================
   8      16 sdb 28965349 368941 2594502866 62099348 50415960 355331161 14374814376 2045899040 130 18054296 2108062324
======================
   8      16 sdb 28965352 368941 2594502890 62099488 50417885 355331161 14375799976 2046033620 43 18055300 2108194712
======================
   8      16 sdb 28965356 368941 2594502922 62099684 50419811 355331161 14376786088 2046164168 146 18056304 2108328040
======================
   8      16 sdb 28965361 368941 2594502962 62099928 50421692 355331161 14377749160 2046289076 135 18057308 2108452836
======================
   8      16 sdb 28965365 368941 2594502994 62100172 50423615 355331161 14378733736 2046415816 153 18058312 2108578972
======================
   8      16 sdb 28965368 368941 2594503018 62100376 50425537 355331161 14379717800 2046542836 71 18059316 2108706196
======================
   8      16 sdb 28965372 368941 2594503050 62100660 50427467 355331205 14380704800 2046660144 146 18060316 2108825124
======================
   8      16 sdb 28965377 368941 2594503090 62100992 50429395 355331258 14381689336 2046774108 139 18061316 2108938832
======================
   8      16 sdb 28965381 368941 2594503122 62101288 50431317 355331258 14382673400 2046894356 133 18062316 2109057880
======================
   8      16 sdb 28965384 368941 2594503146 62101516 50433241 355331258 14383658488 2047018716 56 18063320 2109182180
======================
   8      16 sdb 28965386 368941 2594503162 62101656 50434195 355331258 14384146936 2047077084 126 18064324 2109306568
======================
   8      16 sdb 28965393 368941 2594503218 62102320 50436836 355331281 14385498808 2047278448 146 18065328 2109444936
======================
   8      16 sdb 28965396 368941 2594503242 62102340 50438759 355331281 14386483384 2047420812 140 18066328 2109587080
======================
   8      16 sdb 28965400 368941 2594503274 62102384 50440682 355331281 14387467960 2047563732 135 18067332 2109730060
======================
   8      16 sdb 28965404 368941 2594503306 62102452 50442607 355331281 14388453560 2047705520 147 18068336 2109872108
======================
   8      16 sdb 28965409 368941 2594503346 62102572 50444479 355331281 14389412024 2047843764 138 18069340 2110009636
======================
   8      16 sdb 28965412 368941 2594503370 62102656 50446455 355331281 14390423736 2047981904 141 18070344 2110148712
======================
   8      16 sdb 28965416 368941 2594503402 62102788 50448358 355331281 14391398072 2048117568 145 18071348 2110285416
======================
   8      16 sdb 28965420 368941 2594503434 62102944 50450280 355331281 14392382136 2048253448 156 18072352 2110420552
======================
   8      16 sdb 28965424 368941 2594503466 62103124 50452181 355331331 14393353328 2048381436 66 18073356 2110547316
======================
   8      16 sdb 28965428 368941 2594503498 62103320 50454070 355331331 14394320496 2048511944 134 18074356 2110681772
======================
   8      16 sdb 28965432 368941 2594503530 62103524 50456031 355331331 14395324528 2048644792 140 18075360 2110812172
======================
   8      16 sdb 28965436 368941 2594503562 62103768 50457943 355331331 14396303472 2048770172 133 18076364 2110937856
======================
   8      16 sdb 28965440 368941 2594503594 62103984 50459624 355331331 14397164144 2048896348 143 18077372 2111065536
======================
   8      16 sdb 28965443 368941 2594503618 62103988 50461085 355331331 14397912688 2049037480 140 18078376 2111201276
======================
   8      16 sdb 28965447 368941 2594503650 62104020 50463229 355331331 14399009904 2049175260 153 18079376 2111343104
======================
   8      16 sdb 28965451 368941 2594503682 62104080 50465152 355331331 14399994480 2049317892 153 18080384 2111486436
======================
   8      16 sdb 28965456 368941 2594503722 62104192 50467077 355331331 14400980080 2049457740 153 18081384 2111625452
======================
   8      16 sdb 28965459 368941 2594503746 62104268 50469002 355331331 14401965680 2049597060 109 18082388 2111765028
======================
   8      16 sdb 28965463 368941 2594503778 62104384 50470916 355331331 14402945648 2049733792 149 18083392 2111901952
======================
   8      16 sdb 28965467 368941 2594503810 62104524 50472850 355331331 14403935856 2049870388 150 18084396 2112039268
======================
   8      16 sdb 28965472 368941 2594503850 62104748 50474771 355331382 14404918808 2049998916 139 18085396 2112165584
======================
   8      16 sdb 28965475 368941 2594503874 62104896 50476675 355331410 14405892872 2050132724 120 18086400 2112301328
======================
   8      16 sdb 28965479 368941 2594503906 62105100 50478580 355331410 14406868232 2050264732 134 18087404 2112433752
======================
   8      16 sdb 28965483 368941 2594503938 62105320 50480474 355331410 14407837960 2050393288 142 18088408 2112562120
======================
   8      16 sdb 28965487 368941 2594503970 62105520 50482422 355331410 14408834832 2050516380 6 18089412 2112681176
======================
   8      16 sdb 28965491 368941 2594504002 62105796 50484362 355331474 14409825600 2050640384 120 18090416 2112810152
======================
   8      16 sdb 28965495 368941 2594504034 62106076 50486290 355331491 14410811360 2050760516 133 18091420 2112930652
======================
   8      16 sdb 28965499 368941 2594504066 62106368 50488211 355331491 14411795424 2050879116 156 18092420 2113049636
======================
   8      16 sdb 28965503 368941 2594504098 62106600 50490114 355331491 14412769248 2051001208 3 18093420 2113166800
======================
   8      16 sdb 28965507 368941 2594504130 62106892 50492016 355331491 14413743072 2051118892 140 18094424 2113290108
======================
   8      16 sdb 28965511 368941 2594504162 62107188 50493944 355331514 14414729384 2051232228 153 18095424 2113403176
======================
   8      16 sdb 28965515 368941 2594504194 62107496 50495872 355331530 14415715136 2051352020 148 18096428 2113523092
======================
   8      16 sdb 28965519 368941 2594504226 62107744 50497797 355331530 14416700736 2051472264 5 18097432 2113639072
======================
   8      16 sdb 28965523 368941 2594504258 62108028 50499703 355331530 14417676608 2051590704 147 18098436 2113762400
======================
   8      16 sdb 28965527 368941 2594504290 62108328 50501643 355331530 14418669888 2051710356 136 18099440 2113882776
======================
   8      16 sdb 28965531 368941 2594504322 62108636 50503550 355331553 14419645448 2051823760 149 18100444 2113996152
======================
   8      16 sdb 28965535 368941 2594504354 62108888 50505454 355331570 14420619424 2051944584 32 18101448 2114114312
======================
   8      16 sdb 28965543 368942 2594504426 62109212 50507321 355331570 14421575328 2052065584 130 18102452 2114239072
======================
   8      16 sdb 28965547 368942 2594504458 62109488 50509306 355331570 14422591648 2052184612 135 18103456 2114358408
======================
   8      16 sdb 28965551 368942 2594504490 62109788 50511231 355331570 14423577248 2052304548 130 18104460 2114477924
======================
   8      16 sdb 28965555 368942 2594504522 62110032 50513155 355331592 14424561504 2052424916 13 18105460 2114594496
======================
   8      16 sdb 28965559 368942 2594504554 62110360 50515082 355331592 14425548128 2052538012 134 18106468 2114712320
======================
   8      16 sdb 28965563 368942 2594504586 62110648 50516990 355331592 14426525024 2052656112 129 18107468 2114830824
======================
   8      16 sdb 28965567 368942 2594504618 62110952 50518898 355331592 14427501920 2052773452 144 18108468 2114947080
======================
   8      16 sdb 28965571 368942 2594504650 62111196 50520824 355331592 14428488032 2052893912 24 18109472 2115065364
======================
   8      16 sdb 28965575 368942 2594504682 62111504 50522743 355331615 14429469736 2053006244 141 18110472 2115181560
======================
   8      16 sdb 28965579 368942 2594504714 62111792 50524646 355331615 14430444072 2053125904 151 18111476 2115301156
======================
   8      16 sdb 28965583 368942 2594504746 62112100 50526591 355331615 14431439912 2053246176 132 18112480 2115421544
======================
   8      16 sdb 28965584 368942 2594504754 62112172 50527038 355331674 14431662680 2053275824 0 18112812 2115446616
======================
   8      16 sdb 28965584 368942 2594504754 62112172 50527038 355331674 14431662680 2053275824 0 18112812 2115446616
======================
   8      16 sdb 28965584 368942 2594504754 62112172 50527038 355331674 14431662680 2053275824 0 18112812 2115446616
======================
   8      16 sdb 28965584 368942 2594504754 62112172 50527038 355331674 14431662680 2053275824 0 18112812 2115446616
======================
   8      16 sdb 28965584 368942 2594504754 62112172 50527038 355331674 14431662680 2053275824 0 18112812 2115446616
======================
   8      16 sdb 28965584 368942 2594504754 62112172 50527038 355331674 14431662680 2053275824 0 18112812 2115446616
started
======================
   8      16 sdb 28965584 368942 2594504754 62112172 50527038 355331674 14431662680 2053275824 0 18112812 2115446616
======================
   8      16 sdb 28965591 368942 2594504810 62112172 50527038 355331674 14431662680 2053275824 0 18112812 2115446616
======================
   8      16 sdb 28965591 368942 2594504810 62112172 50527038 355331674 14431662680 2053275824 0 18112812 2115446616
======================
   8      16 sdb 28965591 368942 2594504810 62112172 50527038 355331674 14431662680 2053275824 0 18112812 2115446616
======================
   8      16 sdb 28965591 368942 2594504810 62112172 50527038 355331674 14431662680 2053275824 0 18112812 2115446616
======================
   8      16 sdb 28965591 368942 2594504810 62112172 50565438 355331674 14431987960 2053395228 152 18113672 2115566324
======================
   8      16 sdb 28965591 368942 2594504810 62112172 50602601 355331676 14432306392 2053536088 156 18114672 2115706784
======================
   8      16 sdb 28965591 368942 2594504810 62112172 50638839 355331676 14432620800 2053678756 142 18115684 2115850376
======================
   8      16 sdb 28965591 368942 2594504810 62112172 50678171 355331676 14432967296 2053818540 138 18116684 2115989688
======================
   8      16 sdb 28965591 368942 2594504810 62112172 50719357 355331676 14433334184 2053963216 143 18117712 2116134256
======================
   8      16 sdb 28965591 368942 2594504810 62112172 50759529 355331676 14433696808 2054103504 113 18118716 2116274676
======================
   8      16 sdb 28965591 368942 2594504810 62112172 50800496 355331678 14434067168 2054243984 148 18119720 2116415112
======================
   8      16 sdb 28965591 368942 2594504810 62112172 50839736 355331678 14434424032 2054384900 157 18120724 2116556276
======================
   8      16 sdb 28965591 368942 2594504810 62112172 50881828 355331678 14434808536 2054525100 153 18121724 2116695972
======================
   8      16 sdb 28965591 368942 2594504810 62112172 50924049 355331678 14435193304 2054663860 152 18122728 2116834792
======================
   8      16 sdb 28965591 368942 2594504810 62112172 50966167 355331678 14435579152 2054802484 132 18123724 2116973556
======================
   8      16 sdb 28965591 368942 2594504810 62112172 51008726 355331679 14435972480 2054941928 147 18124728 2117113252
======================
   8      16 sdb 28965591 368942 2594504810 62112172 51051620 355331679 14436367776 2055081744 131 18125728 2117252668
======================
   8      16 sdb 28965591 368942 2594504810 62112172 51091867 355331679 14436739560 2055220336 131 18126732 2117391232
======================
   8      16 sdb 28965591 368942 2594504810 62112172 51134357 355331679 14437134392 2055360324 140 18127736 2117531348
======================
   8      16 sdb 28965591 368942 2594504810 62112172 51177586 355331679 14437535880 2055499784 136 18128740 2117670716
======================
   8      16 sdb 28965591 368942 2594504810 62112172 51219629 355331680 14437927872 2055638172 146 18129740 2117808632
======================
   8      16 sdb 28965591 368942 2594504810 62112172 51263276 355331680 14438336168 2055778340 153 18130744 2117948856
======================
   8      16 sdb 28965591 368942 2594504810 62112172 51305665 355331680 14438732920 2055918120 153 18131756 2118088944
======================
   8      16 sdb 28965591 368942 2594504810 62112172 51349823 355331681 14439149376 2056057076 131 18132760 2118227344
======================
   8      16 sdb 28965591 368942 2594504810 62112172 51392797 355331681 14439555520 2056195684 138 18133764 2118366180
======================
   8      16 sdb 28965591 368942 2594504810 62112172 51434687 355331682 14439952288 2056334284 152 18134768 2118504924
======================
   8      16 sdb 28965591 368942 2594504810 62112172 51479222 355331683 14440374760 2056472312 129 18135768 2118642544
======================
   8      16 sdb 28965591 368942 2594504810 62112172 51521500 355331683 14440778256 2056610528 146 18136772 2118780936
======================
   8      16 sdb 28965591 368942 2594504810 62112172 51566209 355331683 14441206312 2056749828 158 18137776 2118920204
======================
   8      16 sdb 28965591 368942 2594504810 62112172 51610482 355331683 14441634456 2056890228 144 18138780 2119060736
======================
   8      16 sdb 28965591 368942 2594504810 62112172 51654042 355331685 14442056336 2057028976 138 18139780 2119198852
======================
   8      16 sdb 28965591 368942 2594504810 62112172 51698673 355331685 14442489184 2057167712 148 18140784 2119337532
======================
   8      16 sdb 28965591 368942 2594504810 62112172 51743216 355331685 14442922128 2057307420 138 18141792 2119477632
======================
   8      16 sdb 28965591 368942 2594504810 62112172 51787318 355331685 14443352160 2057443664 135 18142784 2119613548
======================
   8      16 sdb 28965591 368942 2594504810 62112172 51833069 355331685 14443799184 2057581388 142 18143788 2119751240
======================
   8      16 sdb 28965591 368942 2594504810 62112172 51877715 355331686 14444237152 2057719752 133 18144784 2119889768
======================
   8      16 sdb 28965591 368942 2594504810 62112172 51923542 355331686 14444688384 2057859868 148 18145788 2120029768
======================
   8      16 sdb 28965591 368942 2594504810 62112172 51967245 355331686 14445120176 2057997820 142 18146792 2120167768
======================
   8      16 sdb 28965591 368942 2594504810 62112172 52010737 355331686 14445550752 2058135648 155 18147792 2120305440
======================
   8      16 sdb 28965591 368942 2594504810 62112172 52056039 355331686 14446000360 2058273604 140 18148796 2120443264
======================
   8      16 sdb 28965591 368942 2594504810 62112172 52101294 355331687 14446449752 2058410804 159 18149796 2120580072
======================
   8      16 sdb 28965591 368942 2594504810 62112172 52146577 355331688 14446904408 2058549128 126 18150800 2120718428
======================
   8      16 sdb 28965591 368942 2594504810 62112172 52192786 355331688 14447368368 2058687116 140 18151804 2120856564
======================
   8      16 sdb 28965591 368942 2594504810 62112172 52239392 355331689 14447839864 2058826596 140 18152820 2120996100
======================
   8      16 sdb 28965591 368942 2594504810 62112172 52285564 355331689 14448308384 2058967008 146 18153820 2121136024
======================
   8      16 sdb 28965591 368942 2594504810 62112172 52330572 355331691 14448767904 2059106048 137 18154824 2121275152
======================
   8      16 sdb 28965591 368942 2594504810 62112172 52375951 355331692 14449232088 2059245932 134 18155828 2121414948
======================
   8      16 sdb 28965591 368942 2594504810 62112172 52419911 355331692 14449683424 2059385104 132 18156832 2121554244
======================
   8      16 sdb 28965591 368942 2594504810 62112172 52466410 355331693 14450162176 2059524888 144 18157832 2121693632
======================
   8      16 sdb 28965591 368942 2594504810 62112172 52510656 355331694 14450608128 2059664656 111 18158836 2121833544
======================
   8      16 sdb 28965591 368942 2594504810 62112172 52555633 355331696 14451052624 2059801708 136 18159840 2121970628
======================
   8      16 sdb 28965591 368942 2594504810 62112172 52600898 355331697 14451497952 2059940352 132 18160844 2122109052
======================
   8      16 sdb 28965591 368942 2594504810 62112172 52645705 355331697 14451939464 2060077912 145 18161848 2122246868
======================
   8      16 sdb 28965591 368942 2594504810 62112172 52689358 355331697 14452367688 2060216688 146 18162848 2122385136
======================
   8      16 sdb 28965591 368942 2594504810 62112172 52733594 355331697 14452799488 2060354528 158 18163852 2122523028
======================
   8      16 sdb 28965591 368942 2594504810 62112172 52778488 355331699 14453237936 2060493360 129 18164856 2122661932
======================
   8      16 sdb 28965591 368942 2594504810 62112172 52821206 355331700 14453652216 2060634436 135 18165860 2122803060
======================
   8      16 sdb 28965591 368942 2594504810 62112172 52865108 355331700 14454076712 2060773572 139 18166860 2122941804
======================
   8      16 sdb 28965591 368942 2594504810 62112172 52910094 355331701 14454511472 2060914024 141 18167864 2123082188
======================
   8      16 sdb 28965591 368942 2594504810 62112172 52953694 355331701 14454927888 2061053420 144 18168868 2123221872
======================
   8      16 sdb 28965591 368942 2594504810 62112172 52995639 355331703 14455328352 2061191788 147 18169864 2123360904
