======================
   8      16 sdb 40160748 572427 3443216618 83727472 71767510 389640181 19053592056 2696505504 0 24488156 2780366804
======================
   8      16 sdb 40160748 572427 3443216618 83727472 71767510 389640181 19053592056 2696505504 0 24488156 2780366804
======================
   8      16 sdb 40160748 572427 3443216618 83727472 71768331 389691781 19054011424 2696505816 0 24488324 2780367108
======================
   8      16 sdb 40160748 572427 3443216618 83727472 71768331 389691781 19054011424 2696505816 0 24488324 2780367108
======================
   8      16 sdb 40160748 572427 3443216618 83727472 71769055 389736110 19054371848 2696506616 0 24488380 2780367908
======================
   8      16 sdb 40160754 572427 3443216666 83727476 71769057 389736110 19054371856 2696506620 0 24488388 2780367916
======================
   8      16 sdb 40160754 572427 3443216666 83727476 71769057 389736110 19054371856 2696506620 0 24488388 2780367916
======================
   8      16 sdb 40160754 572427 3443216666 83727476 71769057 389736110 19054371856 2696506620 0 24488388 2780367916
======================
   8      16 sdb 40160754 572427 3443216666 83727476 71769057 389736110 19054371856 2696506620 0 24488388 2780367916
======================
   8      16 sdb 40160754 572427 3443216666 83727476 71769329 389752055 19054501592 2696506736 0 24488408 2780368028
======================
   8      16 sdb 40160754 572427 3443216666 83727476 71769511 389763435 19054594088 2696510784 0 24488480 2780372076
======================
   8      16 sdb 40160754 572427 3443216666 83727476 71769511 389763435 19054594088 2696510784 0 24488480 2780372076
======================
   8      16 sdb 40160754 572427 3443216666 83727476 71769511 389763435 19054594088 2696510784 0 24488480 2780372076
======================
   8      16 sdb 40160754 572427 3443216666 83727476 71769511 389763435 19054594088 2696510784 0 24488480 2780372076
======================
   8      16 sdb 40160754 572427 3443216666 83727476 71770227 389799773 19054888896 2696514872 8 24488892 2780376200
======================
   8      16 sdb 40160754 572427 3443216666 83727476 71770917 389836849 19055192656 2696517248 0 24489184 2780378536
======================
   8      16 sdb 40160754 572427 3443216666 83727476 71770917 389836849 19055192656 2696517248 0 24489184 2780378536
======================
   8      16 sdb 40160754 572427 3443216666 83727476 71770917 389836849 19055192656 2696517248 0 24489184 2780378536
======================
   8      16 sdb 40160754 572427 3443216666 83727476 71770917 389836849 19055192656 2696517248 0 24489184 2780378536
======================
   8      16 sdb 40160754 572427 3443216666 83727476 71770917 389836849 19055192656 2696517248 0 24489184 2780378536
======================
   8      16 sdb 40160754 572427 3443216666 83727476 71772148 389903506 19055732864 2696522312 8 24489784 2780383632
======================
   8      16 sdb 40160754 572427 3443216666 83727476 71774310 390017384 19056662432 2696531020 8 24490784 2780392288
======================
   8      16 sdb 40160754 572427 3443216666 83727476 71774653 390034611 19056804640 2696532580 0 24490960 2780393840
======================
   8      16 sdb 40160754 572427 3443216666 83727476 71774653 390034611 19056804640 2696532580 0 24490960 2780393840
======================
   8      16 sdb 40160754 572427 3443216666 83727476 71774653 390034611 19056804640 2696532580 0 24490960 2780393840
======================
   8      16 sdb 40160754 572427 3443216666 83727476 71775018 390057475 19056990472 2696532756 0 24491052 2780394012
======================
   8      16 sdb 40160754 572427 3443216666 83727476 71775018 390057475 19056990472 2696532756 0 24491052 2780394012
======================
   8      16 sdb 40160754 572427 3443216666 83727476 71775018 390057475 19056990472 2696532756 0 24491052 2780394012
======================
   8      16 sdb 40160754 572427 3443216666 83727476 71775018 390057475 19056990472 2696532756 0 24491052 2780394012
======================
   8      16 sdb 40160754 572427 3443216666 83727476 71775018 390057475 19056990472 2696532756 0 24491052 2780394012
======================
   8      16 sdb 40160754 572427 3443216666 83727476 71775217 390069893 19057091408 2696532836 0 24491080 2780394092
======================
   8      16 sdb 40160754 572427 3443216666 83727476 71775217 390069893 19057091408 2696532836 0 24491080 2780394092
======================
   8      16 sdb 40160754 572427 3443216666 83727476 71775217 390069893 19057091408 2696532836 0 24491080 2780394092
======================
   8      16 sdb 40160754 572427 3443216666 83727476 71775217 390069893 19057091408 2696532836 0 24491080 2780394092
======================
   8      16 sdb 40160754 572427 3443216666 83727476 71775217 390069893 19057091408 2696532836 0 24491080 2780394092
======================
   8      16 sdb 40160754 572427 3443216666 83727476 71775413 390082044 19057190176 2696532912 0 24491108 2780394168
======================
   8      16 sdb 40160754 572427 3443216666 83727476 71775413 390082044 19057190176 2696532912 0 24491108 2780394168
======================
   8      16 sdb 40160754 572427 3443216666 83727476 71775973 390110952 19057425920 2696535692 0 24491420 2780396948
======================
   8      16 sdb 40160754 572427 3443216666 83727476 71775973 390110952 19057425920 2696535692 0 24491420 2780396948
======================
   8      16 sdb 40160754 572427 3443216666 83727476 71775973 390110952 19057425920 2696535692 0 24491420 2780396948
======================
   8      16 sdb 40160754 572427 3443216666 83727476 71776515 390141903 19057674696 2696537552 8 24491648 2780398840
======================
   8      16 sdb 40160754 572427 3443216666 83727476 71776947 390163292 19057852432 2696539620 0 24491876 2780400868
======================
   8      16 sdb 40160755 572427 3443216674 83727476 71776947 390163292 19057852432 2696539620 0 24491876 2780400868
======================
   8      16 sdb 40160755 572427 3443216674 83727476 71776947 390163292 19057852432 2696539620 0 24491876 2780400868
======================
   8      16 sdb 40160755 572427 3443216674 83727476 71777947 390215020 19058271952 2696544208 8 24492416 2780405480
======================
   8      16 sdb 40160755 572427 3443216674 83727476 71780101 390330586 19059214264 2696557600 8 24493420 2780418860
======================
   8      16 sdb 40160758 572427 3443216698 83727500 71783051 390458095 19060257776 2696567144 8 24494420 2780428380
======================
   8      16 sdb 40160760 572427 3443216714 83727532 71784673 390548966 19060946232 2696594176 128 24495424 2780464436
======================
   8      16 sdb 40160763 572427 3443216738 83727724 71785471 390598538 19061336016 2696725100 136 24496428 2780600780
======================
   8      16 sdb 40160763 572427 3443216738 83727724 71785479 390598538 19061340112 2696726612 129 24497432 2780730260
======================
   8      16 sdb 40160764 572427 3443216746 83728692 71786817 390667693 19061964888 2696935844 8 24498320 2780798288
======================
   8      16 sdb 40160766 572427 3443216762 83728720 71788625 390758591 19062701088 2696945000 19 24499324 2780807524
======================
   8      16 sdb 40160769 572427 3443216786 83728792 71790291 390795929 19063020272 2697008108 1 24499876 2780870628
======================
   8      16 sdb 40160772 572427 3443216810 83728824 71790291 390795929 19063020272 2697008108 0 24499888 2780870640
======================
   8      16 sdb 40160774 572427 3443216826 83728828 71790291 390795929 19063020272 2697008108 0 24499892 2780870644
======================
   8      16 sdb 40160777 572427 3443216850 83728828 71790654 390818659 19063205016 2697008268 0 24499972 2780870800
======================
   8      16 sdb 40160781 572427 3443216882 83728832 71790654 390818659 19063205016 2697008268 0 24499976 2780870804
======================
   8      16 sdb 40160784 572427 3443216906 83728832 71790654 390818659 19063205016 2697008268 0 24499976 2780870804
======================
   8      16 sdb 40160786 572427 3443216922 83728832 71790654 390818659 19063205016 2697008268 0 24499976 2780870804
======================
   8      16 sdb 40160790 572427 3443216954 83728832 71790654 390818659 19063205016 2697008268 0 24499976 2780870804
======================
   8      16 sdb 40160792 572427 3443216970 83728848 71790907 390834446 19063333336 2697008376 0 24500024 2780870928
======================
   8      16 sdb 40160794 572427 3443216986 83728852 71790907 390834446 19063333336 2697008376 0 24500028 2780870932
======================
   8      16 sdb 40160798 572427 3443217018 83728856 71790907 390834446 19063333336 2697008376 0 24500032 2780870936
======================
   8      16 sdb 40160801 572427 3443217042 83728856 71790907 390834446 19063333336 2697008376 0 24500032 2780870936
======================
   8      16 sdb 40160804 572427 3443217066 83728856 71790907 390834446 19063333336 2697008376 0 24500032 2780870936
======================
   8      16 sdb 40160806 572427 3443217082 83728856 71791159 390850229 19063461616 2697008476 0 24500064 2780871032
======================
   8      16 sdb 40160809 572427 3443217106 83728864 71791561 390871307 19063630792 2697010752 14 24500292 2780873392
======================
   8      16 sdb 40160812 572427 3443217130 83728864 71792119 390899030 19063859704 2697013576 0 24500584 2780876136
======================
   8      16 sdb 40160816 572427 3443217162 83728864 71793703 390980713 19064525160 2697020748 8 24501420 2780883304
======================
   8      16 sdb 40160820 572427 3443217194 83728920 71795403 391068344 19065196608 2697035948 122 24502424 2780906488
======================
   8      16 sdb 40160821 572427 3443217202 83729184 71795728 391100101 19065345440 2697102516 302 24503428 2781195212
======================
   8      16 sdb 40160825 572427 3443217234 83729380 71796645 391146520 19065812640 2697499908 128 24504432 2781376332
======================
   8      16 sdb 40160828 572427 3443217258 83729524 71797202 391182446 19066094280 2697631540 147 24505436 2781512600
======================
   8      16 sdb 40160831 572427 3443217282 83729660 71798071 391223916 19066441248 2697768052 157 24506440 2781650236
======================
   8      16 sdb 40160834 572427 3443217306 83729880 71799358 391275015 19066870504 2697906880 111 24507444 2781781964
======================
   8      16 sdb 40160836 572427 3443217322 83729992 71799993 391316076 19067193864 2698110964 131 24508448 2781992596
======================
   8      16 sdb 40160836 572427 3443217322 83729992 71800027 391319480 19067211272 2698118632 152 24509452 2782143616
======================
   8      16 sdb 40160841 572427 3443217362 83730836 71801337 391376488 19067752016 2698340516 3 24510456 2782205768
======================
   8      16 sdb 40160848 572427 3443217418 83730896 71803514 391476719 19068571232 2698343732 5 24511460 2782209028
======================
   8      16 sdb 40160851 572427 3443217442 83730920 71804963 391544684 19069127744 2698345368 0 24511952 2782210680
======================
   8      16 sdb 40160854 572427 3443217466 83730920 71805383 391571069 19069342184 2698345548 0 24512052 2782210856
======================
   8      16 sdb 40160856 572427 3443217482 83730928 71805383 391571069 19069342184 2698345548 0 24512060 2782210864
======================
   8      16 sdb 40160858 572427 3443217498 83730936 71805383 391571069 19069342184 2698345548 0 24512068 2782210872
======================
   8      16 sdb 40160861 572427 3443217522 83730940 71805383 391571069 19069342184 2698345548 0 24512072 2782210876
======================
   8      16 sdb 40160865 572427 3443217554 83730940 71805383 391571069 19069342184 2698345548 0 24512072 2782210876
======================
   8      16 sdb 40160868 572427 3443217578 83730940 71805625 391586195 19069465128 2698345628 0 24512104 2782210956
======================
   8      16 sdb 40160870 572427 3443217594 83730940 71805625 391586195 19069465128 2698345628 0 24512104 2782210956
======================
   8      16 sdb 40160873 572427 3443217618 83730940 71805625 391586195 19069465128 2698345628 0 24512104 2782210956
======================
   8      16 sdb 40160875 572427 3443217634 83730940 71805625 391586195 19069465128 2698345628 0 24512104 2782210956
======================
   8      16 sdb 40160877 572427 3443217650 83730940 71805625 391586195 19069465128 2698345628 0 24512104 2782210956
======================
   8      16 sdb 40160879 572427 3443217666 83730944 71805881 391602163 19069594920 2698345700 0 24512144 2782211032
======================
   8      16 sdb 40160882 572427 3443217690 83730944 71805881 391602163 19069594920 2698345700 0 24512144 2782211032
======================
   8      16 sdb 40160885 572427 3443217714 83730944 71805881 391602163 19069594920 2698345700 0 24512144 2782211032
======================
   8      16 sdb 40160888 572427 3443217738 83730944 71805881 391602163 19069594920 2698345700 0 24512144 2782211032
======================
   8      16 sdb 40160891 572427 3443217762 83730952 71805936 391605913 19069623080 2698345728 5 24512160 2782211064
======================
   8      16 sdb 40160893 572427 3443217778 83730952 71806183 391621102 19069748848 2698345820 0 24512192 2782211148
======================
   8      16 sdb 40160897 572427 3443217810 83730956 71806609 391641552 19069915856 2698346348 0 24512404 2782211680
======================
   8      16 sdb 40160900 572427 3443217834 83730956 71806948 391662412 19070085448 2698347008 0 24512608 2782212340
======================
   8      16 sdb 40160903 572427 3443217858 83730956 71806948 391662412 19070085448 2698347008 0 24512608 2782212340
======================
   8      16 sdb 40160908 572427 3443217898 83730960 71808171 391737146 19070684680 2698348148 18 24513244 2782213724
======================
   8      16 sdb 40160910 572427 3443217914 83730960 71808479 391755367 19070841336 2698349144 0 24513304 2782214476
======================
   8      16 sdb 40160914 572427 3443217946 83731004 71809904 391842715 19071551272 2698350424 1 24514160 2782215792
======================
   8      16 sdb 40160920 572427 3443217994 83731032 71812024 391964674 19072543680 2698352384 1 24515164 2782217776
======================
   8      16 sdb 40160924 572427 3443218026 83732100 71812616 392000689 19072836896 2698409744 1 24516168 2782276192
======================
   8      16 sdb 40160927 572427 3443218050 83732108 71814185 392098531 19073603608 2698411272 59 24517164 2782278688
======================
   8      16 sdb 40160932 572427 3443218090 83732212 71816016 392210191 19074539912 2698436348 1 24518168 2782302876
======================
   8      16 sdb 40160938 572427 3443218138 83732324 71817822 392302324 19075249384 2698462316 131 24519172 2782346476
======================
   8      16 sdb 40160940 572427 3443218154 83732348 71819194 392311431 19075375568 2698515260 0 24519504 2782381924
======================
   8      16 sdb 40160942 572427 3443218170 83732348 71819194 392311431 19075375568 2698515260 0 24519504 2782381924
======================
   8      16 sdb 40160945 572427 3443218194 83732348 71819428 392326302 19075495376 2698515320 2 24519552 2782381992
======================
   8      16 sdb 40160948 572427 3443218218 83732348 71819711 392343877 19075639272 2698515504 0 24519652 2782382168
======================
   8      16 sdb 40160951 572427 3443218242 83732348 71819711 392343877 19075639272 2698515504 0 24519652 2782382168
======================
   8      16 sdb 40160954 572427 3443218266 83732348 71819711 392343877 19075639272 2698515504 0 24519652 2782382168
======================
   8      16 sdb 40160957 572427 3443218290 83732352 71819711 392343877 19075639272 2698515504 0 24519656 2782382172
======================
   8      16 sdb 40160959 572427 3443218306 83732360 71820062 392365879 19075817968 2698515728 2 24519736 2782382428
======================
   8      16 sdb 40160962 572427 3443218330 83732388 71820091 392367570 19075831848 2698515744 0 24519740 2782382448
======================
   8      16 sdb 40160965 572427 3443218354 83732388 71820091 392367570 19075831848 2698515744 0 24519740 2782382448
======================
   8      16 sdb 40160969 572427 3443218386 83732388 71820431 392388725 19076003808 2698516324 0 24519948 2782383028
======================
   8      16 sdb 40160972 572427 3443218410 83732388 71820431 392388725 19076003808 2698516324 0 24519948 2782383028
======================
   8      16 sdb 40160974 572427 3443218426 83732396 71820819 392413144 19076202264 2698517168 0 24520044 2782383880
======================
   8      16 sdb 40160976 572427 3443218442 83732400 71820822 392413144 19076202280 2698517168 0 24520048 2782383884
======================
   8      16 sdb 40160979 572427 3443218466 83732400 71820822 392413144 19076202280 2698517168 0 24520048 2782383884
======================
   8      16 sdb 40160981 572427 3443218482 83732400 71821287 392441628 19076433448 2698517528 1 24520312 2782384244
======================
   8      16 sdb 40160987 572427 3443218530 83732444 71822919 392543922 19077265016 2698518916 1 24521316 2782385668
======================
   8      16 sdb 40160991 572427 3443218562 83732472 71824556 392655380 19078101992 2698523516 135 24522320 2782396064
======================
   8      16 sdb 40160993 572427 3443218578 83732488 71829400 392723171 19078686888 2698618884 129 24523256 2782492940
======================
   8      16 sdb 40160998 572427 3443218618 83732660 71830309 392780944 19079151512 2698741364 137 24524260 2782624844
======================
   8      16 sdb 40161001 572427 3443218642 83732828 71830856 392815994 19079431504 2698876944 147 24525264 2782761376
======================
   8      16 sdb 40161004 572427 3443218666 83732960 71831489 392854836 19079755600 2699022124 131 24526268 2782898488
======================
   8      16 sdb 40161006 572427 3443218682 83733084 71831837 392877010 19079933776 2699070104 135 24527272 2783029496
======================
   8      16 sdb 40161008 572427 3443218698 83733756 71836791 392956232 19080674712 2699234564 0 24527908 2783102612
======================
   8      16 sdb 40161011 572427 3443218722 83733756 71836791 392956232 19080674712 2699234564 0 24527908 2783102612
======================
   8      16 sdb 40161014 572427 3443218746 83733756 71836791 392956232 19080674712 2699234564 0 24527908 2783102612
======================
   8      16 sdb 40161017 572427 3443218770 83733760 71836791 392956232 19080674712 2699234564 0 24527912 2783102616
======================
   8      16 sdb 40161019 572427 3443218786 83733796 71836791 392956232 19080674712 2699234564 0 24527948 2783102652
======================
   8      16 sdb 40161022 572427 3443218810 83733900 71837518 393001313 19081040784 2699255500 1 24528452 2783123688
======================
   8      16 sdb 40161025 572427 3443218834 83733900 71837832 393020273 19081195368 2699255744 0 24528640 2783123920
======================
   8      16 sdb 40161027 572427 3443218850 83733900 71837832 393020273 19081195368 2699255744 0 24528640 2783123920
======================
   8      16 sdb 40161029 572427 3443218866 83733900 71837832 393020273 19081195368 2699255744 0 24528640 2783123920
======================
   8      16 sdb 40161031 572427 3443218882 83733900 71837832 393020273 19081195368 2699255744 0 24528640 2783123920
======================
   8      16 sdb 40161033 572427 3443218898 83733920 71838219 393044453 19081391896 2699255944 0 24528752 2783124136
======================
   8      16 sdb 40161039 572427 3443218946 83733920 71839265 393109155 19081914496 2699256872 7 24529400 2783125072
======================
   8      16 sdb 40161045 572427 3443218994 83733968 71840843 393203840 19082687816 2699258176 1 24530404 2783126396
======================
   8      16 sdb 40161050 572427 3443219034 83734168 71842073 393287462 19083299280 2699277172 134 24531408 2783154844
======================
   8      16 sdb 40161053 572427 3443219058 83734428 71842810 393333578 19083676624 2699394740 129 24532408 2783275772
======================
   8      16 sdb 40161054 572427 3443219066 83734452 71843383 393375655 19083970000 2699511584 270 24533412 2783561140
======================
   8      16 sdb 40161055 572427 3443219074 83734472 71843681 393387834 19084094144 2699731888 177 24534416 2783813408
======================
   8      16 sdb 40161056 572427 3443219082 83734492 71843915 393391394 19084213008 2699971252 0 24534660 2783839980
======================
   8      16 sdb 40161059 572427 3443219106 83734508 71843915 393391394 19084213008 2699971252 0 24534676 2783839996
======================
   8      16 sdb 40161062 572427 3443219130 83734516 71843915 393391394 19084213008 2699971252 0 24534684 2783840004
======================
   8      16 sdb 40161064 572427 3443219146 83734540 71844235 393411356 19084375256 2699971428 0 24534776 2783840204
======================
   8      16 sdb 40161067 572427 3443219170 83734544 71844235 393411356 19084375256 2699971428 0 24534780 2783840208
======================
   8      16 sdb 40161069 572427 3443219186 83734560 71844577 393432866 19084550072 2699974004 0 24534988 2783842800
======================
   8      16 sdb 40161072 572427 3443219210 83734560 71844577 393432866 19084550072 2699974004 0 24534988 2783842800
======================
   8      16 sdb 40161074 572427 3443219226 83734560 71844577 393432866 19084550072 2699974004 0 24534988 2783842800
======================
   8      16 sdb 40161076 572427 3443219242 83734560 71844943 393455681 19084735512 2699974168 0 24535064 2783842960
======================
   8      16 sdb 40161077 572427 3443219250 83734564 71844943 393455681 19084735512 2699974168 0 24535068 2783842964
======================
   8      16 sdb 40161081 572427 3443219282 83734608 71845779 393506394 19085147312 2699975580 2 24535648 2783844420
======================
   8      16 sdb 40161086 572427 3443219322 83734672 71847204 393593038 19085852192 2699976948 1 24536652 2783845848
======================
   8      16 sdb 40161091 572427 3443219362 83734904 71848671 393672195 19086495680 2700018452 4 24537656 2783887608
======================
   8      16 sdb 40161094 572427 3443219386 83734948 71850202 393776610 19087276712 2700155072 138 24538656 2784032268
======================
   8      16 sdb 40161096 572427 3443219402 83734980 71854320 393792537 19087505376 2700229884 0 24539140 2784099076
======================
   8      16 sdb 40161097 572427 3443219410 83734984 71854320 393792537 19087505376 2700229884 0 24539144 2784099080
======================
   8      16 sdb 40161100 572427 3443219434 83735000 71854320 393792537 19087505376 2700229884 0 24539160 2784099096
======================
   8      16 sdb 40161102 572427 3443219450 83735000 71854373 393796037 19087532512 2700229912 3 24539168 2784099120
======================
   8      16 sdb 40161105 572427 3443219474 83735008 71854701 393816437 19087699624 2700230056 0 24539252 2784099268
======================
   8      16 sdb 40161107 572427 3443219490 83735008 71854701 393816437 19087699624 2700230056 0 24539252 2784099268
======================
   8      16 sdb 40161110 572427 3443219514 83735008 71854701 393816437 19087699624 2700230056 0 24539252 2784099268
======================
   8      16 sdb 40161112 572427 3443219530 83735008 71854701 393816437 19087699624 2700230056 0 24539252 2784099268
======================
   8      16 sdb 40161114 572427 3443219546 83735008 71854831 393824688 19087766184 2700230104 1 24539284 2784099320
======================
   8      16 sdb 40161116 572427 3443219562 83735008 71855055 393838560 19087879440 2700230200 0 24539324 2784099408
======================
   8      16 sdb 40161119 572427 3443219586 83735032 71855395 393859404 19088048800 2700230756 2 24539548 2784099984
======================
   8      16 sdb 40161121 572427 3443219602 83735032 71855654 393875183 19088177216 2700231012 0 24539740 2784100236
======================
   8      16 sdb 40161123 572427 3443219618 83735032 71855654 393875183 19088177216 2700231012 0 24539740 2784100236
======================
   8      16 sdb 40161127 572427 3443219650 83735032 71855858 393888184 19088281664 2700231108 3 24539784 2784100332
======================
   8      16 sdb 40161130 572427 3443219674 83735036 71856043 393899583 19088375528 2700231188 0 24539828 2784100416
======================
   8      16 sdb 40161132 572427 3443219690 83735036 71856043 393899583 19088375528 2700231188 0 24539828 2784100416
======================
   8      16 sdb 40161135 572427 3443219714 83735040 71857119 393966398 19088918304 2700232144 1 24540508 2784101372
======================
   8      16 sdb 40161140 572427 3443219754 83735324 71858282 394040907 19089513032 2700288300 22 24541512 2784158032
======================
   8      16 sdb 40161145 572427 3443219794 83735384 71860012 394136321 19090173744 2700315552 253 24542512 2784194180
======================
   8      16 sdb 40161147 572427 3443219810 83735408 71861094 394195612 19090726352 2700526272 115 24543516 2784400740
======================
   8      16 sdb 40161151 572427 3443219842 83735440 71865578 394271369 19091373800 2700599852 106 24544520 2784475464
======================
   8      16 sdb 40161153 572427 3443219858 83735444 71865684 394271369 19091426952 2700610296 0 24544608 2784479884
======================
   8      16 sdb 40161156 572427 3443219882 83735444 71865684 394271369 19091426952 2700610296 0 24544608 2784479884
======================
   8      16 sdb 40161158 572427 3443219898 83735444 71866045 394294371 19091611784 2700610628 5 24544676 2784480216
======================
   8      16 sdb 40161160 572427 3443219914 83735444 71866138 394299851 19091658440 2700610724 0 24544708 2784480312
======================
   8      16 sdb 40161163 572427 3443219938 83735444 71866138 394299851 19091658440 2700610724 0 24544708 2784480312
======================
   8      16 sdb 40161165 572427 3443219954 83735444 71866138 394299851 19091658440 2700610724 0 24544708 2784480312
======================
   8      16 sdb 40161168 572427 3443219978 83735464 71866138 394299851 19091658440 2700610724 0 24544728 2784480332
======================
   8      16 sdb 40161171 572427 3443220002 83735464 71866549 394325609 19091867784 2700610916 0 24544808 2784480520
======================
   8      16 sdb 40161173 572427 3443220018 83735468 71866550 394325609 19091867792 2700610916 0 24544812 2784480524
======================
   8      16 sdb 40161175 572427 3443220034 83735468 71866550 394325609 19091867792 2700610916 0 24544812 2784480524
======================
   8      16 sdb 40161177 572427 3443220050 83735472 71866707 394335491 19091948104 2700611048 0 24544920 2784480660
======================
   8      16 sdb 40161179 572427 3443220066 83735480 71866707 394335491 19091948104 2700611048 0 24544928 2784480668
======================
   8      16 sdb 40161183 572427 3443220098 83735480 71867149 394363211 19092173400 2700611220 0 24545012 2784480840
======================
   8      16 sdb 40161185 572427 3443220114 83735480 71867149 394363211 19092173400 2700611220 0 24545012 2784480840
======================
   8      16 sdb 40161185 572427 3443220114 83735480 71867149 394363211 19092173400 2700611220 0 24545012 2784480840
======================
   8      16 sdb 40161187 572427 3443220130 83735544 71867855 394406511 19092525216 2700611916 1 24545536 2784481600
======================
   8      16 sdb 40161189 572427 3443220146 83735584 71869334 394494845 19093243800 2700613596 1 24546540 2784483316
======================
   8      16 sdb 40161195 572427 3443220194 83735708 71870779 394598988 19093958400 2700618120 259 24547536 2784502080
======================
   8      16 sdb 40161195 572427 3443220194 83735708 71870855 394605135 19093997312 2700673988 280 24548540 2784801100
======================
   8      16 sdb 40161196 572427 3443220202 83735732 71874780 394652156 19094489448 2701069536 131 24549544 2784993080
======================
   8      16 sdb 40161199 572427 3443220226 83735796 71876160 394711462 19095031264 2701204548 1 24550548 2785074476
======================
   8      16 sdb 40161236 572427 3443220522 83736852 71876976 394771795 19095443552 2701260244 154 24551552 2785153840
======================
   8      16 sdb 40161236 572427 3443220522 83736852 71876976 394771795 19095443552 2701260244 154 24552556 2785308456
======================
   8      16 sdb 40161237 572427 3443220530 83736868 71878169 394834985 19096035360 2701492588 1 24553476 2785363560
======================
   8      16 sdb 40161240 572427 3443220554 83737136 71879203 394898298 19096541016 2701525844 25 24554480 2785397408
======================
   8      16 sdb 40161241 572427 3443220562 83737204 71880148 394953195 19096994104 2701581572 7 24555484 2785452900
======================
   8      16 sdb 40161244 572427 3443220586 83737240 71881381 395021648 19097554416 2701582868 1 24556488 2785454192
======================
   8      16 sdb 40161244 572427 3443220586 83737240 71886728 395078827 19098054944 2701613112 0 24556940 2785484416
======================
   8      16 sdb 40161244 572427 3443220586 83737240 71886729 395078827 19098054944 2701613112 0 24556940 2785484416
======================
   8      16 sdb 40161244 572427 3443220586 83737240 71886729 395078827 19098054944 2701613112 0 24556940 2785484416
======================
   8      16 sdb 40161244 572427 3443220586 83737240 71886729 395078827 19098054944 2701613112 0 24556940 2785484416
======================
   8      16 sdb 40161244 572427 3443220586 83737240 71886729 395078827 19098054944 2701613112 0 24556940 2785484416
======================
   8      16 sdb 40161244 572427 3443220586 83737240 71886729 395078827 19098054944 2701613112 0 24556940 2785484416
======================
   8      16 sdb 40161244 572427 3443220586 83737240 71886729 395078827 19098054944 2701613112 0 24556940 2785484416
======================
   8      16 sdb 40161244 572427 3443220586 83737240 71886729 395078827 19098054944 2701613112 0 24556940 2785484416
======================
   8      16 sdb 40161244 572427 3443220586 83737240 71886729 395078827 19098054944 2701613112 0 24556940 2785484416
======================
   8      16 sdb 40161244 572427 3443220586 83737240 71886729 395078827 19098054944 2701613112 0 24556940 2785484416
======================
   8      16 sdb 40161244 572427 3443220586 83737240 71886729 395078827 19098054944 2701613112 0 24556940 2785484416
======================
   8      16 sdb 40161244 572427 3443220586 83737240 71886729 395078827 19098054944 2701613112 0 24556940 2785484416
======================
   8      16 sdb 40161244 572427 3443220586 83737240 71886729 395078827 19098054944 2701613112 0 24556940 2785484416
======================
   8      16 sdb 40161244 572427 3443220586 83737240 71886729 395078827 19098054944 2701613112 0 24556940 2785484416
======================
   8      16 sdb 40161244 572427 3443220586 83737240 71886729 395078827 19098054944 2701613112 0 24556940 2785484416
started
======================
   8      16 sdb 40161244 572427 3443220586 83737240 71886729 395078827 19098054944 2701613112 0 24556940 2785484416
======================
   8      16 sdb 40171113 572427 3443299538 83743496 71886731 395078827 19098054952 2701613112 3 24557232 2785490672
======================
   8      16 sdb 40211641 572427 3443623762 83760732 71886731 395078827 19098054952 2701613112 30 24558164 2785507892
======================
   8      16 sdb 40254956 572427 3443970282 83775540 71886731 395078827 19098054952 2701613112 31 24559024 2785522696
======================
   8      16 sdb 40301142 572427 3444339770 83787404 71886731 395078827 19098054952 2701613112 1 24559748 2785534540
======================
   8      16 sdb 40326203 572427 3444540258 83792508 71886731 395078827 19098054952 2701613112 0 24560132 2785539644
======================
   8      16 sdb 40329920 572427 3444569994 83793424 71887375 395119302 19098383904 2701613388 0 24560312 2785540824
======================
   8      16 sdb 40330265 572427 3444572754 83793424 71887375 395119302 19098383904 2701613388 0 24560312 2785540824
======================
   8      16 sdb 40330586 572427 3444575322 83793444 71887375 395119302 19098383904 2701613388 0 24560332 2785540844
======================
   8      16 sdb 40330761 572427 3444576722 83793544 71888105 395165307 19098757664 2701615064 2 24560516 2785542668
======================
   8      16 sdb 40330956 572427 3444578282 83793688 71888405 395184040 19098910048 2701615200 0 24560628 2785542880
======================
   8      16 sdb 40331148 572427 3444579818 83793700 71888405 395184040 19098910048 2701615200 0 24560640 2785542892
======================
   8      16 sdb 40331229 572427 3444580466 83793700 71888405 395184040 19098910048 2701615200 0 24560640 2785542892
======================
   8      16 sdb 40331509 572427 3444582706 83793716 71888405 395184040 19098910048 2701615200 0 24560656 2785542908
======================
   8      16 sdb 40331713 572427 3444584338 83793960 71889434 395248779 19099436192 2701615640 0 24560932 2785543584
======================
   8      16 sdb 40332023 572427 3444586818 83793972 71889434 395248779 19099436192 2701615640 0 24560944 2785543596
======================
   8      16 sdb 40332285 572427 3444588914 83794012 71889434 395248779 19099436192 2701615640 0 24560984 2785543636
======================
   8      16 sdb 40332367 572458 3444589818 83794096 71901775 395320339 19100107400 2701670196 140 24561628 2785600500
======================
   8      16 sdb 40332367 572458 3444589818 83794096 71910475 395320345 19100177040 2701812992 157 24562628 2785741516
======================
   8      16 sdb 40332383 572458 3444589946 83794496 71925610 395320359 19100298224 2701892800 0 24563584 2785821200
======================
   8      16 sdb 40332547 572458 3444591258 83795704 71925610 395320359 19100298224 2701892800 0 24564132 2785822408
======================
   8      16 sdb 40357991 572458 3444794810 83805048 71925610 395320359 19100298224 2701892800 0 24564744 2785831736
======================
   8      16 sdb 40364028 573024 3444847786 83806448 71934311 395362479 19100702928 2701969796 117 24565408 2785911008
======================
   8      16 sdb 40364596 573403 3444855466 83807056 71953478 395391431 19101087800 2702106044 160 24566412 2786048876
======================
   8      16 sdb 40364756 573528 3444857770 83807664 71967455 395410021 19101350280 2702207872 1 24567296 2786149360
======================
   8      16 sdb 40365051 573528 3444860130 83807736 71967455 395410021 19101350280 2702207872 0 24567348 2786149428
======================
   8      16 sdb 40365280 573528 3444861962 83807744 71967974 395442965 19101616008 2702208572 4 24567452 2786150132
======================
   8      16 sdb 40365359 573528 3444862594 83808148 71968486 395474760 19101876432 2702208784 1 24567936 2786150740
======================
   8      16 sdb 40365591 573528 3444864450 83808188 71968486 395474760 19101876432 2702208784 0 24567976 2786150780
======================
   8      16 sdb 40365860 573528 3444866602 83808220 71968486 395474760 19101876432 2702208784 0 24568008 2786150812
======================
   8      16 sdb 40365966 573528 3444867450 83808532 71969518 395539498 19102402584 2702211044 1 24568504 2786153388
======================
   8      16 sdb 40366000 573528 3444867722 83809380 71969518 395539498 19102402584 2702211044 1 24569364 2786154248
======================
   8      16 sdb 40366228 573528 3444869546 83809548 71969518 395539498 19102402584 2702211044 0 24569504 2786154388
======================
   8      16 sdb 40366503 573528 3444871746 83809584 71969518 395539498 19102402584 2702211044 0 24569540 2786154424
======================
   8      16 sdb 40366624 573528 3444872714 83809596 71979411 395604274 19102999928 2702248388 154 24569980 2786192124
======================
   8      16 sdb 40366634 573528 3444872794 83809620 71998947 395604329 19103156648 2702379856 1 24570924 2786323216
======================
   8      16 sdb 40366877 573528 3444874738 83809692 71998947 395604329 19103156648 2702379856 0 24570992 2786323284
======================
   8      16 sdb 40367149 573528 3444876914 83809772 71998947 395604329 19103156648 2702379856 0 24571072 2786323364
======================
   8      16 sdb 40367296 573528 3444878090 83809780 72006240 395669078 19103732984 2702397228 145 24571364 2786340712
======================
   8      16 sdb 40367350 573528 3444878522 83809816 72028258 395669154 19103909728 2702501028 0 24572132 2786444512
======================
   8      16 sdb 40367625 573528 3444880722 83809856 72028258 395669154 19103909728 2702501028 0 24572172 2786444552
======================
   8      16 sdb 40367785 573528 3444882002 83809876 72028258 395669154 19103909728 2702501028 0 24572192 2786444572
======================
   8      16 sdb 40367882 573528 3444882778 83809892 72028258 395669154 19103909728 2702501028 0 24572208 2786444588
======================
   8      16 sdb 40367971 573528 3444883490 83809900 72041004 395733964 19104530080 2702553212 144 24572756 2786497140
======================
   8      16 sdb 40367983 573528 3444883586 83809940 72057675 395734005 19104663864 2702680760 0 24573680 2786624332
======================
   8      16 sdb 40368226 573528 3444885530 83809960 72057675 395734005 19104663864 2702680760 0 24573700 2786624352
======================
   8      16 sdb 40376431 573528 3444951170 83812836 72057675 395734005 19104663864 2702680760 0 24573888 2786627228
======================
   8      16 sdb 40376831 573528 3444954370 83813040 72060416 395798748 19105203728 2702685892 151 24574116 2786632908
======================
   8      16 sdb 40376831 573528 3444954370 83813040 72075098 395798780 19105321448 2702828692 156 24575120 2786776076
======================
   8      16 sdb 40376895 573528 3444954882 83813112 72087922 395798835 19105424472 2702910000 0 24575760 2786856708
======================
   8      16 sdb 40377080 573528 3444956362 83813136 72087922 395798835 19105424472 2702910000 0 24575784 2786856732
======================
   8      16 sdb 40377226 573528 3444957530 83813144 72087922 395798835 19105424472 2702910000 0 24575792 2786856740
======================
   8      16 sdb 40377292 573528 3444958058 83813196 72094084 395855830 19105929728 2702952472 0 24576116 2786899252
======================
   8      16 sdb 40377483 573528 3444959586 83813228 72094084 395855830 19105929728 2702952472 0 24576148 2786899284
======================
   8      16 sdb 40377748 573528 3444961706 83813280 72094084 395855830 19105929728 2702952472 0 24576200 2786899336
======================
   8      16 sdb 40377979 573528 3444963554 83813312 72095113 395920569 19106455872 2702952936 0 24576396 2786899836
======================
   8      16 sdb 40377979 573528 3444963554 83813312 72099087 395920570 19106487672 2703088132 153 24577384 2787040724
======================
   8      16 sdb 40377979 573528 3444963554 83813312 72102680 395921410 19106520064 2703239628 270 24578388 2787192888
======================
   8      16 sdb 40377979 573528 3444963554 83813312 72109374 395927562 19106623424 2703492564 209 24579392 2787441948
======================
   8      16 sdb 40378016 573528 3444963850 83813520 72137752 395960094 19107111552 2703669468 145 24580396 2787619948
======================
   8      16 sdb 40378127 573528 3444964738 83813980 72160509 396005780 19107660720 2703768112 1 24581288 2787715560
======================
   8      16 sdb 40378247 573528 3444965698 83814024 72160509 396005780 19107660720 2703768112 0 24581324 2787715596
======================
   8      16 sdb 40378247 573528 3444965698 83814024 72160509 396005780 19107660720 2703768112 0 24581324 2787715596
