======================
   8      16 sdb 22754118 368933 2269508666 52652668 42900026 355296939 12141068728 1745478436 142 15292268 1798094464
======================
   8      16 sdb 22754118 368933 2269508666 52652668 42901023 355296939 12141579192 1745608548 137 15293272 1798237604
======================
   8      16 sdb 22754118 368933 2269508666 52652668 42903527 355296962 12142860920 1745765324 143 15294272 1798377016
======================
   8      16 sdb 22754118 368933 2269508666 52652668 42904772 355296962 12143498360 1745872632 146 15295276 1798518888
======================
   8      16 sdb 22754119 368933 2269508674 52652748 42906653 355296962 12144460928 1746038520 147 15296280 1798652948
======================
   8      16 sdb 22754120 368933 2269508682 52652976 42907538 355296962 12144914048 1746110176 0 15296788 1798721300
======================
   8      16 sdb 22754120 368933 2269508682 52652976 42907538 355296962 12144914048 1746110176 0 15296788 1798721300
======================
   8      16 sdb 22754120 368933 2269508682 52652976 42907538 355296962 12144914048 1746110176 0 15296788 1798721300
======================
   8      16 sdb 22754120 368933 2269508682 52652976 42907540 355296976 12144914176 1746110176 0 15296788 1798721300
======================
   8      16 sdb 22754120 368933 2269508682 52652976 42907540 355296976 12144914176 1746110176 0 15296788 1798721300
started
======================
   8      16 sdb 22754123 368933 2269508706 52652980 42907574 355297462 12144918328 1746110180 0 15296796 1798721308
======================
   8      16 sdb 22754127 368933 2269508738 52652984 42907574 355297462 12144918328 1746110180 0 15296800 1798721312
======================
   8      16 sdb 22754127 368933 2269508738 52652984 42907574 355297462 12144918328 1746110180 0 15296800 1798721312
======================
   8      16 sdb 22754127 368933 2269508738 52652984 42907574 355297462 12144918328 1746110180 0 15296800 1798721312
======================
   8      16 sdb 22754128 368933 2269508746 52652984 42907741 355297462 12145003832 1746110420 33 15296812 1798721588
======================
   8      16 sdb 22754129 368933 2269508754 52653028 42911589 355297462 12146974008 1746228480 147 15297816 1798843544
======================
   8      16 sdb 22754130 368933 2269508762 52653092 42913905 355297482 12148159456 1746363084 142 15298816 1798977324
======================
   8      16 sdb 22754130 368933 2269508762 52653092 42915807 355297482 12149133280 1746502288 128 15299820 1799120168
======================
   8      16 sdb 22754130 368933 2269508762 52653092 42917730 355297482 12150117856 1746645640 131 15300824 1799261460
======================
   8      16 sdb 22754130 368933 2269508762 52653092 42919658 355297482 12151104992 1746785748 141 15301828 1799401916
======================
   8      16 sdb 22754131 368933 2269508770 52653176 42921586 355297482 12152091624 1746920380 130 15302832 1799536900
======================
   8      16 sdb 22754131 368933 2269508770 52653176 42923516 355297515 12153077024 1747059152 139 15303836 1799673716
======================
   8      16 sdb 22754131 368933 2269508770 52653176 42925440 355297515 12154062112 1747199804 135 15304840 1799816396
======================
   8      16 sdb 22754131 368933 2269508770 52653176 42927367 355297515 12155048736 1747342352 128 15305844 1799958856
======================
   8      16 sdb 22754132 368933 2269508778 52653252 42929265 355297515 12156020008 1747479252 137 15306848 1800095744
======================
   8      16 sdb 22754132 368933 2269508778 52653252 42931181 355297532 12157000128 1747621444 141 15307852 1800238352
======================
   8      16 sdb 22754132 368933 2269508778 52653252 42933105 355297555 12157984896 1747759768 148 15308856 1800375564
======================
   8      16 sdb 22754132 368933 2269508778 52653252 42935031 355297555 12158971008 1747901288 142 15309856 1800517680
======================
   8      16 sdb 22754133 368933 2269508786 52653340 42936954 355297555 12159955592 1748036268 147 15310856 1800652848
======================
   8      16 sdb 22754133 368933 2269508786 52653340 42938883 355297571 12160941344 1748178340 138 15311860 1800794932
======================
   8      16 sdb 22754133 368933 2269508786 52653340 42940803 355297571 12161924384 1748320636 136 15312864 1800937052
======================
   8      16 sdb 22754133 368933 2269508786 52653340 42942712 355297594 12162901472 1748457532 153 15313868 1801073732
======================
   8      16 sdb 22754134 368933 2269508794 52653424 42944616 355297594 12163875816 1748591744 134 15314872 1801208272
======================
   8      16 sdb 22754134 368933 2269508794 52653424 42946543 355297611 12164861568 1748734040 139 15315876 1801350756
======================
   8      16 sdb 22754134 368933 2269508794 52653424 42948467 355297611 12165846656 1748876768 155 15316880 1801493576
======================
   8      16 sdb 22754134 368933 2269508794 52653424 42950394 355297611 12166833280 1749019236 148 15317884 1801636168
======================
   8      16 sdb 22754135 368933 2269508802 52653516 42952316 355297634 12167817024 1749154412 153 15318888 1801771136
======================
   8      16 sdb 22754135 368933 2269508802 52653516 42954224 355297634 12168793920 1749296684 133 15319892 1801913316
======================
   8      16 sdb 22754135 368933 2269508802 52653516 42956143 355297634 12169776448 1749438900 135 15320896 1802055996
======================
   8      16 sdb 22754135 368933 2269508802 52653516 42958041 355297634 12170748224 1749581768 156 15321900 1802198784
======================
   8      16 sdb 22754136 368933 2269508810 52653600 42959945 355297634 12171722568 1749718216 139 15322900 1802334256
======================
   8      16 sdb 22754136 368933 2269508810 52653600 42961872 355297674 12172708000 1749858004 138 15323904 1802471248
======================
   8      16 sdb 22754136 368933 2269508810 52653600 42963792 355297674 12173691040 1749996752 138 15324908 1802613780
======================
   8      16 sdb 22754136 368933 2269508810 52653600 42965718 355297674 12174677152 1750139452 132 15325912 1802756304
======================
   8      16 sdb 22754137 368933 2269508818 52653688 42967642 355297674 12175661736 1750275072 156 15326916 1802891740
======================
   8      16 sdb 22754137 368933 2269508818 52653688 42969568 355297690 12176646464 1750417172 150 15327916 1803033796
======================
   8      16 sdb 22754137 368933 2269508818 52653688 42971475 355297713 12177623040 1750556412 139 15328920 1803171104
======================
   8      16 sdb 22754137 368933 2269508818 52653688 42973379 355297713 12178597376 1750696692 155 15329924 1803313384
======================
   8      16 sdb 22754138 368933 2269508826 52653764 42975297 355297713 12179578888 1750834168 143 15330924 1803449972
======================
   8      16 sdb 22754138 368933 2269508826 52653764 42977226 355297730 12180565664 1750975716 134 15331928 1803592608
======================
   8      16 sdb 22754138 368933 2269508826 52653764 42979152 355297730 12181551776 1751118220 128 15332932 1803734988
======================
   8      16 sdb 22754138 368933 2269508826 52653764 42981076 355297753 12182536544 1751256568 134 15333936 1803872888
======================
   8      16 sdb 22754139 368933 2269508834 52653852 42983004 355297753 12183523176 1751392076 150 15334940 1804008924
======================
   8      16 sdb 22754139 368933 2269508834 52653852 42984907 355297770 12184496640 1751534436 135 15335944 1804151644
======================
   8      16 sdb 22754139 368933 2269508834 52653852 42986810 355297770 12185471488 1751676636 152 15336944 1804293308
======================
   8      16 sdb 22754139 368933 2269508834 52653852 42988734 355297770 12186456064 1751818320 148 15337948 1804434904
======================
   8      16 sdb 22754140 368933 2269508842 52653876 42990660 355297792 12187441344 1751952032 146 15338952 1804567852
======================
   8      16 sdb 22754140 368933 2269508842 52653876 42992587 355297808 12188427088 1752093656 139 15339956 1804710572
======================
   8      16 sdb 22754140 368933 2269508842 52653876 42994512 355297808 12189412688 1752235888 134 15340960 1804852608
======================
   8      16 sdb 22754140 368933 2269508842 52653876 42996436 355297808 12190397776 1752377924 130 15341964 1804994700
======================
   8      16 sdb 22754141 368933 2269508850 52653952 42998342 355297808 12191374160 1752514276 147 15342968 1805130288
======================
   8      16 sdb 22754141 368933 2269508850 52653952 43000245 355297832 12192347672 1752650764 142 15343972 1805267860
======================
   8      16 sdb 22754141 368933 2269508850 52653952 43002167 355297832 12193331736 1752793372 140 15344976 1805410552
======================
   8      16 sdb 22754141 368933 2269508850 52653952 43004093 355297832 12194317848 1752936016 134 15345980 1805553184
======================
   8      16 sdb 22754142 368933 2269508858 52654040 43006017 355297832 12195302432 1753073084 153 15346984 1805689016
======================
   8      16 sdb 22754142 368933 2269508858 52654040 43007945 355297848 12196287680 1753214568 145 15347988 1805831704
======================
   8      16 sdb 22754142 368933 2269508858 52654040 43009872 355297871 12197273984 1753351680 128 15348992 1805968704
======================
   8      16 sdb 22754142 368933 2269508858 52654040 43011796 355297871 12198259072 1753494004 146 15349996 1806111080
======================
   8      16 sdb 22754143 368933 2269508866 52654120 43013715 355297871 12199241096 1753630164 146 15351000 1806246216
======================
   8      16 sdb 22754143 368933 2269508866 52654120 43015619 355297888 12200215072 1753771076 130 15352004 1806388116
======================
   8      16 sdb 22754143 368933 2269508866 52654120 43017536 355297888 12201196576 1753912492 133 15353008 1806530196
======================
   8      16 sdb 22754143 368933 2269508866 52654120 43019477 355297910 12202190040 1754049472 133 15354016 1806666516
======================
   8      16 sdb 22754144 368933 2269508874 52654208 43021405 355297910 12203176672 1754184520 137 15355020 1806801068
======================
   8      16 sdb 22754144 368933 2269508874 52654208 43023324 355297927 12204158840 1754326688 138 15356020 1806943628
