======================
   8      16 sdb 32505235 525732 3106415346 73569556 60765143 381752180 16563668192 2351901572 0 21198988 2425541012
======================
   8      16 sdb 32505235 525732 3106415346 73569556 60765143 381752180 16563668192 2351901572 0 21198988 2425541012
======================
   8      16 sdb 32505271 525732 3106415634 73569556 60765173 381752258 16563669056 2351901572 0 21198988 2425541012
======================
   8      16 sdb 32505271 525732 3106415634 73569556 60765173 381752258 16563669056 2351901572 0 21198988 2425541012
======================
   8      16 sdb 32505271 525732 3106415634 73569556 60765177 381752411 16563670312 2351901576 0 21198992 2425541016
======================
   8      16 sdb 32505271 525732 3106415634 73569556 60765177 381752411 16563670312 2351901576 0 21198992 2425541016
======================
   8      16 sdb 32505271 525732 3106415634 73569556 60765177 381752411 16563670312 2351901576 0 21198992 2425541016
======================
started
   8      16 sdb 32505271 525732 3106415634 73569556 60765223 381752520 16563671544 2351901744 0 21198996 2425541184
======================
   8      16 sdb 32505271 525732 3106415634 73569556 60765223 381752520 16563671544 2351901744 0 21198996 2425541184
======================
   8      16 sdb 32505313 525732 3106415970 73569592 60767417 381752733 16564601160 2351915380 151 21199228 2425558572
======================
   8      16 sdb 32505319 525732 3106416018 73569900 60770556 381752761 16566152408 2352050176 141 21200376 2425693968
======================
   8      16 sdb 32505325 525732 3106416066 73570268 60772810 381752805 16567290376 2352162140 147 21201380 2425805060
======================
   8      16 sdb 32505329 525732 3106416098 73570556 60774805 381752805 16568311272 2352282424 140 21202380 2425925004
======================
   8      16 sdb 32505332 525732 3106416122 73570788 60776731 381752834 16569296080 2352405152 23 21203384 2426047300
======================
   8      16 sdb 32505336 525732 3106416154 73571096 60778654 381752834 16570280208 2352525096 116 21204380 2426170836
======================
   8      16 sdb 32505341 525732 3106416194 73571436 60780574 381752834 16571262840 2352638760 154 21205384 2426285284
======================
   8      16 sdb 32505345 525732 3106416226 73571720 60782493 381752834 16572245368 2352758064 155 21206384 2426404720
======================
   8      16 sdb 32505349 525732 3106416258 73572044 60784395 381752834 16573219192 2352881132 141 21207384 2426524300
======================
   8      16 sdb 32505352 525732 3106416282 73572268 60786298 381752859 16574193224 2352999724 86 21208384 2426646084
======================
   8      16 sdb 32505357 525732 3106416322 73572584 60788221 381752859 16575177808 2353113644 157 21209384 2426761492
======================
   8      16 sdb 32505361 525732 3106416354 73572888 60790144 381752859 16576161872 2353232800 155 21210384 2426880572
======================
   8      16 sdb 32505365 525732 3106416386 73573184 60792067 381752859 16577146448 2353353296 133 21211384 2427001244
======================
   8      16 sdb 32505368 525732 3106416410 73573412 60793972 381752859 16578122320 2353478652 45 21212388 2427125056
======================
   8      16 sdb 32505374 525732 3106416458 73573812 60795915 381752888 16579115096 2353583100 130 21213388 2427232368
======================
   8      16 sdb 32505378 525732 3106416490 73574124 60797823 381752888 16580090672 2353702388 139 21214388 2427352200
======================
   8      16 sdb 32505382 525732 3106416522 73574412 60799727 381752893 16581055616 2353822300 151 21215388 2427471684
======================
   8      16 sdb 32505385 525732 3106416546 73574636 60801707 381752955 16582045936 2353947340 32 21216388 2427594340
======================
   8      16 sdb 32505390 525732 3106416586 73574968 60803630 381752955 16583029744 2354062404 115 21217388 2427712348
======================
   8      16 sdb 32505394 525732 3106416618 73575252 60805554 381752993 16584013192 2354180480 137 21218392 2427831196
======================
   8      16 sdb 32505398 525732 3106416650 73575408 60807422 381752993 16584968480 2354306056 134 21219392 2427956632
======================
   8      16 sdb 32505401 525732 3106416674 73575612 60809344 381752993 16585951520 2354432128 9 21220396 2428078596
======================
   8      16 sdb 32505405 525732 3106416706 73575920 60811246 381752993 16586924696 2354546576 130 21221400 2428197964
======================
   8      16 sdb 32505409 525732 3106416738 73576212 60813148 381752993 16587897568 2354666504 137 21222396 2428317868
======================
   8      16 sdb 32505413 525732 3106416770 73576460 60815074 381753032 16588881864 2354783676 137 21223396 2428434108
======================
   8      16 sdb 32505416 525732 3106416794 73576676 60816999 381753032 16589866184 2354907460 54 21224396 2428557356
======================
   8      16 sdb 32505420 525732 3106416826 73576984 60818917 381753121 16590847248 2355022728 45 21225396 2428672720
======================
   8      16 sdb 32505424 525732 3106416858 73577280 60820856 381753121 16591831024 2355137284 144 21226392 2428789828
======================
   8      16 sdb 32505428 525732 3106416890 73577588 60822780 381753121 16592815144 2355257528 148 21227396 2428909468
======================
   8      16 sdb 32505431 525732 3106416914 73577804 60824680 381753164 16593786904 2355375848 58 21228400 2429027628
======================
   8      16 sdb 32505436 525732 3106416954 73578124 60826580 381753164 16594758320 2355489044 147 21229396 2429143292
======================
   8      16 sdb 32505440 525732 3106416986 73578416 60828469 381753164 16595724464 2355608120 138 21230396 2429261848
======================
   8      16 sdb 32505444 525732 3106417018 73578712 60830465 381753203 16596726112 2355730468 145 21231400 2429382072
======================
   8      16 sdb 32505448 525732 3106417050 73579028 60832387 381753203 16597708848 2355851388 100 21232404 2429501436
======================
   8      16 sdb 32505453 525732 3106417090 73579332 60834305 381753251 16598690104 2355958684 156 21233404 2429613960
======================
   8      16 sdb 32505457 525732 3106417122 73579636 60836231 381753251 16599674312 2356078840 142 21234408 2429734548
======================
   8      16 sdb 32505460 525732 3106417146 73579884 60838059 381753251 16600609400 2356209032 70 21235408 2429860580
======================
   8      16 sdb 32505464 525732 3106417178 73580164 60840033 381753251 16601619272 2356325988 128 21236412 2429982276
======================
   8      16 sdb 32505469 525732 3106417218 73580476 60841957 381753251 16602603416 2356440480 150 21237412 2430096792
======================
   8      16 sdb 32505473 525732 3106417250 73580712 60843883 381753301 16603587824 2356558344 130 21238412 2430214452
======================
   8      16 sdb 32505476 525732 3106417274 73580944 60845805 381753301 16604570880 2356683184 28 21239412 2430336484
======================
   8      16 sdb 32505480 525732 3106417306 73581244 60847440 381753301 16605407216 2356782024 150 21240420 2430461132
======================
   8      16 sdb 32505485 525732 3106417346 73581492 60849653 381753301 16606539016 2356924880 135 21241420 2430582588
======================
   8      16 sdb 32505489 525732 3106417378 73581800 60851551 381753301 16607509728 2357045520 156 21242424 2430702360
======================
   8      16 sdb 32505492 525732 3106417402 73582024 60853439 381753350 16608475264 2357165672 76 21243424 2430822460
======================
   8      16 sdb 32505497 525732 3106417442 73582388 60855399 381753350 16609477040 2357278712 128 21244420 2430937296
======================
   8      16 sdb 32505502 525732 3106417482 73582712 60857306 381753350 16610452664 2357394992 131 21245420 2431053884
======================
   8      16 sdb 32505506 525732 3106417514 73583020 60859246 381753350 16611445264 2357515828 148 21246420 2431173976
======================
   8      16 sdb 32505509 525732 3106417538 73583284 60861121 381753350 16612404168 2357637012 72 21247424 2431295072
======================
   8      16 sdb 32505513 525732 3106417570 73583580 60863090 381753396 16613411152 2357751420 132 21248424 2431411208
======================
   8      16 sdb 32505518 525732 3106417610 73583904 60864991 381753396 16614382912 2357865628 129 21249428 2431526320
======================
   8      16 sdb 32505522 525732 3106417642 73584196 60866893 381753396 16615355744 2357986480 151 21250428 2431646136
======================
   8      16 sdb 32505525 525732 3106417666 73584424 60868813 381753396 16616337720 2358110648 76 21251432 2431770252
======================
   8      16 sdb 32505529 525732 3106417698 73584732 60870567 381753508 16617216856 2358211924 148 21252424 2431888356
======================
   8      16 sdb 32505534 525732 3106417738 73584976 60872696 381753554 16618305824 2358347920 137 21253428 2432009060
======================
   8      16 sdb 32505538 525732 3106417770 73585268 60874624 381753554 16619291528 2358470196 155 21254432 2432129108
======================
   8      16 sdb 32505541 525732 3106417794 73585488 60876489 381753554 16620245288 2358593480 113 21255432 2432254296
======================
   8      16 sdb 32505544 525732 3106417818 73585700 60877832 381753554 16620932264 2358671956 145 21256436 2432382120
======================
   8      16 sdb 32505550 525732 3106417866 73585964 60880370 381753554 16622230528 2358837348 129 21257428 2432499276
======================
   8      16 sdb 32505554 525732 3106417898 73586244 60882252 381753597 16623192808 2358956140 38 21258432 2432613300
======================
   8      16 sdb 32505557 525732 3106417922 73586468 60884122 381753597 16624149208 2359073436 129 21259432 2432738132
