======================
   8      16 sdb 38761050 525811 3431642426 83054852 67182737 381776349 18210894032 2565921052 0 23358900 2649094980
======================
   8      16 sdb 38761050 525811 3431642426 83054852 67182737 381776349 18210894032 2565921052 0 23358900 2649094980
======================
   8      16 sdb 38761051 525811 3431642434 83054852 67182737 381776349 18210894032 2565921052 0 23358900 2649094980
======================
   8      16 sdb 38761051 525811 3431642434 83054852 67182737 381776349 18210894032 2565921052 0 23358900 2649094980
======================
   8      16 sdb 38761056 525811 3431642474 83055012 67184844 381776349 18211972312 2565959812 143 23359408 2649140992
======================
   8      16 sdb 38761057 525811 3431642482 83055100 67185583 381776853 18212350680 2566028764 139 23360412 2649277572
======================
   8      16 sdb 38761061 525811 3431642514 83055136 67187360 381777315 18213242528 2566233008 143 23361416 2649415944
======================
   8      16 sdb 38761065 525811 3431642546 83055188 67189294 381777315 18214232736 2566380856 152 23362420 2649558864
======================
   8      16 sdb 38761069 525811 3431642578 83055228 67191160 381777315 18215188128 2566521708 141 23363424 2649701596
======================
   8      16 sdb 38761073 525811 3431642610 83055296 67193077 381777315 18216169632 2566664076 144 23364424 2649843488
======================
   8      16 sdb 38761077 525811 3431642642 83055384 67195001 381777336 18217154384 2566804008 137 23365428 2649983416
======================
   8      16 sdb 38761081 525811 3431642674 83055496 67197031 381777336 18218193744 2566938156 96 23366432 2650118516
======================
   8      16 sdb 38761086 525811 3431642714 83055692 67199389 381777336 18219401040 2567075804 154 23367432 2650254540
======================
   8      16 sdb 38761091 525811 3431642754 83055840 67201918 381777336 18220695888 2567211048 151 23368436 2650390612
======================
   8      16 sdb 38761096 525811 3431642794 83056052 67203904 381777336 18221712216 2567338800 144 23369440 2650519284
======================
   8      16 sdb 38761100 525811 3431642826 83056272 67205805 381777378 18222684352 2567468352 144 23370440 2650646288
======================
   8      16 sdb 38761103 525811 3431642850 83056424 67207730 381777378 18223669952 2567600600 142 23371448 2650781128
======================
   8      16 sdb 38761107 525811 3431642882 83056680 67209665 381777378 18224660672 2567723952 142 23372456 2650904848
======================
   8      16 sdb 38761112 525811 3431642922 83056968 67211584 381777378 18225642696 2567847264 135 23373468 2651029764
======================
   8      16 sdb 38761116 525811 3431642954 83057248 67213532 381777397 18226638208 2567971816 145 23374468 2651149276
======================
   8      16 sdb 38761119 525811 3431642978 83057408 67215462 381777419 18227625536 2568091444 108 23375472 2651272700
======================
   8      16 sdb 38761123 525811 3431643010 83057716 67217366 381777435 18228599504 2568211680 135 23376476 2651393492
======================
   8      16 sdb 38761128 525811 3431643050 83058036 67219269 381777435 18229573840 2568328140 137 23377480 2651509484
======================
   8      16 sdb 38761131 525811 3431643074 83058244 67221193 381777435 18230558928 2568453572 11 23378484 2651631576
======================
   8      16 sdb 38761135 525811 3431643106 83058548 67223118 381777435 18231544528 2568573532 134 23379488 2651756208
======================
   8      16 sdb 38761139 525811 3431643138 83058840 67225041 381777458 18232528280 2568688784 148 23380488 2651871816
======================
   8      16 sdb 38761144 525811 3431643178 83059168 67226970 381777475 18233515056 2568805076 149 23381492 2651988048
======================
   8      16 sdb 38761148 525811 3431643210 83059464 67228893 381777475 18234499632 2568928176 66 23382496 2652106648
======================
   8      16 sdb 38761151 525811 3431643234 83059692 67230795 381777475 18235473456 2569048216 141 23383496 2652232208
======================
   8      16 sdb 38761155 525811 3431643266 83060044 67232692 381777475 18236444720 2569166364 141 23384500 2652350836
======================
   8      16 sdb 38761160 525811 3431643306 83060372 67234618 381777499 18237430016 2569283392 133 23385496 2652466068
======================
   8      16 sdb 38761163 525811 3431643330 83060604 67236543 381777516 18238414240 2569406172 30 23386496 2652587584
======================
   8      16 sdb 38761167 525811 3431643362 83060900 67238434 381777516 18239382432 2569526464 133 23387500 2652711180
======================
   8      16 sdb 38761171 525811 3431643394 83061300 67240387 381777516 18240382368 2569662624 130 23388504 2652848096
======================
   8      16 sdb 38761176 525811 3431643434 83061344 67242312 381777516 18241367968 2569805280 149 23389508 2652991016
======================
   8      16 sdb 38761180 525811 3431643466 83061388 67244212 381777539 18242340960 2569948060 137 23390512 2653133928
======================
   8      16 sdb 38761183 525811 3431643490 83061432 67246124 381777539 18243319392 2570090356 146 23391516 2653277060
======================
   8      16 sdb 38761187 525811 3431643522 83061512 67248039 381777539 18244299872 2570232624 155 23392520 2653418516
======================
   8      16 sdb 38761192 525811 3431643562 83061648 67249952 381777539 18245279328 2570371124 151 23393524 2653556800
======================
   8      16 sdb 38761196 525811 3431643594 83061772 67251884 381777539 18246269024 2570509148 135 23394528 2653693920
======================
   8      16 sdb 38761199 525811 3431643618 83061876 67253812 381777539 18247255648 2570646480 155 23395532 2653832252
======================
   8      16 sdb 38761203 525811 3431643650 83062040 67255735 381777539 18248240224 2570782416 144 23396536 2653968660
======================
   8      16 sdb 38761208 525811 3431643690 83062272 67257657 381777569 18249223520 2570911056 132 23397536 2654097556
======================
   8      16 sdb 38761211 525811 3431643714 83062432 67259559 381777586 18250196472 2571042840 59 23398540 2654227732
======================
   8      16 sdb 38761215 525811 3431643746 83062660 67261460 381777586 18251169784 2571172464 145 23399540 2654359092
======================
   8      16 sdb 38761219 525811 3431643778 83062896 67263383 381777586 18252154360 2571301612 147 23400544 2654488644
======================
   8      16 sdb 38761224 525811 3431643818 83063188 67265307 381777586 18253138944 2571424544 147 23401548 2654609740
======================
   8      16 sdb 38761227 525811 3431643842 83063412 67267234 381777633 18254124432 2571548144 68 23402552 2654734236
======================
   8      16 sdb 38761231 525811 3431643874 83063700 67269135 381777650 18255095864 2571665044 132 23403548 2654854492
======================
   8      16 sdb 38761235 525811 3431643906 83063984 67271069 381777650 18256086072 2571788452 151 23404548 2654975856
======================
   8      16 sdb 38761240 525811 3431643946 83064324 67272982 381777650 18257065528 2571906776 140 23405556 2655091832
======================
   8      16 sdb 38761243 525811 3431643970 83064548 67274882 381777650 18258038328 2572027604 104 23406556 2655215844
======================
   8      16 sdb 38761247 525811 3431644002 83064852 67276812 381777672 18259025656 2572141688 137 23407560 2655330560
======================
   8      16 sdb 38761251 525811 3431644034 83065156 67278740 381777688 18260012424 2572261524 131 23408564 2655450600
======================
   8      16 sdb 38761255 525811 3431644066 83065400 67280469 381777688 18260897160 2572369976 134 23409568 2655572976
======================
   8      16 sdb 38761259 525811 3431644098 83065628 67282593 381777688 18261984648 2572506312 77 23410576 2655695144
======================
   8      16 sdb 38761263 525811 3431644130 83065928 67284514 381777688 18262968200 2572626088 141 23411576 2655815860
======================
   8      16 sdb 38761267 525811 3431644162 83066224 67286417 381777711 18263941712 2572744552 147 23412576 2655934824
======================
   8      16 sdb 38761272 525811 3431644202 83066560 67288305 381777728 18264907496 2572866020 8 23413576 2656051376
======================
   8      16 sdb 38761275 525811 3431644226 83066792 67290231 381777728 18265893608 2572983572 123 23414580 2656174992
======================
   8      16 sdb 38761279 525811 3431644258 83067124 67292123 381777728 18266862312 2573105900 128 23415592 2656298084
======================
   8      16 sdb 38761283 525811 3431644290 83067428 67294061 381777728 18267854568 2573225560 143 23416592 2656417848
======================
   8      16 sdb 38761287 525811 3431644322 83067700 67295986 381777750 18268839336 2573344156 2 23417596 2656531968
======================
   8      16 sdb 38761291 525811 3431644354 83068000 67297914 381777767 18269825096 2573459996 125 23418596 2656653108
======================
   8      16 sdb 38761295 525811 3431644386 83068300 67299809 381777767 18270795336 2573578732 141 23419600 2656772332
======================
   8      16 sdb 38761299 525811 3431644418 83068608 67301712 381777767 18271769672 2573699488 145 23420604 2656892384
======================
   8      16 sdb 38761303 525811 3431644450 83068852 67303612 381777767 18272742472 2573820376 59 23421608 2657012728
======================
   8      16 sdb 38761307 525811 3431644482 83068988 67305541 381777789 18273729792 2573952260 141 23422612 2657146572
======================
   8      16 sdb 38761311 525811 3431644514 83069016 67307464 381777789 18274714368 2574093988 134 23423612 2657287936
======================
   8      16 sdb 38761315 525811 3431644546 83069072 67309384 381777789 18275697408 2574234640 130 23424616 2657429096
======================
   8      16 sdb 38761319 525811 3431644578 83069152 67311242 381777789 18276648704 2574374844 110 23425620 2657568612
======================
   8      16 sdb 38761323 525811 3431644610 83069256 67313232 381777789 18277667584 2574513520 132 23426620 2657707624
======================
   8      16 sdb 38761327 525811 3431644642 83069368 67315133 381777789 18278640896 2574652132 133 23427624 2657846512
======================
   8      16 sdb 38761331 525811 3431644674 83069500 67317030 381777789 18279612160 2574789944 146 23428628 2657984496
======================
   8      16 sdb 38761335 525811 3431644706 83069648 67318956 381777820 18280597512 2574921180 78 23429632 2658115076
======================
   8      16 sdb 38761339 525811 3431644738 83069844 67320661 381777836 18281469592 2575053836 148 23430632 2658248648
======================
   8      16 sdb 38761343 525811 3431644770 83070036 67322583 381777836 18282453656 2575188956 143 23431636 2658382268
======================
   8      16 sdb 38761346 525811 3431644794 83070192 67324509 381777836 18283439768 2575320108 132 23432640 2658515568
======================
   8      16 sdb 38761351 525811 3431644834 83070436 67326433 381777836 18284424856 2575444688 151 23433644 2658640436
======================
   8      16 sdb 38761355 525811 3431644866 83070712 67328330 381777836 18285396632 2575566932 146 23434644 2658761820
======================
   8      16 sdb 38761358 525811 3431644890 83070912 67330230 381777863 18286368128 2575690908 72 23435648 2658886024
======================
   8      16 sdb 38761362 525811 3431644922 83071208 67332158 381777888 18287354456 2575812256 143 23436652 2659008804
======================
   8      16 sdb 38761367 525811 3431644962 83071528 67334086 381777908 18288339736 2575929268 134 23437656 2659126184
======================
   8      16 sdb 38761371 525811 3431644994 83071832 67335992 381777908 18289315608 2576048280 149 23438652 2659243616
======================
   8      16 sdb 38761374 525811 3431645018 83072052 67337930 381777908 18290307864 2576172188 58 23439652 2659367408
======================
   8      16 sdb 38761378 525811 3431645050 83072348 67339857 381777930 18291294160 2576291064 150 23440656 2659488556
======================
   8      16 sdb 38761383 525811 3431645090 83072668 67341785 381777947 18292279920 2576408316 151 23441660 2659606108
======================
   8      16 sdb 38761387 525811 3431645122 83072968 67343702 381777947 18293261936 2576525200 153 23442660 2659722040
======================
   8      16 sdb 38761390 525811 3431645146 83073196 67345626 381777947 18294246512 2576648492 46 23443664 2659844336
======================
   8      16 sdb 38761394 525811 3431645178 83073408 67347551 381777947 18295232112 2576768144 152 23444668 2659966768
======================
   8      16 sdb 38761399 525811 3431645218 83073696 67349479 381777969 18296218416 2576879476 139 23445672 2660078392
======================
   8      16 sdb 38761403 525811 3431645250 83073988 67351406 381777985 18297204160 2576998216 143 23446676 2660196560
======================
   8      16 sdb 38761406 525811 3431645274 83074212 67353330 381777985 18298189760 2577121768 26 23447676 2660317580
======================
   8      16 sdb 38761410 525811 3431645306 83074512 67355256 381777985 18299175360 2577241072 129 23448676 2660440448
======================
   8      16 sdb 38761415 525811 3431645346 83074828 67357159 381777985 18300149696 2577358212 147 23449676 2660557888
======================
   8      16 sdb 38761419 525811 3431645378 83075128 67359057 381778011 18301120672 2577469800 150 23450676 2660667580
======================
   8      16 sdb 38761422 525811 3431645402 83075336 67360961 381778028 18302093136 2577592376 82 23451680 2660791872
======================
   8      16 sdb 38761426 525811 3431645434 83075636 67362884 381778028 18303077712 2577711932 153 23452684 2660912832
======================
   8      16 sdb 38761431 525811 3431645474 83075952 67364809 381778028 18304063312 2577828980 150 23453680 2661029748
======================
   8      16 sdb 38761435 525811 3431645506 83076252 67366736 381778028 18305049936 2577947656 141 23454688 2661147064
======================
   8      16 sdb 38761438 525811 3431645530 83076480 67368576 381778051 18305991696 2578063748 148 23455688 2661268904
======================
   8      16 sdb 38761442 525811 3431645562 83076772 67370585 381778068 18307018928 2578186356 145 23456692 2661388056
======================
   8      16 sdb 38761447 525811 3431645602 83077100 67372484 381778068 18307991216 2578302004 146 23457696 2661504308
======================
   8      16 sdb 38761451 525811 3431645634 83077408 67374387 381778068 18308965552 2578421832 142 23458696 2661620672
======================
   8      16 sdb 38761454 525811 3431645658 83077636 67376312 381778068 18309951152 2578542328 95 23459700 2661744612
======================
   8      16 sdb 38761458 525811 3431645690 83077872 67378240 381778090 18310937456 2578659620 131 23460696 2661862324
======================
   8      16 sdb 38761463 525811 3431645730 83078172 67380166 381778106 18311922688 2578778544 128 23461700 2661981552
======================
   8      16 sdb 38761467 525811 3431645762 83078352 67382098 381778106 18312911872 2578904292 147 23462716 2662105656
======================
   8      16 sdb 38761470 525811 3431645786 83078580 67384024 381778106 18313897984 2579027236 67 23463716 2662229308
======================
   8      16 sdb 38761474 525811 3431645818 83078896 67385929 381778106 18314873344 2579146392 157 23464720 2662350612
======================
   8      16 sdb 38761479 525811 3431645858 83079220 67387843 381778129 18315853000 2579256744 139 23465720 2662461440
======================
   8      16 sdb 38761483 525811 3431645890 83079520 67389768 381778146 18316837216 2579375636 128 23466724 2662577848
======================
   8      16 sdb 38761486 525811 3431645914 83079740 67391579 381778146 18317764448 2579492688 142 23467724 2662704388
======================
   8      16 sdb 38761490 525811 3431645946 83079912 67393616 381778146 18318807392 2579625032 152 23468724 2662830492
======================
   8      16 sdb 38761495 525811 3431645986 83080220 67395538 381778146 18319791456 2579741088 152 23469728 2662946836
======================
   8      16 sdb 38761499 525811 3431646018 83080524 67397463 381778170 18320776240 2579855168 150 23470732 2663058804
======================
   8      16 sdb 38761502 525811 3431646042 83081100 67399282 381778186 18321705680 2579936996 153 23471736 2663142116
======================
   8      16 sdb 38761506 525811 3431646074 83081112 67401217 381778186 18322696400 2580077352 134 23472740 2663284088
======================
   8      16 sdb 38761511 525811 3431646114 83081160 67403143 381778186 18323682512 2580219680 154 23473744 2663427136
======================
   8      16 sdb 38761515 525811 3431646146 83081236 67405070 381778186 18324669136 2580361676 142 23474748 2663568888
======================
   8      16 sdb 38761518 525811 3431646170 83081292 67406993 381778208 18325653384 2580501792 149 23475752 2663709396
======================
   8      16 sdb 38761557 525811 3431646482 83081904 67408906 381778208 18326632336 2580631556 129 23476752 2663839068
======================
   8      16 sdb 38761562 525811 3431646522 83082224 67410834 381778208 18327619472 2580749316 154 23477752 2663956120
======================
   8      16 sdb 38761565 525811 3431646546 83082460 67412752 381778208 18328601488 2580870592 23 23478756 2664075504
======================
   8      16 sdb 38761569 525811 3431646578 83082744 67414656 381778208 18329576336 2580991244 135 23479760 2664200212
======================
   8      16 sdb 38761573 525811 3431646610 83083044 67416585 381778231 18330563160 2581104976 137 23480764 2664314160
======================
   8      16 sdb 38761578 525811 3431646650 83083356 67418510 381778231 18331548760 2581223700 128 23481768 2664431728
======================
   8      16 sdb 38761581 525811 3431646674 83083588 67420435 381778231 18332534360 2581344880 22 23482772 2664550880
======================
   8      16 sdb 38761585 525811 3431646706 83083888 67422362 381778231 18333520984 2581465052 143 23483772 2664675196
======================
   8      16 sdb 38761589 525811 3431646738 83084172 67424287 381778231 18334506584 2581585120 147 23484776 2664795588
======================
   8      16 sdb 38761594 525811 3431646778 83084500 67426191 381778255 18335480616 2581698272 130 23485772 2664907016
======================
   8      16 sdb 38761597 525811 3431646802 83084736 67428092 381778255 18336453928 2581818636 47 23486776 2665027372
======================
   8      16 sdb 38761598 525811 3431646810 83084808 67428664 381778320 18336740240 2581855068 0 23487072 2665060680
======================
   8      16 sdb 38761598 525811 3431646810 83084808 67428664 381778320 18336740240 2581855068 0 23487072 2665060680
======================
   8      16 sdb 38761598 525811 3431646810 83084808 67428664 381778320 18336740240 2581855068 0 23487072 2665060680
======================
   8      16 sdb 38761598 525811 3431646810 83084808 67428664 381778320 18336740240 2581855068 0 23487072 2665060680
======================
   8      16 sdb 38761598 525811 3431646810 83084808 67428664 381778320 18336740240 2581855068 0 23487072 2665060680
======================
started
   8      16 sdb 38761598 525811 3431646810 83084808 67428664 381778320 18336740240 2581855068 0 23487072 2665060680
======================
   8      16 sdb 38761598 525811 3431646810 83084808 67428664 381778320 18336740240 2581855068 0 23487072 2665060680
======================
   8      16 sdb 38761635 525811 3431647106 83084940 67428664 381778320 18336740240 2581855068 0 23487076 2665060812
======================
   8      16 sdb 38761635 525811 3431647106 83084940 67428664 381778320 18336740240 2581855068 0 23487076 2665060812
======================
   8      16 sdb 38761635 525811 3431647106 83084940 67432259 381778320 18338580880 2581918844 143 23487644 2665129944
======================
   8      16 sdb 38761635 525811 3431647106 83084940 67434183 381778320 18339565968 2582061844 139 23488644 2665272520
======================
   8      16 sdb 38761635 525811 3431647106 83084940 67436110 381778320 18340552592 2582204352 132 23489648 2665415268
======================
   8      16 sdb 38761635 525811 3431647106 83084940 67438018 381778321 18341528488 2582346604 146 23490652 2665557772
======================
   8      16 sdb 38761635 525811 3431647106 83084940 67439925 381778321 18342504872 2582488536 133 23491656 2665700056
======================
   8      16 sdb 38761635 525811 3431647106 83084940 67441847 381778321 18343488936 2582630564 157 23492656 2665841264
======================
   8      16 sdb 38761635 525811 3431647106 83084940 67443742 381778321 18344459176 2582770576 145 23493660 2665982496
======================
   8      16 sdb 38761635 525811 3431647106 83084940 67445696 381778321 18345459624 2582913492 143 23494664 2666124152
======================
   8      16 sdb 38761635 525811 3431647106 83084940 67447398 381778322 18346330048 2583056120 139 23495672 2666267252
======================
   8      16 sdb 38761635 525811 3431647106 83084940 67449168 381778322 18347236288 2583192104 129 23496676 2666408456
======================
   8      16 sdb 38761635 525811 3431647106 83084940 67451016 381778322 18348182464 2583339304 137 23497684 2666550792
======================
   8      16 sdb 38761635 525811 3431647106 83084940 67452704 381778322 18349046720 2583480392 145 23498688 2666692160
======================
   8      16 sdb 38761635 525811 3431647106 83084940 67454481 381778323 18349956544 2583615884 129 23499688 2666833308
======================
   8      16 sdb 38761635 525811 3431647106 83084940 67456281 381778323 18350877144 2583763536 155 23500692 2666974232
======================
   8      16 sdb 38761635 525811 3431647106 83084940 67458232 381778323 18351876056 2583907696 156 23501712 2667118652
======================
   8      16 sdb 38761635 525811 3431647106 83084940 67459934 381778323 18352747480 2584050320 150 23502716 2667261448
======================
   8      16 sdb 38761635 525811 3431647106 83084940 67461696 381778323 18353649624 2584193924 148 23503724 2667404640
======================
   8      16 sdb 38761635 525811 3431647106 83084940 67463540 381778324 18354593752 2584336600 129 23504728 2667547276
======================
   8      16 sdb 38761635 525811 3431647106 83084940 67465192 381778324 18355438576 2584478984 142 23505732 2667690072
======================
   8      16 sdb 38761635 525811 3431647106 83084940 67466867 381778324 18356296176 2584621568 131 23506736 2667832500
======================
   8      16 sdb 38761635 525811 3431647106 83084940 67468791 381778324 18357281264 2584763608 129 23507736 2667974140
======================
   8      16 sdb 38761635 525811 3431647106 83084940 67470504 381778324 18358158320 2584906112 142 23508740 2668116716
======================
   8      16 sdb 38761635 525811 3431647106 83084940 67472310 381778325 18359082992 2585046172 129 23509744 2668258660
======================
   8      16 sdb 38761635 525811 3431647106 83084940 67474118 381778325 18360007688 2585189692 146 23510748 2668400704
======================
   8      16 sdb 38761635 525811 3431647106 83084940 67475854 381778325 18360896008 2585330556 139 23511748 2668542368
======================
   8      16 sdb 38761635 525811 3431647106 83084940 67477716 381778325 18361849864 2585474236 132 23512756 2668685152
======================
   8      16 sdb 38761635 525811 3431647106 83084940 67479412 381778325 18362718216 2585615440 132 23513760 2668826540
======================
   8      16 sdb 38761635 525811 3431647106 83084940 67481342 381778326 18363705880 2585759324 156 23514772 2668970604
======================
   8      16 sdb 38761635 525811 3431647106 83084940 67483036 381778326 18364572704 2585902636 140 23515780 2669113820
======================
   8      16 sdb 38761635 525811 3431647106 83084940 67484824 381778326 18365488160 2586045468 130 23516784 2669256356
======================
   8      16 sdb 38761635 525811 3431647106 83084940 67486661 381778326 18366428704 2586187988 149 23517784 2669398432
======================
   8      16 sdb 38761635 525811 3431647106 83084940 67488396 381778326 18367317024 2586329764 142 23518788 2669540772
======================
   8      16 sdb 38761635 525811 3431647106 83084940 67490264 381778327 18368272944 2586472012 132 23519792 2669682820
======================
   8      16 sdb 38761635 525811 3431647106 83084940 67491977 381778327 18369149496 2586613456 147 23520792 2669823924
======================
   8      16 sdb 38761635 525811 3431647106 83084940 67493783 381778327 18370074168 2586752296 133 23521796 2669965928
======================
   8      16 sdb 38761635 525811 3431647106 83084940 67495569 381778327 18370988600 2586897176 139 23522800 2670108004
======================
   8      16 sdb 38761635 525811 3431647106 83084940 67497304 381778327 18371876920 2587039296 132 23523800 2670249908
======================
   8      16 sdb 38761635 525811 3431647106 83084940 67499169 381778328 18372831304 2587181616 157 23524804 2670392268
======================
   8      16 sdb 38761635 525811 3431647106 83084940 67500891 381778328 18373712976 2587322816 131 23525804 2670533936
======================
   8      16 sdb 38761635 525811 3431647106 83084940 67502747 381778328 18374662736 2587465992 131 23526812 2670676732
======================
   8      16 sdb 38761635 525811 3431647106 83084940 67504361 381778328 18375489104 2587608000 149 23527812 2670818628
======================
   8      16 sdb 38761635 525811 3431647106 83084940 67506199 381778328 18376430160 2587750784 135 23528820 2670961732
======================
   8      16 sdb 38761635 525811 3431647106 83084940 67508028 381778329 18377366624 2587893244 132 23529820 2671103808
======================
   8      16 sdb 38761635 525811 3431647106 83084940 67509710 381778329 18378226792 2588035240 146 23530824 2671245928
======================
   8      16 sdb 38761635 525811 3431647106 83084940 67511637 381778329 18379213416 2588177332 139 23531828 2671388160
======================
   8      16 sdb 38761635 525811 3431647106 83084940 67513354 381778329 18380092520 2588319180 150 23532828 2671530340
======================
   8      16 sdb 38761635 525811 3431647106 83084940 67515046 381778329 18380958824 2588447584 154 23533832 2671673736
======================
   8      16 sdb 38761635 525811 3431647106 83084940 67516913 381778330 18381914232 2588605332 145 23534836 2671816524
======================
   8      16 sdb 38761635 525811 3431647106 83084940 67518702 381778330 18382830208 2588747784 148 23535836 2671958064
======================
   8      16 sdb 38761635 525811 3431647106 83084940 67520438 381778330 18383718528 2588886948 140 23536840 2672099784
======================
   8      16 sdb 38761635 525811 3431647106 83084940 67522350 381778330 18384697472 2589031764 148 23537844 2672242508
======================
   8      16 sdb 38761635 525811 3431647106 83084940 67524110 381778330 18385598592 2589174144 148 23538844 2672384408
======================
   8      16 sdb 38761635 525811 3431647106 83084940 67525906 381778331 18386517648 2589313264 146 23539848 2672527428
======================
   8      16 sdb 38761635 525811 3431647106 83084940 67527624 381778331 18387396760 2589455744 156 23540852 2672670404
======================
   8      16 sdb 38761635 525811 3431647106 83084940 67529372 381778331 18388291736 2589596812 136 23541852 2672812456
======================
   8      16 sdb 38761635 525811 3431647106 83084940 67531226 381778331 18389240984 2589744700 138 23542856 2672955064
======================
   8      16 sdb 38761635 525811 3431647106 83084940 67532992 381778331 18390145176 2589886540 132 23543864 2673097164
======================
   8      16 sdb 38761635 525811 3431647106 83084940 67534847 381778332 18391093936 2590029376 135 23544868 2673239716
======================
   8      16 sdb 38761635 525811 3431647106 83084940 67536520 381778332 18391950512 2590172964 136 23545872 2673382756
