======================
   8      16 sdb 32505870 525732 3106420426 73599852 61011718 381755147 16689332648 2367327396 0 21324580 2441025244
======================
   8      16 sdb 32505870 525732 3106420426 73599852 61011718 381755147 16689332648 2367327396 0 21324580 2441025244
======================
   8      16 sdb 32505870 525732 3106420426 73599852 61011763 381755205 16689333472 2367327396 0 21324580 2441025244
======================
   8      16 sdb 32505870 525732 3106420426 73599852 61011767 381755360 16689334744 2367327396 0 21324580 2441025244
======================
   8      16 sdb 32505873 525732 3106420450 73599876 61013741 381755460 16690319016 2367349740 0 21324836 2441047600
======================
   8      16 sdb 32505878 525732 3106420490 73600104 61016171 381755460 16691563176 2367448944 155 21325764 2441152112
======================
   8      16 sdb 32505882 525732 3106420522 73600344 61017894 381755460 16692445352 2367556840 72 21326768 2441266560
======================
   8      16 sdb 32505887 525732 3106420562 73600612 61019879 381755460 16693461672 2367689728 134 21327772 2441401264
======================
   8      16 sdb 32505890 525732 3106420586 73600632 61021691 381755484 16694388592 2367840716 148 21328776 2441543624
======================
   8      16 sdb 32505892 525732 3106420602 73600644 61022620 381755484 16694864752 2367895520 146 21329780 2441688016
======================
   8      16 sdb 32505896 525732 3106420634 73600728 61024983 381755484 16696074608 2368126456 146 21330780 2441828888
======================
   8      16 sdb 32505900 525732 3106420666 73600828 61026436 381755484 16696818544 2368264472 152 21331784 2441968740
======================
   8      16 sdb 32505905 525732 3106420706 73600936 61029031 381755484 16698147184 2368405588 145 21332788 2442108176
======================
   8      16 sdb 32505910 525732 3106420746 73601060 61031462 381755484 16699391856 2368539988 144 21333792 2442244040
======================
   8      16 sdb 32505915 525732 3106420786 73601316 61033395 381755512 16700380768 2368658524 137 21334788 2442362584
======================
   8      16 sdb 32505919 525732 3106420818 73601336 61035309 381755528 16701358848 2368801008 139 21335792 2442505360
======================
   8      16 sdb 32505922 525732 3106420842 73601364 61037263 381755528 16702359296 2368943532 134 21336792 2442647912
======================
   8      16 sdb 32505926 525732 3106420874 73601412 61039161 381755528 16703331072 2369086316 155 21337796 2442790860
======================
   8      16 sdb 32505931 525732 3106420914 73601524 61041045 381755528 16704295680 2369227308 137 21338800 2442931664
======================
   8      16 sdb 32505935 525732 3106420946 73601624 61043005 381755528 16705299200 2369367384 138 21339804 2443071224
======================
   8      16 sdb 32505938 525732 3106420970 73601708 61044906 381755528 16706272512 2369506064 156 21340808 2443210636
======================
   8      16 sdb 32505942 525732 3106421002 73601844 61046855 381755528 16707270400 2369642808 141 21341812 2443348144
======================
   8      16 sdb 32505947 525732 3106421042 73602048 61048782 381755562 16708256288 2369771660 132 21342812 2443476576
======================
   8      16 sdb 32505951 525732 3106421074 73602236 61050691 381755583 16709232352 2369907644 150 21343816 2443611156
======================
   8      16 sdb 32505953 525732 3106421090 73602332 61051989 381755583 16709896928 2369997444 153 21344820 2443753064
======================
   8      16 sdb 32505957 525732 3106421122 73602456 61053778 381755611 16710811608 2370146972 159 21345824 2443890684
======================
   8      16 sdb 32505962 525732 3106421162 73602664 61056191 381755611 16712047064 2370311784 154 21346824 2444017712
======================
   8      16 sdb 32505966 525732 3106421194 73602948 61058116 381755634 16713032344 2370428320 139 21347828 2444134620
======================
   8      16 sdb 32505970 525732 3106421226 73603224 61060041 381755634 16714017944 2370551208 147 21348828 2444256260
======================
   8      16 sdb 32505973 525732 3106421250 73603436 61061965 381755650 16715001144 2370675296 53 21349828 2444379796
======================
   8      16 sdb 32505978 525732 3106421290 73603776 61063800 381755650 16715940664 2370793044 153 21350832 2444499436
======================
   8      16 sdb 32505982 525732 3106421322 73604084 61065767 381755650 16716947768 2370910920 132 21351836 2444618044
======================
   8      16 sdb 32505986 525732 3106421354 73604380 61067664 381755673 16717918712 2371031708 157 21352840 2444738888
======================
   8      16 sdb 32505990 525732 3106421386 73604392 61069612 381755673 16718916088 2371173968 142 21353844 2444881412
======================
   8      16 sdb 32505994 525732 3106421418 73604424 61071479 381755673 16719871992 2371314188 147 21354848 2445021340
======================
   8      16 sdb 32505997 525732 3106421442 73604484 61072910 381755673 16720604664 2371413696 133 21355852 2445159836
======================
   8      16 sdb 32506002 525732 3106421482 73604564 61075348 381755673 16721852920 2371588428 130 21356856 2445295764
======================
   8      16 sdb 32506005 525732 3106421506 73604640 61077258 381755673 16722830840 2371728756 121 21357860 2445436652
======================
   8      16 sdb 32506010 525732 3106421546 73604736 61079122 381755673 16723785208 2371865364 143 21358860 2445572904
======================
   8      16 sdb 32506014 525732 3106421578 73604888 61081083 381755673 16724789240 2372000460 148 21359868 2445708828
======================
   8      16 sdb 32506018 525732 3106421610 73605056 61083008 381755673 16725774840 2372137584 131 21360872 2445844768
======================
   8      16 sdb 32506021 525732 3106421634 73605192 61084935 381755673 16726761464 2372272332 124 21361876 2445981160
======================
   8      16 sdb 32506026 525732 3106421674 73605416 61086858 381755716 16727745376 2372398148 131 21362880 2446107380
======================
   8      16 sdb 32506030 525732 3106421706 73605660 61088781 381755733 16728729592 2372526840 151 21363884 2446236276
======================
   8      16 sdb 32506032 525732 3106421722 73605780 61090054 381755733 16729380856 2372613300 129 21364888 2446366812
======================
   8      16 sdb 32506037 525732 3106421762 73606408 61092404 381755733 16730584056 2372794276 139 21365892 2446505184
======================
   8      16 sdb 32506042 525732 3106421802 73606448 61094302 381755733 16731555832 2372936048 148 21366896 2446646780
======================
   8      16 sdb 32506046 525732 3106421834 73606504 61096225 381755733 16732540408 2373077120 155 21367896 2446787264
======================
   8      16 sdb 32506049 525732 3106421858 73606552 61098149 381755733 16733525496 2373217520 156 21368900 2446928368
======================
   8      16 sdb 32506054 525732 3106421898 73606620 61100693 381755733 16734828024 2373423204 150 21370372 2447131404
======================
   8      16 sdb 32506059 525732 3106421938 73606784 61102770 381755733 16735891448 2373564268 152 21371452 2447275884
======================
   8      16 sdb 32506063 525732 3106421970 73606928 61104675 381755733 16736866808 2373702688 129 21372460 2447414448
======================
   8      16 sdb 32506067 525732 3106422002 73607100 61106588 381755733 16737846264 2373838956 155 21373464 2447549376
======================
   8      16 sdb 32506070 525732 3106422026 73607232 61108510 381755733 16738830328 2373973352 105 21374468 2447685104
======================
   8      16 sdb 32506075 525732 3106422066 73607460 61110432 381755782 16739813776 2374097356 129 21375468 2447809484
======================
   8      16 sdb 32506079 525732 3106422098 73607696 61112358 381755817 16740798152 2374224712 155 21376472 2447937224
======================
   8      16 sdb 32506082 525732 3106422122 73607772 61114193 381755817 16741737168 2374367740 61 21377476 2448077368
======================
   8      16 sdb 32506086 525732 3106422154 73608020 61116120 381755859 16742722616 2374490212 134 21378480 2448203324
======================
   8      16 sdb 32506091 525732 3106422194 73608336 61118028 381755859 16743699512 2374608252 146 21379480 2448321112
======================
   8      16 sdb 32506095 525732 3106422226 73608584 61119930 381755882 16744672512 2374725440 131 21380484 2448435752
======================
   8      16 sdb 32506098 525732 3106422250 73608816 61121856 381755898 16745657240 2374847408 86 21381488 2448560140
======================
   8      16 sdb 32506102 525732 3106422282 73609120 61123776 381755898 16746640280 2374965616 133 21382484 2448679372
======================
   8      16 sdb 32506107 525732 3106422322 73609432 61125704 381755898 16747627416 2375081108 138 21383492 2448795468
======================
   8      16 sdb 32506111 525732 3106422354 73609732 61127628 381755898 16748612504 2375199720 147 21384492 2448911752
======================
   8      16 sdb 32506114 525732 3106422378 73609960 61129556 381755921 16749598816 2375316864 68 21385496 2449030144
======================
   8      16 sdb 32506118 525732 3106422410 73610256 61131461 381755938 16750573304 2375435364 130 21386496 2449150312
======================
   8      16 sdb 32506123 525732 3106422450 73610572 61133358 381755938 16751544568 2375549320 132 21387500 2449265984
======================
   8      16 sdb 32506127 525732 3106422482 73610868 61135278 381755938 16752527608 2375670748 59 21388500 2449381944
======================
   8      16 sdb 32506130 525732 3106422506 73610964 61137156 381755938 16753489144 2375790828 143 21389500 2449506716
======================
   8      16 sdb 32506134 525732 3106422538 73611284 61139084 381755961 16754475456 2375907140 138 21390504 2449623392
======================
   8      16 sdb 32506139 525732 3106422578 73611540 61141012 381755978 16755461720 2376027604 129 21391500 2449743724
======================
   8      16 sdb 32506142 525732 3106422602 73611760 61142929 381755978 16756443224 2376149540 13 21392504 2449862320
======================
   8      16 sdb 32506146 525732 3106422634 73612056 61144854 381755978 16757428824 2376268736 136 21393508 2449986040
======================
   8      16 sdb 32506150 525732 3106422666 73612356 61146756 381755978 16758402648 2376388872 131 21394512 2450106528
======================
   8      16 sdb 32506155 525732 3106422706 73612676 61148662 381756000 16759378200 2376505176 131 21395516 2450221744
======================
   8      16 sdb 32506158 525732 3106422730 73612900 61150587 381756017 16760361912 2376626164 40 21396512 2450341508
======================
   8      16 sdb 32506162 525732 3106422762 73613076 61152479 381756017 16761330616 2376756680 141 21397516 2450474824
======================
   8      16 sdb 32506166 525732 3106422794 73613380 61154404 381756017 16762316216 2376875308 136 21398520 2450593804
======================
   8      16 sdb 32506171 525732 3106422834 73613700 61156328 381756017 16763301304 2376992556 147 21399520 2450709372
======================
   8      16 sdb 32506174 525732 3106422858 73613936 61158254 381756039 16764286584 2377107204 55 21400524 2450824440
======================
   8      16 sdb 32506180 525732 3106422906 73614308 61160157 381756055 16765260552 2377217668 131 21401524 2450937060
======================
   8      16 sdb 32506183 525732 3106422930 73614920 61161487 381756055 16765941000 2377341824 129 21402528 2451058272
======================
   8      16 sdb 32506188 525732 3106422970 73614936 61163983 381756055 16767218952 2377479204 156 21403532 2451199308
======================
   8      16 sdb 32506191 525732 3106422994 73614964 61165907 381756055 16768204040 2377621392 149 21404536 2451341856
======================
   8      16 sdb 32506196 525732 3106423034 73615040 61167835 381756080 16769190872 2377763600 140 21405540 2451484032
======================
   8      16 sdb 32506200 525732 3106423066 73615112 61169760 381756080 16770176472 2377905020 131 21406544 2451625396
======================
   8      16 sdb 32506204 525732 3106423098 73615208 61171649 381756080 16771143640 2378042204 143 21407544 2451764300
======================
   8      16 sdb 32506207 525732 3106423122 73615288 61173593 381756080 16772138968 2378183284 144 21408552 2451905372
======================
   8      16 sdb 32506212 525732 3106423162 73615480 61175507 381756080 16773118936 2378317044 138 21409556 2452038480
======================
   8      16 sdb 32506216 525732 3106423194 73615640 61177433 381756080 16774105048 2378452096 148 21410556 2452173284
======================
   8      16 sdb 32506220 525732 3106423226 73615816 61179364 381756080 16775093720 2378587356 67 21411564 2452306028
======================
   8      16 sdb 32506223 525732 3106423250 73615968 61181288 381756080 16776078808 2378720012 141 21412568 2452441788
======================
   8      16 sdb 32506228 525732 3106423290 73616256 61183187 381756080 16777051096 2378837920 151 21413572 2452561200
======================
   8      16 sdb 32506232 525732 3106423322 73616496 61185132 381756080 16778046936 2378965964 131 21414576 2452688056
======================
   8      16 sdb 32506235 525732 3106423346 73616704 61187043 381756080 16779025368 2379092832 5 21415580 2452810744
======================
   8      16 sdb 32506239 525732 3106423378 73616992 61188952 381756178 16779998520 2379210376 137 21416584 2452932920
======================
   8      16 sdb 32506244 525732 3106423418 73617288 61190874 381756178 16780982584 2379326540 145 21417584 2453049916
======================
   8      16 sdb 32506248 525732 3106423450 73617588 61192780 381756178 16781958456 2379445468 143 21418588 2453169756
======================
   8      16 sdb 32506251 525732 3106423474 73617808 61194723 381756178 16782953272 2379570096 15 21419588 2453289740
======================
   8      16 sdb 32506255 525732 3106423506 73618460 61196489 381756201 16783857656 2379701420 129 21420592 2453421820
======================
   8      16 sdb 32506260 525732 3106423546 73618508 61198414 381756201 16784842744 2379840024 132 21421596 2453564744
======================
   8      16 sdb 32506264 525732 3106423578 73618540 61200315 381756201 16785816056 2379983288 151 21422600 2453708032
======================
   8      16 sdb 32506267 525732 3106423602 73618584 61202196 381756201 16786779128 2380125172 158 21423604 2453851412
======================
   8      16 sdb 32506271 525732 3106423634 73618656 61204136 381756201 16787772408 2380268116 151 21424608 2453993008
======================
   8      16 sdb 32506276 525732 3106423674 73618800 61206061 381756201 16788758008 2380404252 137 21425608 2454128712
======================
   8      16 sdb 32506280 525732 3106423706 73618920 61207986 381756201 16789743608 2380543120 112 21426616 2454266608
======================
   8      16 sdb 32506283 525732 3106423730 73619024 61209913 381756201 16790730232 2380681288 145 21427620 2454406436
======================
   8      16 sdb 32506287 525732 3106423762 73619116 61211783 381756201 16791687672 2380819916 136 21428620 2454546268
======================
   8      16 sdb 32506292 525732 3106423802 73619348 61213731 381756237 16792684328 2380947204 133 21429624 2454671768
======================
   8      16 sdb 32506295 525732 3106423826 73619500 61215643 381756253 16793661888 2381080460 61 21430632 2454804256
======================
   8      16 sdb 32506299 525732 3106423858 73619716 61217547 381756253 16794636736 2381209888 139 21431636 2454935848
======================
   8      16 sdb 32506303 525732 3106423890 73619964 61219473 381756253 16795622848 2381336268 151 21432640 2455062584
======================
   8      16 sdb 32506308 525732 3106423930 73620248 61221386 381756253 16796601800 2381458236 134 21433640 2455182152
======================
   8      16 sdb 32506311 525732 3106423954 73620456 61223326 381756306 16797593488 2381580860 63 21434644 2455305636
======================
   8      16 sdb 32506315 525732 3106423986 73620752 61225247 381756306 16798576536 2381701424 136 21435644 2455428308
======================
   8      16 sdb 32506319 525732 3106424018 73621064 61227168 381756323 16799558712 2381820312 149 21436640 2455547136
======================
   8      16 sdb 32506324 525732 3106424058 73621400 61229068 381756323 16800531512 2381938048 144 21437644 2455661604
======================
   8      16 sdb 32506327 525732 3106424082 73621552 61230968 381756323 16801504312 2382060128 105 21438648 2455788608
======================
   8      16 sdb 32506331 525732 3106424114 73621728 61232801 381756344 16802441968 2382185020 147 21439652 2455912952
======================
   8      16 sdb 32506335 525732 3106424146 73621888 61234704 381756359 16803415416 2382310024 148 21440648 2456034828
======================
   8      16 sdb 32506340 525758 3106424186 73622076 61236604 381756359 16804388216 2382437616 80 21441652 2456165320
======================
   8      16 sdb 32506352 525758 3106424490 73622500 61238541 381756359 16805379960 2382559992 139 21442656 2456288492
======================
   8      16 sdb 32506356 525758 3106424522 73622804 61240446 381756359 16806355320 2382678676 153 21443660 2456408716
======================
   8      16 sdb 32506360 525758 3106424554 73623104 61242392 381756383 16807350856 2382800972 151 21444660 2456528800
======================
   8      16 sdb 32506362 525758 3106424570 73623264 61244291 381756383 16808323144 2382929856 36 21445664 2456656100
======================
   8      16 sdb 32506366 525758 3106424602 73623552 61246209 381756383 16809305160 2383047132 152 21446668 2456776588
======================
   8      16 sdb 32506370 525758 3106424634 73623856 61248133 381756383 16810290760 2383166300 149 21447664 2456896344
======================
   8      16 sdb 32506374 525758 3106424666 73624160 61250050 381756383 16811271752 2383286976 141 21448664 2457016400
======================
   8      16 sdb 32506378 525758 3106424698 73624396 61251976 381756406 16812257040 2383403072 33 21449660 2457130208
======================
   8      16 sdb 32506382 525758 3106424730 73624692 61253899 381756406 16813241616 2383520948 145 21450664 2457251820
======================
   8      16 sdb 32506386 525758 3106424762 73624984 61255833 381756406 16814231824 2383642604 132 21451668 2457373108
======================
   8      16 sdb 32506390 525758 3106424794 73625284 61257683 381756472 16815174000 2383761012 0 21452644 2457486896
======================
   8      16 sdb 32506390 525758 3106424794 73625284 61257684 381756472 16815174000 2383761012 0 21452644 2457486896
======================
   8      16 sdb 32506390 525758 3106424794 73625284 61257684 381756472 16815174000 2383761012 0 21452644 2457486896
======================
   8      16 sdb 32506390 525758 3106424794 73625284 61257684 381756472 16815174000 2383761012 0 21452644 2457486896
======================
   8      16 sdb 32506390 525758 3106424794 73625284 61257684 381756472 16815174000 2383761012 0 21452644 2457486896
======================
   8      16 sdb 32506390 525758 3106424794 73625284 61257684 381756472 16815174000 2383761012 0 21452644 2457486896
started
======================
   8      16 sdb 32506391 525758 3106424802 73625284 61257684 381756472 16815174000 2383761012 0 21452644 2457486896
======================
   8      16 sdb 32506391 525758 3106424802 73625284 61257684 381756472 16815174000 2383761012 0 21452644 2457486896
======================
   8      16 sdb 32512594 525758 3106474426 73626172 61257684 381756472 16815174000 2383761012 1 21453488 2457487780
======================
   8      16 sdb 32519129 525758 3106526706 73627020 61257684 381756472 16815174000 2383761012 1 21454332 2457488624
======================
   8      16 sdb 32525598 525758 3106578458 73627880 61257684 381756472 16815174000 2383761012 1 21455192 2457489484
======================
   8      16 sdb 32532477 525758 3106633490 73628760 61257684 381756472 16815174000 2383761012 1 21456060 2457490352
======================
   8      16 sdb 32539065 525758 3106686194 73629620 61257684 381756472 16815174000 2383761012 1 21456920 2457491212
======================
   8      16 sdb 32545396 525758 3106736842 73630484 61257686 381756473 16815174024 2383761012 1 21457780 2457492072
======================
   8      16 sdb 32551697 525758 3106787250 73631336 61257686 381756473 16815174024 2383761012 0 21458632 2457492924
======================
   8      16 sdb 32558098 525758 3106838458 73632172 61257686 381756473 16815174024 2383761012 1 21459468 2457493760
======================
   8      16 sdb 32564662 525758 3106890970 73633012 61257686 381756473 16815174024 2383761012 0 21460312 2457494604
======================
   8      16 sdb 32571132 525758 3106942730 73633820 61257686 381756473 16815174024 2383761012 1 21461120 2457495412
======================
   8      16 sdb 32577758 525758 3106995754 73634644 61257686 381756473 16815174024 2383761012 1 21461944 2457496236
======================
   8      16 sdb 32584251 525758 3107047714 73635456 61257686 381756473 16815174024 2383761012 1 21462756 2457497048
======================
   8      16 sdb 32590597 525758 3107098482 73636284 61257686 381756473 16815174024 2383761012 1 21463584 2457497876
======================
   8      16 sdb 32596963 525758 3107149410 73637104 61257686 381756473 16815174024 2383761012 1 21464404 2457498696
======================
   8      16 sdb 32603280 525758 3107199962 73637952 61257686 381756473 16815174024 2383761012 1 21465248 2457499540
======================
   8      16 sdb 32610209 525758 3107255394 73638844 61257686 381756473 16815174024 2383761012 1 21466136 2457500428
======================
   8      16 sdb 32616877 525758 3107308738 73639720 61257686 381756473 16815174024 2383761012 1 21467000 2457501292
======================
   8      16 sdb 32623421 525758 3107361090 73640540 61257686 381756473 16815174024 2383761012 1 21467808 2457502100
======================
   8      16 sdb 32629858 525758 3107412586 73641380 61257686 381756473 16815174024 2383761012 1 21468640 2457502932
======================
   8      16 sdb 32636842 525758 3107468458 73642272 61257686 381756473 16815174024 2383761012 1 21469532 2457503824
======================
   8      16 sdb 32643187 525758 3107519218 73643160 61257686 381756473 16815174024 2383761012 1 21470420 2457504712
======================
   8      16 sdb 32650055 525758 3107574162 73643996 61257686 381756473 16815174024 2383761012 1 21471248 2457505540
======================
   8      16 sdb 32656437 525758 3107625234 73644796 61257686 381756473 16815174024 2383761012 0 21472040 2457506332
======================
   8      16 sdb 32663348 525758 3107680522 73645712 61257686 381756473 16815174024 2383761012 1 21472948 2457507240
======================
   8      16 sdb 32670257 525758 3107735810 73646608 61257686 381756473 16815174024 2383761012 1 21473844 2457508136
======================
   8      16 sdb 32677135 525758 3107790850 73647452 61257686 381756473 16815174024 2383761012 1 21474688 2457508980
======================
   8      16 sdb 32683571 525758 3107842338 73648284 61257686 381756473 16815174024 2383761012 1 21475516 2457509808
======================
   8      16 sdb 32689805 525758 3107892226 73649068 61257686 381756473 16815174024 2383761012 1 21476300 2457510592
======================
   8      16 sdb 32696178 525758 3107943242 73649876 61257686 381756473 16815174024 2383761012 0 21477104 2457511396
======================
   8      16 sdb 32702556 525758 3107994282 73650692 61257686 381756473 16815174024 2383761012 1 21477928 2457512220
======================
   8      16 sdb 32709049 525758 3108046242 73651548 61257686 381756473 16815174024 2383761012 1 21478772 2457513064
======================
   8      16 sdb 32715438 525758 3108097370 73652360 61257686 381756473 16815174024 2383761012 1 21479584 2457513876
======================
   8      16 sdb 32721817 525758 3108148450 73653180 61257686 381756473 16815174024 2383761012 1 21480404 2457514696
======================
   8      16 sdb 32728256 525758 3108199994 73654052 61257686 381756473 16815174024 2383761012 1 21481272 2457515564
======================
   8      16 sdb 32734530 525758 3108250218 73654860 61257686 381756473 16815174024 2383761012 1 21482072 2457516364
======================
   8      16 sdb 32740874 525758 3108300994 73655672 61257686 381756473 16815174024 2383761012 1 21482884 2457517176
======================
   8      16 sdb 32747283 525758 3108352274 73656524 61257686 381756473 16815174024 2383761012 1 21483728 2457518020
======================
   8      16 sdb 32753709 525758 3108403746 73657384 61257686 381756473 16815174024 2383761012 1 21484580 2457518872
======================
   8      16 sdb 32760585 525758 3108458770 73658280 61257686 381756473 16815174024 2383761012 0 21485472 2457519764
======================
   8      16 sdb 32766924 525758 3108509482 73659124 61257686 381756473 16815174024 2383761012 1 21486304 2457520596
======================
   8      16 sdb 32773348 525758 3108560874 73659972 61257687 381756473 16815174032 2383761012 1 21487152 2457521444
======================
   8      16 sdb 32779727 525758 3108611922 73660800 61257687 381756473 16815174032 2383761012 1 21487972 2457522264
======================
   8      16 sdb 32786002 525758 3108662146 73661672 61257687 381756473 16815174032 2383761012 1 21488844 2457523136
======================
   8      16 sdb 32792793 525758 3108716490 73662572 61257687 381756473 16815174032 2383761012 1 21489744 2457524036
======================
   8      16 sdb 32799349 525758 3108768938 73663412 61257687 381756473 16815174032 2383761012 0 21490584 2457524876
======================
   8      16 sdb 32806297 525758 3108824602 73664308 61257687 381756473 16815174032 2383761012 1 21491480 2457525772
======================
   8      16 sdb 32812719 525758 3108875994 73665128 61257687 381756473 16815174032 2383761012 0 21492300 2457526592
======================
   8      16 sdb 32819019 525758 3108926410 73665976 61257687 381756473 16815174032 2383761012 1 21493144 2457527440
======================
   8      16 sdb 32825439 525758 3108977786 73666780 61257687 381756473 16815174032 2383761012 1 21493948 2457528244
======================
   8      16 sdb 32831952 525758 3109029906 73667636 61257687 381756473 16815174032 2383761012 1 21494800 2457529096
======================
   8      16 sdb 32838252 525758 3109080338 73668452 61257687 381756473 16815174032 2383761012 1 21495608 2457529904
======================
   8      16 sdb 32844514 525758 3109130466 73669336 61257687 381756473 16815174032 2383761012 1 21496492 2457530788
======================
   8      16 sdb 32850886 525758 3109181458 73670176 61257687 381756473 16815174032 2383761012 1 21497332 2457531628
======================
   8      16 sdb 32857274 525758 3109232594 73670984 61257687 381756473 16815174032 2383761012 1 21498140 2457532436
======================
   8      16 sdb 32863643 525758 3109283578 73671824 61257687 381756473 16815174032 2383761012 0 21498976 2457533272
======================
   8      16 sdb 32870017 525758 3109334602 73672640 61257687 381756473 16815174032 2383761012 0 21499784 2457534080
======================
   8      16 sdb 32876395 525758 3109385658 73673476 61257687 381756473 16815174032 2383761012 1 21500616 2457534912
======================
   8      16 sdb 32882637 525758 3109435674 73674304 61257687 381756473 16815174032 2383761012 1 21501444 2457535740
======================
   8      16 sdb 32888815 525758 3109485162 73675064 61257687 381756473 16815174032 2383761012 1 21502204 2457536500
======================
   8      16 sdb 32895211 525758 3109536378 73675916 61257687 381756473 16815174032 2383761012 1 21503056 2457537352
======================
   8      16 sdb 32900252 525758 3109576754 73676588 61257687 381756473 16815174032 2383761012 0 21503728 2457538024
