======================
   8      16 sdb 38788298 527677 3431875338 83255188 71616784 385794378 19021620008 2695019916 0 24389660 2778411848
======================
   8      16 sdb 38788298 527677 3431875338 83255188 71616784 385794378 19021620008 2695019916 0 24389660 2778411848
======================
   8      16 sdb 38788299 527677 3431875346 83255188 71616784 385794378 19021620008 2695019916 0 24389660 2778411848
======================
   8      16 sdb 38788299 527677 3431875346 83255188 71619864 385869072 19022242192 2695021292 0 24389812 2778413208
======================
   8      16 sdb 38788303 527677 3431875378 83255260 71619864 385869072 19022242192 2695021292 0 24389884 2778413280
======================
   8      16 sdb 38788305 527677 3431875394 83255260 71619864 385869072 19022242192 2695021292 0 24389884 2778413280
======================
   8      16 sdb 38788309 527677 3431875426 83255280 71619864 385869072 19022242192 2695021292 0 24389904 2778413300
======================
   8      16 sdb 38788313 527677 3431875458 83255280 71619864 385869072 19022242192 2695021292 0 24389904 2778413300
======================
   8      16 sdb 38788315 527677 3431875474 83255280 71620009 385878021 19022314944 2695021336 0 24389924 2778413340
======================
   8      16 sdb 38788319 527677 3431875506 83255284 71620009 385878021 19022314944 2695021336 0 24389928 2778413344
======================
   8      16 sdb 38788322 527677 3431875530 83255284 71620009 385878021 19022314944 2695021336 0 24389928 2778413344
======================
   8      16 sdb 38788325 527677 3431875554 83255284 71620009 385878021 19022314944 2695021336 0 24389928 2778413344
======================
   8      16 sdb 38788327 527677 3431875570 83255284 71620009 385878021 19022314944 2695021336 0 24389928 2778413344
======================
   8      16 sdb 38788329 527677 3431875586 83255288 71620165 385887781 19022394272 2695021388 0 24389956 2778413400
======================
   8      16 sdb 38788333 527677 3431875618 83255316 71621228 385947766 19022881992 2695024036 2 24390772 2778416064
======================
   8      16 sdb 38788338 527677 3431875658 83255384 71621520 385964386 19023017952 2695025016 0 24390996 2778417112
======================
   8      16 sdb 38788341 527677 3431875682 83255384 71621520 385964386 19023017952 2695025016 0 24390996 2778417112
======================
   8      16 sdb 38788344 527677 3431875706 83255384 71621520 385964386 19023017952 2695025016 0 24390996 2778417112
======================
   8      16 sdb 38788346 527677 3431875722 83255384 71621746 385978507 19023132728 2695025112 0 24391048 2778417204
======================
   8      16 sdb 38788348 527677 3431875738 83255388 71621746 385978507 19023132728 2695025112 0 24391052 2778417208
======================
   8      16 sdb 38788350 527677 3431875754 83255392 71623261 386064570 19023832880 2695027288 2 24391776 2778419388
======================
   8      16 sdb 38788352 527677 3431875770 83255452 71624791 386151248 19024538592 2695029656 2 24392776 2778421792
======================
   8      16 sdb 38788353 527677 3431875778 83255536 71625337 386182759 19024795472 2695046684 0 24393524 2778438892
======================
   8      16 sdb 38788353 527677 3431875778 83255536 71625682 386204428 19024971584 2695046832 0 24393612 2778439040
======================
   8      16 sdb 38788353 527677 3431875778 83255536 71625682 386204428 19024971584 2695046832 0 24393612 2778439040
======================
   8      16 sdb 38788353 527677 3431875778 83255536 71625682 386204428 19024971584 2695046832 0 24393612 2778439040
======================
   8      16 sdb 38788353 527677 3431875778 83255536 71625682 386204428 19024971584 2695046832 0 24393612 2778439040
======================
   8      16 sdb 38788353 527677 3431875778 83255536 71625682 386204428 19024971584 2695046832 0 24393612 2778439040
======================
   8      16 sdb 38788353 527677 3431875778 83255536 71625882 386216929 19025073192 2695046904 0 24393644 2778439112
======================
   8      16 sdb 38788353 527677 3431875778 83255536 71625882 386216929 19025073192 2695046904 0 24393644 2778439112
======================
   8      16 sdb 38788353 527677 3431875778 83255536 71625882 386216929 19025073192 2695046904 0 24393644 2778439112
======================
   8      16 sdb 38788353 527677 3431875778 83255536 71625882 386216929 19025073192 2695046904 0 24393644 2778439112
======================
   8      16 sdb 38788353 527677 3431875778 83255536 71625882 386216929 19025073192 2695046904 0 24393644 2778439112
======================
   8      16 sdb 38788353 527677 3431875778 83255536 71626075 386229000 19025171304 2695047792 0 24393688 2778440000
======================
   8      16 sdb 38788353 527677 3431875778 83255536 71626075 386229000 19025171304 2695047792 0 24393688 2778440000
======================
   8      16 sdb 38788353 527677 3431875778 83255536 71626075 386229000 19025171304 2695047792 0 24393688 2778440000
======================
   8      16 sdb 38788353 527677 3431875778 83255536 71626075 386229000 19025171304 2695047792 0 24393688 2778440000
======================
   8      16 sdb 38788353 527677 3431875778 83255536 71626075 386229000 19025171304 2695047792 0 24393688 2778440000
======================
   8      16 sdb 38788353 527677 3431875778 83255536 71626260 386240575 19025265384 2695047880 0 24393720 2778440088
======================
   8      16 sdb 38788353 527677 3431875778 83255536 71626260 386240575 19025265384 2695047880 0 24393720 2778440088
======================
   8      16 sdb 38788353 527677 3431875778 83255536 71626260 386240575 19025265384 2695047880 0 24393720 2778440088
======================
   8      16 sdb 38788353 527677 3431875778 83255536 71626260 386240575 19025265384 2695047880 0 24393720 2778440088
======================
   8      16 sdb 38788353 527677 3431875778 83255536 71626579 386259723 19025420864 2695048160 1 24393916 2778440372
======================
   8      16 sdb 38788355 527677 3431875794 83255548 71627514 386318009 19025894320 2695049216 2 24394472 2778441432
======================
   8      16 sdb 38788356 527677 3431875802 83255556 71629046 386411797 19026657344 2695050540 2 24395476 2778442752
======================
   8      16 sdb 38788393 527677 3431876098 83255720 71630567 386503878 19027405760 2695053088 2 24396480 2778445464
======================
   8      16 sdb 38788393 527677 3431876098 83255720 71632072 386598840 19028151072 2695055672 54 24397484 2778449136
======================
   8      16 sdb 38788393 527677 3431876098 83255720 71632818 386651102 19028532904 2695169164 138 24398484 2778575576
======================
   8      16 sdb 38788393 527677 3431876098 83255720 71633431 386690400 19028846760 2695302868 148 24399492 2778715004
======================
   8      16 sdb 38788393 527677 3431876098 83255720 71633965 386722979 19029120168 2695449604 133 24400496 2778860608
======================
   8      16 sdb 38788393 527677 3431876098 83255720 71634496 386756690 19029390960 2695586680 138 24401500 2778996432
======================
   8      16 sdb 38788393 527677 3431876098 83255720 71635151 386797428 19029726320 2695724772 129 24402500 2779128696
======================
   8      16 sdb 38788393 527677 3431876098 83255720 71635828 386839918 19030072544 2695853724 128 24403504 2779262124
======================
   8      16 sdb 38788393 527677 3431876098 83255720 71636418 386877416 19030374192 2695996792 134 24404508 2779400544
======================
   8      16 sdb 38788393 527677 3431876098 83255720 71637647 386944970 19030991464 2696054584 1 24405508 2779446848
======================
   8      16 sdb 38788393 527677 3431876098 83255720 71640072 387092972 19032195072 2696061480 0 24406476 2779453716
======================
   8      16 sdb 38788393 527677 3431876098 83255720 71640073 387092972 19032195072 2696061480 0 24406476 2779453716
======================
   8      16 sdb 38788393 527677 3431876098 83255720 71640073 387092972 19032195072 2696061480 0 24406476 2779453716
======================
   8      16 sdb 38788393 527677 3431876098 83255720 71640073 387092972 19032195072 2696061480 0 24406476 2779453716
started
======================
   8      16 sdb 38788393 527677 3431876098 83255720 71640073 387092972 19032195072 2696061480 0 24406476 2779453716
======================
   8      16 sdb 38788393 527677 3431876098 83255720 71640073 387092972 19032195072 2696061480 0 24406476 2779453716
======================
   8      16 sdb 38826148 527677 3432178138 83264640 71640073 387092972 19032195072 2696061480 1 24407288 2779462620
======================
   8      16 sdb 38846070 527677 3432337514 83268428 71640073 387092972 19032195072 2696061480 1 24408104 2779466404
======================
   8      16 sdb 38853234 527677 3432394826 83269460 71640073 387092972 19032195072 2696061480 1 24408788 2779467432
======================
   8      16 sdb 38853459 527677 3432396626 83270452 71640073 387092972 19032195072 2696061480 1 24409776 2779468420
======================
   8      16 sdb 38859170 527677 3432442314 83271204 71640073 387092972 19032195072 2696061480 1 24410524 2779469172
======================
   8      16 sdb 38864258 527677 3432483018 83272036 71640305 387107457 19032312808 2696061592 1 24411340 2779470116
======================
   8      16 sdb 38869540 527677 3432525274 83272732 71640305 387107457 19032312808 2696061592 0 24412036 2779470812
======================
   8      16 sdb 38875099 527677 3432569746 83273476 71640305 387107457 19032312808 2696061592 0 24412780 2779471556
======================
   8      16 sdb 38880652 527677 3432614170 83274208 71640305 387107457 19032312808 2696061592 0 24413512 2779472288
======================
   8      16 sdb 38886153 527677 3432658178 83274996 71640305 387107457 19032312808 2696061592 0 24414296 2779473072
======================
   8      16 sdb 38886555 527677 3432661394 83275056 71640630 387127866 19032478680 2696061724 0 24414420 2779473260
======================
   8      16 sdb 38891738 527677 3432702858 83275748 71640630 387127866 19032478680 2696061724 1 24415108 2779473948
======================
   8      16 sdb 38897243 527677 3432746898 83276448 71640630 387127866 19032478680 2696061724 0 24415808 2779474648
======================
   8      16 sdb 38902544 527677 3432789306 83277180 71640630 387127866 19032478680 2696061724 0 24416532 2779475372
======================
   8      16 sdb 38907950 527677 3432832554 83277920 71640630 387127866 19032478680 2696061724 0 24417272 2779476112
======================
   8      16 sdb 38913288 527677 3432875258 83278648 71640630 387127866 19032478680 2696061724 1 24418000 2779476840
======================
   8      16 sdb 38918151 527677 3432914162 83279392 71640960 387148564 19032646904 2696061912 0 24418744 2779477764
======================
   8      16 sdb 38923498 527677 3432956938 83280132 71640960 387148564 19032646904 2696061912 1 24419484 2779478504
======================
   8      16 sdb 38928685 527677 3432998434 83280784 71640960 387148564 19032646904 2696061912 1 24420128 2779479148
======================
   8      16 sdb 38933767 527677 3433039090 83281504 71640960 387148564 19032646904 2696061912 1 24420848 2779479868
======================
   8      16 sdb 38939299 527677 3433083346 83282240 71640960 387148564 19032646904 2696061912 1 24421580 2779480600
======================
   8      16 sdb 38944166 527677 3433122282 83282988 71641278 387168490 19032808856 2696062048 1 24422328 2779481480
======================
   8      16 sdb 38949523 527677 3433165138 83283748 71641278 387168490 19032808856 2696062048 1 24423088 2779482240
======================
   8      16 sdb 38954819 527677 3433207506 83284472 71641278 387168490 19032808856 2696062048 1 24423812 2779482964
======================
   8      16 sdb 38960051 527677 3433249362 83285260 71641278 387168490 19032808856 2696062048 1 24424600 2779483752
======================
   8      16 sdb 38965258 527677 3433291018 83286004 71641278 387168490 19032808856 2696062048 1 24425344 2779484496
======================
   8      16 sdb 38970012 527677 3433329050 83286792 71641598 387188586 19032972184 2696062168 1 24426128 2779485396
======================
   8      16 sdb 38975499 527677 3433372946 83287540 71641598 387188586 19032972184 2696062168 1 24426876 2779486144
======================
   8      16 sdb 38980921 527677 3433416322 83288304 71641598 387188586 19032972184 2696062168 0 24427636 2779486904
======================
   8      16 sdb 38986191 527677 3433458482 83289060 71641598 387188586 19032972184 2696062168 0 24428388 2779487656
======================
   8      16 sdb 38986191 527677 3433458482 83289060 71648251 387198623 19033105704 2696073396 1 24428536 2779498852
======================
   8      16 sdb 38989890 527677 3433488074 83289912 71648520 387215496 19033242840 2696073496 0 24429380 2779499796
======================
   8      16 sdb 38995256 527677 3433531002 83290652 71648520 387215496 19033242840 2696073496 0 24430120 2779500536
======================
   8      16 sdb 39000501 527677 3433572962 83291432 71648520 387215496 19033242840 2696073496 1 24430900 2779501316
======================
   8      16 sdb 39005890 527677 3433616074 83292152 71648520 387215496 19033242840 2696073496 1 24431616 2779502032
======================
   8      16 sdb 39011290 527677 3433659274 83292900 71648529 387216246 19033247448 2696073496 4 24432364 2779502780
======================
   8      16 sdb 39013518 527677 3433677098 83293744 71656530 387268428 19033730376 2696159180 1 24433332 2779589304
======================
   8      16 sdb 39018518 527677 3433717098 83294520 71656530 387268428 19033730376 2696159180 1 24434108 2779590080
======================
   8      16 sdb 39023605 527677 3433757794 83295236 71656530 387268428 19033730376 2696159180 1 24434820 2779590792
======================
   8      16 sdb 39028904 527677 3433800194 83295984 71656530 387268428 19033730376 2696159180 1 24435556 2779591528
======================
   8      16 sdb 39033661 527677 3433838242 83296756 71656655 387276429 19033794376 2696159240 3 24436336 2779592368
======================
   8      16 sdb 39037861 527677 3433871842 83297508 71656815 387286301 19033875640 2696159292 0 24437064 2779593148
======================
   8      16 sdb 39043149 527677 3433914146 83298260 71656815 387286301 19033875640 2696159292 0 24437816 2779593900
======================
   8      16 sdb 39048346 527677 3433955722 83299004 71656815 387286301 19033875640 2696159292 1 24438560 2779594644
======================
   8      16 sdb 39053534 527677 3433997226 83299720 71656815 387286301 19033875640 2696159292 1 24439276 2779595360
======================
   8      16 sdb 39058300 527677 3434035354 83300428 71657041 387300552 19033991352 2696159420 2 24440028 2779596240
======================
   8      16 sdb 39062402 527677 3434068170 83301324 71657122 387305534 19034031960 2696159456 1 24440880 2779597128
======================
   8      16 sdb 39067564 527677 3434109466 83301992 71657122 387305534 19034031960 2696159456 0 24441544 2779597792
======================
   8      16 sdb 39072765 527677 3434151074 83302732 71657122 387305534 19034031960 2696159456 0 24442284 2779598532
======================
   8      16 sdb 39077604 527677 3434189786 83303412 71657122 387305534 19034031960 2696159456 0 24442960 2779599208
======================
   8      16 sdb 39077711 527677 3434190642 83303424 71657372 387321210 19034159368 2696159572 1 24443036 2779599400
======================
   8      16 sdb 39082076 527677 3434225562 83304220 71657372 387321210 19034159368 2696159572 0 24443768 2779600132
======================
   8      16 sdb 39087076 527677 3434265562 83304972 71657372 387321210 19034159368 2696159572 1 24444516 2779600880
======================
   8      16 sdb 39092110 527677 3434305834 83305732 71657372 387321210 19034159368 2696159572 0 24445272 2779601636
======================
   8      16 sdb 39097287 527677 3434347250 83306476 71657372 387321210 19034159368 2696159572 1 24446016 2779602380
======================
   8      16 sdb 39102090 527677 3434385674 83307108 71657677 387340226 19034313928 2696159684 1 24446716 2779603136
======================
   8      16 sdb 39106520 527677 3434421114 83307960 71657677 387340226 19034313928 2696159684 1 24447552 2779603972
======================
   8      16 sdb 39111801 527677 3434463362 83308684 71657677 387340226 19034313928 2696159684 0 24448276 2779604696
======================
   8      16 sdb 39117075 527677 3434505554 83309400 71657677 387340226 19034313928 2696159684 0 24448988 2779605408
======================
   8      16 sdb 39121549 527677 3434541346 83310076 71657677 387340226 19034313928 2696159684 0 24449660 2779606080
======================
   8      16 sdb 39121549 527677 3434541346 83310076 71657677 387340226 19034313928 2696159684 0 24449660 2779606080
