======================
   8      32 sdc 1829965 12937 270825732 12938904 25665322 618592752 11352948536 2245743520 0 45995036 2259988848
======================
   8      32 sdc 1829965 12937 270825732 12938904 25665322 618592752 11352948536 2245743520 0 45995036 2259988848
======================
   8      32 sdc 1829968 12937 270825756 12938956 25665322 618592752 11352948536 2245743520 0 45995088 2259988900
======================
   8      32 sdc 1829968 12937 270825756 12938956 25665322 618592752 11352948536 2245743520 0 45995088 2259988900
======================
   8      32 sdc 1829969 12937 270825764 12938976 25666470 618592752 11353536312 2245765036 157 45995568 2260043920
======================
   8      32 sdc 1829969 12937 270825764 12938976 25666737 618592752 11353673016 2245902508 146 45996572 2260188560
======================
   8      32 sdc 1829969 12937 270825764 12938976 25666881 618592752 11353746744 2245980728 130 45997576 2260326124
======================
   8      32 sdc 1829969 12937 270825764 12938976 25667174 618592752 11353896760 2246154188 158 45998580 2260478308
======================
   8      32 sdc 1829969 12937 270825764 12938976 25667525 618592775 11354075648 2246358216 128 45999584 2260623772
======================
   8      32 sdc 1829969 12937 270825764 12938976 25667525 618592775 11354075648 2246358216 128 46000588 2260752284
======================
   8      32 sdc 1829969 12937 270825764 12938976 25667525 618592775 11354075648 2246358216 128 46001628 2260885404
======================
   8      32 sdc 1829969 12937 270825764 12938976 25668855 618592775 11354756608 2246774980 142 46002628 2261027468
======================
   8      32 sdc 1829969 12937 270825764 12938976 25669728 618592775 11355203584 2246914932 133 46003632 2261171564
======================
   8      32 sdc 1829969 12937 270825764 12938976 25670397 618592775 11355546112 2247056160 136 46004636 2261312912
======================
   8      32 sdc 1829969 12937 270825764 12938976 25670916 618592775 11355811840 2247196464 129 46005640 2261457748
======================
   8      32 sdc 1829969 12937 270825764 12938976 25671556 618592775 11356139520 2247339736 129 46006648 2261601732
======================
   8      32 sdc 1829969 12937 270825764 12938976 25672208 618592775 11356473344 2247484572 149 46007652 2261745600
======================
   8      32 sdc 1829970 12937 270825772 12939156 25672862 618592775 11356808192 2247623840 135 46008656 2261877212
======================
   8      32 sdc 1829970 12937 270825772 12939156 25673504 618592775 11357136896 2247758900 133 46009660 2262020760
======================
   8      32 sdc 1829970 12937 270825772 12939156 25674141 618592775 11357463040 2247902052 136 46010660 2262162696
======================
   8      32 sdc 1829970 12937 270825772 12939156 25674776 618592775 11357788160 2248044552 141 46011664 2262306420
======================
   8      32 sdc 1829970 12937 270825772 12939156 25675412 618592775 11358113792 2248187872 145 46012668 2262450000
======================
   8      32 sdc 1829970 12937 270825772 12939156 25676069 618592775 11358450176 2248331996 128 46013672 2262593336
======================
   8      32 sdc 1829970 12937 270825772 12939156 25676711 618592775 11358778880 2248475416 158 46014676 2262736792
======================
   8      32 sdc 1829970 12937 270825772 12939156 25677372 618592775 11359117312 2248619664 137 46015680 2262880556
======================
   8      32 sdc 1829970 12937 270825772 12939156 25678046 618592775 11359462400 2248763624 135 46016684 2263024852
======================
   8      32 sdc 1829970 12937 270825772 12939156 25678681 618592775 11359787520 2248906136 140 46017688 2263168448
======================
   8      32 sdc 1829970 12937 270825772 12939156 25679305 618592775 11360107008 2249050420 156 46018692 2263312684
======================
   8      32 sdc 1829970 12937 270825772 12939156 25679812 618592775 11360366592 2249196660 129 46019692 2263457272
======================
   8      32 sdc 1829971 12937 270825780 12939368 25680473 618592775 11360705024 2249335628 130 46020696 2263584796
======================
   8      32 sdc 1829971 12937 270825780 12939368 25681148 618592775 11361050624 2249467196 159 46021700 2263728148
======================
   8      32 sdc 1829971 12937 270825780 12939368 25681802 618592775 11361385472 2249609420 145 46022704 2263871624
======================
   8      32 sdc 1829971 12937 270825780 12939368 25682426 618592775 11361704960 2249752996 129 46023708 2264014884
======================
   8      32 sdc 1829971 12937 270825780 12939368 25683063 618592775 11362031104 2249896884 132 46024716 2264158628
======================
   8      32 sdc 1829971 12937 270825780 12939368 25683718 618592775 11362366464 2250039216 149 46025720 2264301600
======================
   8      32 sdc 1829971 12937 270825780 12939368 25684358 618592775 11362694144 2250181640 149 46026720 2264444240
======================
   8      32 sdc 1829971 12937 270825780 12939368 25685020 618592775 11363033088 2250325680 144 46027724 2264587256
======================
   8      32 sdc 1829971 12937 270825780 12939368 25685683 618592775 11363372544 2250468524 136 46028728 2264730656
======================
   8      32 sdc 1829971 12937 270825780 12939368 25686326 618592775 11363701760 2250612088 133 46029732 2264874356
======================
   8      32 sdc 1829971 12937 270825780 12939368 25686968 618592775 11364030464 2250755316 131 46030736 2265017484
======================
   8      32 sdc 1829971 12937 270825780 12939368 25687607 618592775 11364357632 2250897748 132 46031740 2265160460
======================
   8      32 sdc 1829972 12937 270825788 12939592 25688235 618592775 11364679168 2251026320 133 46032744 2265288012
======================
   8      32 sdc 1829972 12937 270825788 12939592 25688899 618592775 11365019136 2251169196 141 46033748 2265431580
======================
   8      32 sdc 1829972 12937 270825788 12939592 25689549 618592775 11365351936 2251312600 131 46034752 2265575444
======================
   8      32 sdc 1829972 12937 270825788 12939592 25690191 618592775 11365680640 2251456144 129 46035752 2265718372
======================
   8      32 sdc 1829972 12937 270825788 12939592 25690844 618592775 11366014976 2251599508 148 46036756 2265861700
======================
   8      32 sdc 1829972 12937 270825788 12939592 25691473 618592775 11366337024 2251742276 147 46037760 2266005188
======================
   8      32 sdc 1829972 12937 270825788 12939592 25692096 618592775 11366656000 2251885520 144 46038764 2266148960
======================
   8      32 sdc 1829972 12937 270825788 12939592 25692766 618592775 11366999040 2252029636 146 46039768 2266293000
======================
   8      32 sdc 1829972 12937 270825788 12939592 25693443 618592775 11367345664 2252174404 141 46040772 2266436460
======================
   8      32 sdc 1829972 12937 270825788 12939592 25694116 618592775 11367690240 2252317228 140 46041776 2266579932
======================
   8      32 sdc 1829972 12937 270825788 12939592 25694757 618592775 11368018432 2252460064 139 46042780 2266723504
======================
   8      32 sdc 1829972 12937 270825788 12939592 25695381 618592775 11368337920 2252603692 155 46043780 2266866504
======================
   8      32 sdc 1829973 12937 270825796 12939816 25696018 618592775 11368664064 2252735020 146 46044784 2266996832
======================
   8      32 sdc 1829973 12937 270825796 12939816 25696690 618592775 11369008128 2252877788 146 46045788 2267140276
======================
   8      32 sdc 1829973 12937 270825796 12939816 25697329 618592775 11369335296 2253020000 147 46046792 2267283368
======================
   8      32 sdc 1829973 12937 270825796 12939816 25697981 618592775 11369669120 2253164740 135 46047796 2267426992
======================
   8      32 sdc 1829973 12937 270825796 12939816 25698623 618592775 11369997824 2253307752 133 46048800 2267570628
======================
   8      32 sdc 1829973 12937 270825796 12939816 25699265 618592775 11370326528 2253451268 131 46049804 2267714188
======================
   8      32 sdc 1829973 12937 270825796 12939816 25699907 618592775 11370655232 2253595020 129 46050808 2267857960
======================
   8      32 sdc 1829973 12937 270825796 12939816 25700546 618592775 11370982400 2253738472 130 46051808 2268001532
======================
   8      32 sdc 1829973 12937 270825796 12939816 25701207 618592775 11371320832 2253882872 141 46052812 2268144952
======================
   8      32 sdc 1829973 12937 270825796 12939816 25701866 618592775 11371658240 2254026436 154 46053816 2268288568
======================
   8      32 sdc 1829973 12937 270825796 12939816 25702510 618592775 11371987968 2254169628 150 46054820 2268432316
======================
   8      32 sdc 1829973 12937 270825796 12939816 25703156 618592775 11372318720 2254313880 144 46055824 2268576192
======================
   8      32 sdc 1829973 12937 270825796 12939816 25703449 618592775 11372468736 2254376660 20 46056828 2268638812
======================
   8      32 sdc 1829974 12937 270825804 12941408 25704312 618592775 11372910592 2254426536 128 46057832 2268676564
======================
   8      32 sdc 1829974 12937 270825804 12941408 25705064 618592775 11373295616 2254554940 144 46058836 2268820008
======================
   8      32 sdc 1829974 12937 270825804 12941408 25705739 618592775 11373641216 2254699676 141 46059840 2268963536
======================
   8      32 sdc 1829974 12937 270825804 12941408 25706404 618592775 11373981696 2254843148 148 46060844 2269107156
======================
   8      32 sdc 1829974 12937 270825804 12941408 25707052 618592775 11374313472 2254985376 140 46061844 2269250232
======================
   8      32 sdc 1829974 12937 270825804 12941408 25707677 618592775 11374633472 2255129792 155 46062848 2269394420
======================
   8      32 sdc 1829974 12937 270825804 12941408 25708331 618592775 11374968320 2255274600 141 46063852 2269538104
======================
   8      32 sdc 1829974 12937 270825804 12941408 25709007 618592775 11375314432 2255418104 137 46064856 2269681692
======================
   8      32 sdc 1829974 12937 270825804 12941408 25709653 618592775 11375645184 2255560912 131 46065860 2269825348
======================
   8      32 sdc 1829974 12937 270825804 12941408 25710288 618592775 11375970304 2255704024 136 46066864 2269969036
======================
   8      32 sdc 1829974 12937 270825804 12941408 25710957 618592775 11376312832 2255847252 139 46067868 2270111432
======================
   8      32 sdc 1829974 12937 270825804 12941408 25711071 618592775 11376371200 2255871852 46 46068872 2270166904
======================
   8      32 sdc 1829975 12937 270825812 12943032 25712218 618592775 11376958464 2255981736 128 46069872 2270247372
======================
   8      32 sdc 1829975 12937 270825812 12943032 25712861 618592775 11377287680 2256125300 157 46070880 2270391472
======================
   8      32 sdc 1829975 12937 270825812 12943032 25713503 618592775 11377616384 2256268964 155 46071880 2270534556
======================
   8      32 sdc 1829975 12937 270825812 12943032 25714007 618592775 11377874432 2256411960 131 46072884 2270677028
======================
   8      32 sdc 1829975 12937 270825812 12943032 25714656 618592775 11378206720 2256554952 154 46073888 2270820788
======================
   8      32 sdc 1829975 12937 270825812 12943032 25715298 618592775 11378535424 2256698316 152 46074892 2270964260
======================
   8      32 sdc 1829975 12937 270825812 12943032 25715966 618592775 11378877440 2256842776 156 46075896 2271107920
======================
   8      32 sdc 1829975 12937 270825812 12943032 25716622 618592775 11379213312 2256984216 140 46076900 2271251712
======================
   8      32 sdc 1829975 12937 270825812 12943032 25717250 618592775 11379534848 2257128572 152 46077908 2271395928
======================
   8      32 sdc 1829975 12937 270825812 12943032 25717893 618592775 11379864064 2257274200 149 46078912 2271539984
======================
   8      32 sdc 1829975 12937 270825812 12943032 25718569 618592775 11380210176 2257417456 145 46079916 2271683396
======================
   8      32 sdc 1829976 12937 270825820 12943236 25719222 618592775 11380544512 2257547460 155 46080920 2271813816
======================
   8      32 sdc 1829976 12937 270825820 12943236 25719896 618592775 11380889600 2257690664 153 46081924 2271957468
======================
   8      32 sdc 1829976 12937 270825820 12943236 25720524 618592775 11381211136 2257832584 133 46082928 2272100196
======================
   8      32 sdc 1829976 12937 270825820 12943236 25721155 618592775 11381534208 2257977304 142 46083932 2272243980
======================
   8      32 sdc 1829976 12937 270825820 12943236 25721814 618592775 11381871616 2258120384 155 46084936 2272387232
======================
   8      32 sdc 1829976 12937 270825820 12943236 25722456 618592775 11382200320 2258263816 153 46085940 2272530936
======================
   8      32 sdc 1829976 12937 270825820 12943236 25723104 618592775 11382532096 2258407272 145 46086940 2272673896
======================
   8      32 sdc 1829976 12937 270825820 12943236 25723771 618592775 11382873600 2258551304 150 46087944 2272816972
======================
   8      32 sdc 1829976 12937 270825820 12943236 25724422 618592775 11383206912 2258693980 139 46088948 2272960820
======================
   8      32 sdc 1829976 12937 270825820 12943236 25725065 618592775 11383536128 2258837976 136 46089952 2273104592
======================
   8      32 sdc 1829976 12937 270825820 12943236 25725707 618592775 11383864832 2258982348 134 46090956 2273248968
======================
   8      32 sdc 1829976 12937 270825820 12943236 25726343 618592775 11384190464 2259124492 102 46091960 2273390840
======================
   8      32 sdc 1829977 12937 270825828 12943460 25726991 618592775 11384522240 2259256652 131 46092964 2273523120
======================
   8      32 sdc 1829977 12937 270825828 12943460 25727507 618592775 11384786432 2259390344 145 46093968 2273663716
======================
   8      32 sdc 1829977 12937 270825828 12943460 25728149 618592775 11385115136 2259540180 157 46094972 2273807224
======================
   8      32 sdc 1829977 12937 270825828 12943460 25728799 618592775 11385447936 2259687724 147 46095976 2273954176
======================
   8      32 sdc 1829977 12937 270825828 12943460 25729450 618592775 11385781248 2259828780 136 46096976 2274096876
======================
   8      32 sdc 1829977 12937 270825828 12943460 25730079 618592775 11386103296 2259973248 147 46097984 2274241084
======================
   8      32 sdc 1829977 12937 270825828 12943460 25730724 618592775 11386433536 2260117976 142 46098984 2274384176
======================
   8      32 sdc 1829977 12937 270825828 12943460 25731395 618592775 11386777088 2260261460 143 46099988 2274528728
======================
   8      32 sdc 1829977 12937 270825828 12943460 25732076 618592775 11387125760 2260406224 134 46100992 2274672372
======================
   8      32 sdc 1829977 12937 270825828 12943460 25732744 618592775 11387467776 2260547968 138 46101996 2274815888
======================
   8      32 sdc 1829977 12937 270825828 12943460 25733373 618592775 11387789824 2260691968 149 46103000 2274959580
======================
   8      32 sdc 1829977 12937 270825828 12943460 25734003 618592775 11388112384 2260835856 122 46104004 2275102684
======================
   8      32 sdc 1829977 12937 270825828 12943460 25734089 618592775 11388156416 2260854732 36 46105004 2275144128
======================
   8      32 sdc 1829978 12937 270825836 12944568 25735300 618592775 11388776448 2261012952 131 46106008 2275280704
======================
   8      32 sdc 1829978 12937 270825836 12944568 25735938 618592775 11389103104 2261155572 133 46107012 2275424272
======================
   8      32 sdc 1829978 12937 270825836 12944568 25736592 618592775 11389437952 2261298832 151 46108016 2275567844
======================
   8      32 sdc 1829978 12937 270825836 12944568 25737239 618592775 11389769216 2261443076 144 46109020 2275711356
======================
   8      32 sdc 1829978 12937 270825836 12944568 25737882 618592775 11390098432 2261586756 141 46110024 2275854772
======================
   8      32 sdc 1829978 12937 270825836 12944568 25738524 618592775 11390427136 2261730432 139 46111028 2275998316
======================
   8      32 sdc 1829978 12937 270825836 12944568 25739162 618592775 11390753792 2261872652 141 46112032 2276141672
======================
   8      32 sdc 1829978 12937 270825836 12944568 25739826 618592775 11391093760 2262017724 149 46113036 2276285392
======================
   8      32 sdc 1829978 12937 270825836 12944568 25740484 618592775 11391430656 2262160648 131 46114040 2276428828
======================
   8      32 sdc 1829978 12937 270825836 12944568 25741126 618592775 11391759360 2262304136 129 46115044 2276572292
======================
   8      32 sdc 1829978 12937 270825836 12944568 25741780 618592775 11392094208 2262447428 25 46116048 2276704588
======================
   8      32 sdc 1829978 12937 270825836 12944568 25741780 618592775 11392094208 2262447428 25 46117052 2276729688
======================
   8      32 sdc 1829979 12937 270825844 12946136 25743066 618592775 11392752640 2262554776 134 46118052 2276824620
======================
   8      32 sdc 1829979 12937 270825844 12946136 25743691 618592775 11393072640 2262698128 149 46119056 2276967976
======================
   8      32 sdc 1829979 12937 270825844 12946136 25744347 618592775 11393408512 2262842244 133 46120060 2277112100
======================
   8      32 sdc 1829979 12937 270825844 12946136 25745023 618592775 11393754624 2262986472 129 46121064 2277255696
======================
   8      32 sdc 1829979 12937 270825844 12946136 25745680 618592775 11394091008 2263127296 144 46122068 2277399380
======================
   8      32 sdc 1829979 12937 270825844 12946136 25746310 618592775 11394413568 2263272204 154 46123072 2277542880
======================
   8      32 sdc 1829979 12937 270825844 12946136 25746955 618592775 11394744320 2263416908 149 46124076 2277686492
======================
   8      32 sdc 1829979 12937 270825844 12946136 25747632 618592775 11395090432 2263560532 144 46125080 2277830020
======================
   8      32 sdc 1829979 12937 270825844 12946136 25748124 618592775 11395342336 2263703144 132 46126084 2277973032
======================
   8      32 sdc 1829979 12937 270825844 12946136 25748763 618592775 11395670016 2263845572 133 46127088 2278116652
======================
   8      32 sdc 1829979 12937 270825844 12946136 25749423 618592775 11396007424 2263990384 62 46128092 2278255216
======================
   8      32 sdc 1829980 12937 270825852 12946328 25750077 618592775 11396342272 2264120760 157 46129096 2278390588
======================
   8      32 sdc 1829980 12937 270825852 12946328 25750722 618592775 11396672512 2264263636 152 46130100 2278534348
======================
   8      32 sdc 1829980 12937 270825852 12946328 25751364 618592775 11397001216 2264407292 150 46131100 2278677524
======================
   8      32 sdc 1829980 12937 270825852 12946328 25751989 618592775 11397321216 2264547884 133 46132104 2278821012
======================
   8      32 sdc 1829980 12937 270825852 12946328 25752656 618592775 11397662720 2264695152 138 46133108 2278964760
======================
   8      32 sdc 1829980 12937 270825852 12946328 25753309 618592775 11397997056 2264837776 157 46134112 2279107652
======================
   8      32 sdc 1829980 12937 270825852 12946328 25753951 618592775 11398325760 2264980992 155 46135116 2279251036
======================
   8      32 sdc 1829980 12937 270825852 12946328 25754609 618592775 11398662656 2265125032 137 46136120 2279394616
======================
   8      32 sdc 1829980 12937 270825852 12946328 25755283 618592775 11399007744 2265269756 135 46137124 2279539776
======================
   8      32 sdc 1829980 12937 270825852 12946328 25755921 618592775 11399334400 2265412292 137 46138128 2279683452
======================
   8      32 sdc 1829980 12937 270825852 12946328 25756545 618592775 11399653888 2265555736 153 46139128 2279826188
======================
   8      32 sdc 1829980 12937 270825852 12946328 25757135 618592775 11399955968 2265684300 30 46140132 2279947712
======================
   8      32 sdc 1829981 12937 270825860 12946772 25757708 618592775 11400249344 2265802848 143 46141136 2280072600
======================
   8      32 sdc 1829981 12937 270825860 12946772 25758377 618592775 11400591872 2265946728 146 46142140 2280217724
======================
   8      32 sdc 1829981 12937 270825860 12946772 25759043 618592775 11400932864 2266089628 152 46143144 2280360972
======================
   8      32 sdc 1829981 12937 270825860 12946772 25759649 618592775 11401243136 2266231864 154 46144148 2280505780
======================
   8      32 sdc 1829981 12937 270825860 12946772 25760325 618592775 11401589248 2266378900 150 46145152 2280649092
======================
   8      32 sdc 1829981 12937 270825860 12946772 25760984 618592775 11401926656 2266521488 131 46146156 2280792304
======================
   8      32 sdc 1829981 12937 270825860 12946772 25761620 618592775 11402252288 2266663384 135 46147160 2280935748
======================
   8      32 sdc 1829981 12937 270825860 12946772 25762284 618592775 11402592256 2266808156 143 46148160 2281078256
======================
   8      32 sdc 1829981 12937 270825860 12946772 25762949 618592775 11402932736 2266950764 150 46149164 2281220464
======================
   8      32 sdc 1829981 12937 270825860 12946772 25763592 618592775 11403261952 2267093012 147 46150168 2281363680
======================
   8      32 sdc 1829981 12937 270825860 12946772 25764234 618592775 11403590656 2267236128 145 46151172 2281506908
======================
   8      32 sdc 1829982 12937 270825868 12947000 25764849 618592775 11403905536 2267373328 142 46152176 2281633844
======================
   8      32 sdc 1829982 12937 270825868 12947000 25765504 618592775 11404240896 2267506972 132 46153180 2281777224
======================
   8      32 sdc 1829982 12937 270825868 12947000 25766168 618592775 11404580864 2267650600 135 46154184 2281921260
======================
   8      32 sdc 1829982 12937 270825868 12947000 25766821 618592775 11404915200 2267793692 154 46155188 2282064328
======================
   8      32 sdc 1829982 12937 270825868 12947000 25767448 618592775 11405236224 2267936540 135 46156192 2282207760
======================
   8      32 sdc 1829982 12937 270825868 12947000 25768118 618592775 11405579264 2268079392 137 46157196 2282351120
======================
   8      32 sdc 1829982 12937 270825868 12947000 25768758 618592775 11405906944 2268220456 137 46158196 2282491828
======================
   8      32 sdc 1829982 12937 270825868 12947000 25769383 618592775 11406226944 2268364020 152 46159200 2282635280
======================
   8      32 sdc 1829982 12937 270825868 12947000 25770056 618592775 11406571520 2268508700 151 46160204 2282778736
======================
   8      32 sdc 1829982 12937 270825868 12947000 25770732 618592775 11406917632 2268652044 147 46161208 2282922340
======================
   8      32 sdc 1829982 12937 270825868 12947000 25771403 618592775 11407261184 2268794480 148 46162212 2283066068
======================
   8      32 sdc 1829982 12937 270825868 12947000 25772048 618592775 11407591424 2268938988 143 46163216 2283210068
======================
   8      32 sdc 1829983 12937 270825876 12947232 25772651 618592775 11407900160 2269064584 149 46164220 2283336444
======================
   8      32 sdc 1829983 12937 270825876 12947232 25773312 618592775 11408238592 2269209348 128 46165224 2283479868
======================
   8      32 sdc 1829983 12937 270825876 12947232 25773988 618592775 11408584704 2269353516 156 46166228 2283624100
======================
   8      32 sdc 1829983 12937 270825876 12947232 25774625 618592775 11408910848 2269495520 159 46167228 2283767512
======================
   8      32 sdc 1829983 12937 270825876 12947232 25775266 618592775 11409239040 2269640496 158 46168232 2283910916
======================
   8      32 sdc 1829983 12937 270825876 12947232 25775927 618592775 11409577472 2269783176 137 46169236 2284054384
======================
   8      32 sdc 1829983 12937 270825876 12947232 25776569 618592775 11409906176 2269926096 136 46170240 2284197584
======================
   8      32 sdc 1829983 12937 270825876 12947232 25777210 618592775 11410234368 2270069604 134 46171244 2284340948
======================
   8      32 sdc 1829983 12937 270825876 12947232 25777849 618592775 11410561536 2270211064 135 46172244 2284482664
======================
   8      32 sdc 1829983 12937 270825876 12947232 25778507 618592775 11410898432 2270355464 149 46173248 2284626192
======================
   8      32 sdc 1829983 12937 270825876 12947232 25779171 618592775 11411238400 2270498792 157 46174252 2284769380
======================
   8      32 sdc 1829983 12937 270825876 12947232 25779817 618592775 11411569152 2270641508 151 46175256 2284912920
======================
   8      32 sdc 1829984 12937 270825884 12947672 25780299 618592775 11411815936 2270742928 149 46176260 2285013880
======================
   8      32 sdc 1829984 12937 270825884 12947672 25780964 618592775 11412156416 2270884748 156 46177260 2285156220
======================
   8      32 sdc 1829984 12937 270825884 12947672 25781633 618592775 11412498944 2271028028 159 46178264 2285299412
======================
   8      32 sdc 1829984 12937 270825884 12947672 25782258 618592775 11412818944 2271170744 142 46179268 2285443140
======================
   8      32 sdc 1829984 12937 270825884 12947672 25782886 618592775 11413140480 2271315436 154 46180272 2285586520
======================
   8      32 sdc 1829984 12937 270825884 12947672 25783562 618592775 11413486592 2271458724 150 46181276 2285730024
======================
   8      32 sdc 1829984 12937 270825884 12947672 25784226 618592775 11413826560 2271601108 158 46182280 2285872904
======================
   8      32 sdc 1829984 12937 270825884 12947672 25784870 618592775 11414156288 2271743836 154 46183280 2286015840
======================
   8      32 sdc 1829984 12937 270825884 12947672 25785494 618592775 11414475776 2271886828 138 46184284 2286159112
======================
   8      32 sdc 1829984 12937 270825884 12947672 25786155 618592775 11414814208 2272031984 149 46185288 2286302888
======================
   8      32 sdc 1829984 12937 270825884 12947672 25786828 618592775 11415158784 2272174780 148 46186292 2286446328
======================
   8      32 sdc 1829984 12937 270825884 12947672 25787469 618592775 11415486976 2272317676 147 46187296 2286589804
======================
   8      32 sdc 1829985 12937 270825892 12948036 25787958 618592775 11415737344 2272421236 131 46188300 2286691460
======================
   8      32 sdc 1829985 12937 270825892 12948036 25788622 618592775 11416077312 2272562968 139 46189300 2286834512
======================
   8      32 sdc 1829985 12937 270825892 12948036 25789280 618592775 11416414208 2272705648 153 46190304 2286977676
======================
   8      32 sdc 1829985 12937 270825892 12948036 25789923 618592775 11416743424 2272849408 150 46191308 2287121408
======================
   8      32 sdc 1829985 12937 270825892 12948036 25790546 618592775 11417062400 2272992748 135 46192312 2287265348
======================
   8      32 sdc 1829985 12937 270825892 12948036 25791200 618592775 11417397248 2273136880 153 46193316 2287408784
======================
   8      32 sdc 1829985 12937 270825892 12948036 25791865 618592775 11417737728 2273279636 139 46194320 2287551484
======================
   8      32 sdc 1829985 12937 270825892 12948036 25792514 618592775 11418070016 2273422756 130 46195324 2287694812
======================
   8      32 sdc 1829985 12937 270825892 12948036 25793155 618592775 11418398208 2273565924 129 46196324 2287837756
======================
   8      32 sdc 1829985 12937 270825892 12948036 25793826 618592775 11418741760 2273709840 130 46197328 2287981228
======================
   8      32 sdc 1829985 12937 270825892 12948036 25794494 618592775 11419083776 2273852324 134 46198332 2288124872
======================
   8      32 sdc 1829985 12937 270825892 12948036 25795119 618592775 11419403776 2273995796 149 46199336 2288268380
======================
   8      32 sdc 1829986 12937 270825900 12948484 25795585 618592775 11419642368 2274099048 131 46200340 2288367168
======================
   8      32 sdc 1829986 12937 270825900 12948484 25796261 618592775 11419988480 2274238764 143 46201340 2288510032
======================
   8      32 sdc 1829986 12937 270825900 12948484 25796935 618592775 11420333568 2274381796 157 46202344 2288653748
======================
   8      32 sdc 1829986 12937 270825900 12948484 25797612 618592775 11420680192 2274525356 152 46203348 2288797384
======================
   8      32 sdc 1829986 12937 270825900 12948484 25798235 618592775 11420999680 2274667720 137 46204352 2288941072
======================
   8      32 sdc 1829986 12937 270825900 12948484 25798890 618592775 11421334528 2274816172 154 46205356 2289088116
======================
   8      32 sdc 1829986 12937 270825900 12948484 25799560 618592775 11421677568 2274959452 156 46206360 2289231588
======================
   8      32 sdc 1829986 12937 270825900 12948484 25800202 618592775 11422006272 2275101924 154 46207360 2289374588
======================
   8      32 sdc 1829986 12937 270825900 12948484 25800850 618592775 11422338048 2275246612 146 46208364 2289518516
======================
   8      32 sdc 1829986 12937 270825900 12948484 25801513 618592775 11422677504 2275390064 155 46209368 2289662140
======================
   8      32 sdc 1829986 12937 270825900 12948484 25802171 618592775 11423014400 2275533344 137 46210372 2289805720
======================
   8      32 sdc 1829986 12937 270825900 12948484 25802813 618592775 11423343104 2275677028 135 46211376 2289949352
======================
   8      32 sdc 1829986 12937 270825900 12948484 25803192 618592775 11423537152 2275761720 21 46212380 2290031220
======================
   8      32 sdc 1829986 12937 270825900 12948484 25803192 618592775 11423537152 2275761720 21 46213384 2290052304
======================
   8      32 sdc 1829987 12937 270825908 12950140 25804718 618592775 11424318464 2275913088 146 46214388 2290186820
======================
   8      32 sdc 1829987 12937 270825908 12950140 25805383 618592775 11424658944 2276057368 153 46215392 2290330020
======================
   8      32 sdc 1829987 12937 270825908 12950140 25806015 618592775 11424982528 2276199436 129 46216396 2290473436
======================
   8      32 sdc 1829987 12937 270825908 12950140 25806688 618592775 11425327104 2276343456 128 46217400 2290616952
======================
   8      32 sdc 1829987 12937 270825908 12950140 25807353 618592775 11425667584 2276485408 135 46218404 2290760036
======================
   8      32 sdc 1829987 12937 270825908 12950140 25807977 618592775 11425987072 2276628812 151 46219408 2290903284
======================
   8      32 sdc 1829987 12937 270825908 12950140 25808621 618592775 11426316800 2276773028 147 46220408 2291046280
======================
   8      32 sdc 1829987 12937 270825908 12950140 25809291 618592775 11426659840 2276917660 149 46221412 2291205740
======================
   8      32 sdc 1829987 12937 270825908 12950140 25809966 618592775 11427005440 2277060640 146 46222416 2291349164
======================
   8      32 sdc 1829987 12937 270825908 12950140 25810640 618592775 11427350528 2277203656 144 46223420 2291492732
======================
   8      32 sdc 1829988 12937 270825916 12950352 25811244 618592775 11427659776 2277332056 135 46224424 2291621680
======================
   8      32 sdc 1829988 12937 270825916 12950352 25811876 618592775 11427983360 2277476128 143 46225424 2291764324
======================
   8      32 sdc 1829988 12937 270825916 12950352 25812553 618592775 11428329984 2277619512 138 46226428 2291907588
======================
   8      32 sdc 1829988 12937 270825916 12950352 25813206 618592775 11428664320 2277761688 157 46227432 2292050872
======================
   8      32 sdc 1829988 12937 270825916 12950352 25813843 618592775 11428990464 2277905812 128 46228436 2292194168
======================
   8      32 sdc 1829988 12937 270825916 12950352 25814508 618592775 11429330944 2278048888 135 46229440 2292337396
======================
   8      32 sdc 1829988 12937 270825916 12950352 25815157 618592775 11429663232 2278191464 158 46230444 2292480560
======================
   8      32 sdc 1829988 12937 270825916 12950352 25815799 618592775 11429991936 2278335804 156 46231448 2292625020
======================
   8      32 sdc 1829988 12937 270825916 12950352 25816439 618592775 11430319616 2278478736 156 46232452 2292768432
======================
   8      32 sdc 1829988 12937 270825916 12950352 25817084 618592775 11430649856 2278622600 151 46233452 2292911252
======================
   8      32 sdc 1829988 12937 270825916 12950352 25817749 618592775 11430990336 2278766344 158 46234456 2293054456
======================
   8      32 sdc 1829988 12937 270825916 12950352 25818407 618592775 11431327232 2278908796 140 46235460 2293197892
======================
   8      32 sdc 1829989 12937 270825924 12950792 25818889 618592775 11431574016 2279014464 139 46236464 2293304096
======================
   8      32 sdc 1829989 12937 270825924 12950792 25819538 618592775 11431906304 2279161876 130 46237468 2293449776
======================
   8      32 sdc 1829989 12937 270825924 12950792 25820216 618592775 11432253440 2279304420 156 46238472 2293593148
======================
   8      32 sdc 1829989 12937 270825924 12950792 25820864 618592775 11432585216 2279446568 148 46239476 2293736752
======================
   8      32 sdc 1829989 12937 270825924 12950792 25821498 618592775 11432909824 2279592112 154 46240480 2293881128
======================
   8      32 sdc 1829989 12937 270825924 12950792 25822175 618592775 11433256448 2279735668 149 46241484 2294024728
======================
   8      32 sdc 1829989 12937 270825924 12950792 25822842 618592775 11433597952 2279878676 154 46242488 2294168392
======================
   8      32 sdc 1829989 12937 270825924 12950792 25823509 618592775 11433939456 2280022060 151 46243488 2294311436
======================
   8      32 sdc 1829989 12937 270825924 12950792 25824132 618592775 11434258432 2280164188 144 46244492 2294454500
======================
   8      32 sdc 1829989 12937 270825924 12950792 25824770 618592775 11434585088 2280309440 146 46245496 2294598608
======================
   8      32 sdc 1829989 12937 270825924 12950792 25825446 618592775 11434931200 2280453060 142 46246500 2294742300
======================
   8      32 sdc 1829989 12937 270825924 12950792 25826100 618592775 11435266048 2280595428 128 46247504 2294885740
======================
   8      32 sdc 1829990 12937 270825932 12951240 25826580 618592775 11435511808 2280699496 131 46248508 2294989752
======================
   8      32 sdc 1829990 12937 270825932 12951240 25827229 618592775 11435844096 2280843816 154 46249508 2295132812
======================
   8      32 sdc 1829990 12937 270825932 12951240 25827888 618592775 11436181504 2280986368 135 46250512 2295275680
======================
   8      32 sdc 1829990 12937 270825932 12951240 25828536 618592775 11436513280 2281129416 132 46251516 2295419060
======================
   8      32 sdc 1829990 12937 270825932 12951240 25829158 618592775 11436831744 2281271812 145 46252520 2295562732
======================
   8      32 sdc 1829990 12937 270825932 12951240 25829803 618592775 11437161984 2281416244 140 46253524 2295706508
======================
   8      32 sdc 1829990 12937 270825932 12951240 25830465 618592775 11437500928 2281560208 150 46254528 2295849940
======================
   8      32 sdc 1829990 12937 270825932 12951240 25831126 618592775 11437839360 2281705332 129 46255528 2295994876
======================
   8      32 sdc 1829990 12937 270825932 12951240 25831768 618592775 11438168064 2281849012 140 46256532 2296138724
======================
   8      32 sdc 1829990 12937 270825932 12951240 25832405 618592775 11438494208 2281992960 130 46257536 2296281976
======================
   8      32 sdc 1829990 12937 270825932 12951240 25833083 618592775 11438841344 2282136312 156 46258540 2296425408
======================
   8      32 sdc 1829990 12937 270825932 12951240 25833725 618592775 11439170048 2282279080 154 46259544 2296569540
======================
   8      32 sdc 1829990 12937 270825932 12951240 25833868 618592775 11439243264 2282311904 33 46260548 2296618168
======================
   8      32 sdc 1829991 12937 270825940 12953088 25834579 618592775 11439607808 2282385732 137 46261552 2296663132
======================
   8      32 sdc 1829991 12937 270825940 12953088 25835526 618592775 11440092160 2282514772 133 46262556 2296806264
======================
   8      32 sdc 1829991 12937 270825940 12953088 25836205 618592775 11440439808 2282658324 149 46263560 2296949160
======================
   8      32 sdc 1829991 12937 270825940 12953088 25836833 618592775 11440761344 2282800360 138 46264564 2297092728
======================
   8      32 sdc 1829991 12937 270825940 12953088 25837470 618592775 11441087488 2282944560 141 46265568 2297235712
======================
   8      32 sdc 1829991 12937 270825940 12953088 25838143 618592775 11441432064 2283087104 140 46266572 2297378864
======================
   8      32 sdc 1829991 12937 270825940 12953088 25838794 618592775 11441765376 2283230272 129 46267576 2297522228
======================
   8      32 sdc 1829991 12937 270825940 12953088 25839436 618592775 11442094080 2283373576 128 46268576 2297664940
======================
   8      32 sdc 1829991 12937 270825940 12953088 25840099 618592775 11442433536 2283516896 136 46269580 2297808084
======================
   8      32 sdc 1829991 12937 270825940 12953088 25840755 618592775 11442769408 2283659256 152 46270584 2297951200
======================
   8      32 sdc 1829991 12937 270825940 12953088 25841397 618592775 11443098112 2283802652 150 46271588 2298094600
======================
   8      32 sdc 1829992 12937 270825948 12953304 25842009 618592775 11443411456 2283929084 131 46272592 2298221376
======================
   8      32 sdc 1829992 12937 270825948 12953304 25842651 618592775 11443740160 2284071952 129 46273596 2298364228
======================
   8      32 sdc 1829992 12937 270825948 12953304 25843310 618592775 11444077568 2284215944 142 46274600 2298507852
======================
   8      32 sdc 1829992 12937 270825948 12953304 25843974 618592775 11444417536 2284359380 150 46275600 2298650984
======================
   8      32 sdc 1829992 12937 270825948 12953304 25844607 618592775 11444741632 2284502688 157 46276604 2298794392
======================
   8      32 sdc 1829992 12937 270825948 12953304 25845278 618592775 11445085184 2284646392 158 46277608 2298938156
======================
   8      32 sdc 1829992 12937 270825948 12953304 25845944 618592775 11445426176 2284790192 132 46278612 2299081484
======================
   8      32 sdc 1829992 12937 270825948 12953304 25846568 618592775 11445745664 2284932384 148 46279616 2299225212
======================
   8      32 sdc 1829992 12937 270825948 12953304 25847213 618592775 11446075904 2285077212 143 46280620 2299368800
======================
   8      32 sdc 1829992 12937 270825948 12953304 25847889 618592775 11446422016 2285220636 139 46281624 2299512328
======================
   8      32 sdc 1829992 12937 270825948 12953304 25848563 618592775 11446767104 2285363868 137 46282624 2299655348
======================
   8      32 sdc 1829993 12937 270825956 12953520 25849217 618592775 11447101952 2285503388 154 46283628 2299783708
======================
   8      32 sdc 1829993 12937 270825956 12953520 25849836 618592775 11447418880 2285634140 143 46284632 2299926924
======================
   8      32 sdc 1829993 12937 270825956 12953520 25850468 618592775 11447742464 2285778348 151 46285640 2300070568
======================
   8      32 sdc 1829993 12937 270825956 12953520 25851139 618592775 11448086016 2285921216 152 46286644 2300213220
======================
   8      32 sdc 1829993 12937 270825956 12953520 25851782 618592775 11448415232 2286061508 149 46287648 2300356356
======================
   8      32 sdc 1829993 12937 270825956 12953520 25852435 618592775 11448749568 2286206404 136 46288652 2300498880
======================
   8      32 sdc 1829993 12937 270825956 12953520 25853100 618592775 11449090048 2286349660 143 46289652 2300641512
======================
   8      32 sdc 1829993 12937 270825956 12953520 25853750 618592775 11449422848 2286492152 133 46290656 2300784500
======================
   8      32 sdc 1829993 12937 270825956 12953520 25854391 618592775 11449751040 2286635060 132 46291660 2300927772
======================
   8      32 sdc 1829993 12937 270825956 12953520 25855033 618592775 11450079744 2286778372 130 46292664 2301071048
======================
   8      32 sdc 1829993 12937 270825956 12953520 25855676 618592775 11450408960 2286921172 144 46293668 2301213540
======================
   8      32 sdc 1829993 12937 270825956 12953520 25856341 618592775 11450749440 2287064416 134 46294672 2301356724
======================
   8      32 sdc 1829994 12937 270825964 12953756 25856972 618592775 11451072512 2287193136 143 46295676 2301483636
======================
   8      32 sdc 1829994 12937 270825964 12953756 25857611 618592775 11451399680 2287332792 144 46296676 2301626372
======================
   8      32 sdc 1829994 12937 270825964 12953756 25858272 618592775 11451738112 2287477744 155 46297680 2301769560
======================
   8      32 sdc 1829994 12937 270825964 12953756 25858948 618592775 11452084224 2287620756 151 46298684 2301912668
======================
   8      32 sdc 1829994 12937 270825964 12953756 25859572 618592775 11452403712 2287762616 135 46299692 2302056392
======================
   8      32 sdc 1829994 12937 270825964 12953756 25860247 618592775 11452749312 2287911640 132 46300724 2302203620
======================
   8      32 sdc 1829994 12937 270825964 12953756 25860923 618592775 11453095424 2288054884 128 46301728 2302346792
======================
   8      32 sdc 1829994 12937 270825964 12953756 25861598 618592775 11453441024 2288197724 157 46302732 2302490100
======================
   8      32 sdc 1829994 12937 270825964 12953756 25862255 618592775 11453777408 2288339472 140 46303732 2302632700
======================
   8      32 sdc 1829994 12937 270825964 12953756 25862879 618592775 11454096896 2288483516 156 46304736 2302776672
======================
   8      32 sdc 1829994 12937 270825964 12953756 25863530 618592775 11454430208 2288627824 145 46305740 2302920060
======================
   8      32 sdc 1829994 12937 270825964 12953756 25864200 618592775 11454773248 2288770836 147 46306744 2303063080
======================
   8      32 sdc 1829995 12937 270825972 12953988 25864822 618592775 11455091712 2288896488 132 46307748 2303189860
======================
   8      32 sdc 1829995 12937 270825972 12953988 25865463 618592775 11455419904 2289039608 131 46308752 2303333040
======================
   8      32 sdc 1829995 12937 270825972 12953988 25866122 618592775 11455757312 2289183676 144 46309752 2303476180
======================
   8      32 sdc 1829995 12937 270825972 12953988 25866771 618592775 11456089600 2289326408 135 46310756 2303619576
======================
   8      32 sdc 1829995 12937 270825972 12953988 25867397 618592775 11456410112 2289469596 149 46311760 2303762660
======================
   8      32 sdc 1829995 12937 270825972 12953988 25868039 618592775 11456738816 2289612728 147 46312764 2303906084
======================
   8      32 sdc 1829995 12937 270825972 12953988 25868694 618592775 11457074176 2289756456 132 46313768 2304049224
======================
   8      32 sdc 1829995 12937 270825972 12953988 25869358 618592775 11457414144 2289899072 141 46314772 2304192380
======================
   8      32 sdc 1829995 12937 270825972 12953988 25870000 618592775 11457742848 2290042204 138 46315776 2304335640
======================
   8      32 sdc 1829995 12937 270825972 12953988 25870651 618592775 11458076160 2290186380 145 46316780 2304478800
======================
   8      32 sdc 1829995 12937 270825972 12953988 25871328 618592775 11458422784 2290329840 154 46317784 2304622324
======================
   8      32 sdc 1829995 12937 270825972 12953988 25871974 618592775 11458753536 2290471688 148 46318784 2304765212
======================
   8      32 sdc 1829996 12937 270825980 12954276 25872577 618592775 11459062272 2290594460 131 46319788 2304888312
======================
   8      32 sdc 1829996 12937 270825980 12954276 25873231 618592775 11459397120 2290739136 149 46320792 2305031792
======================
   8      32 sdc 1829996 12937 270825980 12954276 25873902 618592775 11459740672 2290882528 150 46321796 2305175308
======================
   8      32 sdc 1829996 12937 270825980 12954276 25874578 618592775 11460086784 2291026152 146 46322800 2305318616
======================
   8      32 sdc 1829996 12937 270825980 12954276 25875077 618592775 11460342272 2291168032 159 46323804 2305462016
======================
   8      32 sdc 1829996 12937 270825980 12954276 25875703 618592775 11460662784 2291311788 141 46324808 2305605860
======================
   8      32 sdc 1829996 12937 270825980 12954276 25876379 618592775 11461008896 2291456152 137 46325808 2305748772
======================
   8      32 sdc 1829996 12937 270825980 12954276 25877043 618592775 11461349376 2291598384 145 46326812 2305891900
======================
   8      32 sdc 1829996 12937 270825980 12954276 25877686 618592775 11461678080 2291742000 142 46327816 2306035552
======================
   8      32 sdc 1829996 12937 270825980 12954276 25878334 618592775 11462009856 2291884676 134 46328820 2306178548
======================
   8      32 sdc 1829996 12937 270825980 12954276 25878995 618592775 11462348288 2292028040 145 46329824 2306322128
======================
   8      32 sdc 1829996 12937 270825980 12954276 25879641 618592775 11462679040 2292172008 139 46330828 2306465740
======================
   8      32 sdc 1829997 12937 270825988 12954504 25880261 618592775 11462996480 2292297368 128 46331832 2306591272
======================
   8      32 sdc 1829997 12937 270825988 12954504 25880903 618592775 11463325184 2292440940 158 46332836 2306734940
======================
   8      32 sdc 1829997 12937 270825988 12954504 25881548 618592775 11463655424 2292584860 153 46333836 2306877972
======================
   8      32 sdc 1829997 12937 270825988 12954504 25882213 618592775 11463995904 2292724152 128 46334840 2307017440
======================
   8      32 sdc 1829997 12937 270825988 12954504 25882848 618592775 11464321024 2292867160 133 46335844 2307161300
======================
   8      32 sdc 1829997 12937 270825988 12954504 25883501 618592775 11464655360 2293011352 152 46336848 2307304688
======================
   8      32 sdc 1829997 12937 270825988 12954504 25884172 618592775 11464998912 2293155084 153 46337852 2307448440
======================
   8      32 sdc 1829997 12937 270825988 12954504 25884811 618592775 11465326080 2293297220 154 46338856 2307591856
======================
   8      32 sdc 1829997 12937 270825988 12954504 25885435 618592775 11465645568 2293440052 138 46339860 2307735036
======================
   8      32 sdc 1829997 12937 270825988 12954504 25886098 618592775 11465985024 2293584924 147 46340864 2307878516
======================
   8      32 sdc 1829997 12937 270825988 12954504 25886774 618592775 11466331136 2293728304 143 46341868 2308022120
======================
   8      32 sdc 1829997 12937 270825988 12954504 25887451 618592775 11466677760 2293871952 138 46342872 2308165652
======================
   8      32 sdc 1829998 12937 270825996 12954736 25888075 618592775 11466997248 2293995420 154 46343876 2308290492
======================
   8      32 sdc 1829998 12937 270825996 12954736 25888700 618592775 11467317248 2294138912 137 46344880 2308433980
======================
   8      32 sdc 1829998 12937 270825996 12954736 25889350 618592775 11467650048 2294283692 142 46345884 2308577300
======================
   8      32 sdc 1829998 12937 270825996 12954736 25890027 618592775 11467996672 2294419240 240 46346888 2308741460
======================
   8      32 sdc 1829998 12937 270825996 12954736 25890660 618592775 11468320768 2294570792 215 46347892 2308974836
======================
   8      32 sdc 1829998 12937 270825996 12954736 25891319 618592775 11468658176 2294728768 228 46348896 2309199152
======================
   8      32 sdc 1829998 12937 270825996 12954736 25891984 618592775 11468998656 2294891860 203 46349900 2309416232
======================
   8      32 sdc 1829998 12937 270825996 12954736 25892615 618592775 11469321728 2295064792 212 46350904 2309625324
======================
   8      32 sdc 1829998 12937 270825996 12954736 25893257 618592775 11469650432 2295260720 195 46351912 2309825740
======================
   8      32 sdc 1829998 12937 270825996 12954736 25893899 618592775 11469979136 2295443524 176 46352912 2310015020
======================
   8      32 sdc 1829998 12937 270825996 12954736 25894552 618592775 11470313472 2295648112 163 46353916 2310197460
======================
   8      32 sdc 1829998 12937 270825996 12954736 25895217 618592775 11470653952 2295838232 92 46354920 2310368132
======================
   8      32 sdc 1829999 12937 270826004 12955204 25895716 618592775 11470909440 2296034808 173 46355924 2310488280
======================
   8      32 sdc 1829999 12937 270826004 12955204 25896358 618592775 11471238144 2296256428 139 46356928 2310644656
======================
   8      32 sdc 1829999 12937 270826004 12955204 25897018 618592775 11471576064 2296475720 151 46357932 2310793456
======================
   8      32 sdc 1829999 12937 270826004 12955204 25897689 618592775 11471919616 2296641044 152 46358936 2310935968
======================
   8      32 sdc 1829999 12937 270826004 12955204 25898300 618592775 11472232448 2296782960 149 46359940 2311079448
======================
   8      32 sdc 1829999 12937 270826004 12955204 25898972 618592775 11472576512 2296927924 149 46360944 2311222980
======================
   8      32 sdc 1829999 12937 270826004 12955204 25899648 618592775 11472922624 2297071208 145 46361948 2311366104
======================
   8      32 sdc 1829999 12937 270826004 12955204 25900324 618592775 11473268736 2297214432 141 46362948 2311509272
======================
   8      32 sdc 1829999 12937 270826004 12955204 25900970 618592775 11473599488 2297356832 135 46363952 2311652876
======================
   8      32 sdc 1829999 12937 270826004 12955204 25901594 618592775 11473918976 2297500396 151 46364956 2311796592
======================
   8      32 sdc 1829999 12937 270826004 12955204 25902251 618592775 11474255360 2297645824 134 46365960 2311941032
======================
   8      32 sdc 1829999 12937 270826004 12955204 25902927 618592775 11474601472 2297789824 62 46366964 2312079716
======================
   8      32 sdc 1830000 12937 270826012 12955484 25903548 618593246 11474918656 2297909592 156 46367968 2312205548
======================
   8      32 sdc 1830000 12937 270826012 12955484 25904195 618593246 11475249920 2298053620 149 46368972 2312349204
======================
   8      32 sdc 1830000 12937 270826012 12955484 25904859 618593246 11475589888 2298197288 157 46369976 2312492708
======================
   8      32 sdc 1830000 12937 270826012 12955484 25905498 618593246 11475917056 2298339300 158 46370980 2312636100
======================
   8      32 sdc 1830000 12937 270826012 12955484 25906135 618593246 11476243200 2298482996 129 46371984 2312779272
======================
   8      32 sdc 1830000 12937 270826012 12955484 25906778 618593246 11476572416 2298627360 158 46372988 2312923236
======================
   8      32 sdc 1830000 12937 270826012 12955484 25907432 618593246 11476907264 2298771084 144 46373992 2313066980
======================
   8      32 sdc 1830000 12937 270826012 12955484 25908080 618593246 11477239040 2298914244 136 46374996 2313210592
======================
   8      32 sdc 1830000 12937 270826012 12955484 25908722 618593246 11477567744 2299057696 134 46376000 2313353788
======================
   8      32 sdc 1830000 12937 270826012 12955484 25909381 618593246 11477905152 2299202008 147 46377004 2313497560
======================
   8      32 sdc 1830000 12937 270826012 12955484 25910057 618593246 11478251264 2299345404 143 46378004 2313640496
======================
   8      32 sdc 1830000 12937 270826012 12955484 25910678 618593246 11478568712 2299484372 1 46379008 2313764628
======================
   8      32 sdc 1830001 12937 270826020 12956012 25911101 618593729 11478781944 2299557080 47 46380008 2313852716
======================
   8      32 sdc 1830001 12937 270826020 12956012 25911149 618593729 11478785992 2299575216 0 46380072 2313855724
======================
   8      32 sdc 1830001 12937 270826020 12956012 25911149 618593729 11478785992 2299575216 0 46380072 2313855724
======================
   8      32 sdc 1830001 12937 270826020 12956012 25911149 618593729 11478785992 2299575216 0 46380072 2313855724
======================
   8      32 sdc 1830001 12937 270826020 12956012 25911149 618593729 11478785992 2299575216 0 46380072 2313855724
======================
   8      32 sdc 1830001 12937 270826020 12956012 25911149 618593729 11478785992 2299575216 0 46380072 2313855724
======================
   8      32 sdc 1830242 12937 270827942 12968496 25911164 618593729 11478786048 2299575216 0 46380684 2313868208
started
======================
   8      32 sdc 1830242 12937 270827942 12968496 25911164 618593729 11478786048 2299575216 0 46380684 2313868208
======================
   8      32 sdc 1830247 12937 270827982 12968496 25911164 618593729 11478786048 2299575216 0 46380684 2313868208
======================
   8      32 sdc 1830247 12937 270827982 12968496 25911164 618593729 11478786048 2299575216 0 46380684 2313868208
======================
   8      32 sdc 1830247 12937 270827982 12968496 25911164 618593729 11478786048 2299575216 0 46380684 2313868208
======================
   8      32 sdc 1830247 12937 270827982 12968496 25911164 618593729 11478786048 2299575216 0 46380684 2313868208
======================
   8      32 sdc 1830247 12937 270827982 12968496 25911164 618593729 11478786048 2299575216 0 46380684 2313868208
======================
   8      32 sdc 1830247 12937 270827982 12968496 25911167 618593731 11478786088 2299575216 0 46380684 2313868208
======================
   8      32 sdc 1830247 12937 270827982 12968496 25913147 618593731 11479318064 2299578296 3 46380772 2313871272
======================
   8      32 sdc 1830247 12937 270827982 12968496 25915957 618593731 11480082992 2299595656 145 46381260 2313928476
======================
   8      32 sdc 1830247 12937 270827982 12968496 25916218 618593731 11480153904 2299737000 140 46382264 2314072400
======================
   8      32 sdc 1830247 12937 270827982 12968496 25916447 618593731 11480216880 2299893460 135 46383268 2314217216
======================
   8      32 sdc 1830247 12937 270827982 12968496 25916667 618593732 11480277040 2300021756 140 46384272 2314363780
======================
   8      32 sdc 1830247 12937 270827982 12968496 25916960 618593732 11480357448 2300182528 136 46385276 2314508200
======================
   8      32 sdc 1830247 12937 270827982 12968496 25917217 618593732 11480427848 2300321012 135 46386280 2314652920
======================
   8      32 sdc 1830247 12937 270827982 12968496 25917514 618593732 11480510792 2300470560 158 46387284 2314796996
======================
   8      32 sdc 1830247 12937 270827982 12968496 25917799 618593732 11480590152 2300613912 129 46388284 2314940432
======================
   8      32 sdc 1830247 12937 270827982 12968496 25918033 618593733 11480655712 2300763632 153 46389288 2315084104
======================
   8      32 sdc 1830247 12937 270827982 12968496 25918320 618593733 11480738656 2300902464 154 46390292 2315227876
======================
   8      32 sdc 1830247 12937 270827982 12968496 25918577 618593733 11480811104 2301036368 153 46391296 2315372264
======================
   8      32 sdc 1830247 12937 270827982 12968496 25918863 618593733 11480892512 2301186236 155 46392312 2315517364
======================
   8      32 sdc 1830247 12937 270827982 12968496 25919066 618593733 11480950112 2301329108 144 46393316 2315662216
======================
   8      32 sdc 1830247 12937 270827982 12968496 25919346 618593734 11481030008 2301477528 154 46394316 2315806564
======================
   8      32 sdc 1830247 12937 270827982 12968496 25919614 618593734 11481105528 2301623416 142 46395320 2315950868
======================
   8      32 sdc 1830247 12937 270827982 12968496 25919915 618593734 11481191288 2301768396 129 46396324 2316094480
======================
   8      32 sdc 1830247 12937 270827982 12968496 25920136 618593734 11481254520 2301892936 132 46397328 2316240376
======================
   8      32 sdc 1830247 12937 270827982 12968496 25920318 618593735 11481304952 2302027332 142 46398332 2316383284
======================
   8      32 sdc 1830247 12937 270827982 12968496 25920538 618593737 11481366416 2302188392 148 46399336 2316527420
======================
   8      32 sdc 1830247 12937 270827982 12968496 25920725 618593737 11481419920 2302302860 153 46400340 2316671332
======================
   8      32 sdc 1830247 12937 270827982 12968496 25920954 618593737 11481484688 2302483564 148 46401344 2316815340
======================
   8      32 sdc 1830247 12937 270827982 12968496 25921184 618593737 11481551504 2302651088 142 46402344 2316962724
======================
   8      32 sdc 1830247 12937 270827982 12968496 25921348 618593737 11481598608 2302756140 138 46403348 2317106556
======================
   8      32 sdc 1830247 12937 270827982 12968496 25921604 618593739 11481670312 2302922748 140 46404352 2317250972
======================
   8      32 sdc 1830247 12937 270827982 12968496 25921832 618593739 11481736616 2303025804 136 46405356 2317393500
======================
   8      32 sdc 1830247 12937 270827982 12968496 25922124 618593739 11481821352 2303211908 132 46406360 2317535420
======================
   8      32 sdc 1830247 12937 270827982 12968496 25922331 618593739 11481880488 2303335740 149 46407364 2317678052
======================
   8      32 sdc 1830247 12937 270827982 12968496 25922603 618593739 11481958056 2303498612 136 46408368 2317824068
======================
   8      32 sdc 1830247 12937 270827982 12968496 25922812 618593740 11482014144 2303621160 153 46409368 2317968600
======================
   8      32 sdc 1830247 12937 270827982 12968496 25923079 618593741 11482091456 2303782948 142 46410372 2318114188
======================
   8      32 sdc 1830247 12937 270827982 12968496 25923224 618593741 11482134208 2303913580 157 46411376 2318258180
======================
   8      32 sdc 1830247 12937 270827982 12968496 25923475 618593741 11482206656 2304076200 130 46412380 2318401736
======================
   8      32 sdc 1830247 12937 270827982 12968496 25923714 618593741 11482274752 2304213864 147 46413384 2318545604
======================
   8      32 sdc 1830247 12937 270827982 12968496 25923932 618593742 11482338776 2304340708 155 46414388 2318688988
======================
   8      32 sdc 1830247 12937 270827982 12968496 25924137 618593742 11482397656 2304484964 142 46415392 2318833044
======================
   8      32 sdc 1830247 12937 270827982 12968496 25924309 618593742 11482446296 2304639752 130 46416396 2318977420
======================
   8      32 sdc 1830247 12937 270827982 12968496 25924505 618593742 11482502616 2304759976 158 46417400 2319120392
======================
   8      32 sdc 1830247 12937 270827982 12968496 25924687 618593742 11482554072 2304936620 136 46418400 2319265136
======================
   8      32 sdc 1830247 12937 270827982 12968496 25924944 618593743 11482625520 2305069292 137 46419404 2319408008
======================
   8      32 sdc 1830247 12937 270827982 12968496 25925144 618593744 11482683376 2305211512 138 46420408 2319547620
======================
   8      32 sdc 1830247 12937 270827982 12968496 25925350 618593744 11482744048 2305341636 156 46421412 2319692464
======================
   8      32 sdc 1830247 12937 270827982 12968496 25925475 618593744 11482780912 2305465944 159 46422416 2319840452
======================
   8      32 sdc 1830247 12937 270827982 12968496 25925710 618593744 11482845936 2305661540 148 46423420 2319988320
======================
   8      32 sdc 1830247 12937 270827982 12968496 25925965 618593746 11482918664 2305798700 151 46424420 2320131956
======================
   8      32 sdc 1830247 12937 270827982 12968496 25926186 618593747 11482982920 2305929020 154 46425424 2320276240
======================
   8      32 sdc 1830247 12937 270827982 12968496 25926299 618593748 11483015432 2306040168 137 46426428 2320420824
======================
   8      32 sdc 1830247 12937 270827982 12968496 25926557 618593748 11483090696 2306233776 135 46427432 2320564392
======================
   8      32 sdc 1830247 12937 270827982 12968496 25926801 618593749 11483160328 2306364496 147 46428436 2320708532
======================
   8      32 sdc 1830247 12937 270827982 12968496 25927006 618593750 11483218720 2306513136 136 46429440 2320851772
======================
   8      32 sdc 1830247 12937 270827982 12968496 25927224 618593750 11483281440 2306641812 142 46430440 2320994984
======================
   8      32 sdc 1830247 12937 270827982 12968496 25927473 618593751 11483353888 2306806584 149 46431444 2321138336
======================
   8      32 sdc 1830247 12937 270827982 12968496 25927718 618593752 11483422752 2306951288 128 46432456 2321282916
======================
   8      32 sdc 1830247 12937 270827982 12968496 25927921 618593752 11483482656 2307063672 149 46433460 2321427856
======================
   8      32 sdc 1830247 12937 270827982 12968496 25928138 618593753 11483544888 2307232856 158 46434460 2321571976
======================
   8      32 sdc 1830247 12937 270827982 12968496 25928256 618593753 11483579448 2307332660 136 46435464 2321716796
