======================
   8      16 sdb 22754782 368933 2269513978 52658704 43405572 355301725 12399651768 1781221464 133 15549868 1833842848
======================
   8      16 sdb 22754782 368933 2269513978 52658704 43406516 355301725 12400134744 1781330132 149 15550872 1833982584
======================
   8      16 sdb 22754782 368933 2269513978 52658704 43408191 355301768 12400990880 1781502636 129 15551876 1834124584
======================
   8      16 sdb 22754782 368933 2269513978 52658704 43410396 355301768 12402117920 1781643588 133 15552880 1834266208
======================
   8      16 sdb 22754782 368933 2269513978 52658704 43413063 355301768 12403481856 1781785936 134 15553884 1834406692
======================
   8      16 sdb 22754784 368933 2269513994 52658748 43414094 355301768 12404008448 1781845312 0 15554328 1834461980
======================
   8      16 sdb 22754784 368933 2269513994 52658748 43414094 355301768 12404008448 1781845312 0 15554328 1834461980
======================
   8      16 sdb 22754784 368933 2269513994 52658748 43414094 355301768 12404008448 1781845312 0 15554328 1834461980
======================
   8      16 sdb 22754784 368933 2269513994 52658748 43414098 355301923 12404009720 1781845316 0 15554332 1834461984
======================
   8      16 sdb 22754784 368933 2269513994 52658748 43414098 355301923 12404009720 1781845316 0 15554332 1834461984
======================
   8      16 sdb 22754784 368933 2269513994 52658748 43416474 355301923 12405224232 1781921304 0 15554916 1834537972
======================
   8      16 sdb 22754788 368933 2269514026 52658756 43416565 355302326 12405228176 1781921304 0 15554924 1834537980
started
======================
   8      16 sdb 22754788 368933 2269514026 52658756 43416565 355302326 12405228176 1781921304 0 15554924 1834537980
======================
   8      16 sdb 22754790 368933 2269514042 52658756 43416565 355302326 12405228176 1781921304 0 15554924 1834537980
======================
   8      16 sdb 22754791 368933 2269514050 52658756 43418907 355302357 12406409008 1781973716 137 15555408 1834594432
======================
   8      16 sdb 22754792 368933 2269514058 52658812 43421610 355302357 12407792944 1782111204 140 15556412 1834731716
======================
   8      16 sdb 22754792 368933 2269514058 52658812 43423805 355302357 12408915776 1782251932 153 15557412 1834873312
======================
   8      16 sdb 22754792 368933 2269514058 52658812 43425732 355302357 12409901384 1782394104 146 15558416 1835016112
======================
   8      16 sdb 22754793 368933 2269514066 52658900 43427651 355302387 12410883088 1782536760 148 15559420 1835159060
======================
   8      16 sdb 22754794 368933 2269514074 52658988 43429574 355302387 12411866664 1782672656 132 15560420 1835294500
======================
   8      16 sdb 22754794 368933 2269514074 52658988 43431440 355302387 12412821952 1782815540 154 15561424 1835437772
======================
   8      16 sdb 22754794 368933 2269514074 52658988 43433336 355302387 12413792704 1782957568 146 15562428 1835579908
======================
   8      16 sdb 22754794 368933 2269514074 52658988 43435223 355302387 12414758848 1783100396 147 15563428 1835723844
======================
   8      16 sdb 22754795 368933 2269514082 52659076 43437182 355302411 12415761040 1783232208 140 15564440 1835855572
======================
   8      16 sdb 22754795 368933 2269514082 52659076 43439096 355302411 12416741008 1783375028 146 15565444 1835998532
======================
   8      16 sdb 22754795 368933 2269514082 52659076 43441020 355302411 12417726096 1783517936 142 15566444 1836141020
======================
   8      16 sdb 22754795 368933 2269514082 52659076 43442946 355302411 12418712208 1783660624 136 15567448 1836283832
======================
   8      16 sdb 22754796 368933 2269514090 52659164 43444844 355302411 12419683984 1783796532 147 15568452 1836420056
======================
   8      16 sdb 22754796 368933 2269514090 52659164 43446692 355302438 12420629736 1783931776 149 15569452 1836556392
======================
   8      16 sdb 22754797 368933 2269514098 52659240 43448666 355302438 12421639744 1784068528 133 15570456 1836691836
======================
   8      16 sdb 22754797 368933 2269514098 52659240 43450587 355302438 12422622536 1784211288 132 15571460 1836834820
======================
   8      16 sdb 22754798 368933 2269514106 52659324 43452515 355302438 12423608816 1784346832 146 15572460 1836970040
======================
   8      16 sdb 22754798 368933 2269514106 52659324 43454433 355302438 12424589832 1784488620 148 15573464 1837112184
======================
   8      16 sdb 22754798 368933 2269514106 52659324 43456356 355302475 12425573416 1784624576 138 15574468 1837248100
======================
   8      16 sdb 22754798 368933 2269514106 52659324 43458280 355302475 12426558912 1784764112 136 15575468 1837387380
======================
   8      16 sdb 22754799 368933 2269514114 52659412 43460178 355302475 12427530176 1784899376 147 15576472 1837522948
======================
   8      16 sdb 22754799 368933 2269514114 52659412 43462077 355302475 12428502416 1785041420 136 15577476 1837665272
======================
   8      16 sdb 22754799 368933 2269514114 52659412 43463996 355302475 12429483440 1785183916 137 15578476 1837807264
======================
   8      16 sdb 22754799 368933 2269514114 52659412 43465925 355302514 12430469008 1785320376 132 15579480 1837943848
======================
   8      16 sdb 22754800 368933 2269514122 52659500 43467831 355302514 12431443816 1785456248 136 15580484 1838079680
======================
   8      16 sdb 22754800 368933 2269514122 52659500 43469775 355302514 12432438080 1785597964 144 15581484 1838221368
======================
   8      16 sdb 22754800 368933 2269514122 52659500 43471699 355302514 12433422584 1785740348 140 15582488 1838363944
======================
   8      16 sdb 22754800 368933 2269514122 52659500 43473625 355302593 12434399248 1785878440 139 15583492 1838502112
======================
   8      16 sdb 22754801 368933 2269514130 52659584 43475533 355302631 12435375280 1786013188 149 15584496 1838637060
======================
   8      16 sdb 22754801 368933 2269514130 52659584 43477454 355302631 12436358248 1786155528 148 15585496 1838778952
======================
   8      16 sdb 22754801 368933 2269514130 52659584 43479370 355302631 12437338136 1786295436 152 15586500 1838918656
======================
   8      16 sdb 22754801 368933 2269514130 52659584 43481304 355302631 12438327288 1786437208 138 15587504 1839061024
======================
   8      16 sdb 22754802 368933 2269514138 52659672 43483227 355302631 12439310928 1786573012 129 15588504 1839196536
======================
   8      16 sdb 22754802 368933 2269514138 52659672 43485150 355302682 12440294064 1786708932 129 15589504 1839332492
======================
   8      16 sdb 22754802 368933 2269514138 52659672 43487027 355302682 12441254152 1786851676 140 15590504 1839474968
======================
   8      16 sdb 22754802 368933 2269514138 52659672 43488873 355302682 12442197888 1786991856 150 15591508 1839617864
======================
   8      16 sdb 22754803 368933 2269514146 52659748 43490855 355302682 12443211384 1787129144 133 15592508 1839753036
======================
   8      16 sdb 22754803 368933 2269514146 52659748 43492780 355302682 12444196048 1787271816 128 15593508 1839895308
======================
   8      16 sdb 22754803 368933 2269514146 52659748 43494701 355302728 12445177728 1787407496 156 15594512 1840031152
======================
   8      16 sdb 22754803 368933 2269514146 52659748 43496627 355302728 12446163256 1787549748 150 15595516 1840173624
======================
   8      16 sdb 22754804 368933 2269514154 52659828 43498552 355302728 12447147376 1787685112 153 15596516 1840308652
======================
   8      16 sdb 22754804 368933 2269514154 52659828 43500455 355302728 12448120792 1787824924 139 15597520 1840448720
======================
   8      16 sdb 22754804 368933 2269514154 52659828 43502362 355302728 12449096624 1787966772 152 15598524 1840590708
======================
   8      16 sdb 22754804 368933 2269514154 52659828 43504288 355302776 12450082008 1788103836 154 15599524 1840727428
======================
   8      16 sdb 22754805 368933 2269514162 52659904 43506213 355302776 12451067048 1788239000 134 15600524 1840862772
======================
   8      16 sdb 22754805 368933 2269514162 52659904 43508133 355302776 12452049096 1788381640 134 15601528 1841005608
======================
   8      16 sdb 22754805 368933 2269514162 52659904 43510053 355302776 12453030392 1788517936 149 15602532 1841141924
======================
   8      16 sdb 22754805 368933 2269514162 52659904 43511982 355302776 12454016184 1788660408 140 15603532 1841284016
======================
   8      16 sdb 22754806 368933 2269514170 52659996 43513889 355302822 12454989816 1788794316 139 15604536 1841418236
======================
   8      16 sdb 22754806 368933 2269514170 52659996 43515745 355302822 12455939440 1788937216 139 15605540 1841560660
======================
   8      16 sdb 22754806 368933 2269514170 52659996 43517714 355302822 12456946904 1789079444 154 15606544 1841703500
======================
   8      16 sdb 22754806 368933 2269514170 52659996 43519640 355302822 12457931888 1789222268 148 15607544 1841845996
======================
   8      16 sdb 22754807 368933 2269514178 52660076 43521567 355302822 12458917504 1789357660 147 15608548 1841981676
======================
   8      16 sdb 22754807 368933 2269514178 52660076 43523492 355302867 12459901488 1789494756 136 15609552 1842118916
======================
   8      16 sdb 22754807 368933 2269514178 52660076 43524918 355302867 12460630664 1789600064 150 15610556 1842263456
======================
   8      16 sdb 22754807 368933 2269514178 52660076 43527080 355302867 12461736544 1789763432 132 15611560 1842405392
======================
   8      16 sdb 22754808 368933 2269514186 52660152 43529281 355302992 12462843936 1789912624 149 15612560 1842534404
======================
   8      16 sdb 22754808 368933 2269514186 52660152 43531194 355302992 12463822248 1790052828 155 15613564 1842676844
======================
   8      16 sdb 22754808 368933 2269514186 52660152 43533122 355303039 12464808200 1790190924 135 15614568 1842814656
======================
   8      16 sdb 22754808 368933 2269514186 52660152 43534862 355303039 12465699328 1790340432 57 15615572 1842959224
======================
   8      16 sdb 22754809 368933 2269514194 52660236 43536956 355303039 12466769840 1790469008 152 15616576 1843092408
