======================
   8      16 sdb 28965591 368942 2594504810 62112172 53074121 355331703 14456075128 2061443912 0 18171676 2123611852
======================
   8      16 sdb 28965591 368942 2594504810 62112172 53074121 355331703 14456075128 2061443912 0 18171676 2123611852
======================
   8      16 sdb 28965591 368942 2594504810 62112172 53074121 355331703 14456075128 2061443912 0 18171676 2123611852
======================
   8      16 sdb 28965591 368942 2594504810 62112172 53074123 355331704 14456075152 2061443912 0 18171676 2123611852
======================
   8      16 sdb 28965591 368942 2594504810 62112172 53074123 355331704 14456075152 2061443912 0 18171676 2123611852
======================
   8      16 sdb 28965591 368942 2594504810 62112172 53074123 355331704 14456075152 2061443912 0 18171676 2123611852
======================
   8      16 sdb 28965592 368942 2594504818 62112176 53097430 355331704 14456296336 2061506484 0 18172132 2123674392
======================
   8      16 sdb 28965592 368942 2594504818 62112176 53097430 355331704 14456296336 2061506484 0 18172132 2123674392
======================
   8      16 sdb 28965592 368942 2594504818 62112176 53097430 355331704 14456296336 2061506484 0 18172132 2123674392
======================
   8      16 sdb 28965592 368942 2594504818 62112176 53097430 355331704 14456296336 2061506484 0 18172132 2123674392
======================
   8      16 sdb 28965592 368942 2594504818 62112176 53097430 355331704 14456296336 2061506484 0 18172132 2123674392
======================
   8      16 sdb 28965592 368942 2594504818 62112176 53097432 355331707 14456296376 2061506484 0 18172132 2123674392
======================
   8      16 sdb 28966078 368942 2594508706 62112256 53097432 355331707 14456296376 2061506484 0 18172204 2123674464
======================
   8      16 sdb 28966078 368942 2594508706 62112256 53097432 355331707 14456296376 2061506484 0 18172204 2123674464
======================
   8      16 sdb 28966078 368942 2594508706 62112256 53097432 355331707 14456296376 2061506484 0 18172204 2123674464
======================
   8      16 sdb 28966084 368942 2594508754 62112296 53100462 355331707 14457847232 2061532096 12 18172560 2123701304
======================
   8      16 sdb 28966087 368942 2594508778 62112536 53101597 355331707 14458428352 2061656080 131 18173564 2123833300
======================
   8      16 sdb 28966089 368942 2594508794 62112556 53102700 355332212 14458992592 2061792208 155 18174568 2123976792
======================
   8      16 sdb 28966092 368942 2594508818 62112604 53104040 355332212 14459678672 2061945976 154 18175568 2124119324
======================
   8      16 sdb 28966096 368942 2594508850 62112668 53105940 355332212 14460651472 2062088908 148 18176572 2124262360
======================
   8      16 sdb 28966100 368942 2594508882 62112760 53107840 355332212 14461624272 2062228780 142 18177576 2124402356
======================
   8      16 sdb 28966104 368942 2594508914 62112864 53109761 355332212 14462607824 2062368576 133 18178580 2124542412
======================
   8      16 sdb 28966107 368942 2594508938 62112956 53111649 355332212 14463574480 2062508152 98 18179584 2124681792
======================
   8      16 sdb 28966112 368942 2594508978 62113132 53113601 355332237 14464573096 2062639024 142 18180588 2124813960
======================
   8      16 sdb 28966116 368942 2594509010 62113312 53115556 355332702 14465557112 2062774192 136 18181588 2124948784
======================
   8      16 sdb 28966120 368942 2594509042 62113496 53117479 355332702 14466541688 2062905616 152 18182592 2125080016
======================
   8      16 sdb 28966123 368942 2594509066 62113652 53119382 355332702 14467516024 2063039504 88 18183596 2125213832
======================
   8      16 sdb 28966128 368942 2594509106 62113904 53121035 355332702 14468361856 2063150620 159 18184600 2125341544
======================
   8      16 sdb 28966132 368942 2594509138 62114108 53123188 355332744 14469462512 2063287868 140 18185604 2125463168
======================
   8      16 sdb 28966136 368942 2594509170 62114380 53125111 355332760 14470445704 2063416460 78 18186608 2125587224
======================
   8      16 sdb 28966139 368942 2594509194 62114588 53127037 355332760 14471431816 2063538620 121 18187612 2125714724
======================
   8      16 sdb 28966144 368942 2594509234 62114896 53128959 355332760 14472415880 2063657592 130 18188612 2125834040
======================
   8      16 sdb 28966148 368942 2594509266 62115200 53130823 355332760 14473370248 2063770056 153 18189616 2125950552
======================
   8      16 sdb 28966152 368942 2594509298 62115492 53132808 355332783 14474385744 2063892764 119 18190620 2126065124
======================
   8      16 sdb 28966155 368942 2594509322 62115728 53134715 355332800 14475361256 2064012392 127 18191620 2126189384
======================
   8      16 sdb 28966160 368942 2594509362 62116064 53136614 355332800 14476333544 2064129852 128 18192624 2126307180
======================
   8      16 sdb 28966164 368942 2594509394 62116368 53138534 355332800 14477316584 2064247564 147 18193628 2126424736
======================
   8      16 sdb 28966167 368942 2594509418 62116632 53140435 355332800 14478289896 2064368260 39 18194628 2126543340
======================
   8      16 sdb 28966171 368942 2594509450 62116924 53142383 355332823 14479286448 2064485936 141 18195624 2126664368
======================
   8      16 sdb 28966176 368942 2594509490 62117248 53144311 355332840 14480272712 2064602680 141 18196628 2126781476
======================
   8      16 sdb 28966180 368942 2594509522 62117564 53146236 355332840 14481258312 2064719716 140 18197628 2126898704
======================
   8      16 sdb 28966183 368942 2594509546 62117796 53148142 355332840 14482234184 2064844376 16 18198628 2127019444
======================
   8      16 sdb 28966187 368942 2594509578 62118100 53149979 355332840 14483174728 2064960880 147 18199628 2127144112
======================
   8      16 sdb 28966192 368942 2594509618 62118344 53151971 355332862 14484193800 2065079908 147 18200632 2127259820
======================
   8      16 sdb 28966196 368942 2594509650 62118644 53153896 355332878 14485179032 2065198088 131 18201632 2127377740
======================
   8      16 sdb 28966199 368942 2594509674 62118880 53155820 355332878 14486163608 2065322488 22 18202636 2127498988
======================
   8      16 sdb 28966203 368942 2594509706 62119184 53157742 355332878 14487147672 2065442232 148 18203636 2127622548
======================
   8      16 sdb 28966208 368942 2594509746 62119500 53159670 355332878 14488134808 2065559764 149 18204644 2127741012
======================
   8      16 sdb 28966212 368942 2594509778 62119796 53161591 355332902 14489117544 2065672440 153 18205644 2127853032
======================
   8      16 sdb 28966215 368942 2594509802 62120024 53163497 355332918 14490091528 2065797032 31 18206644 2127975236
======================
   8      16 sdb 28966219 368942 2594509834 62120336 53165400 355332918 14491065864 2065916956 154 18207648 2128098736
======================
   8      16 sdb 28966224 368942 2594509874 62120644 53167325 355332918 14492051464 2066032836 153 18208648 2128214908
======================
   8      16 sdb 28966228 368942 2594509906 62120944 53169246 355332918 14493035016 2066150788 147 18209648 2128332196
======================
   8      16 sdb 28966231 368942 2594509930 62121156 53171173 355332941 14494021320 2066270596 36 18210648 2128450168
======================
   8      16 sdb 28966235 368942 2594509962 62121452 53173082 355332958 14494997352 2066391480 156 18211648 2128573592
======================
   8      16 sdb 28966240 368942 2594510002 62121760 53175023 355332958 14495991144 2066508484 135 18212652 2128691432
======================
   8      16 sdb 28966244 368942 2594510034 62122076 53176921 355332958 14496962920 2066625048 156 18213656 2128806876
======================
   8      16 sdb 28966247 368942 2594510058 62122316 53178827 355332958 14497938792 2066748404 65 18214660 2128930464
======================
   8      16 sdb 28966251 368942 2594510090 62122556 53180755 355332980 14498925096 2066867316 135 18215664 2129051064
======================
   8      16 sdb 28966254 368942 2594510114 62122784 53182200 355332996 14499664936 2066957468 158 18216668 2129180884
======================
   8      16 sdb 28966260 368942 2594510162 62123100 53184599 355332996 14500892344 2067110844 130 18217672 2129293752
======================
   8      16 sdb 28966263 368942 2594510186 62123332 53186526 355332996 14501878968 2067235056 50 18218680 2129417944
======================
   8      16 sdb 28966267 368942 2594510218 62123648 53188449 355332996 14502863544 2067355112 153 18219684 2129540736
======================
   8      16 sdb 28966272 368942 2594510258 62123980 53190352 355333020 14503837064 2067467104 139 18220684 2129652600
======================
   8      16 sdb 28966275 368942 2594510282 62124208 53192206 355333037 14504784936 2067590048 7 18221688 2129771192
======================
   8      16 sdb 28966279 368942 2594510314 62124500 53194179 355333037 14505795112 2067709784 82 18222688 2129894860
======================
   8      16 sdb 28966283 368942 2594510346 62124804 53196106 355333037 14506781736 2067829468 149 18223692 2130015712
======================
   8      16 sdb 28966288 368942 2594510386 62125120 53198034 355333037 14507768872 2067947400 139 18224696 2130133980
======================
   8      16 sdb 28966292 368942 2594510418 62125432 53199961 355333060 14508754672 2068062604 130 18225696 2130247588
======================
   8      16 sdb 28966295 368942 2594510442 62125656 53201817 355333076 14509703560 2068181352 129 18226700 2130373184
======================
   8      16 sdb 28966299 368942 2594510474 62125972 53203808 355333076 14510722952 2068306576 133 18227700 2130494044
======================
   8      16 sdb 28966304 368942 2594510514 62126292 53205714 355333076 14511698824 2068424116 147 18228704 2130612036
======================
   8      16 sdb 28966308 368942 2594510546 62126592 53207636 355333076 14512682888 2068543140 150 18229704 2130728896
======================
   8      16 sdb 28966311 368942 2594510570 62126816 53209563 355333098 14513669184 2068666424 64 18230708 2130853196
======================
   8      16 sdb 28966315 368942 2594510602 62127108 53211492 355333115 14514655456 2068786044 132 18231712 2130974808
======================
   8      16 sdb 28966320 368942 2594510642 62127452 53213412 355333115 14515639008 2068902348 145 18232716 2131091456
======================
   8      16 sdb 28966324 368942 2594510674 62127768 53215339 355333115 14516625120 2069018868 154 18233720 2131206984
======================
   8      16 sdb 28966327 368942 2594510698 62127996 53217242 355333115 14517599456 2069142612 68 18234724 2131330908
======================
   8      16 sdb 28966331 368942 2594510730 62128316 53219146 355333138 14518573480 2069254520 135 18235724 2131444744
======================
   8      16 sdb 28966336 368942 2594510770 62128628 53221070 355333154 14519557184 2069371232 134 18236720 2131561080
======================
   8      16 sdb 28966340 368942 2594510802 62128932 53222993 355333154 14520541760 2069490312 156 18237720 2131677900
======================
   8      16 sdb 28966343 368942 2594510826 62129200 53224919 355333154 14521527872 2069610892 76 18238724 2131800368
======================
   8      16 sdb 28966347 368942 2594510858 62129488 53226841 355333154 14522511936 2069730008 153 18239728 2131921108
======================
   8      16 sdb 28966352 368942 2594510898 62129804 53228768 355333177 14523497736 2069840840 132 18240728 2132032176
======================
   8      16 sdb 28966356 368942 2594510930 62130128 53230667 355333194 14524469152 2069958232 142 18241720 2132147640
======================
   8      16 sdb 28966359 368942 2594510954 62130352 53232566 355333194 14525441440 2070079584 81 18242724 2132270388
======================
   8      16 sdb 28966363 368942 2594510986 62130652 53234489 355333194 14526426016 2070198340 132 18243724 2132390268
======================
   8      16 sdb 28966368 368942 2594511026 62130992 53236410 355333194 14527409568 2070318492 137 18244724 2132510856
======================
   8      16 sdb 28966372 368942 2594511058 62131304 53238331 355333217 14528392296 2070435136 153 18245724 2132625572
======================
   8      16 sdb 28966375 368942 2594511082 62131464 53240250 355333233 14529373440 2070561856 82 18246728 2132751208
======================
   8      16 sdb 28966379 368942 2594511114 62131732 53242175 355333233 14530359040 2070678976 148 18247724 2132871728
======================
   8      16 sdb 28966384 368942 2594511154 62132048 53244086 355333233 14531337472 2070795916 131 18248728 2132989476
======================
   8      16 sdb 28966388 368942 2594511186 62132372 53245967 355333233 14532300544 2070916744 36 18249728 2133105308
======================
   8      16 sdb 28966391 368942 2594511210 62132540 53247916 355333256 14533297608 2071034308 98 18250736 2133228108
======================
   8      16 sdb 28966395 368942 2594511242 62132852 53249846 355333272 14534284384 2071153696 133 18251740 2133348212
======================
   8      16 sdb 28966400 368942 2594511282 62133176 53251771 355333272 14535269984 2071270800 128 18252740 2133465140
======================
   8      16 sdb 28966404 368942 2594511314 62133480 53253690 355333272 14536252512 2071390600 129 18253744 2133582444
======================
   8      16 sdb 28966407 368942 2594511338 62133708 53255606 355333272 14537233504 2071513220 91 18254748 2133707444
======================
   8      16 sdb 28966411 368942 2594511370 62134008 53257515 355333295 14538210088 2071627132 153 18255748 2133822612
======================
   8      16 sdb 28966416 368942 2594511410 62134336 53259416 355333312 14539182528 2071743244 133 18256748 2133938664
======================
   8      16 sdb 28966420 368942 2594511442 62134644 53261332 355333312 14540163520 2071864816 80 18257744 2134055580
======================
   8      16 sdb 28966423 368942 2594511466 62134876 53263259 355333312 14541150656 2071984576 122 18258748 2134180720
======================
   8      16 sdb 28966427 368942 2594511498 62135180 53265132 355333312 14542109120 2072104516 142 18259752 2134300888
======================
   8      16 sdb 28966432 368942 2594511538 62135496 53267108 355333335 14543120008 2072216032 130 18260756 2134412580
======================
   8      16 sdb 28966436 368942 2594511570 62135808 53269032 355333352 14544104224 2072337192 154 18261756 2134529452
======================
   8      16 sdb 28966439 368942 2594511594 62136032 53270935 355333352 14545078560 2072456260 130 18262760 2134654644
======================
   8      16 sdb 28966443 368942 2594511626 62136332 53272856 355333352 14546062112 2072576260 144 18263764 2134773656
======================
   8      16 sdb 28966448 368942 2594511666 62136644 53274714 355333352 14547013408 2072691028 140 18264768 2134890744
======================
   8      16 sdb 28966452 368942 2594511698 62136932 53276690 355333376 14548024304 2072814108 152 18265768 2135008276
======================
   8      16 sdb 28966456 368942 2594511730 62137292 53278621 355333392 14549010584 2072945644 135 18266772 2135144520
======================
   8      16 sdb 28966459 368942 2594511754 62137304 53280543 355333392 14549994648 2073087996 130 18267772 2135286420
======================
   8      16 sdb 28966464 368942 2594511794 62137356 53282465 355333392 14550978712 2073230472 148 18268776 2135428948
======================
   8      16 sdb 28966468 368942 2594511826 62137428 53284390 355333392 14551964312 2073372236 134 18269780 2135570768
======================
   8      16 sdb 28966472 368942 2594511858 62137508 53286297 355333414 14552940368 2073513040 150 18270784 2135711412
======================
   8      16 sdb 28966475 368942 2594511882 62137580 53288167 355333414 14553897808 2073653172 142 18271788 2135851824
======================
   8      16 sdb 28966480 368942 2594511922 62137724 53290097 355333414 14554885968 2073790332 155 18272792 2135989380
======================
   8      16 sdb 28966484 368942 2594511954 62137880 53292015 355333414 14555868496 2073927540 138 18273796 2136126044
======================
   8      16 sdb 28966487 368942 2594511978 62137992 53293948 355333414 14556857680 2074064204 133 18274800 2136263332
======================
   8      16 sdb 28966491 368942 2594512010 62138172 53295873 355333414 14557843280 2074198644 138 18275804 2136398212
======================
   8      16 sdb 28966496 368942 2594512050 62138392 53297799 355333414 14558829392 2074329788 145 18276808 2136529532
======================
   8      16 sdb 28966500 368942 2594512082 62138636 53299719 355333414 14559812432 2074457528 134 18277812 2136654384
======================
   8      16 sdb 28966503 368942 2594512106 62138820 53301621 355333414 14560786256 2074585252 140 18278812 2136785200
======================
   8      16 sdb 28966507 368942 2594512138 62139084 53303519 355333414 14561758032 2074708884 140 18279816 2136908948
======================
   8      16 sdb 28966512 368942 2594512178 62139384 53305448 355333455 14562744496 2074827780 153 18280820 2137027268
======================
   8      16 sdb 28966515 368942 2594512202 62139604 53307376 355333506 14563730024 2074948772 24 18281824 2137145972
======================
   8      16 sdb 28966519 368942 2594512234 62139900 53309302 355333506 14564716136 2075066504 143 18282824 2137267844
======================
   8      16 sdb 28966523 368942 2594512266 62140196 53311227 355333506 14565701736 2075185812 151 18283828 2137387620
======================
   8      16 sdb 28966526 368942 2594512290 62140424 53312892 355333506 14566554216 2075291700 140 18284828 2137511988
======================
   8      16 sdb 28966532 368942 2594512338 62140604 53315054 355333529 14567660840 2075451276 130 18285832 2137652776
======================
   8      16 sdb 28966535 368942 2594512362 62140624 53316935 355333529 14568623912 2075593452 134 18286836 2137794860
======================
   8      16 sdb 28966539 368942 2594512394 62140676 53318879 355333529 14569619752 2075735636 138 18287840 2137937600
======================
   8      16 sdb 28966544 368942 2594512434 62140776 53320801 355333529 14570603304 2075876232 148 18288844 2138078160
======================
   8      16 sdb 28966551 368942 2594512490 62140972 53322714 355333529 14571582760 2076013996 174 18289848 2138220460
======================
   8      16 sdb 28966554 368942 2594512514 62141112 53324652 355333529 14572575016 2076196668 155 18290852 2138398976
======================
   8      16 sdb 28966558 368942 2594512546 62141412 53326576 355333554 14573558792 2076314624 132 18291856 2138517388
======================
   8      16 sdb 28966563 368942 2594512586 62141764 53328478 355333554 14574532616 2076431944 147 18292860 2138632856
======================
   8      16 sdb 28966566 368942 2594512610 62141996 53330379 355333554 14575505928 2076552296 65 18293864 2138753992
======================
   8      16 sdb 28966570 368942 2594512642 62142296 53332302 355333554 14576490504 2076671540 138 18294860 2138874952
======================
   8      16 sdb 28966574 368942 2594512674 62142612 53334223 355333554 14577474056 2076791848 134 18295864 2138995624
======================
   8      16 sdb 28966579 368942 2594512714 62142876 53336152 355333576 14578460872 2076910616 130 18296864 2139111500
======================
   8      16 sdb 28966582 368942 2594512738 62143108 53338019 355333576 14579416776 2077030728 107 18297868 2139234340
======================
   8      16 sdb 28966586 368942 2594512770 62143404 53339996 355333576 14580429000 2077151424 155 18298872 2139356092
======================
   8      16 sdb 28966590 368942 2594512802 62143708 53341898 355333576 14581402824 2077270916 141 18299872 2139476056
======================
   8      16 sdb 28966592 368942 2594512818 62143936 53343149 355333576 14582043336 2077392728 97 18300876 2139600252
======================
   8      16 sdb 28966593 368942 2594512826 62144060 53343358 355333674 14582142544 2077406420 0 18301044 2139606396
======================
   8      16 sdb 28966593 368942 2594512826 62144060 53343358 355333674 14582142544 2077406420 0 18301044 2139606396
======================
   8      16 sdb 28966593 368942 2594512826 62144060 53343358 355333674 14582142544 2077406420 0 18301044 2139606396
======================
   8      16 sdb 28966593 368942 2594512826 62144060 53343358 355333674 14582142544 2077406420 0 18301044 2139606396
======================
   8      16 sdb 28966593 368942 2594512826 62144060 53343358 355333674 14582142544 2077406420 0 18301044 2139606396
started
======================
   8      16 sdb 28966593 368942 2594512826 62144060 53343358 355333674 14582142544 2077406420 0 18301044 2139606396
======================
   8      16 sdb 28966597 368942 2594512858 62144060 53343358 355333674 14582142544 2077406420 0 18301044 2139606396
======================
   8      16 sdb 28966597 368942 2594512858 62144060 53343358 355333674 14582142544 2077406420 0 18301044 2139606396
======================
   8      16 sdb 28966597 368942 2594512858 62144060 53343358 355333674 14582142544 2077406420 0 18301044 2139606396
======================
   8      16 sdb 28966597 368942 2594512858 62144060 53357992 355333674 14583132496 2077449560 147 18301448 2139650256
======================
   8      16 sdb 28966597 368942 2594512858 62144060 53370684 355333674 14584005648 2077581592 159 18302452 2139792972
======================
   8      16 sdb 28966597 368942 2594512858 62144060 53384256 355333675 14584959592 2077732972 138 18303456 2139934020
======================
   8      16 sdb 28966597 368942 2594512858 62144060 53392614 355333675 14585555496 2077874572 132 18304460 2140075860
======================
   8      16 sdb 28966597 368942 2594512858 62144060 53400884 355333675 14586155048 2078014784 150 18305460 2140217280
======================
   8      16 sdb 28966597 368942 2594512858 62144060 53408594 355333675 14586721192 2078158096 152 18306464 2140359232
======================
   8      16 sdb 28966597 368942 2594512858 62144060 53416328 355333675 14587290024 2078301892 141 18307464 2140502644
======================
   8      16 sdb 28966597 368942 2594512858 62144060 53424001 355333677 14587863552 2078444920 150 18308468 2140646204
======================
   8      16 sdb 28966597 368942 2594512858 62144060 53431570 355333677 14588428736 2078587220 133 18309468 2140787964
======================
   8      16 sdb 28966597 368942 2594512858 62144060 53438775 355333678 14588969472 2078729356 128 18310472 2140930520
======================
   8      16 sdb 28966597 368942 2594512858 62144060 53446011 355333678 14589515648 2078871752 156 18311476 2141073072
======================
   8      16 sdb 28966597 368942 2594512858 62144060 53453453 355333679 14590078976 2079013740 153 18312484 2141215688
======================
   8      16 sdb 28966597 368942 2594512858 62144060 53460592 355333680 14590625624 2079156904 155 18313484 2141358120
======================
   8      16 sdb 28966597 368942 2594512858 62144060 53468025 355333680 14591196248 2079299440 146 18314488 2141501044
======================
   8      16 sdb 28966597 368942 2594512858 62144060 53474410 355333681 14591686808 2079424144 129 18315516 2141644948
======================
   8      16 sdb 28966597 368942 2594512858 62144060 53482487 355333681 14592304536 2079582172 143 18316516 2141787120
======================
   8      16 sdb 28966597 368942 2594512858 62144060 53489695 355333681 14592866968 2079725348 137 18317520 2141930300
======================
   8      16 sdb 28966597 368942 2594512858 62144060 53496871 355333682 14593424880 2079868416 143 18318524 2142073236
======================
   8      16 sdb 28966597 368942 2594512858 62144060 53503778 355333683 14593963632 2080010352 148 18319524 2142215128
======================
   8      16 sdb 28966597 368942 2594512858 62144060 53510727 355333683 14594512944 2080154200 143 18320528 2142358988
======================
   8      16 sdb 28966597 368942 2594512858 62144060 53517924 355333683 14595079728 2080296912 146 18321532 2142501992
======================
   8      16 sdb 28966597 368942 2594512858 62144060 53524635 355333683 14595612720 2080439140 154 18322532 2142643768
======================
   8      16 sdb 28966597 368942 2594512858 62144060 53531935 355333684 14596195080 2080581732 153 18323536 2142786672
======================
   8      16 sdb 28966597 368942 2594512858 62144060 53539126 355333684 14596771208 2080724496 130 18324536 2142928728
======================
   8      16 sdb 28966597 368942 2594512858 62144060 53546023 355333684 14597323912 2080865952 145 18325540 2143070912
======================
   8      16 sdb 28966597 368942 2594512858 62144060 53552755 355333684 14597869000 2081007352 133 18326544 2143213828
======================
   8      16 sdb 28966597 368942 2594512858 62144060 53559770 355333684 14598440328 2081151172 134 18327544 2143355776
======================
   8      16 sdb 28966597 368942 2594512858 62144060 53566727 355333685 14598981024 2081294748 155 18328552 2143499768
======================
   8      16 sdb 28966597 368942 2594512858 62144060 53573871 355333686 14599533664 2081440812 142 18329556 2143645844
======================
   8      16 sdb 28966597 368942 2594512858 62144060 53581036 355333686 14600085920 2081583504 145 18330560 2143789048
======================
   8      16 sdb 28966597 368942 2594512858 62144060 53587831 355333686 14600618784 2081725004 134 18331560 2143932724
======================
   8      16 sdb 28966597 368942 2594512858 62144060 53595170 355333688 14601185744 2081869228 156 18332564 2144074164
======================
   8      16 sdb 28966597 368942 2594512858 62144060 53602471 355333691 14601763432 2082010748 155 18333568 2144216208
======================
   8      16 sdb 28966597 368942 2594512858 62144060 53609338 355333693 14602304808 2082153876 136 18334572 2144359608
======================
   8      16 sdb 28966597 368942 2594512858 62144060 53616145 355333695 14602841640 2082295176 145 18335572 2144500396
======================
   8      16 sdb 28966597 368942 2594512858 62144060 53622862 355333697 14603370792 2082437848 148 18336576 2144643176
======================
   8      16 sdb 28966597 368942 2594512858 62144060 53629427 355333699 14603889768 2082581368 143 18337580 2144786616
======================
   8      16 sdb 28966597 368942 2594512858 62144060 53636483 355333702 14604446400 2082724888 157 18338580 2144929940
======================
   8      16 sdb 28966597 368942 2594512858 62144060 53643372 355333703 14604990856 2082866700 148 18339584 2145071624
======================
   8      16 sdb 28966597 368942 2594512858 62144060 53650410 355333705 14605551112 2083004492 150 18340588 2145214000
======================
   8      16 sdb 28966597 368942 2594512858 62144060 53657334 355333707 14606093320 2083151244 138 18341588 2145356376
======================
   8      16 sdb 28966597 368942 2594512858 62144060 53664305 355333709 14606645832 2083294316 134 18342592 2145499480
======================
   8      16 sdb 28966597 368942 2594512858 62144060 53670924 355333712 14607171296 2083437780 141 18343592 2145642744
======================
   8      16 sdb 28966597 368942 2594512858 62144060 53677906 355333714 14607712032 2083581684 135 18344596 2145786720
======================
   8      16 sdb 28966597 368942 2594512858 62144060 53684614 355333716 14608233248 2083723364 147 18345600 2145928964
======================
   8      16 sdb 28966597 368942 2594512858 62144060 53691488 355333718 14608766048 2083866024 153 18346608 2146071952
======================
   8      16 sdb 28966597 368942 2594512858 62144060 53698386 355333720 14609299744 2084008760 131 18347612 2146214452
======================
   8      16 sdb 28966597 368942 2594512858 62144060 53705303 355333723 14609829752 2084152240 128 18348620 2146357352
======================
   8      16 sdb 28966597 368942 2594512858 62144060 53711678 355333725 14610323640 2084298272 137 18349628 2146502488
======================
   8      16 sdb 28966597 368942 2594512858 62144060 53719191 355333727 14610911032 2084439204 138 18350636 2146644924
======================
   8      16 sdb 28966597 368942 2594512858 62144060 53726314 355333729 14611469368 2084582692 151 18351644 2146788844
======================
   8      16 sdb 28966597 368942 2594512858 62144060 53731400 355333730 14611864248 2084724744 156 18352648 2146931480
======================
   8      16 sdb 28966597 368942 2594512858 62144060 53735680 355333733 14612197328 2084867940 134 18353652 2147073840
======================
   8      16 sdb 28966597 368942 2594512858 62144060 53740005 355333734 14612536976 2085009860 129 18354656 2147216128
======================
   8      16 sdb 28966597 368942 2594512858 62144060 53743776 355333735 14612833872 2085153972 134 18355664 2147360908
======================
   8      16 sdb 28966597 368942 2594512858 62144060 53747819 355333737 14613150416 2085296048 140 18356664 2147502684
======================
   8      16 sdb 28966597 368942 2594512858 62144060 53751858 355333738 14613463568 2085438964 151 18357668 2147645508
======================
   8      16 sdb 28966597 368942 2594512858 62144060 53755766 355333740 14613771240 2085581044 149 18358672 2147787824
======================
   8      16 sdb 28966597 368942 2594512858 62144060 53759287 355333742 14614047464 2085705580 148 18359672 2147931432
