======================
   8      32 sdc 1841236 12978 270918616 13145332 26730653 650688707 11882859288 2557268424 0 48061212 2571748852
======================
   8      32 sdc 1841250 12978 270919536 13145344 26730653 650688707 11882859288 2557268424 0 48061220 2571748864
======================
   8      32 sdc 1841253 12978 270919560 13145384 26730653 650688707 11882859288 2557268424 0 48061260 2571748904
======================
   8      32 sdc 1841253 12978 270919560 13145384 26730653 650688707 11882859288 2557268424 0 48061260 2571748904
======================
   8      32 sdc 1841253 12978 270919560 13145384 26730653 650688707 11882859288 2557268424 0 48061260 2571748904
======================
   8      32 sdc 1841260 12978 270919616 13145428 26730653 650688707 11882859288 2557268424 0 48061304 2571748948
======================
   8      32 sdc 1841260 12978 270919616 13145428 26730653 650688707 11882859288 2557268424 0 48061304 2571748948
======================
   8      32 sdc 1841260 12978 270919616 13145428 26730768 650695782 11882916808 2557268448 0 48061320 2571748972
======================
   8      32 sdc 1841260 12978 270919616 13145428 26730768 650695782 11882916808 2557268448 0 48061320 2571748972
======================
   8      32 sdc 1841260 12978 270919616 13145428 26730768 650695782 11882916808 2557268448 0 48061320 2571748972
======================
   8      32 sdc 1841260 12978 270919616 13145428 26730768 650695782 11882916808 2557268448 0 48061320 2571748972
======================
   8      32 sdc 1841260 12978 270919616 13145428 26730957 650705702 11882985912 2557271752 30 48061452 2571752692
======================
   8      32 sdc 1841260 12978 270919616 13145428 26731827 650751634 11883372096 2557320336 0 48062012 2571800848
======================
   8      32 sdc 1841260 12978 270919616 13145428 26731827 650751634 11883372096 2557320336 0 48062012 2571800848
======================
   8      32 sdc 1841260 12978 270919616 13145428 26731827 650751634 11883372096 2557320336 0 48062012 2571800848
======================
   8      32 sdc 1841260 12978 270919616 13145428 26731827 650751634 11883372096 2557320336 0 48062012 2571800848
======================
   8      32 sdc 1841260 12978 270919616 13145428 26731827 650751634 11883372096 2557320336 0 48062012 2571800848
======================
   8      32 sdc 1841260 12978 270919616 13145428 26732546 650805804 11883699184 2557343900 226 48062592 2571865496
======================
   8      32 sdc 1841260 12978 270919616 13145428 26734159 650882311 11884436168 2557402616 0 48063380 2571883124
======================
   8      32 sdc 1841260 12978 270919616 13145428 26734159 650882311 11884436168 2557402616 0 48063380 2571883124
======================
   8      32 sdc 1841260 12978 270919616 13145428 26734159 650882311 11884436168 2557402616 0 48063380 2571883124
======================
   8      32 sdc 1841260 12978 270919616 13145428 26734159 650882311 11884436168 2557402616 0 48063380 2571883124
======================
   8      32 sdc 1841260 12978 270919616 13145428 26734441 650900004 11884579968 2557402756 0 48063452 2571883264
======================
   8      32 sdc 1841260 12978 270919616 13145428 26734441 650900004 11884579968 2557402756 0 48063452 2571883264
======================
   8      32 sdc 1841260 12978 270919616 13145428 26734441 650900004 11884579968 2557402756 0 48063452 2571883264
======================
   8      32 sdc 1841260 12978 270919616 13145428 26734441 650900004 11884579968 2557402756 0 48063452 2571883264
======================
   8      32 sdc 1841260 12978 270919616 13145428 26734441 650900004 11884579968 2557402756 0 48063452 2571883264
======================
   8      32 sdc 1841260 12978 270919616 13145428 26734639 650912410 11884680800 2557402856 0 48063492 2571883364
======================
   8      32 sdc 1841260 12978 270919616 13145428 26734743 650918162 11884725912 2557403332 8 48063552 2571883872
======================
   8      32 sdc 1841260 12978 270919616 13145428 26734831 650922348 11884761840 2557403788 0 48063600 2571884296
======================
   8      32 sdc 1841260 12978 270919616 13145428 26734831 650922348 11884761840 2557403788 0 48063600 2571884296
======================
   8      32 sdc 1841260 12978 270919616 13145428 26734831 650922348 11884761840 2557403788 0 48063600 2571884296
======================
   8      32 sdc 1841260 12978 270919616 13145428 26735031 650934867 11884863592 2557404288 0 48063644 2571884788
======================
   8      32 sdc 1841260 12978 270919616 13145428 26735031 650934867 11884863592 2557404288 0 48063644 2571884788
======================
   8      32 sdc 1841260 12978 270919616 13145428 26736598 651013587 11885505608 2557411016 8 48064384 2571891508
======================
   8      32 sdc 1841260 12978 270919616 13145428 26737348 651059328 11885820712 2557519452 134 48065388 2572015880
======================
   8      32 sdc 1841260 12978 270919616 13145428 26738027 651094067 11886107576 2557658048 135 48066388 2572154636
======================
   8      32 sdc 1841260 12978 270919616 13145428 26738403 651123966 11886266792 2557744764 294 48067392 2572355428
======================
   8      32 sdc 1841260 12978 270919616 13145428 26739123 651159074 11886622272 2558059556 138 48068396 2572562552
======================
   8      32 sdc 1841260 12978 270919616 13145428 26739547 651185633 11886839360 2558180140 136 48069400 2572699716
======================
   8      32 sdc 1841260 12978 270919616 13145428 26740059 651217497 11887100600 2558336368 131 48070404 2572837052
======================
   8      32 sdc 1841260 12978 270919616 13145428 26740600 651251990 11887377312 2558474316 139 48071404 2572974220
======================
   8      32 sdc 1841260 12978 270919616 13145428 26741094 651292899 11887629424 2558605388 294 48072408 2573174900
======================
   8      32 sdc 1841260 12978 270919616 13145428 26741094 651292899 11887629424 2558605388 294 48073412 2573470076
======================
   8      32 sdc 1841260 12978 270919616 13145428 26742102 651345821 11888143288 2559145244 132 48074412 2573637876
======================
   8      32 sdc 1841260 12978 270919616 13145428 26742839 651392074 11888518720 2559273920 133 48075420 2573774204
======================
   8      32 sdc 1841260 12978 270919616 13145428 26743439 651425119 11888791920 2559421708 132 48076424 2573917468
======================
   8      32 sdc 1841260 12978 270919616 13145428 26744014 651450309 11889058992 2559539032 0 48077392 2574019504
======================
   8      32 sdc 1841260 12978 270919616 13145428 26744015 651450309 11889059000 2559539032 0 48077392 2574019504
======================
   8      32 sdc 1841260 12978 270919616 13145428 26744015 651450309 11889059000 2559539032 0 48077392 2574019504
======================
   8      32 sdc 1841260 12978 270919616 13145428 26744015 651450309 11889059000 2559539032 0 48077392 2574019504
======================
   8      32 sdc 1841260 12978 270919616 13145428 26744015 651450309 11889059000 2559539032 0 48077392 2574019504
======================
   8      32 sdc 1841260 12978 270919616 13145428 26744246 651464696 11889175944 2559539128 0 48077436 2574019600
======================
   8      32 sdc 1841260 12978 270919616 13145428 26744246 651464696 11889175944 2559539128 0 48077436 2574019600
======================
   8      32 sdc 1841260 12978 270919616 13145428 26744246 651464696 11889175944 2559539128 0 48077436 2574019600
======================
   8      32 sdc 1841260 12978 270919616 13145428 26744246 651464696 11889175944 2559539128 0 48077436 2574019600
======================
   8      32 sdc 1841260 12978 270919616 13145428 26744246 651464696 11889175944 2559539128 0 48077436 2574019600
======================
   8      32 sdc 1841260 12978 270919616 13145428 26744516 651481624 11889313528 2559539232 0 48077492 2574019704
======================
   8      32 sdc 1841260 12978 270919616 13145428 26744516 651481624 11889313528 2559539232 0 48077492 2574019704
======================
   8      32 sdc 1841260 12978 270919616 13145428 26744596 651485803 11889347096 2559539604 8 48077540 2574020076
======================
   8      32 sdc 1841260 12978 270919616 13145428 26745092 651509634 11889542216 2559541832 0 48077804 2574022296
======================
   8      32 sdc 1841260 12978 270919616 13145428 26745683 651539291 11889784200 2559544500 0 48078116 2574024964
======================
   8      32 sdc 1841260 12978 270919616 13145428 26746858 651607962 11890305984 2559551376 94 48078700 2574034344
======================
   8      32 sdc 1841260 12978 270919616 13145428 26747713 651654823 11890664848 2559675564 148 48079704 2574171284
======================
   8      32 sdc 1841260 12978 270919616 13145428 26748511 651696715 11891005272 2559810236 150 48080712 2574310524
======================
   8      32 sdc 1841260 12978 270919616 13145428 26749101 651726903 11891258352 2559950728 136 48081720 2574450848
======================
   8      32 sdc 1841260 12978 270919616 13145428 26749722 651758761 11891516160 2560092948 139 48082724 2574590344
======================
   8      32 sdc 1841260 12978 270919616 13145428 26750307 651801060 11891778120 2560228416 275 48083728 2574802540
======================
   8      32 sdc 1841260 12978 270919616 13145428 26750307 651801060 11891778120 2560228416 275 48084728 2575077540
======================
   8      32 sdc 1841260 12978 270919616 13145428 26751184 651840443 11892225008 2560759464 30 48085732 2575241504
======================
   8      32 sdc 1841260 12978 270919616 13145428 26752243 651898983 11892661664 2560864092 108 48086736 2575365268
======================
   8      32 sdc 1841260 12978 270919616 13145428 26752671 651927667 11892880424 2561001092 134 48087736 2575499388
======================
   8      32 sdc 1841260 12978 270919616 13145428 26753259 651967673 11893180968 2561135956 183 48088740 2575705548
======================
   8      32 sdc 1841260 12978 270919616 13145428 26753833 652000269 11893472616 2561344536 130 48089744 2575843152
======================
   8      32 sdc 1841260 12978 270919616 13145428 26754380 652035049 11893751232 2561481136 138 48090744 2575979932
======================
   8      32 sdc 1841260 12978 270919616 13145428 26754863 652064990 11893992544 2561616024 143 48091748 2576118572
======================
   8      32 sdc 1841260 12978 270919616 13145428 26755411 652099053 11894268176 2561758108 145 48092752 2576256536
======================
   8      32 sdc 1841260 12978 270919616 13145428 26755922 652140767 11894528008 2561875436 299 48093752 2576475372
======================
   8      32 sdc 1841260 12978 270919616 13145428 26756365 652157886 11894752520 2562130748 132 48094756 2576642836
======================
   8      32 sdc 1841260 12978 270919616 13145428 26756565 652170285 11894854920 2562194292 128 48095760 2576774672
======================
   8      32 sdc 1841260 12978 270919616 13145428 26757385 652220358 11895262192 2562399212 135 48096764 2576912380
======================
   8      32 sdc 1841260 12978 270919616 13145428 26757984 652255579 11895552520 2562559540 134 48097764 2577055092
======================
   8      32 sdc 1841260 12978 270919616 13145428 26758403 652273437 11895759128 2562600392 0 48098216 2577081924
======================
   8      32 sdc 1841260 12978 270919616 13145428 26758403 652273437 11895759128 2562600392 0 48098216 2577081924
======================
   8      32 sdc 1841260 12978 270919616 13145428 26758403 652273437 11895759128 2562600392 0 48098216 2577081924
======================
   8      32 sdc 1841260 12978 270919616 13145428 26758403 652273437 11895759128 2562600392 0 48098216 2577081924
======================
   8      32 sdc 1841260 12978 270919616 13145428 26758403 652273437 11895759128 2562600392 0 48098216 2577081924
======================
   8      32 sdc 1841260 12978 270919616 13145428 26760055 652360072 11896465424 2562641708 0 48099116 2577123232
======================
   8      32 sdc 1841260 12978 270919616 13145428 26760055 652360072 11896465424 2562641708 0 48099116 2577123232
======================
   8      32 sdc 1841260 12978 270919616 13145428 26760055 652360072 11896465424 2562641708 0 48099116 2577123232
======================
   8      32 sdc 1841260 12978 270919616 13145428 26760055 652360072 11896465424 2562641708 0 48099116 2577123232
======================
   8      32 sdc 1841260 12978 270919616 13145428 26760055 652360072 11896465424 2562641708 0 48099116 2577123232
======================
   8      32 sdc 1841260 12978 270919616 13145428 26760522 652386203 11896677984 2562642388 2 48099276 2577123904
======================
   8      32 sdc 1841260 12978 270919616 13145428 26762317 652485822 11897489352 2562643964 1 48100280 2577125476
======================
   8      32 sdc 1841260 12978 270919616 13145428 26763101 652541527 11897876416 2562733588 129 48101284 2577230752
======================
   8      32 sdc 1841260 12978 270919616 13145428 26763700 652579831 11898183104 2562871404 138 48102288 2577368784
======================
   8      32 sdc 1841260 12978 270919616 13145428 26764127 652607173 11898401728 2562972292 145 48103292 2577508932
======================
   8      32 sdc 1841260 12978 270919616 13145428 26764773 652651398 11898731264 2563170660 204 48104296 2577706964
======================
   8      32 sdc 1841260 12978 270919616 13145428 26765392 652685668 11899047376 2563348576 130 48105300 2577847580
======================
   8      32 sdc 1841260 12978 270919616 13145428 26765940 652721019 11899327712 2563487192 144 48106304 2577986004
======================
   8      32 sdc 1841260 12978 270919616 13145428 26767365 652752008 11899594248 2563628464 130 48107304 2578125204
======================
   8      32 sdc 1841260 12978 270919616 13145428 26767949 652788860 11899892304 2563763840 133 48108308 2578262764
======================
   8      32 sdc 1841260 12978 270919616 13145428 26768148 652811921 11899993736 2563812596 301 48109308 2578499408
======================
   8      32 sdc 1841260 12978 270919616 13145428 26768240 652816016 11900040352 2563967748 274 48110312 2578799796
======================
   8      32 sdc 1841260 12978 270919616 13145428 26769231 652869342 11900545112 2564470484 136 48111316 2578986528
======================
   8      32 sdc 1841260 12978 270919616 13145428 26772101 652898646 11900870376 2564625384 0 48112168 2579106868
======================
   8      32 sdc 1841260 12978 270919616 13145428 26772101 652898646 11900870376 2564625384 0 48112168 2579106868
======================
   8      32 sdc 1841260 12978 270919616 13145428 26772398 652917107 11901020432 2564625568 0 48112244 2579107052
======================
   8      32 sdc 1841260 12978 270919616 13145428 26772398 652917107 11901020432 2564625568 0 48112244 2579107052
======================
   8      32 sdc 1841260 12978 270919616 13145428 26772398 652917107 11901020432 2564625568 0 48112244 2579107052
======================
   8      32 sdc 1841260 12978 270919616 13145428 26772398 652917107 11901020432 2564625568 0 48112244 2579107052
======================
   8      32 sdc 1841260 12978 270919616 13145428 26772398 652917107 11901020432 2564625568 0 48112244 2579107052
======================
   8      32 sdc 1841260 12978 270919616 13145428 26772772 652940584 11901211240 2564627032 0 48112336 2579108516
======================
   8      32 sdc 1841260 12978 270919616 13145428 26772772 652940584 11901211240 2564627032 0 48112336 2579108516
======================
   8      32 sdc 1841260 12978 270919616 13145428 26772772 652940584 11901211240 2564627032 0 48112336 2579108516
======================
   8      32 sdc 1841260 12978 270919616 13145428 26772772 652940584 11901211240 2564627032 0 48112336 2579108516
======================
   8      32 sdc 1841260 12978 270919616 13145428 26772933 652950391 11901290984 2564627160 0 48112436 2579108644
======================
   8      32 sdc 1841260 12978 270919616 13145428 26773317 652974494 11901486880 2564627328 0 48112532 2579108812
======================
   8      32 sdc 1841260 12978 270919616 13145428 26773826 653005069 11901735552 2564627732 0 48112844 2579109208
======================
   8      32 sdc 1841260 12978 270919616 13145428 26773826 653005069 11901735552 2564627732 0 48112844 2579109208
======================
   8      32 sdc 1841260 12978 270919616 13145428 26774112 653022249 11901875096 2564628196 1 48113088 2579109668
======================
   8      32 sdc 1841260 12978 270919616 13145428 26775409 653099860 11902505992 2564629728 2 48114088 2579111192
======================
   8      32 sdc 1841260 12978 270919616 13145428 26776299 653170543 11902949912 2564709172 258 48115092 2579285700
======================
   8      32 sdc 1841260 12978 270919616 13145428 26776558 653170543 11903081192 2564860864 0 48115532 2579342316
======================
   8      32 sdc 1841260 12978 270919616 13145428 26776558 653170543 11903081192 2564860864 0 48115532 2579342316
======================
   8      32 sdc 1841260 12978 270919616 13145428 26776558 653170543 11903081192 2564860864 0 48115532 2579342316
======================
   8      32 sdc 1841260 12978 270919616 13145428 26776558 653170543 11903081192 2564860864 0 48115532 2579342316
======================
   8      32 sdc 1841260 12978 270919616 13145428 26777362 653220314 11903485528 2564862260 1 48115972 2579343708
======================
   8      32 sdc 1841260 12978 270919616 13145428 26778660 653299061 11904125904 2564863812 1 48116976 2579345256
======================
   8      32 sdc 1841260 12978 270919616 13145428 26779693 653371154 11904650432 2564951944 145 48117980 2579442396
======================
   8      32 sdc 1841260 12978 270919616 13145428 26781194 653413297 11904996472 2565079684 128 48118984 2579575828
======================
   8      32 sdc 1841260 12978 270919616 13145428 26781771 653450198 11905291584 2565213188 136 48119988 2579710684
======================
   8      32 sdc 1841260 12978 270919616 13145428 26782339 653488061 11905582400 2565361040 170 48120988 2579881920
======================
   8      32 sdc 1841260 12978 270919616 13145428 26782939 653521007 11905884408 2565482456 103 48121880 2579970008
======================
   8      32 sdc 1841260 12978 270919616 13145428 26783521 653559926 11906182392 2565605144 138 48122884 2580102652
======================
   8      32 sdc 1841260 12978 270919616 13145428 26784101 653595878 11906479184 2565742188 129 48123888 2580238808
======================
   8      32 sdc 1841260 12978 270919616 13145428 26784571 653625902 11906719248 2565826216 138 48124892 2580377448
======================
   8      32 sdc 1841260 12978 270919616 13145428 26785090 653663695 11906984328 2566067776 221 48125896 2580619532
======================
   8      32 sdc 1841260 12978 270919616 13145428 26785896 653693024 11907333992 2566271260 154 48126896 2580766096
======================
   8      32 sdc 1841260 12978 270919616 13145428 26789898 653700149 11907424736 2566347580 0 48127400 2580829008
======================
   8      32 sdc 1841260 12978 270919616 13145428 26789898 653700149 11907424736 2566347580 0 48127400 2580829008
======================
   8      32 sdc 1841260 12978 270919616 13145428 26789898 653700149 11907424736 2566347580 0 48127400 2580829008
======================
   8      32 sdc 1841260 12978 270919616 13145428 26790226 653720581 11907590808 2566347756 0 48127448 2580829184
======================
   8      32 sdc 1841260 12978 270919616 13145428 26790226 653720581 11907590808 2566347756 0 48127448 2580829184
======================
   8      32 sdc 1841260 12978 270919616 13145428 26790768 653753478 11907858088 2566348312 1 48127900 2580829736
======================
   8      32 sdc 1841260 12978 270919616 13145428 26791294 653794778 11908123880 2566427168 137 48128900 2580926716
======================
   8      32 sdc 1841260 12978 270919616 13145428 26791768 653824535 11908366568 2566560476 136 48129904 2581061944
======================
   8      32 sdc 1841260 12978 270919616 13145428 26792568 653866238 11908774800 2566773836 0 48130904 2581255252
======================
   8      32 sdc 1841260 12978 270919616 13145428 26792568 653866238 11908774800 2566773836 0 48130904 2581255252
======================
   8      32 sdc 1841260 12978 270919616 13145428 26792568 653866238 11908774800 2566773836 0 48130904 2581255252
======================
   8      32 sdc 1841260 12978 270919616 13145428 26792568 653866238 11908774800 2566773836 0 48130904 2581255252
======================
   8      32 sdc 1841260 12978 270919616 13145428 26792568 653866238 11908774800 2566773836 0 48130904 2581255252
======================
   8      32 sdc 1841260 12978 270919616 13145428 26793867 653945209 11909416376 2566774788 2 48131616 2581256196
======================
   8      32 sdc 1841260 12978 270919616 13145428 26794563 653996955 11909767160 2566867476 138 48132620 2581365156
======================
   8      32 sdc 1841260 12978 270919616 13145428 26794806 654011757 11909891336 2566925504 130 48133620 2581497520
======================
   8      32 sdc 1841260 12978 270919616 13145428 26795733 654070473 11910365960 2567100484 135 48134624 2581589220
======================
   8      32 sdc 1841260 12978 270919616 13145428 26796302 654106552 11910657288 2567227824 139 48135628 2581725572
======================
   8      32 sdc 1841260 12978 270919616 13145428 26796872 654151302 11910949128 2567376904 279 48136628 2581977008
======================
   8      32 sdc 1841260 12978 270919616 13145428 26797443 654177891 11911240552 2567663480 132 48137636 2582160972
======================
   8      32 sdc 1841260 12978 270919616 13145428 26798021 654214627 11911536488 2567799924 137 48138640 2582296944
======================
   8      32 sdc 1841260 12978 270919616 13145428 26798041 654216328 11911546728 2567804536 144 48139644 2582441184
======================
   8      32 sdc 1841260 12978 270919616 13145428 26798041 654216328 11911546728 2567804536 144 48140648 2582585760
======================
   8      32 sdc 1841260 12978 270919616 13145428 26798400 654246820 11911730536 2568259376 269 48141652 2582840716
======================
   8      32 sdc 1841260 12978 270919616 13145428 26798901 654269978 11911986304 2568504080 138 48142652 2583003892
======================
   8      32 sdc 1841260 12978 270919616 13145428 26801332 654286821 11912158488 2568605164 148 48143660 2583144556
======================
   8      32 sdc 1841260 12978 270919616 13145428 26801999 654304879 11912292344 2568738236 133 48144660 2583282872
======================
   8      32 sdc 1841260 12978 270919616 13145428 26802153 654314896 11912371192 2568877084 138 48145664 2583423108
======================
   8      32 sdc 1841260 12978 270919616 13145428 26802597 654349213 11912598520 2569086132 239 48146668 2583659460
======================
   8      32 sdc 1841260 12978 270919616 13145428 26803200 654380694 11912904288 2569238412 142 48147672 2583809124
======================
   8      32 sdc 1841260 12978 270919616 13145428 26803758 654408290 11913188424 2569449604 128 48148676 2583951900
======================
   8      32 sdc 1841260 12978 270919616 13145428 26806198 654418276 11913300144 2569543916 0 48149396 2584025880
======================
   8      32 sdc 1841260 12978 270919616 13145428 26806198 654418276 11913300144 2569543916 0 48149396 2584025880
======================
   8      32 sdc 1841260 12978 270919616 13145428 26806522 654438621 11913465496 2569544088 0 48149484 2584026044
======================
   8      32 sdc 1841260 12978 270919616 13145428 26806522 654438621 11913465496 2569544088 0 48149484 2584026044
======================
   8      32 sdc 1841260 12978 270919616 13145428 26806522 654438621 11913465496 2569544088 0 48149484 2584026044
======================
   8      32 sdc 1841260 12978 270919616 13145428 26806933 654463436 11913667136 2569544568 1 48149888 2584026524
======================
   8      32 sdc 1841260 12978 270919616 13145428 26808368 654549641 11914367880 2569545840 2 48150892 2584027788
======================
   8      32 sdc 1841260 12978 270919616 13145428 26809627 654637177 11915006712 2569643948 144 48151892 2584142516
======================
   8      32 sdc 1841260 12978 270919616 13145428 26810185 654671907 11915291896 2569780796 138 48152896 2584279796
======================
   8      32 sdc 1841260 12978 270919616 13145428 26810729 654706414 11915570424 2569917560 141 48153896 2584416176
======================
   8      32 sdc 1841260 12978 270919616 13145428 26811288 654741165 11915856192 2570054036 135 48154900 2584552964
======================
   8      32 sdc 1841260 12978 270919616 13145428 26811708 654767027 11916070224 2570153940 133 48155900 2584688428
======================
   8      32 sdc 1841260 12978 270919616 13145428 26812447 654804460 11916439032 2570342536 2 48156852 2584824480
======================
   8      32 sdc 1841260 12978 270919616 13145428 26813038 654849429 11916739944 2570451948 129 48157856 2584949460
======================
   8      32 sdc 1841260 12978 270919616 13145428 26813631 654887603 11917042632 2570588352 142 48158860 2585085924
======================
   8      32 sdc 1841260 12978 270919616 13145428 26814220 654918438 11917344200 2570724068 43 48159864 2585214424
======================
   8      32 sdc 1841260 12978 270919616 13145428 26814263 654918438 11917365936 2570734016 0 48159936 2585215960
======================
   8      32 sdc 1841260 12978 270919616 13145428 26814731 654947725 11917603968 2570734256 0 48160088 2585216200
======================
   8      32 sdc 1841260 12978 270919616 13145428 26814731 654947725 11917603968 2570734256 0 48160088 2585216200
======================
   8      32 sdc 1841260 12978 270919616 13145428 26814731 654947725 11917603968 2570734256 0 48160088 2585216200
======================
   8      32 sdc 1841260 12978 270919616 13145428 26814800 654952111 11917639296 2570734312 1 48160132 2585216256
======================
   8      32 sdc 1841260 12978 270919616 13145428 26816416 655008089 11918100360 2570735680 0 48160968 2585217608
======================
   8      32 sdc 1841260 12978 270919616 13145428 26816843 655034893 11918318208 2570735884 0 48161096 2585217812
======================
   8      32 sdc 1841260 12978 270919616 13145428 26816843 655034893 11918318208 2570735884 0 48161096 2585217812
======================
   8      32 sdc 1841260 12978 270919616 13145428 26816843 655034893 11918318208 2570735884 0 48161096 2585217812
======================
   8      32 sdc 1841260 12978 270919616 13145428 26816843 655034893 11918318208 2570735884 0 48161096 2585217812
======================
   8      32 sdc 1841260 12978 270919616 13145428 26816843 655034893 11918318208 2570735884 0 48161096 2585217812
======================
   8      32 sdc 1841260 12978 270919616 13145428 26818660 655147702 11919219864 2570745772 31 48162068 2585228024
======================
   8      32 sdc 1841260 12978 270919616 13145428 26819279 655193370 11919536792 2570857384 137 48163068 2585354420
======================
   8      32 sdc 1841260 12978 270919616 13145428 26819838 655228880 11919823000 2570993208 141 48164072 2585490936
======================
   8      32 sdc 1841260 12978 270919616 13145428 26820216 655252044 11920017000 2571145608 131 48165076 2585636632
======================
   8      32 sdc 1841260 12978 270919616 13145428 26820986 655300001 11920408168 2571271972 131 48166076 2585770268
======================
   8      32 sdc 1841260 12978 270919616 13145428 26821550 655344702 11920689664 2571442864 288 48167080 2585992540
======================
   8      32 sdc 1841260 12978 270919616 13145428 26822144 655371875 11920991944 2571703740 128 48168084 2586200708
======================
   8      32 sdc 1841260 12978 270919616 13145428 26822712 655408617 11921282560 2571837336 145 48169088 2586336940
======================
   8      32 sdc 1841260 12978 270919616 13145428 26823321 655431757 11921470568 2571922864 149 48170092 2586479340
======================
   8      32 sdc 1841260 12978 270919616 13145428 26823321 655431757 11921470568 2571922864 149 48171096 2586628936
======================
   8      32 sdc 1841260 12978 270919616 13145428 26823321 655441774 11921470568 2571922864 308 48172100 2586922492
======================
   8      32 sdc 1841260 12978 270919616 13145428 26823895 655467772 11921763720 2572643388 148 48173104 2587204496
======================
   8      32 sdc 1841260 12978 270919616 13145428 26824769 655520861 11922204280 2572854188 146 48174108 2587348176
======================
   8      32 sdc 1841260 12978 270919616 13145428 26830237 655533301 11922412600 2572953412 0 48174720 2587435288
======================
   8      32 sdc 1841260 12978 270919616 13145428 26830237 655533301 11922412600 2572953412 0 48174720 2587435288
======================
   8      32 sdc 1841260 12978 270919616 13145428 26830523 655551106 11922557320 2572953516 0 48174796 2587435392
======================
   8      32 sdc 1841260 12978 270919616 13145428 26830523 655551106 11922557320 2572953516 0 48174796 2587435392
======================
   8      32 sdc 1841260 12978 270919616 13145428 26830523 655551106 11922557320 2572953516 0 48174796 2587435392
======================
   8      32 sdc 1841260 12978 270919616 13145428 26830523 655560808 11922557320 2572953516 154 48175108 2587475244
======================
   8      32 sdc 1841260 12978 270919616 13145428 26831227 655599364 11922917768 2573110368 62 48176112 2587594836
======================
   8      32 sdc 1841260 12978 270919616 13145428 26832117 655651321 11923371392 2573168604 1 48177076 2587650460
======================
   8      32 sdc 1841260 12978 270919616 13145428 26833094 655715406 11923871280 2573247780 44 48178080 2587730936
======================
   8      32 sdc 1841260 12978 270919616 13145428 26833742 655761938 11924201632 2573355408 136 48179084 2587852936
======================
   8      32 sdc 1841260 12978 270919616 13145428 26834189 655790290 11924429552 2573492948 141 48180088 2587991512
======================
   8      32 sdc 1841260 12978 270919616 13145428 26834764 655826013 11924723976 2573627176 133 48181092 2588125832
======================
   8      32 sdc 1841260 12978 270919616 13145428 26835325 655861752 11925009736 2573808404 142 48182096 2588306832
======================
   8      32 sdc 1841260 12978 270919616 13145428 26835886 655896388 11925295432 2573940568 134 48183100 2588438948
======================
   8      32 sdc 1841260 12978 270919616 13145428 26836575 655928062 11925567704 2574076496 152 48184104 2588575472
======================
   8      32 sdc 1841260 12978 270919616 13145428 26840661 655952134 11925778352 2574218056 136 48185108 2588715716
======================
   8      32 sdc 1841260 12978 270919616 13145428 26841195 655986028 11926052016 2574350368 141 48186112 2588849324
======================
   8      32 sdc 1841260 12978 270919616 13145428 26841789 656022906 11926353904 2574503544 136 48187112 2589000584
======================
   8      32 sdc 1841260 12978 270919616 13145428 26842826 656053364 11926640400 2574594896 70 48188116 2589138648
======================
   8      32 sdc 1841260 12978 270919616 13145428 26842903 656055456 11926677944 2574660668 27 48189120 2589166340
======================
   8      32 sdc 1841260 12978 270919616 13145428 26842968 656057536 11926708312 2574689720 0 48189316 2589171560
======================
   8      32 sdc 1841260 12978 270919616 13145428 26842968 656057536 11926708312 2574689720 0 48189316 2589171560
======================
   8      32 sdc 1841260 12978 270919616 13145428 26842968 656057536 11926708312 2574689720 0 48189316 2589171560
======================
   8      32 sdc 1841260 12978 270919616 13145428 26842968 656057536 11926708312 2574689720 0 48189316 2589171560
======================
   8      32 sdc 1841260 12978 270919616 13145428 26842968 656057536 11926708312 2574689720 0 48189316 2589171560
======================
   8      32 sdc 1841260 12978 270919616 13145428 26842968 656057536 11926708312 2574689720 0 48189316 2589171560
======================
   8      32 sdc 1841260 12978 270919616 13145428 26842969 656057536 11926708312 2574689720 0 48189316 2589171560
======================
   8      32 sdc 1841260 12978 270919616 13145428 26842969 656057536 11926708312 2574689720 0 48189316 2589171560
======================
   8      32 sdc 1841260 12978 270919616 13145428 26842969 656057536 11926708312 2574689720 0 48189316 2589171560
======================
   8      32 sdc 1841260 12978 270919616 13145428 26842969 656057536 11926708312 2574689720 0 48189316 2589171560
======================
   8      32 sdc 1841260 12978 270919616 13145428 26842969 656057536 11926708312 2574689720 0 48189316 2589171560
======================
   8      32 sdc 1841260 12978 270919616 13145428 26842969 656057536 11926708312 2574689720 0 48189316 2589171560
======================
   8      32 sdc 1841260 12978 270919616 13145428 26842969 656057536 11926708312 2574689720 0 48189316 2589171560
======================
   8      32 sdc 1841260 12978 270919616 13145428 26842969 656057536 11926708312 2574689720 0 48189316 2589171560
======================
   8      32 sdc 1841260 12978 270919616 13145428 26842969 656057536 11926708312 2574689720 0 48189316 2589171560
======================
   8      32 sdc 1841260 12978 270919616 13145428 26842969 656057536 11926708312 2574689720 0 48189316 2589171560
======================
   8      32 sdc 1841260 12978 270919616 13145428 26842969 656057536 11926708312 2574689720 0 48189316 2589171560
======================
   8      32 sdc 1841260 12978 270919616 13145428 26842969 656057536 11926708312 2574689720 0 48189316 2589171560
======================
   8      32 sdc 1841260 12978 270919616 13145428 26842969 656057536 11926708312 2574689720 0 48189316 2589171560
======================
started
   8      32 sdc 1841533 12978 270921794 13149224 26842986 656057536 11926708376 2574689720 0 48189380 2589175356
======================
   8      32 sdc 1841533 12978 270921794 13149224 26842986 656057536 11926708376 2574689720 0 48189380 2589175356
======================
   8      32 sdc 1843760 12978 270939610 13170432 26842986 656057536 11926708376 2574689720 33 48190312 2589196564
======================
   8      32 sdc 1846168 12978 270958874 13192784 26842986 656057536 11926708376 2574689720 33 48191308 2589218912
======================
   8      32 sdc 1848035 12978 270973810 13220276 26842986 656057536 11926708376 2574689720 33 48192304 2589246668
======================
   8      32 sdc 1850734 12978 270995402 13245796 26842986 656057536 11926708376 2574689720 33 48193296 2589272048
======================
   8      32 sdc 1853426 12978 271016938 13270580 26842986 656057536 11926708376 2574689720 32 48194280 2589296932
======================
   8      32 sdc 1855610 13321 271037242 13292288 26843000 656058230 11926714040 2574689828 32 48195276 2589318516
======================
   8      32 sdc 1858091 13321 271057090 13317328 26843000 656058230 11926714040 2574689828 31 48196256 2589343680
======================
   8      32 sdc 1860692 13321 271077898 13340556 26843000 656058230 11926714040 2574689828 32 48197244 2589366912
======================
   8      32 sdc 1863442 13321 271099898 13365968 26843000 656058230 11926714040 2574689828 33 48198236 2589392328
======================
   8      32 sdc 1866356 13321 271123210 13389476 26843000 656058230 11926714040 2574689828 33 48199212 2589415836
======================
   8      32 sdc 1869275 13321 271146562 13413264 26843015 656059091 11926721048 2574689916 31 48200184 2589439704
======================
   8      32 sdc 1872243 13321 271170306 13437036 26843015 656059091 11926721048 2574689916 33 48201164 2589463352
======================
   8      32 sdc 1875445 13321 271195922 13461420 26843015 656059091 11926721048 2574689916 32 48202148 2589487932
======================
   8      32 sdc 1878052 13321 271216778 13486560 26843015 656059091 11926721048 2574689916 1 48203136 2589512880
======================
   8      32 sdc 1880843 13321 271239106 13510700 26843015 656059091 11926721048 2574689916 33 48204128 2589537008
======================
   8      32 sdc 1883910 13688 271266674 13533368 26844751 656060438 11926745712 2574753856 26 48205124 2589623616
======================
   8      32 sdc 1886919 13688 271290746 13557772 26844751 656060438 11926745712 2574753856 33 48206108 2589648152
======================
   8      32 sdc 1889492 13688 271311330 13581592 26844751 656060438 11926745712 2574753856 33 48207092 2589671972
======================
   8      32 sdc 1892748 13688 271337378 13607228 26844751 656060438 11926745712 2574753856 33 48208080 2589697608
======================
   8      32 sdc 1895344 13688 271358146 13631544 26844751 656060438 11926745712 2574753856 32 48209064 2589721792
======================
   8      32 sdc 1898231 13688 271381242 13655260 26844772 656061666 11926755704 2574753960 32 48210036 2589745740
======================
   8      32 sdc 1900931 13688 271402842 13679056 26844772 656061666 11926755704 2574753960 31 48211024 2589769408
======================
   8      32 sdc 1904217 13688 271429130 13702544 26844772 656061666 11926755704 2574753960 31 48212008 2589793020
======================
   8      32 sdc 1905486 13688 271439282 13731552 26844772 656061666 11926755704 2574753960 31 48213008 2589824756
======================
   8      32 sdc 1908463 13688 271463098 13759084 26844772 656061666 11926755704 2574753960 1 48213996 2589849444
======================
   8      32 sdc 1911657 13688 271488650 13782876 26844793 656062902 11926765760 2574754328 1 48214984 2589873608
======================
   8      32 sdc 1914790 13688 271513714 13807504 26844793 656062902 11926765760 2574754328 33 48215960 2589898224
======================
   8      32 sdc 1917793 13688 271537738 13831288 26844793 656062902 11926765760 2574754328 33 48216948 2589922140
======================
   8      32 sdc 1918990 13688 271547314 13851104 26844793 656062902 11926765760 2574754328 1 48217944 2589942224
======================
   8      32 sdc 1919153 13688 271548618 13868736 26844793 656062902 11926765760 2574754328 31 48218944 2589969052
======================
   8      32 sdc 1919313 13721 271550170 13894168 26844886 656064039 11926775496 2574794972 181 48219948 2590079268
======================
   8      32 sdc 1922020 14288 271576458 13916052 26846311 656064171 11926787992 2574982596 164 48220952 2590237672
======================
   8      32 sdc 1924239 14821 271598578 13937204 26847207 656064203 11926795480 2575077188 31 48221952 2590350892
======================
   8      32 sdc 1927190 14821 271622186 13961820 26847207 656064203 11926795480 2575077188 1 48222932 2590375396
======================
   8      32 sdc 1930313 14821 271647170 13986612 26847207 656064203 11926795480 2575077188 1 48223912 2590400184
======================
   8      32 sdc 1933079 14821 271669298 14011440 26847233 656065729 11926807896 2575077300 31 48224884 2590425356
======================
   8      32 sdc 1936247 14821 271694642 14033464 26847233 656065729 11926807896 2575077300 31 48225848 2590447256
======================
   8      32 sdc 1939379 14821 271719698 14057524 26847233 656065729 11926807896 2575077300 31 48226816 2590471316
======================
   8      32 sdc 1940592 14821 271729402 14086488 26847233 656065729 11926807896 2575077300 32 48227800 2590500408
======================
   8      32 sdc 1940842 14821 271731402 14110340 26847233 656065729 11926807896 2575077300 1 48228788 2590524164
======================
   8      32 sdc 1941005 14851 271732954 14128268 26847256 656067058 11926818712 2575085824 1 48229788 2590550512
======================
   8      32 sdc 1941230 14851 271734754 14141500 26847256 656067058 11926818712 2575085824 1 48230788 2590563896
======================
   8      32 sdc 1943341 14851 271751642 14157980 26847256 656067058 11926818712 2575085824 31 48231760 2590580540
======================
   8      32 sdc 1946752 14851 271778930 14182660 26847256 656067058 11926818712 2575085824 33 48232732 2590604936
======================
   8      32 sdc 1949708 14851 271802578 14206560 26847256 656067058 11926818712 2575085824 1 48233700 2590628756
======================
   8      32 sdc 1953038 14851 271829218 14228652 26847282 656068588 11926831160 2575086320 32 48234648 2590651332
======================
   8      32 sdc 1955906 14851 271852162 14252812 26847282 656068588 11926831160 2575086320 1 48235608 2590675504
======================
   8      32 sdc 1958706 14851 271874562 14275520 26847282 656068588 11926831160 2575086320 32 48236540 2590698328
======================
   8      32 sdc 1960949 15533 271898146 14295960 26848960 656068717 11926845576 2575216972 168 48237544 2590856616
======================
   8      32 sdc 1963190 16068 271920490 14318048 26850361 656068730 11926856928 2575327212 1 48238540 2590981620
======================
   8      32 sdc 1966077 16098 271943834 14341364 26850402 656071189 11926876928 2575327224 30 48239492 2591005060
======================
   8      32 sdc 1969085 16098 271967898 14365092 26850402 656071189 11926876928 2575327224 1 48240420 2591028676
======================
   8      32 sdc 1971621 16098 271988186 14388888 26850402 656071189 11926876928 2575327224 33 48241380 2591052728
======================
   8      32 sdc 1974248 16098 272009202 14411528 26850402 656071189 11926876928 2575327224 32 48242308 2591075104
======================
   8      32 sdc 1977210 16098 272032898 14433980 26850402 656071189 11926876928 2575327224 31 48243284 2591097672
======================
   8      32 sdc 1980016 16128 272055586 14456796 26850451 656074189 11926901320 2575327388 31 48244244 2591120528
======================
   8      32 sdc 1982655 16128 272076698 14479756 26850451 656074189 11926901320 2575327388 0 48245200 2591143488
======================
   8      32 sdc 1985273 16128 272097642 14500236 26850451 656074189 11926901320 2575327388 31 48246108 2591164212
======================
   8      32 sdc 1988159 16128 272120730 14523572 26850451 656074189 11926901320 2575327388 31 48247032 2591187424
======================
   8      32 sdc 1990416 16128 272138786 14541828 26850451 656074189 11926901320 2575327388 0 48247836 2591205680
======================
   8      32 sdc 1990416 16128 272138786 14541828 26850451 656074189 11926901320 2575327388 0 48247836 2591205680
