======================
   8      32 sdc 2927554 31689 394247626 33787516 43735311 943225199 17589134080 1852774248 0 73902336 1888905928
======================
   8      32 sdc 2927554 31689 394247626 33787516 43735311 943225199 17589134080 1852774248 0 73902336 1888905928
======================
   8      32 sdc 2927557 31689 394247650 33787572 43735311 943225199 17589134080 1852774248 0 73902392 1888905984
======================
   8      32 sdc 2927557 31689 394247650 33787572 43735311 943225199 17589134080 1852774248 0 73902392 1888905984
======================
   8      32 sdc 2927557 31689 394247650 33787572 43735311 943225199 17589134080 1852774248 0 73902392 1888905984
======================
   8      32 sdc 2927564 31689 394247706 33787624 43735311 943225199 17589134080 1852774248 0 73902444 1888906036
======================
   8      32 sdc 2927564 31689 394247706 33787624 43735311 943225199 17589134080 1852774248 0 73902444 1888906036
======================
   8      32 sdc 2927564 31689 394247706 33787624 43735311 943225199 17589134080 1852774248 0 73902444 1888906036
======================
   8      32 sdc 2927564 31689 394247706 33787624 43735381 943229455 17589168688 1852774280 0 73902456 1888906068
======================
   8      32 sdc 2927564 31689 394247706 33787624 43735381 943229455 17589168688 1852774280 0 73902456 1888906068
======================
   8      32 sdc 2927564 31689 394247706 33787624 43735381 943229455 17589168688 1852774280 0 73902456 1888906068
======================
   8      32 sdc 2927564 31689 394247706 33787624 43735483 943233659 17589203136 1852780300 0 73902576 1888912088
======================
   8      32 sdc 2927564 31689 394247706 33787624 43735483 943233659 17589203136 1852780300 0 73902576 1888912088
======================
   8      32 sdc 2927564 31689 394247706 33787624 43735483 943233659 17589203136 1852780300 0 73902576 1888912088
======================
   8      32 sdc 2927564 31689 394247706 33787624 43735483 943233659 17589203136 1852780300 0 73902576 1888912088
======================
   8      32 sdc 2927564 31689 394247706 33787624 43735483 943233659 17589203136 1852780300 0 73902576 1888912088
======================
   8      32 sdc 2927564 31689 394247706 33787624 43735483 943233659 17589203136 1852780300 0 73902576 1888912088
======================
   8      32 sdc 2927564 31689 394247706 33787624 43735483 943233659 17589203136 1852780300 0 73902576 1888912088
======================
   8      32 sdc 2927564 31689 394247706 33787624 43735483 943233659 17589203136 1852780300 0 73902576 1888912088
======================
   8      32 sdc 2927564 31689 394247706 33787624 43735483 943233659 17589203136 1852780300 0 73902576 1888912088
started
======================
   8      32 sdc 2927598 31689 394247978 33788024 43735490 943233665 17589203232 1852780328 0 73902632 1888912516
======================
   8      32 sdc 2927632 31689 394248250 33788184 43735490 943233665 17589203232 1852780328 0 73902692 1888912676
======================
   8      32 sdc 2927646 31689 394248362 33788224 43735490 943233665 17589203232 1852780328 0 73902732 1888912716
======================
   8      32 sdc 2927661 31689 394248482 33788280 43735490 943233665 17589203232 1852780328 0 73902788 1888912772
======================
   8      32 sdc 2927673 31689 394248578 33788312 43735490 943233665 17589203232 1852780328 0 73902820 1888912804
======================
   8      32 sdc 2927684 31689 394248666 33788404 43735631 943242497 17589275016 1852783384 0 73902960 1888915952
======================
   8      32 sdc 2927695 31689 394248754 33788416 43735677 943245270 17589297568 1852783416 0 73902988 1888915996
======================
   8      32 sdc 2927705 31689 394248834 33788428 43735677 943245270 17589297568 1852783416 0 73903000 1888916008
======================
   8      32 sdc 2927715 31689 394248914 33788436 43735677 943245270 17589297568 1852783416 0 73903008 1888916016
======================
   8      32 sdc 2927724 31689 394248986 33788472 43735677 943245270 17589297568 1852783416 0 73903044 1888916052
======================
   8      32 sdc 2927732 31689 394249050 33788516 43735985 943263889 17589448984 1852783696 0 73903288 1888916368
======================
   8      32 sdc 2927741 31689 394249122 33788544 43736050 943267891 17589481520 1852783724 0 73903336 1888916424
======================
   8      32 sdc 2927749 31689 394249186 33788572 43736050 943267891 17589481520 1852783724 1 73903368 1888916456
======================
   8      32 sdc 2927758 31689 394249258 33788632 43736050 943267891 17589481520 1852783724 0 73903424 1888916512
======================
   8      32 sdc 2927766 31689 394249322 33788672 43736050 943267891 17589481520 1852783724 0 73903464 1888916552
======================
   8      32 sdc 2927775 31689 394249394 33788712 43736050 943267891 17589481520 1852783724 0 73903504 1888916592
======================
   8      32 sdc 2927783 31689 394249458 33788740 43736095 943270618 17589503696 1852783732 0 73903540 1888916628
======================
   8      32 sdc 2927791 31689 394249522 33788796 43736095 943270618 17589503696 1852783732 0 73903596 1888916684
======================
   8      32 sdc 2927800 31689 394249594 33788844 43736095 943270618 17589503696 1852783732 0 73903644 1888916732
======================
   8      32 sdc 2927808 31689 394249658 33788876 43736095 943270618 17589503696 1852783732 0 73903676 1888916764
======================
   8      32 sdc 2927816 31689 394249722 33788916 43736095 943270618 17589503696 1852783732 0 73903716 1888916804
======================
   8      32 sdc 2927824 31689 394249786 33788944 43736140 943273376 17589526120 1852783740 0 73903752 1888916840
======================
   8      32 sdc 2927833 31689 394249858 33788992 43736140 943273376 17589526120 1852783740 0 73903800 1888916888
======================
   8      32 sdc 2927841 31689 394249922 33789020 43736140 943273376 17589526120 1852783740 0 73903828 1888916916
======================
   8      32 sdc 2927849 31689 394249986 33789052 43736140 943273376 17589526120 1852783740 0 73903860 1888916948
======================
   8      32 sdc 2927857 31689 394250050 33789076 43736140 943273376 17589526120 1852783740 0 73903884 1888916972
======================
   8      32 sdc 2927868 31689 394250138 33789112 43736185 943276109 17589548344 1852783764 0 73903932 1888917032
======================
   8      32 sdc 2927879 31689 394250226 33789136 43736185 943276109 17589548344 1852783764 0 73903956 1888917056
======================
   8      32 sdc 2927888 31689 394250298 33789160 43736185 943276109 17589548344 1852783764 0 73903980 1888917080
======================
   8      32 sdc 2927896 31689 394250362 33789204 43736185 943276109 17589548344 1852783764 0 73904024 1888917124
======================
   8      32 sdc 2927903 31689 394250418 33789240 43736263 943281074 17589588280 1852783832 1 73904120 1888917228
======================
   8      32 sdc 2927911 31689 394250482 33789276 43736370 943287598 17589641736 1852783940 0 73904212 1888917380
======================
   8      32 sdc 2927919 31689 394250546 33789320 43736370 943287598 17589641736 1852783940 0 73904256 1888917424
======================
   8      32 sdc 2927927 31689 394250610 33789360 43736370 943287598 17589641736 1852783940 0 73904296 1888917464
======================
   8      32 sdc 2927935 31689 394250674 33789400 43736370 943287598 17589641736 1852783940 0 73904336 1888917504
======================
   8      32 sdc 2927943 31689 394250738 33789444 43736370 943287598 17589641736 1852783940 0 73904380 1888917548
======================
   8      32 sdc 2927950 31689 394250794 33789708 43737420 943352641 17590170272 1852807560 1 73905120 1888941432
======================
   8      32 sdc 2927956 31689 394250842 33789908 43738431 943414375 17590672096 1852812216 1 73906124 1888946280
======================
   8      32 sdc 2927962 31689 394250890 33790288 43739126 943465512 17591018128 1852822624 137 73907128 1888991656
======================
   8      32 sdc 2927962 31689 394250890 33790288 43739164 943468851 17591037584 1852836116 153 73908132 1889143684
======================
   8      32 sdc 2927962 31689 394250890 33790288 43739164 943468851 17591037584 1852836116 153 73909136 1889297296
======================
   8      32 sdc 2927964 31689 394250906 33792376 43739620 943496261 17591265904 1853187576 143 73910140 1889410600
======================
   8      32 sdc 2927969 31689 394250946 33793388 43740071 943514848 17591489344 1853317392 0 73910600 1889454928
======================
   8      32 sdc 2927977 31689 394251010 33793492 43740071 943514848 17591489344 1853317392 0 73910704 1889455032
======================
   8      32 sdc 2927984 31689 394251066 33793536 43740071 943514848 17591489344 1853317392 0 73910748 1889455076
======================
   8      32 sdc 2927993 31689 394251138 33793564 43740071 943514848 17591489344 1853317392 0 73910776 1889455104
======================
   8      32 sdc 2928003 31689 394251218 33793568 43740071 943514848 17591489344 1853317392 0 73910780 1889455108
======================
   8      32 sdc 2928013 31689 394251298 33793600 43740116 943517614 17591511832 1853317416 0 73910824 1889455164
======================
   8      32 sdc 2928023 31689 394251378 33793612 43740116 943517614 17591511832 1853317416 0 73910836 1889455176
======================
   8      32 sdc 2928032 31689 394251450 33793668 43740116 943517614 17591511832 1853317416 0 73910892 1889455232
======================
   8      32 sdc 2928040 31689 394251514 33793704 43740116 943517614 17591511832 1853317416 0 73910928 1889455268
======================
   8      32 sdc 2928046 31689 394251562 33793928 43740116 943517614 17591511832 1853317416 0 73911152 1889455492
======================
   8      32 sdc 2928054 31689 394251626 33793968 43740160 943520266 17591533400 1853317444 0 73911200 1889455560
======================
   8      32 sdc 2928062 31689 394251690 33794020 43740160 943520266 17591533400 1853317444 0 73911252 1889455612
======================
   8      32 sdc 2928070 31689 394251754 33794096 43740160 943520266 17591533400 1853317444 0 73911328 1889455688
======================
   8      32 sdc 2928079 31689 394251826 33794140 43740160 943520266 17591533400 1853317444 0 73911372 1889455732
======================
   8      32 sdc 2928121 31689 394252162 33794252 43740160 943520266 17591533400 1853317444 0 73911432 1889455844
======================
   8      32 sdc 2928129 31689 394252226 33794268 43740204 943522915 17591554944 1853317712 0 73911456 1889456128
======================
   8      32 sdc 2928138 31689 394252298 33794272 43740204 943522915 17591554944 1853317712 0 73911460 1889456132
======================
   8      32 sdc 2928149 31689 394252386 33794280 43740204 943522915 17591554944 1853317712 0 73911468 1889456140
======================
   8      32 sdc 2928157 31689 394252450 33794284 43740204 943522915 17591554944 1853317712 0 73911472 1889456144
======================
   8      32 sdc 2928161 31689 394252482 33794316 43740204 943522915 17591554944 1853317712 0 73911504 1889456176
======================
   8      32 sdc 2928161 31689 394252482 33794316 43740475 943539354 17591688336 1853318112 1 73911736 1889456576
