======================
   8      32 sdc 1120759 85973 115563314 7484428 6795651 84369827 1720222968 1114241160 0 8895636 1121931348
======================
   8      32 sdc 1120759 85973 115563314 7484428 6795651 84369827 1720222968 1114241160 0 8895636 1121931348
======================
   8      32 sdc 1120759 85973 115563314 7484428 6795651 84369827 1720222968 1114241160 0 8895636 1121931348
======================
   8      32 sdc 1120759 85973 115563314 7484428 6798755 84431619 1720741784 1114243892 141 8895788 1121934524
======================
   8      32 sdc 1120759 85973 115563314 7484428 6799684 84431856 1720751464 1114245316 0 8895796 1121935500
======================
   8      32 sdc 1120759 85973 115563314 7484428 6799684 84431856 1720751464 1114245316 0 8895796 1121935500
======================
   8      32 sdc 1120759 85973 115563314 7484428 6799684 84431856 1720751464 1114245316 0 8895796 1121935500
======================
   8      32 sdc 1120759 85973 115563314 7484428 6799684 84431856 1720751464 1114245316 0 8895796 1121935500
======================
   8      32 sdc 1120759 85973 115563314 7484428 6799843 84441655 1720831120 1114245388 0 8895828 1121935572
======================
   8      32 sdc 1120759 85973 115563314 7484428 6799843 84441655 1720831120 1114245388 0 8895828 1121935572
======================
   8      32 sdc 1120759 85973 115563314 7484428 6799843 84441655 1720831120 1114245388 0 8895828 1121935572
======================
   8      32 sdc 1120759 85973 115563314 7484428 6799843 84441655 1720831120 1114245388 0 8895828 1121935572
======================
   8      32 sdc 1120759 85973 115563314 7484428 6799843 84441655 1720831120 1114245388 0 8895828 1121935572
======================
   8      32 sdc 1120759 85973 115563314 7484428 6800014 84452306 1720917696 1114255840 0 8896000 1121946024
======================
   8      32 sdc 1120759 85973 115563314 7484428 6800804 84510024 1721320808 1114338652 129 8896844 1122037832
======================
   8      32 sdc 1120759 85973 115563314 7484428 6801156 84524013 1721500488 1114381852 0 8897164 1122072036
======================
   8      32 sdc 1120759 85973 115563314 7484428 6801156 84524013 1721500488 1114381852 0 8897164 1122072036
======================
   8      32 sdc 1120759 85973 115563314 7484428 6801156 84524013 1721500488 1114381852 0 8897164 1122072036
======================
   8      32 sdc 1120759 85973 115563314 7484428 6801375 84537719 1721611888 1114381948 0 8897228 1122072132
======================
   8      32 sdc 1120759 85973 115563314 7484428 6801375 84537719 1721611888 1114381948 0 8897228 1122072132
======================
   8      32 sdc 1120759 85973 115563314 7484428 6802245 84587175 1722013776 1114383800 2 8897992 1122073980
======================
   8      32 sdc 1120759 85973 115563314 7484428 6803965 84681396 1722781400 1114386204 2 8899000 1122076376
======================
   8      32 sdc 1120759 85973 115563314 7484428 6804919 84744415 1723229064 1114438008 130 8900000 1122148412
======================
   8      32 sdc 1120759 85973 115563314 7484428 6805419 84777103 1723468616 1114599676 269 8901004 1122393292
======================
   8      32 sdc 1120759 85973 115563314 7484428 6805766 84781722 1723599032 1114843008 0 8901788 1122533172
======================
   8      32 sdc 1120759 85973 115563314 7484428 6805766 84781722 1723599032 1114843008 0 8901788 1122533172
======================
   8      32 sdc 1120759 85973 115563314 7484428 6805766 84781722 1723599032 1114843008 0 8901788 1122533172
======================
   8      32 sdc 1120759 85973 115563314 7484428 6805766 84781722 1723599032 1114843008 0 8901788 1122533172
======================
   8      32 sdc 1120759 85973 115563314 7484428 6805925 84791527 1723678736 1114843028 0 8901808 1122533192
======================
   8      32 sdc 1120759 85973 115563314 7484428 6805925 84791527 1723678736 1114843028 0 8901808 1122533192
======================
   8      32 sdc 1120759 85973 115563314 7484428 6805925 84791527 1723678736 1114843028 0 8901808 1122533192
======================
   8      32 sdc 1120759 85973 115563314 7484428 6805925 84791527 1723678736 1114843028 0 8901808 1122533192
======================
   8      32 sdc 1120759 85973 115563314 7484428 6805925 84791527 1723678736 1114843028 0 8901808 1122533192
======================
   8      32 sdc 1120759 85973 115563314 7484428 6806121 84803785 1723778368 1114843108 0 8901836 1122533272
======================
   8      32 sdc 1120759 85973 115563314 7484428 6806121 84803785 1723778368 1114843108 0 8901836 1122533272
======================
   8      32 sdc 1120759 85973 115563314 7484428 6806121 84803785 1723778368 1114843108 0 8901836 1122533272
======================
   8      32 sdc 1120759 85973 115563314 7484428 6806121 84803785 1723778368 1114843108 0 8901836 1122533272
======================
   8      32 sdc 1120759 85973 115563314 7484428 6806121 84803785 1723778368 1114843108 0 8901836 1122533272
======================
   8      32 sdc 1120759 85973 115563314 7484428 6806310 84815585 1723874280 1114843156 0 8901860 1122533320
======================
   8      32 sdc 1120759 85973 115563314 7484428 6806319 84816215 1723878888 1114843168 1 8901868 1122533332
======================
   8      32 sdc 1120759 85973 115563314 7484428 6806407 84821607 1723923232 1114843280 0 8901964 1122533444
======================
   8      32 sdc 1120759 85973 115563314 7484428 6806407 84821607 1723923232 1114843280 0 8901964 1122533444
======================
   8      32 sdc 1120759 85973 115563314 7484428 6806407 84821607 1723923232 1114843280 0 8901964 1122533444
======================
   8      32 sdc 1120759 85973 115563314 7484428 6806958 84855529 1724199000 1114844000 0 8902204 1122534160
======================
   8      32 sdc 1120759 85973 115563314 7484428 6807633 84896701 1724533512 1114845516 1 8902864 1122535656
======================
   8      32 sdc 1120759 85973 115563314 7484428 6808631 84966613 1725030496 1114890652 140 8903868 1122600464
======================
   8      32 sdc 1120759 85973 115563314 7484428 6809118 84996664 1725279840 1115026876 130 8904872 1122734916
======================
   8      32 sdc 1120759 85973 115563314 7484428 6809623 85028806 1725538424 1115161736 137 8905872 1122868716
======================
   8      32 sdc 1120759 85973 115563314 7484428 6810117 85063113 1725790344 1115329088 188 8906876 1123115616
======================
   8      32 sdc 1120759 85973 115563314 7484428 6810613 85091251 1726039744 1115488664 148 8907884 1123259220
======================
   8      32 sdc 1120759 85973 115563314 7484428 6811108 85122124 1726292776 1115686400 144 8908884 1123393120
======================
   8      32 sdc 1120759 85973 115563314 7484428 6811613 85153043 1726551848 1115820748 129 8909892 1123528664
======================
   8      32 sdc 1120759 85973 115563314 7484428 6812108 85184354 1726804776 1115956588 131 8910896 1123666308
======================
   8      32 sdc 1120759 85973 115563314 7484428 6812633 85217107 1727073016 1116113656 128 8911900 1123821224
======================
   8      32 sdc 1120759 85973 115563314 7484428 6813113 85247410 1727318776 1116247420 128 8912904 1123956368
======================
   8      32 sdc 1120759 85973 115563314 7484428 6813582 85277052 1727558904 1116383632 130 8913908 1124094144
======================
   8      32 sdc 1120759 85973 115563314 7484428 6814094 85309865 1727821048 1116522980 139 8914908 1124231136
======================
   8      32 sdc 1120759 85973 115563314 7484428 6814583 85340971 1728071416 1116656088 144 8915912 1124366004
======================
   8      32 sdc 1120759 85973 115563314 7484428 6815060 85370587 1728314072 1116807596 140 8916916 1124517516
======================
   8      32 sdc 1120759 85973 115563314 7484428 6815553 85401628 1728566488 1116947224 139 8917920 1124654968
======================
   8      32 sdc 1120759 85973 115563314 7484428 6816088 85434703 1728840408 1117083912 129 8918920 1124791064
======================
   8      32 sdc 1120759 85973 115563314 7484428 6816589 85466329 1729096920 1117219136 130 8919924 1124926848
======================
   8      32 sdc 1120759 85973 115563314 7484428 6817095 85498231 1729354984 1117333164 134 8920928 1125065304
======================
   8      32 sdc 1120759 85973 115563314 7484428 6817586 85529091 1729605488 1117520532 134 8921932 1125230008
======================
   8      32 sdc 1120759 85973 115563314 7484428 6818075 85559646 1729855344 1117657936 130 8922936 1125366480
======================
   8      32 sdc 1120759 85973 115563314 7484428 6818570 85591561 1730108784 1117794028 142 8923936 1125502304
======================
   8      32 sdc 1120759 85973 115563314 7484428 6819072 85623971 1730364992 1117921428 156 8924940 1125639140
======================
   8      32 sdc 1120759 85973 115563314 7484428 6819565 85647470 1730613280 1118057464 44 8925940 1125752336
======================
   8      32 sdc 1120759 85973 115563314 7484428 6819717 85654045 1730689192 1118075120 1 8926932 1125766088
======================
   8      32 sdc 1120759 85973 115563314 7484428 6819717 85654045 1730689192 1118075120 1 8927936 1125767092
======================
   8      32 sdc 1120759 85973 115563314 7484428 6819719 85654045 1730689200 1118077420 0 8928344 1125767500
======================
   8      32 sdc 1120759 85973 115563314 7484428 6819719 85654045 1730689200 1118077420 0 8928344 1125767500
======================
   8      32 sdc 1120759 85973 115563314 7484428 6819719 85654045 1730689200 1118077420 0 8928344 1125767500
======================
   8      32 sdc 1120759 85973 115563314 7484428 6819719 85654045 1730689200 1118077420 0 8928344 1125767500
started
======================
   8      32 sdc 1120759 85973 115563314 7484428 6819719 85654045 1730689200 1118077420 0 8928344 1125767500
======================
   8      32 sdc 1120759 85973 115563314 7484428 6819719 85654045 1730689200 1118077420 1 8928596 1125767752
======================
   8      32 sdc 1120759 85973 115563314 7484428 6819719 85654045 1730689200 1118077420 1 8929600 1125768756
======================
   8      32 sdc 1122397 85973 115576418 7487288 6819719 85654045 1730689200 1118077420 1 8930592 1125770368
======================
   8      32 sdc 1126599 85973 115610034 7492492 6819719 85654045 1730689200 1118077420 1 8931552 1125775564
======================
   8      32 sdc 1130708 85973 115642906 7496524 6819719 85654045 1730689200 1118077420 0 8932528 1125779588
======================
   8      32 sdc 1134358 85973 115672106 7500016 6819719 85654045 1730689200 1118077420 32 8933520 1125783464
======================
   8      32 sdc 1138326 85973 115703850 7503232 6819719 85654045 1730689200 1118077420 1 8934488 1125786296
======================
   8      32 sdc 1141721 86003 115731258 7506008 6819732 85654732 1730694800 1118077420 1 8935456 1125789072
======================
   8      32 sdc 1144575 86003 115754090 7508872 6819732 85654732 1730694800 1118077420 1 8936400 1125791932
======================
   8      32 sdc 1146959 86003 115773162 7511576 6819732 85654732 1730694800 1118077420 1 8937352 1125794632
======================
   8      32 sdc 1149607 86003 115794346 7513380 6819732 85654732 1730694800 1118077420 1 8938340 1125796440
======================
   8      32 sdc 1151578 86003 115810114 7515352 6819732 85654732 1730694800 1118077420 1 8939316 1125798412
======================
   8      32 sdc 1153679 86003 115826922 7517820 6819746 85655495 1730701016 1118077496 1 8940296 1125800952
======================
   8      32 sdc 1156283 86003 115847754 7519212 6819746 85655495 1730701016 1118077496 1 8941264 1125802348
======================
   8      32 sdc 1158406 86003 115864738 7520576 6819746 85655495 1730701016 1118077496 1 8942228 1125803716
======================
   8      32 sdc 1159995 86003 115877450 7521864 6819746 85655495 1730701016 1118077496 1 8943164 1125804992
======================
   8      32 sdc 1161386 86003 115888578 7523196 6819746 85655495 1730701016 1118077496 1 8944156 1125806320
======================
   8      32 sdc 1162490 86080 115898026 7524220 6819761 85656322 1730707752 1118078968 1 8945140 1125808820
======================
   8      32 sdc 1164193 86080 115911650 7526016 6819761 85656322 1730707752 1118078968 1 8946108 1125810612
======================
   8      32 sdc 1165518 86080 115922250 7527688 6819761 85656322 1730707752 1118078968 0 8947092 1125812284
======================
   8      32 sdc 1166641 86080 115931234 7529012 6819761 85656322 1730707752 1118078968 1 8948056 1125813612
======================
   8      32 sdc 1167621 86080 115939074 7529996 6819761 85656322 1730707752 1118078968 1 8949004 1125814596
======================
   8      32 sdc 1168508 86093 115946274 7531608 6819775 85657101 1730714096 1118080296 1 8949980 1125817528
======================
   8      32 sdc 1169134 86240 115952498 7532600 6821974 85657285 1730733080 1118207104 143 8950984 1125954452
======================
   8      32 sdc 1169985 86240 115959306 7533756 6822575 85657322 1730738264 1118272352 1 8951980 1126011736
======================
   8      32 sdc 1170868 86240 115966370 7534716 6822575 85657322 1730738264 1118272352 1 8952936 1126012692
======================
   8      32 sdc 1171459 86240 115971098 7536052 6822575 85657322 1730738264 1118272352 1 8953888 1126014032
======================
   8      32 sdc 1172055 86240 115975866 7537028 6822589 85658088 1730744504 1118272360 1 8954852 1126015016
======================
   8      32 sdc 1172816 86240 115981954 7537992 6822589 85658088 1730744504 1118272360 1 8955808 1126015980
======================
   8      32 sdc 1173242 86240 115985362 7538972 6822589 85658088 1730744504 1118272360 1 8956756 1126016956
======================
   8      32 sdc 1173697 86240 115989002 7540188 6822589 85658088 1730744504 1118272360 1 8957732 1126018172
======================
   8      32 sdc 1174114 86240 115992338 7541124 6822589 85658088 1730744504 1118272360 1 8958676 1126019116
======================
   8      32 sdc 1174550 86240 115995826 7542108 6822604 85658912 1730751216 1118272360 1 8959656 1126020096
======================
   8      32 sdc 1175181 86240 116000874 7543092 6822604 85658912 1730751216 1118272360 1 8960624 1126021080
======================
   8      32 sdc 1175760 86240 116005506 7544428 6822604 85658912 1730751216 1118272360 1 8961588 1126022424
======================
   8      32 sdc 1176334 86240 116010098 7545588 6822604 85658912 1730751216 1118272360 1 8962560 1126023576
======================
   8      32 sdc 1176698 86240 116013010 7546556 6822604 85658912 1730751216 1118272360 1 8963528 1126024544
======================
   8      32 sdc 1177207 86240 116017082 7547552 6822618 85659724 1730757824 1118272360 0 8964488 1126025528
======================
   8      32 sdc 1177539 86240 116019738 7548528 6822618 85659724 1730757824 1118272360 1 8965456 1126026504
======================
   8      32 sdc 1177867 86240 116022362 7549488 6822618 85659724 1730757824 1118272360 1 8966412 1126027460
======================
   8      32 sdc 1178294 86240 116025778 7550428 6822618 85659724 1730757824 1118272360 1 8967340 1126028400
======================
   8      32 sdc 1178647 86240 116028602 7551392 6822618 85659724 1730757824 1118272360 1 8968312 1126029372
======================
   8      32 sdc 1179088 86240 116032130 7552404 6822633 85660563 1730764656 1118272368 1 8969276 1126030384
======================
   8      32 sdc 1179461 86240 116035114 7553360 6822633 85660563 1730764656 1118272368 1 8970224 1126031344
======================
   8      32 sdc 1179651 86240 116036634 7554344 6823309 85660666 1730770792 1118304780 136 8971208 1126072672
======================
   8      32 sdc 1179954 86269 116039298 7555348 6824497 85660720 1730780800 1118441728 132 8972208 1126206360
======================
   8      32 sdc 1180260 86298 116041986 7556300 6825608 85660774 1730790144 1118530540 1 8973212 1126292460
======================
   8      32 sdc 1180646 86298 116045074 7557252 6825622 85661586 1730796752 1118530540 1 8974164 1126293412
======================
   8      32 sdc 1180862 86298 116046802 7558248 6825622 85661586 1730796752 1118530540 1 8975144 1126294404
======================
   8      32 sdc 1181144 86298 116049058 7559212 6825622 85661586 1730796752 1118530540 1 8976108 1126295368
======================
   8      32 sdc 1181314 86298 116050418 7560160 6825622 85661586 1730796752 1118530540 1 8977060 1126296320
======================
   8      32 sdc 1181576 86298 116052514 7561148 6825622 85661586 1730796752 1118530540 1 8978032 1126297304
======================
   8      32 sdc 1181834 86298 116054578 7562116 6825636 85662383 1730803240 1118530548 0 8978992 1126298272
======================
   8      32 sdc 1182037 86298 116056202 7563064 6825636 85662383 1730803240 1118530548 1 8979940 1126299220
======================
   8      32 sdc 1182323 86298 116058490 7564040 6825636 85662383 1730803240 1118530548 1 8980916 1126300196
======================
   8      32 sdc 1182513 86298 116060010 7564976 6825636 85662383 1730803240 1118530548 1 8981856 1126301136
======================
   8      32 sdc 1182736 86298 116061794 7565956 6825636 85662383 1730803240 1118530548 1 8982836 1126302116
======================
   8      32 sdc 1182938 86298 116063410 7566940 6825650 85663148 1730809472 1118530556 1 8983816 1126303104
======================
   8      32 sdc 1183145 86298 116065066 7567908 6825650 85663148 1730809472 1118530556 1 8984784 1126304072
======================
   8      32 sdc 1183320 86298 116066466 7568868 6825650 85663148 1730809472 1118530556 1 8985744 1126305032
======================
   8      32 sdc 1183452 86298 116067522 7569432 6825650 85663148 1730809472 1118530556 0 8986308 1126305596
