======================
   8      16 sdb 37470076 525811 3234891818 75801772 62241404 381764358 17318558944 2445661132 0 22232228 2521551288
======================
   8      16 sdb 37470076 525811 3234891818 75801772 62241404 381764358 17318558944 2445661132 0 22232228 2521551288
======================
   8      16 sdb 37470076 525811 3234891818 75801772 62241413 381764851 17318562960 2445661132 0 22232228 2521551288
======================
   8      16 sdb 37470076 525811 3234891818 75801772 62241413 381764851 17318562960 2445661132 0 22232228 2521551288
======================
   8      16 sdb 37470083 525811 3234891874 75801812 62244738 381765307 17320250864 2445691052 131 22232572 2521585452
======================
   8      16 sdb 37470087 525811 3234891906 75802016 62246726 381765307 17321268720 2445821044 139 22233576 2521716600
======================
   8      16 sdb 37470091 525811 3234891938 75802260 62248623 381765307 17322239984 2445949796 140 22234580 2521842140
======================
   8      16 sdb 37470095 525811 3234891970 75802488 62250527 381765337 17323214568 2446069816 134 22235584 2521966168
======================
   8      16 sdb 37470099 525811 3234892002 75802768 62252450 381765337 17324198640 2446189892 155 22236584 2522085988
======================
   8      16 sdb 37470101 525811 3234892018 75802912 62253597 381765337 17324785904 2446320676 134 22237588 2522216944
======================
   8      16 sdb 37470104 525811 3234892042 75803156 62255066 381765354 17325533632 2446444408 155 22238592 2522341104
======================
   8      16 sdb 37470108 525811 3234892074 75803204 62256992 381765354 17326519744 2446587444 148 22239596 2522484156
======================
   8      16 sdb 37470113 525811 3234892114 75803280 62258925 381765375 17327509104 2446718100 136 22240600 2522626208
======================
   8      16 sdb 37470117 525811 3234892146 75803328 62260813 381765375 17328475760 2446871004 151 22241604 2522767624
======================
   8      16 sdb 37470120 525811 3234892170 75803392 62262818 381765375 17329502320 2447012976 142 22242608 2522908568
======================
   8      16 sdb 37470124 525811 3234892202 75803612 62264636 381765375 17330433648 2447149656 153 22243608 2523046600
======================
   8      16 sdb 37470130 525811 3234892250 75803660 62267190 381765375 17331740784 2447292972 127 22244612 2523189108
======================
   8      16 sdb 37470135 525811 3234892290 75803692 62269652 381765375 17333001840 2447434828 129 22245616 2523331544
======================
   8      16 sdb 37470139 525811 3234892322 75803748 62271574 381765375 17333985392 2447577780 129 22246620 2523474684
======================
   8      16 sdb 37470143 525811 3234892354 75803840 62273557 381765375 17335000688 2447717136 134 22247624 2523614820
======================
   8      16 sdb 37470147 525811 3234892386 75803940 62275461 381765375 17335975536 2447857136 146 22248624 2523754484
======================
   8      16 sdb 37470151 525811 3234892418 75804060 62277362 381765375 17336948848 2447995832 154 22249628 2523893388
======================
   8      16 sdb 37470155 525811 3234892450 75804208 62279290 381765375 17337935984 2448134488 152 22250632 2524030724
======================
   8      16 sdb 37470159 525811 3234892482 75804388 62281154 381765422 17338889720 2448263252 137 22251636 2524160792
======================
   8      16 sdb 37470163 525811 3234892514 75804572 62283133 381765437 17339902080 2448396924 129 22252644 2524295568
======================
   8      16 sdb 37470167 525811 3234892546 75804776 62285057 381765437 17340887168 2448529548 133 22253648 2524428008
======================
   8      16 sdb 37470170 525811 3234892570 75804940 62286978 381765437 17341870720 2448659604 56 22254648 2524556644
======================
   8      16 sdb 37470175 525811 3234892610 75805216 62288880 381765437 17342844040 2448783956 129 22255652 2524683172
======================
   8      16 sdb 37470179 525811 3234892642 75805480 62290661 381765498 17343753880 2448899492 158 22256656 2524806408
======================
   8      16 sdb 37470183 525811 3234892674 75805760 62292708 381765515 17344801440 2449032136 132 22257660 2524928916
======================
   8      16 sdb 37470186 525811 3234892698 75805984 62294634 381765515 17345786680 2449155156 89 22258660 2525054208
======================
   8      16 sdb 37470191 525811 3234892738 75806316 62296559 381765515 17346772280 2449271200 140 22259664 2525171460
======================
   8      16 sdb 37470195 525811 3234892770 75806608 62298481 381765515 17347756344 2449388344 130 22260668 2525288972
======================
   8      16 sdb 37470199 525811 3234892802 75806908 62300405 381765538 17348740608 2449504412 154 22261668 2525402784
======================
   8      16 sdb 37470202 525811 3234892826 75806996 62302262 381765554 17349690008 2449637324 146 22262672 2525538928
======================
   8      16 sdb 37470207 525811 3234892866 75807316 62304178 381765554 17350671000 2449753876 143 22263676 2525655840
======================
   8      16 sdb 37470211 525811 3234892898 75807608 62306077 381765554 17351643288 2449872940 149 22264676 2525773236
======================
   8      16 sdb 37470214 525811 3234892922 75807828 62307955 381765554 17352604824 2449997736 85 22265680 2525898152
======================
   8      16 sdb 37470218 525811 3234892954 75808116 62309930 381765577 17353615200 2450114692 141 22266684 2526016740
======================
   8      16 sdb 37470223 525811 3234892994 75808440 62311867 381765594 17354606072 2450231136 137 22267688 2526133484
======================
   8      16 sdb 37470227 525811 3234893026 75808732 62313861 381765594 17355627000 2450353728 145 22268732 2526256692
======================
   8      16 sdb 37470231 525811 3234893058 75809028 62315801 381765594 17356620280 2450475176 156 22269736 2526376524
======================
   8      16 sdb 37470234 525811 3234893082 75809248 62317637 381765594 17357560312 2450596680 135 22270736 2526501236
======================
   8      16 sdb 37470239 525811 3234893122 75809504 62319612 381765616 17358571192 2450713524 139 22271744 2526617108
======================
   8      16 sdb 37470243 525811 3234893154 75809804 62321540 381765632 17359556936 2450831776 153 22272748 2526735408
======================
   8      16 sdb 37470247 525811 3234893186 75810104 62323465 381765632 17360542536 2450953396 144 22273752 2526855812
======================
   8      16 sdb 37470250 525811 3234893210 75810328 62325390 381765632 17361528136 2451075264 66 22274756 2526978520
======================
   8      16 sdb 37470255 525811 3234893250 75810652 62327318 381765632 17362515272 2451191012 149 22275756 2527095876
======================
   8      16 sdb 37470259 525811 3234893282 75810952 62329211 381765656 17363483672 2451304296 130 22276752 2527209184
======================
   8      16 sdb 37470263 525811 3234893314 75811248 62331131 381765672 17364464824 2451427580 134 22277764 2527330440
======================
   8      16 sdb 37470266 525811 3234893338 75811480 62333058 381765672 17365451448 2451549304 84 22278768 2527454716
======================
   8      16 sdb 37470271 525811 3234893378 75811792 62334939 381765672 17366414520 2451664740 155 22279772 2527570916
======================
   8      16 sdb 37470275 525811 3234893410 75812092 62336902 381765672 17367419576 2451782908 154 22280776 2527690016
======================
   8      16 sdb 37470279 525811 3234893442 75812396 62338825 381765695 17368403328 2451901044 153 22281776 2527805448
======================
   8      16 sdb 37470282 525811 3234893466 75812624 62340751 381765712 17369388568 2452023740 75 22282776 2527930132
======================
   8      16 sdb 37470287 525811 3234893506 75812948 62342678 381765712 17370375192 2452139800 131 22283776 2528047508
======================
   8      16 sdb 37470291 525811 3234893538 75813244 62344508 381765712 17371312152 2452255256 144 22284780 2528165484
======================
   8      16 sdb 37470295 525811 3234893570 75813540 62346490 381765712 17372326936 2452381544 138 22285784 2528286508
======================
   8      16 sdb 37470298 525811 3234893594 75813768 62348416 381765734 17373312216 2452503304 92 22286784 2528411492
======================
   8      16 sdb 37470303 525811 3234893634 75814096 62350342 381765751 17374297456 2452619472 145 22287788 2528528804
======================
   8      16 sdb 37470307 525811 3234893666 75814396 62352265 381765751 17375282032 2452737656 132 22288788 2528647156
======================
   8      16 sdb 37470311 525811 3234893698 75814692 62354178 381765751 17376261488 2452862668 135 22289792 2528768592
======================
   8      16 sdb 37470314 525811 3234893722 75814912 62356126 381765751 17377258864 2452984888 64 22290800 2528893220
======================
   8      16 sdb 37470319 525811 3234893762 75815224 62358025 381765773 17378230320 2453094760 144 22291800 2529004676
======================
   8      16 sdb 37470323 525811 3234893794 75815524 62359926 381765789 17379202752 2453212932 149 22292804 2529123412
======================
   8      16 sdb 37470327 525811 3234893826 75815832 62361849 381765789 17380187328 2453336516 148 22293804 2529242840
======================
   8      16 sdb 37470330 525811 3234893850 75816060 62363773 381765789 17381172416 2453456692 101 22294804 2529367040
======================
   8      16 sdb 37470335 525811 3234893890 75816348 62365656 381765789 17382136512 2453574140 136 22295804 2529485188
======================
   8      16 sdb 37470339 525811 3234893922 75816656 62367619 381765813 17383140752 2453685676 138 22296800 2529596852
======================
   8      16 sdb 37470343 525811 3234893954 75816964 62369549 381765829 17384127024 2453808200 133 22297804 2529716588
======================
   8      16 sdb 37470346 525811 3234893978 75817192 62371445 381765829 17385097776 2453929184 115 22298808 2529841000
======================
   8      16 sdb 37470351 525811 3234894018 75817524 62373359 381765829 17386077744 2454043148 147 22299808 2529955692
======================
   8      16 sdb 37470355 525811 3234894050 75817820 62375283 381765829 17387062832 2454161228 148 22300808 2530074028
======================
   8      16 sdb 37470359 525811 3234894082 75818112 62377200 381765852 17388043512 2454284912 60 22301812 2530192900
======================
   8      16 sdb 37470362 525811 3234894106 75818340 62379134 381765869 17389032848 2454404424 110 22302816 2530318132
======================
   8      16 sdb 37470367 525811 3234894146 75818664 62381058 381765869 17390017936 2454520556 130 22303816 2530434540
======================
   8      16 sdb 37470371 525811 3234894178 75818952 62382981 381765869 17391002512 2454637740 145 22304812 2530552188
======================
   8      16 sdb 37470375 525811 3234894210 75819240 62384839 381765869 17391953808 2454760064 142 22305816 2530674524
======================
   8      16 sdb 37470378 525811 3234894234 75819252 62386779 381765891 17392947272 2454901444 146 22306816 2530816060
======================
   8      16 sdb 37470383 525811 3234894274 75819304 62388681 381765891 17393920584 2455042856 135 22307820 2530957468
======================
   8      16 sdb 37470387 525811 3234894306 75819364 62390601 381765891 17394903624 2455184744 134 22308824 2531099668
======================
   8      16 sdb 37470391 525811 3234894338 75819444 62392525 381765891 17395888712 2455326104 137 22309824 2531240032
======================
   8      16 sdb 37470394 525811 3234894362 75819516 62394450 381765891 17396874312 2455465124 138 22310828 2531379960
======================
   8      16 sdb 37470399 525811 3234894402 75819668 62396374 381765891 17397859400 2455599576 146 22311832 2531514868
======================
   8      16 sdb 37470403 525811 3234894434 75819812 62398297 381765891 17398843976 2455735564 132 22312832 2531650604
======================
   8      16 sdb 37470407 525811 3234894466 75819972 62400197 381765891 17399816776 2455873460 136 22313836 2531787532
======================
   8      16 sdb 37470410 525811 3234894490 75820108 62402099 381765891 17400790600 2456007728 148 22314840 2531923572
======================
   8      16 sdb 37470415 525811 3234894530 75820348 62404021 381765930 17401773968 2456133468 129 22315840 2532049036
======================
   8      16 sdb 37470419 525811 3234894562 75820572 62405913 381765947 17402741800 2456265484 137 22316844 2532179288
======================
   8      16 sdb 37470421 525811 3234894578 75820692 62407124 381765947 17403361832 2456341232 151 22317848 2532316212
======================
   8      16 sdb 37470425 525811 3234894610 75821244 62409183 381765978 17404413768 2456512192 151 22318852 2532425500
======================
   8      16 sdb 37470431 525811 3234894658 75821268 62411698 381765978 17405701448 2456652948 131 22319852 2532568952
======================
   8      16 sdb 37470435 525811 3234894690 75821308 62413628 381766001 17406689288 2456794772 154 22320856 2532712160
======================
   8      16 sdb 37470439 525811 3234894722 75821360 62415551 381766001 17407673864 2456938164 151 22321860 2532855108
======================
   8      16 sdb 37470441 525811 3234894738 75821392 62416534 381766001 17408177160 2457012744 134 22322864 2532993888
======================
   8      16 sdb 37470447 525811 3234894786 75821504 62419078 381766018 17409478312 2457207736 155 22323868 2533124236
======================
   8      16 sdb 37470450 525811 3234894810 75821604 62421004 381766018 17410464424 2457346456 141 22324872 2533263644
======================
   8      16 sdb 37470454 525811 3234894842 75821736 62422928 381766042 17411449200 2457483664 152 22325872 2533400772
======================
   8      16 sdb 37470458 525811 3234894874 75821896 62424849 381766042 17412432752 2457618388 137 22326876 2533535572
======================
   8      16 sdb 37470462 525811 3234894906 75821988 62426741 381766042 17413400952 2457748832 71 22327876 2533664604
======================
   8      16 sdb 37470466 525811 3234894938 75822192 62428658 381766058 17414380568 2457880456 137 22328880 2533798108
======================
   8      16 sdb 37470470 525811 3234894970 75822408 62430557 381766058 17415352856 2458009636 135 22329884 2533927440
======================
   8      16 sdb 37470474 525811 3234895002 75822648 62432485 381766080 17416339664 2458133244 131 22330888 2534049688
======================
   8      16 sdb 37470478 525811 3234895034 75822856 62434412 381766080 17417325784 2458258996 86 22331892 2534176460
======================
   8      16 sdb 37470482 525811 3234895066 75823152 62436248 381766096 17418264936 2458373724 141 22332896 2534294424
======================
   8      16 sdb 37470486 525811 3234895098 75823436 62438257 381766096 17419293544 2458496440 157 22333896 2534414924
======================
   8      16 sdb 37470490 525811 3234895130 75823732 62440181 381766096 17420278632 2458617992 155 22334900 2534534164
======================
   8      16 sdb 37470494 525811 3234895162 75823976 62442084 381766119 17421252144 2458730968 98 22335904 2534649652
======================
   8      16 sdb 37470498 525811 3234895194 75824276 62444002 381766136 17422233288 2458846388 146 22336904 2534766100
======================
   8      16 sdb 37470502 525811 3234895226 75824580 62445926 381766136 17423218376 2458965584 140 22337908 2534885716
======================
   8      16 sdb 37470506 525811 3234895258 75824868 62447850 381766136 17424203464 2459089292 141 22338908 2535005856
======================
   8      16 sdb 37470510 525811 3234895290 75825104 62449773 381766136 17425188040 2459208356 91 22339912 2535127932
======================
   8      16 sdb 37470514 525811 3234895322 75825500 62451637 381766160 17426141592 2459326792 135 22340920 2535246808
======================
   8      16 sdb 37470518 525811 3234895354 75825508 62453641 381766176 17427165752 2459468300 143 22341928 2535389388
======================
   8      16 sdb 37470522 525811 3234895386 75825540 62455566 381766176 17428151352 2459611116 134 22342932 2535532012
======================
   8      16 sdb 37470527 525811 3234895426 75825620 62457474 381766176 17429128248 2459752852 136 22343936 2535673200
======================
   8      16 sdb 37470530 525811 3234895450 75825680 62459411 381766176 17430119992 2459893632 148 22344948 2535815412
======================
   8      16 sdb 37470534 525811 3234895482 75825772 62461301 381766198 17431087344 2460033508 148 22345948 2535954668
======================
   8      16 sdb 37470538 525811 3234895514 75825884 62463256 381766198 17432088304 2460171012 138 22346952 2536092788
======================
   8      16 sdb 37470542 525811 3234895546 75826024 62465161 381766198 17433063664 2460302540 70 22347956 2536223828
======================
   8      16 sdb 37470582 525811 3234895866 75826704 62467276 381766198 17434146544 2460451656 151 22349060 2536372636
======================
   8      16 sdb 37470585 525811 3234895890 75826904 62469194 381766198 17435128056 2460576588 134 22350064 2536499360
======================
   8      16 sdb 37470589 525811 3234895922 75827208 62471097 381766220 17436101560 2460689912 135 22351068 2536613040
======================
   8      16 sdb 37470594 525811 3234895962 75827524 62473022 381766220 17437087160 2460806660 139 22352072 2536729476
======================
   8      16 sdb 37470597 525811 3234895986 75827740 62474931 381766220 17438064568 2460931476 31 22353072 2536851680
======================
   8      16 sdb 37470601 525811 3234896018 75828048 62476864 381766220 17439054264 2461051576 146 22354076 2536975420
======================
   8      16 sdb 37470605 525811 3234896050 75828356 62478786 381766220 17440038328 2461170476 143 22355080 2537094608
======================
   8      16 sdb 37470610 525811 3234896090 75828680 62480709 381766243 17441022080 2461281608 135 22356080 2537205748
======================
   8      16 sdb 37470613 525811 3234896114 75828904 62482608 381766243 17441994368 2461404864 36 22357084 2537326716
======================
   8      16 sdb 37470617 525811 3234896146 75829376 62484289 381766243 17442855040 2461509572 74 22358080 2537429564
======================
   8      16 sdb 37470621 525811 3234896178 75829656 62486434 381766243 17443953792 2461624716 155 22359080 2537550292
======================
   8      16 sdb 37470623 525811 3234896194 75829812 62487328 381766330 17444405136 2461680692 0 22359544 2537601068
======================
   8      16 sdb 37470623 525811 3234896194 75829812 62487328 381766330 17444405136 2461680692 0 22359544 2537601068
======================
   8      16 sdb 37470623 525811 3234896194 75829812 62487328 381766330 17444405136 2461680692 0 22359544 2537601068
======================
   8      16 sdb 37470623 525811 3234896194 75829812 62487328 381766330 17444405136 2461680692 0 22359544 2537601068
======================
   8      16 sdb 37470623 525811 3234896194 75829812 62487328 381766330 17444405136 2461680692 0 22359544 2537601068
started
======================
   8      16 sdb 37470623 525811 3234896194 75829812 62487328 381766330 17444405136 2461680692 0 22359544 2537601068
======================
   8      16 sdb 37470624 525811 3234896202 75829812 62487328 381766330 17444405136 2461680692 0 22359544 2537601068
======================
   8      16 sdb 37483772 525811 3235735738 75857552 62487328 381766330 17444405136 2461680692 32 22360424 2537628804
======================
   8      16 sdb 37499649 525811 3236751866 75889488 62487328 381766330 17444405136 2461680692 30 22361440 2537660804
======================
   8      16 sdb 37516109 525811 3237805754 75922536 62487328 381766330 17444405136 2461680692 31 22362492 2537693908
======================
   8      16 sdb 37532006 525811 3238824634 75954448 62487328 381766330 17444405136 2461680692 32 22363508 2537725856
======================
   8      16 sdb 37547442 525811 3239814458 75985968 62487328 381766330 17444405136 2461680692 32 22364508 2537757324
======================
   8      16 sdb 37562868 525811 3240804154 76017636 62487328 381766330 17444405136 2461680692 32 22365512 2537788988
======================
   8      16 sdb 37578399 525811 3241805690 76049196 62487330 381766331 17444405160 2461680692 32 22366516 2537820628
======================
   8      16 sdb 37594049 525811 3242812890 76080764 62487330 381766331 17444405160 2461680692 31 22367516 2537852104
======================
   8      16 sdb 37609654 525811 3243819674 76112348 62487330 381766331 17444405160 2461680692 32 22368520 2537883696
======================
   8      16 sdb 37625217 525811 3244826650 76143876 62487330 381766331 17444405160 2461680692 31 22369520 2537915196
======================
   8      16 sdb 37640780 525811 3245835482 76175460 62487330 381766331 17444405160 2461680692 32 22370524 2537946776
======================
   8      16 sdb 37656262 525811 3246839482 76207060 62487330 381766331 17444405160 2461680692 32 22371528 2537978496
======================
   8      16 sdb 37671743 525811 3247844250 76238624 62487330 381766331 17444405160 2461680692 32 22372528 2538009932
======================
   8      16 sdb 37686940 525811 3248836538 76270228 62487330 381766331 17444405160 2461680692 31 22373532 2538041520
======================
   8      16 sdb 37702349 525811 3249846490 76301820 62487330 381766331 17444405160 2461680692 32 22374536 2538073196
======================
   8      16 sdb 37717677 525811 3250855482 76333476 62487330 381766331 17444405160 2461680692 31 22375536 2538104756
======================
   8      16 sdb 37733041 525811 3251867898 76365140 62487330 381766331 17444405160 2461680692 31 22376540 2538136404
======================
   8      16 sdb 37748323 525811 3252876186 76397032 62487330 381766331 17444405160 2461680692 31 22377544 2538168316
======================
   8      16 sdb 37763538 525811 3253886778 76428808 62487330 381766331 17444405160 2461680692 31 22378548 2538200120
======================
   8      16 sdb 37778455 525811 3254880922 76460408 62487330 381766331 17444405160 2461680692 31 22379548 2538231652
======================
   8      16 sdb 37793396 525811 3255875994 76492176 62487330 381766331 17444405160 2461680692 32 22380552 2538263456
======================
   8      16 sdb 37808534 525811 3256885434 76523980 62487330 381766331 17444405160 2461680692 31 22381556 2538295272
======================
   8      16 sdb 37823704 525811 3257904698 76555888 62487330 381766331 17444405160 2461680692 32 22382564 2538327140
======================
   8      16 sdb 37838783 525811 3258919802 76587760 62487330 381766331 17444405160 2461680692 33 22383568 2538358960
======================
   8      16 sdb 37853753 525811 3259932250 76619632 62487330 381766331 17444405160 2461680692 31 22384572 2538390820
======================
   8      16 sdb 37868602 525811 3260943610 76651536 62487330 381766331 17444405160 2461680692 33 22385576 2538422768
======================
   8      16 sdb 37883179 525811 3261934426 76683256 62487330 381766331 17444405160 2461680692 32 22386580 2538454492
======================
   8      16 sdb 37897812 525811 3262933658 76715240 62487330 381766331 17444405160 2461680692 32 22387588 2538486540
======================
   8      16 sdb 37912384 525811 3263931098 76747284 62487330 381766331 17444405160 2461680692 31 22388592 2538518584
======================
   8      16 sdb 37927191 525811 3264945082 76779256 62487330 381766331 17444405160 2461680692 31 22389596 2538550552
======================
   8      16 sdb 37941939 525811 3265959322 76811256 62487330 381766331 17444405160 2461680692 32 22390600 2538582608
======================
   8      16 sdb 37956574 525811 3266971834 76843500 62487330 381766331 17444405160 2461680692 34 22391600 2538614752
======================
   8      16 sdb 37971226 525811 3267988890 76875608 62487330 381766331 17444405160 2461680692 32 22392608 2538646980
======================
   8      16 sdb 37985734 525811 3269003226 76907820 62487330 381766331 17444405160 2461680692 31 22393612 2538679240
======================
   8      16 sdb 38000056 525811 3270008538 76940156 62487330 381766331 17444405160 2461680692 34 22394616 2538711616
======================
   8      16 sdb 38014213 525811 3271007162 76972500 62487330 381766331 17444405160 2461680692 32 22395616 2538743856
======================
   8      16 sdb 38028595 525811 3272021786 77004900 62487330 381766331 17444405160 2461680692 33 22396620 2538776320
======================
   8      16 sdb 38042942 525811 3273037370 77037308 62487330 381766331 17444405160 2461680692 35 22397620 2538808776
======================
   8      16 sdb 38057282 525811 3274056602 77069972 62487330 381766331 17444405160 2461680692 32 22398624 2538841428
======================
   8      16 sdb 38071582 525811 3275077434 77102564 62487330 381766331 17444405160 2461680692 32 22399628 2538874016
======================
   8      16 sdb 38085851 525811 3276097690 77135316 62487331 381766331 17444405168 2461680692 34 22400632 2538906760
======================
   8      16 sdb 38099720 525811 3277098906 77168180 62487331 381766331 17444405168 2461680692 32 22401636 2538939644
======================
   8      16 sdb 38113835 525811 3278114714 77201216 62487331 381766331 17444405168 2461680692 31 22402640 2538972696
======================
   8      16 sdb 38127979 525811 3279134618 77234124 62487331 381766331 17444405168 2461680692 32 22403648 2539005688
======================
   8      16 sdb 38142036 525811 3280154394 77267204 62487331 381766331 17444405168 2461680692 32 22404652 2539038848
======================
   8      16 sdb 38156082 525811 3281176538 77300456 62487331 381766331 17444405168 2461680692 33 22405656 2539072092
======================
   8      16 sdb 38170022 525811 3282199994 77333784 62487331 381766331 17444405168 2461680692 33 22406656 2539105292
======================
   8      16 sdb 38183917 525811 3283220186 77366968 62487331 381766331 17444405168 2461680692 34 22407660 2539138540
======================
   8      16 sdb 38197811 525811 3284235770 77400596 62487331 381766331 17444405168 2461680692 32 22408660 2539172072
======================
   8      16 sdb 38211452 525811 3285239258 77434184 62487331 381766331 17444405168 2461680692 33 22409664 2539205676
======================
   8      16 sdb 38225370 525811 3286260090 77467776 62487331 381766331 17444405168 2461680692 33 22410668 2539239260
======================
   8      16 sdb 38239280 525811 3287281914 77501416 62487331 381766331 17444405168 2461680692 35 22411672 2539272884
======================
   8      16 sdb 38253147 525811 3288304762 77535156 62487331 381766331 17444405168 2461680692 33 22412676 2539306616
======================
   8      16 sdb 38266933 525811 3289331162 77569556 62487331 381766331 17444405168 2461680692 38 22413684 2539340976
======================
   8      16 sdb 38280643 525811 3290354618 77603536 62487331 381766331 17444405168 2461680692 34 22414688 2539374940
======================
   8      16 sdb 38294199 525811 3291363674 77637624 62487331 381766331 17444405168 2461680692 36 22415692 2539409060
======================
   8      16 sdb 38307859 525811 3292389594 77671836 62487331 381766331 17444405168 2461680692 33 22416696 2539443232
======================
   8      16 sdb 38321339 525811 3293400858 77706460 62487331 381766331 17444405168 2461680692 34 22417704 2539477852
======================
   8      16 sdb 38334907 525811 3294423866 77740940 62487331 381766331 17444405168 2461680692 35 22418708 2539512376
======================
   8      16 sdb 38348594 525811 3295448090 77775548 62487331 381766331 17444405168 2461680692 37 22419712 2539546936
======================
   8      16 sdb 38360059 525811 3296316698 77805044 62487331 381766331 17444405168 2461680692 0 22420568 2539576540
