======================
   8      16 sdb 38623495 525811 3363376034 79753736 62733255 381768301 17570251344 2477768148 0 22609268 2557617160
======================
   8      16 sdb 38623495 525811 3363376034 79753736 62733255 381768301 17570251344 2477768148 0 22609268 2557617160
======================
   8      16 sdb 38623497 525811 3363376050 79753736 62733264 381768794 17570255360 2477768148 0 22609268 2557617160
======================
   8      16 sdb 38623497 525811 3363376050 79753736 62733264 381768794 17570255360 2477768148 0 22609268 2557617160
======================
   8      16 sdb 38623501 525811 3363376082 79753756 62736181 381769249 17571733856 2477790672 0 22609520 2557639692
======================
   8      16 sdb 38623504 525811 3363376106 79753888 62737816 381769249 17572570976 2477844264 94 22610332 2557721100
======================
   8      16 sdb 38623508 525811 3363376138 79754560 62739052 381769249 17573203808 2477943660 151 22611164 2557797672
======================
   8      16 sdb 38623513 525811 3363376178 79754576 62741721 381769277 17574570056 2478086120 134 22612168 2557939608
======================
   8      16 sdb 38623518 525811 3363376218 79754624 62744032 381769277 17575753288 2478226652 154 22613172 2558081800
======================
   8      16 sdb 38623522 525811 3363376250 79754696 62745955 381769277 17576737864 2478367104 142 22614172 2558222152
======================
   8      16 sdb 38623526 525811 3363376282 79754792 62747874 381769277 17577720392 2478506564 133 22615176 2558362068
======================
   8      16 sdb 38623529 525811 3363376306 79754896 62749549 381769277 17578577992 2478647376 138 22616176 2558501148
======================
   8      16 sdb 38623534 525811 3363376346 79755020 62751681 381769277 17579669576 2478786028 77 22617180 2558639200
======================
   8      16 sdb 38623535 525811 3363376354 79755068 62752386 381769277 17580030536 2478922432 144 22618188 2558779056
======================
   8      16 sdb 38623540 525811 3363376394 79755244 62754328 381769306 17581024064 2479021404 131 22619188 2558906692
======================
   8      16 sdb 38623544 525811 3363376426 79755424 62756729 381769322 17582249472 2479179252 136 22620196 2559034908
======================
   8      16 sdb 38623549 525811 3363376466 79755656 62759294 381769322 17583562752 2479301220 131 22621196 2559158008
======================
   8      16 sdb 38623554 525811 3363376506 79755916 62761306 381769322 17584592896 2479426296 154 22622200 2559284004
======================
   8      16 sdb 38623558 525811 3363376538 79756180 62763223 381769322 17585574912 2479549940 138 22623200 2559407776
======================
   8      16 sdb 38623562 525811 3363376570 79756444 62765125 381769322 17586548224 2479676256 128 22624204 2559532880
======================
   8      16 sdb 38623565 525811 3363376594 79756652 62766947 381769351 17587480312 2479797876 130 22625208 2559659108
======================
   8      16 sdb 38623570 525811 3363376634 79756964 62768940 381769373 17588498888 2479919744 137 22626212 2559778652
======================
   8      16 sdb 38623574 525811 3363376666 79757288 62770867 381769396 17589484688 2480034904 138 22627208 2559893768
======================
   8      16 sdb 38623578 525811 3363376698 79757576 62772790 381769396 17590469264 2480156120 157 22628212 2560012528
======================
   8      16 sdb 38623581 525811 3363376722 79757792 62774713 381769396 17591453840 2480279948 80 22629212 2560138396
======================
   8      16 sdb 38623586 525811 3363376762 79758112 62776635 381769418 17592437072 2480396320 139 22630216 2560256332
======================
   8      16 sdb 38623590 525811 3363376794 79758424 62778558 381769435 17593420776 2480513140 152 22631212 2560373020
======================
   8      16 sdb 38623594 525811 3363376826 79758724 62780457 381769435 17594393064 2480636312 141 22632216 2560492848
======================
   8      16 sdb 38623597 525811 3363376850 79758948 62782357 381769435 17595365864 2480757292 120 22633220 2560617724
======================
   8      16 sdb 38623602 525811 3363376890 79759184 62784281 381769435 17596350952 2480877600 130 22634224 2560738472
======================
   8      16 sdb 38623606 525811 3363376922 79759480 62786208 381769458 17597336752 2480988396 153 22635220 2560849252
======================
   8      16 sdb 38623610 525811 3363376954 79759728 62788132 381769473 17598319944 2481113428 142 22636224 2560969964
======================
   8      16 sdb 38623613 525811 3363376978 79759952 62790052 381769473 17599302984 2481233472 111 22637228 2561094716
======================
   8      16 sdb 38623618 525811 3363377018 79760272 62791976 381769473 17600288072 2481349580 138 22638224 2561211588
======================
   8      16 sdb 38623622 525811 3363377050 79760572 62793871 381769473 17601258312 2481466844 141 22639224 2561328612
======================
   8      16 sdb 38623625 525811 3363377074 79760800 62795770 381769496 17602229776 2481587336 27 22640224 2561446292
======================
   8      16 sdb 38623629 525811 3363377106 79761104 62797505 381769513 17603117224 2481692660 134 22641224 2561568956
======================
   8      16 sdb 38623634 525811 3363377146 79761348 62799615 381769513 17604197544 2481826360 128 22642220 2561689388
======================
   8      16 sdb 38623638 525811 3363377178 79761656 62801537 381769513 17605181608 2481943196 133 22643224 2561806036
======================
   8      16 sdb 38623641 525811 3363377202 79761868 62803405 381769513 17606138024 2482063444 74 22644228 2561928080
======================
   8      16 sdb 38623645 525811 3363377234 79762196 62805388 381769535 17607152488 2482186044 129 22645228 2562049552
======================
   8      16 sdb 38623650 525811 3363377274 79762516 62807308 381769552 17608134656 2482303600 141 22646240 2562167452
======================
   8      16 sdb 38623654 525811 3363377306 79762844 62809203 381769552 17609104896 2482421064 145 22647240 2562284424
======================
   8      16 sdb 38623657 525811 3363377330 79763068 62811133 381769552 17610093056 2482545120 30 22648248 2562406504
======================
   8      16 sdb 38623661 525811 3363377362 79763376 62813053 381769552 17611076096 2482664916 135 22649248 2562529712
======================
   8      16 sdb 38623666 525811 3363377402 79763520 62814975 381769574 17612059832 2482796212 139 22650252 2562661428
======================
   8      16 sdb 38623670 525811 3363377434 79763564 62816897 381769574 17613043896 2482937872 140 22651252 2562802768
======================
   8      16 sdb 38623674 525811 3363377466 79763612 62818822 381769574 17614029496 2483079800 131 22652256 2562944696
======================
   8      16 sdb 38623677 525811 3363377490 79763664 62820719 381769574 17615000760 2483221000 135 22653260 2563086372
======================
   8      16 sdb 38623682 525811 3363377530 79763752 62822538 381769574 17615932600 2483360496 148 22654260 2563223084
======================
   8      16 sdb 38623686 525811 3363377562 79763876 62824538 381769574 17616956088 2483496084 155 22655264 2563361540
======================
   8      16 sdb 38623690 525811 3363377594 79764008 62826458 381769574 17617939128 2483635080 146 22656268 2563499988
======================
   8      16 sdb 38623693 525811 3363377618 79764124 62828382 381769574 17618924216 2483772568 129 22657268 2563638144
======================
   8      16 sdb 38623698 525811 3363377658 79764336 62830307 381769611 17619909104 2483901656 131 22658272 2563767616
======================
   8      16 sdb 38623702 525811 3363377690 79764548 62832227 381769627 17620891264 2484033536 145 22659276 2563899852
======================
   8      16 sdb 38623705 525811 3363377714 79764712 62834075 381769627 17621837440 2484165376 133 22660280 2564032168
======================
   8      16 sdb 38623709 525811 3363377746 79764948 62836028 381769627 17622837376 2484292408 155 22661280 2564158660
======================
   8      16 sdb 38623714 525811 3363377786 79765224 62837953 381769627 17623822472 2484413576 131 22662284 2564280312
======================
   8      16 sdb 38623718 525811 3363377818 79765464 62839877 381769678 17624804944 2484536848 140 22663288 2564400856
======================
   8      16 sdb 38623721 525811 3363377842 79765688 62841802 381769694 17625789664 2484657768 95 22664288 2564524752
======================
   8      16 sdb 38623725 525811 3363377874 79765992 62843727 381769694 17626775264 2484776592 132 22665292 2564644472
======================
   8      16 sdb 38623730 525811 3363377914 79766292 62845655 381769694 17627762400 2484893812 129 22666292 2564762140
======================
   8      16 sdb 38623734 525811 3363377946 79766616 62847555 381769694 17628735200 2485012480 153 22667296 2564877000
======================
   8      16 sdb 38623737 525811 3363377970 79766840 62849481 381769718 17629721000 2485129688 97 22668296 2564996060
======================
   8      16 sdb 38623741 525811 3363378002 79767152 62851384 381769735 17630693456 2485243484 128 22669296 2565112800
======================
   8      16 sdb 38623746 525811 3363378042 79767472 62853308 381769735 17631678544 2485361332 145 22670300 2565230544
======================
   8      16 sdb 38623749 525811 3363378066 79767720 62855181 381769735 17632637520 2485483104 33 22671300 2565349552
======================
   8      16 sdb 38623753 525811 3363378098 79768016 62857153 381769735 17633647184 2485601948 109 22672304 2565471688
======================
   8      16 sdb 38623757 525811 3363378130 79768320 62859072 381769758 17634629392 2485716660 154 22673300 2565585296
======================
   8      16 sdb 38623762 525811 3363378170 79768640 62860995 381769775 17635612592 2485832520 133 22674304 2565702508
======================
   8      16 sdb 38623765 525811 3363378194 79768728 62862868 381769775 17636571568 2485954056 30 22675308 2565822112
======================
   8      16 sdb 38623769 525811 3363378226 79769076 62864802 381769775 17637561776 2486070912 144 22676308 2565941880
======================
   8      16 sdb 38623773 525811 3363378258 79769376 62866654 381769775 17638510000 2486184916 158 22677308 2566061632
======================
   8      16 sdb 38623778 525811 3363378298 79769680 62868613 381769798 17639512688 2486308508 158 22678312 2566180180
======================
   8      16 sdb 38623781 525811 3363378322 79769908 62870569 381769815 17640512784 2486430108 13 22679312 2566297684
======================
   8      16 sdb 38623785 525811 3363378354 79770216 62872489 381769815 17641495824 2486549840 141 22680316 2566422116
======================
   8      16 sdb 38623789 525811 3363378386 79770520 62874409 381769815 17642478864 2486668568 151 22681320 2566541300
======================
   8      16 sdb 38623794 525811 3363378426 79770848 62876308 381769815 17643451664 2486787212 141 22682320 2566657880
======================
   8      16 sdb 38623797 525811 3363378450 79771080 62878207 381769838 17644423440 2486907976 56 22683324 2566779044
======================
   8      16 sdb 38623801 525811 3363378482 79771416 62880137 381769855 17645409912 2487023020 137 22684328 2566896268
======================
   8      16 sdb 38623805 525811 3363378514 79771720 62882076 381769855 17646402168 2487142156 140 22685340 2567015972
======================
   8      16 sdb 38623810 525811 3363378554 79772044 62884006 381769855 17647390328 2487260820 139 22686344 2567132888
======================
   8      16 sdb 38623813 525811 3363378578 79772268 62885923 381769855 17648371832 2487381908 24 22687352 2567252532
======================
   8      16 sdb 38623817 525811 3363378610 79772572 62887846 381769877 17649356408 2487501076 21 22688352 2567371724
======================
   8      16 sdb 38623821 525811 3363378642 79772852 62889744 381769893 17650326472 2487615652 153 22689356 2567490296
======================
   8      16 sdb 38623826 525811 3363378682 79773172 62891638 381769893 17651296200 2487737104 146 22690352 2567607988
======================
   8      16 sdb 38623829 525811 3363378706 79773396 62893561 381769893 17652280776 2487855656 70 22691352 2567729504
======================
   8      16 sdb 38623833 525811 3363378738 79773700 62895486 381769893 17653266376 2487974564 146 22692352 2567850200
======================
   8      16 sdb 38623837 525811 3363378770 79774000 62897413 381769916 17654252680 2488092964 82 22693356 2567963748
======================
   8      16 sdb 38623840 525811 3363378794 79774228 62899256 381769933 17655194920 2488212812 11 22694360 2568084356
======================
   8      16 sdb 38623845 525811 3363378834 79774528 62900920 381769933 17656046888 2488303064 149 22695360 2568205052
======================
   8      16 sdb 38623849 525811 3363378866 79774696 62902960 381769933 17657091368 2488457440 146 22696364 2568333464
======================
   8      16 sdb 38623852 525811 3363378890 79774924 62904860 381769933 17658064168 2488581804 39 22697368 2568455932
======================
   8      16 sdb 38623856 525811 3363378922 79775232 62906783 381769955 17659048416 2488699380 142 22698368 2568572596
======================
   8      16 sdb 38623861 525811 3363378962 79775548 62908710 381769971 17660033656 2488809960 136 22699368 2568687292
======================
   8      16 sdb 38623865 525811 3363378994 79775852 62910634 381769971 17661018744 2488929220 135 22700368 2568806988
======================
   8      16 sdb 38623869 525811 3363379026 79776140 62912555 381769971 17662002296 2489054936 59 22701368 2568927644
======================
   8      16 sdb 38623872 525811 3363379050 79776356 62914485 381769971 17662990456 2489175040 114 22702372 2569052748
======================
   8      16 sdb 38623877 525811 3363379090 79776680 62916395 381769996 17663968072 2489285736 134 22703376 2569162632
======================
   8      16 sdb 38623881 525811 3363379122 79776980 62918308 381770012 17664944632 2489403232 143 22704380 2569281612
======================
   8      16 sdb 38623885 525811 3363379154 79777276 62920247 381770012 17665937400 2489528800 118 22705388 2569402892
======================
   8      16 sdb 38623888 525811 3363379178 79777504 62922097 381770012 17666884600 2489646520 145 22706392 2569528164
======================
   8      16 sdb 38623893 525811 3363379218 79777812 62924099 381770012 17667909624 2489763372 131 22707392 2569642724
======================
   8      16 sdb 38623897 525811 3363379250 79778108 62926025 381770035 17668895416 2489881140 133 22708396 2569760780
======================
   8      16 sdb 38623901 525811 3363379282 79778396 62927958 381770052 17669883736 2490004048 134 22709400 2569881000
======================
   8      16 sdb 38623904 525811 3363379306 79778616 62929861 381770052 17670858072 2490126456 109 22710404 2570006392
======================
   8      16 sdb 38623909 525811 3363379346 79778948 62931778 381770052 17671839576 2490240652 154 22711412 2570121264
======================
   8      16 sdb 38623913 525811 3363379378 79779160 62933638 381770052 17672791896 2490361372 149 22712416 2570245076
======================
   8      16 sdb 38623917 525811 3363379410 79779396 62935602 381770074 17673797136 2490487420 33 22713420 2570363280
======================
   8      16 sdb 38623920 525811 3363379434 79779628 62937533 381770090 17674784424 2490607336 121 22714424 2570488524
======================
   8      16 sdb 38623925 525811 3363379474 79779960 62939457 381770090 17675769512 2490720860 136 22715424 2570602708
======================
   8      16 sdb 38623929 525811 3363379506 79780252 62941381 381770090 17676754600 2490839232 155 22716420 2570721052
======================
   8      16 sdb 38623933 525811 3363379538 79780556 62943304 381770090 17677739176 2490962704 153 22717424 2570840676
======================
   8      16 sdb 38623936 525811 3363379562 79780640 62945008 381770114 17678611312 2491097564 143 22718424 2570979440
======================
   8      16 sdb 38623941 525811 3363379602 79780972 62946930 381770131 17679594872 2491214396 144 22719432 2571094716
======================
   8      16 sdb 38623944 525811 3363379626 79781192 62948852 381770131 17680577560 2491337436 71 22720436 2571218900
======================
   8      16 sdb 38623948 525811 3363379658 79781496 62950777 381770131 17681563672 2491456860 140 22721436 2571340044
======================
   8      16 sdb 38623952 525811 3363379690 79781800 62952710 381770131 17682552856 2491577208 132 22722444 2571460640
======================
   8      16 sdb 38623957 525811 3363379730 79782064 62954634 381770153 17683537112 2491691360 131 22723444 2571573500
======================
   8      16 sdb 38623960 525811 3363379754 79782268 62956565 381770168 17684524392 2491816156 43 22724452 2571697548
======================
   8      16 sdb 38623999 525811 3363380066 79783068 62958426 381770168 17685478248 2491934916 117 22725452 2571820696
======================
   8      16 sdb 38624003 525811 3363380098 79783380 62960383 381770168 17686479208 2492056024 138 22726456 2571940916
======================
   8      16 sdb 38624008 525811 3363380138 79783712 62962289 381770168 17687455080 2492172872 151 22727460 2572055580
======================
   8      16 sdb 38624011 525811 3363380162 79783936 62964214 381770191 17688439856 2492289984 76 22728460 2572174116
======================
   8      16 sdb 38624015 525811 3363380194 79784240 62966140 381770191 17689425968 2492409216 143 22729464 2572295312
======================
   8      16 sdb 38624019 525811 3363380226 79784544 62967885 381770191 17690319408 2492520996 157 22730468 2572416960
======================
   8      16 sdb 38624024 525811 3363380266 79784848 62969986 381770191 17691395120 2492648724 137 22731468 2572533384
======================
   8      16 sdb 38624027 525811 3363380290 79785076 62971915 381770191 17692382768 2492771880 55 22732468 2572656432
======================
   8      16 sdb 38624031 525811 3363380322 79785388 62973814 381770215 17693354744 2492887788 148 22733472 2572774836
======================
   8      16 sdb 38624035 525811 3363380354 79785704 62975716 381770215 17694328064 2493006676 136 22734476 2572894132
======================
   8      16 sdb 38624040 525811 3363380394 79786040 62977639 381770215 17695312640 2493124780 139 22735476 2573008660
======================
   8      16 sdb 38624043 525811 3363380418 79786252 62979183 381770275 17696097592 2493221900 0 22736276 2573104392
======================
   8      16 sdb 38624043 525811 3363380418 79786252 62979184 381770275 17696097592 2493221900 0 22736276 2573104392
======================
   8      16 sdb 38624043 525811 3363380418 79786252 62979184 381770275 17696097592 2493221900 0 22736276 2573104392
======================
   8      16 sdb 38624043 525811 3363380418 79786252 62979184 381770275 17696097592 2493221900 0 22736276 2573104392
======================
   8      16 sdb 38624043 525811 3363380418 79786252 62979184 381770275 17696097592 2493221900 0 22736276 2573104392
======================
   8      16 sdb 38624043 525811 3363380418 79786252 62979184 381770275 17696097592 2493221900 0 22736276 2573104392
started
======================
   8      16 sdb 38624044 525811 3363380426 79786252 62979184 381770275 17696097592 2493221900 0 22736276 2573104392
======================
   8      16 sdb 38624419 525811 3363553274 79787976 62979184 381770275 17696097592 2493221900 44 22736484 2573112124
======================
   8      16 sdb 38626496 525811 3364616698 79847608 62979184 381770275 17696097592 2493221900 42 22737488 2573166460
======================
   8      16 sdb 38628661 525811 3365725178 79901096 62979184 381770275 17696097592 2493221900 58 22738488 2573219884
======================
   8      16 sdb 38630850 525811 3366845690 79954396 62979184 381770275 17696097592 2493221900 47 22739492 2573273036
======================
   8      16 sdb 38633019 525811 3367956218 80007072 62979184 381770275 17696097592 2493221900 49 22740496 2573325900
======================
   8      16 sdb 38635214 525811 3369080058 80059992 62979184 381770275 17696097592 2493221900 53 22741496 2573378784
======================
   8      16 sdb 38637398 525811 3370198266 80112956 62979186 381770276 17696097616 2493221900 56 22742500 2573431848
======================
   8      16 sdb 38639582 525811 3371316474 80166116 62979186 381770276 17696097616 2493221900 52 22743500 2573484796
======================
   8      16 sdb 38641780 525811 3372441850 80219304 62979186 381770276 17696097616 2493221900 56 22744504 2573538076
======================
   8      16 sdb 38643983 525811 3373569530 80272216 62979186 381770276 17696097616 2493221900 51 22745504 2573590900
======================
   8      16 sdb 38646179 525811 3374693882 80325236 62979186 381770276 17696097616 2493221900 50 22746508 2573643996
======================
   8      16 sdb 38648363 525811 3375812090 80378196 62979186 381770276 17696097616 2493221900 55 22747508 2573696988
======================
   8      16 sdb 38650539 525811 3376926202 80431376 62979186 381770276 17696097616 2493221900 49 22748512 2573750196
======================
   8      16 sdb 38652733 525811 3378049530 80484124 62979186 381770276 17696097616 2493221900 55 22749512 2573802892
======================
   8      16 sdb 38654916 525811 3379167226 80537204 62979186 381770276 17696097616 2493221900 53 22750516 2573855968
======================
   8      16 sdb 38657116 525811 3380293626 80590160 62979186 381770276 17696097616 2493221900 54 22751516 2573908876
======================
   8      16 sdb 38659320 525811 3381422074 80643012 62979186 381770276 17696097616 2493221900 53 22752520 2573961908
======================
   8      16 sdb 38661541 525811 3382559226 80695780 62979186 381770276 17696097616 2493221900 54 22753520 2574014496
======================
   8      16 sdb 38663737 525811 3383683578 80748800 62979186 381770276 17696097616 2493221900 54 22754524 2574067588
======================
   8      16 sdb 38665924 525811 3384803322 80801636 62979186 381770276 17696097616 2493221900 53 22755524 2574120348
======================
   8      16 sdb 38668108 525811 3385921530 80853936 62979186 381770276 17696097616 2493221900 55 22756528 2574172796
======================
   8      16 sdb 38670319 525811 3387053562 80906676 62979186 381770276 17696097616 2493221900 50 22757528 2574225340
======================
   8      16 sdb 38672531 525811 3388186106 80958996 62979186 381770276 17696097616 2493221900 53 22758532 2574277748
======================
   8      16 sdb 38674728 525811 3389310714 81011248 62979186 381770276 17696097616 2493221900 52 22759532 2574329992
======================
   8      16 sdb 38676905 525811 3390425338 81063896 62979186 381770276 17696097616 2493221900 52 22760536 2574382680
======================
   8      16 sdb 38679101 525811 3391549690 81116528 62979186 381770276 17696097616 2493221900 52 22761536 2574435128
======================
   8      16 sdb 38681302 525811 3392676602 81169220 62979186 381770276 17696097616 2493221900 48 22762540 2574487892
======================
   8      16 sdb 38683488 525811 3393795834 81221608 62979186 381770276 17696097616 2493221900 53 22763540 2574540196
======================
   8      16 sdb 38685684 525811 3394920186 81273924 62979186 381770276 17696097616 2493221900 49 22764544 2574592648
======================
   8      16 sdb 38687867 525811 3396037882 81326624 62979186 381770276 17696097616 2493221900 53 22765548 2574645412
======================
   8      16 sdb 38690053 525811 3397157114 81379220 62979186 381770276 17696097616 2493221900 50 22766548 2574697876
======================
   8      16 sdb 38692241 525811 3398277370 81431228 62979186 381770276 17696097616 2493221900 54 22767552 2574749940
======================
   8      16 sdb 38694431 525811 3399398650 81483712 62979186 381770276 17696097616 2493221900 56 22768556 2574802592
======================
   8      16 sdb 38696633 525811 3400526074 81535712 62979186 381770276 17696097616 2493221900 48 22769556 2574854388
======================
   8      16 sdb 38698833 525811 3401652474 81588464 62979186 381770276 17696097616 2493221900 52 22770560 2574907240
======================
   8      16 sdb 38701027 525811 3402775802 81640668 62979186 381770276 17696097616 2493221900 54 22771560 2574959388
======================
   8      16 sdb 38703218 525811 3403897594 81693248 62979187 381770276 17696097624 2493221924 49 22772564 2575012024
======================
   8      16 sdb 38705415 525811 3405022458 81745492 62979187 381770276 17696097624 2493221924 54 22773568 2575064308
======================
   8      16 sdb 38707611 525811 3406146810 81797436 62979187 381770276 17696097624 2493221924 50 22774568 2575116104
======================
   8      16 sdb 38709809 525811 3407272186 81849400 62979187 381770276 17696097624 2493221924 56 22775572 2575168188
======================
   8      16 sdb 38712010 525811 3408398330 81902072 62979187 381770276 17696097624 2493221924 54 22776572 2575220728
======================
   8      16 sdb 38714190 525811 3409514490 81954376 62979187 381770276 17696097624 2493221924 51 22777576 2575273000
======================
   8      16 sdb 38716378 525811 3410634746 82006340 62979187 381770276 17696097624 2493221924 46 22778576 2575324908
======================
   8      16 sdb 38718563 525811 3411753466 82058216 62979187 381770276 17696097624 2493221924 50 22779580 2575376952
======================
   8      16 sdb 38720761 525811 3412878842 82109400 62979187 381770276 17696097624 2493221924 54 22780580 2575428108
======================
   8      16 sdb 38722957 525811 3414003194 82161228 62979187 381770276 17696097624 2493221924 54 22781584 2575479852
======================
   8      16 sdb 38725157 525811 3415129594 82213360 62979187 381770276 17696097624 2493221924 51 22782588 2575532056
======================
   8      16 sdb 38727339 525811 3416246778 82265196 62979187 381770276 17696097624 2493221924 52 22783592 2575583936
======================
   8      16 sdb 38729537 525811 3417372154 82316780 62979187 381770276 17696097624 2493221924 49 22784592 2575635420
======================
   8      16 sdb 38731730 525811 3418494970 82367952 62979187 381770276 17696097624 2493221924 52 22785596 2575686624
======================
   8      16 sdb 38733927 525811 3419619834 82419400 62979187 381770276 17696097624 2493221924 48 22786596 2575737964
======================
   8      16 sdb 38736113 525811 3420739066 82470408 62979187 381770276 17696097624 2493221924 47 22787600 2575789044
======================
   8      16 sdb 38738327 525811 3421872634 82521856 62979187 381770276 17696097624 2493221924 52 22788600 2575840468
======================
   8      16 sdb 38740512 525811 3422991354 82573044 62979187 381770276 17696097624 2493221924 49 22789604 2575891720
======================
   8      16 sdb 38742684 525811 3424103418 82624068 62979187 381770276 17696097624 2493221924 49 22790604 2575942680
======================
   8      16 sdb 38744880 525811 3425227770 82675224 62979187 381770276 17696097624 2493221924 52 22791608 2575993944
======================
   8      16 sdb 38747078 525811 3426353146 82726396 62979187 381770276 17696097624 2493221924 46 22792608 2576044864
======================
   8      16 sdb 38749336 525811 3427509242 82779164 62979187 381770276 17696097624 2493221924 49 22793644 2576097788
======================
   8      16 sdb 38751566 525811 3428651002 82831072 62979187 381770276 17696097624 2493221924 54 22794660 2576149668
======================
   8      16 sdb 38753794 525811 3429791738 82882972 62979187 381770276 17696097624 2493221924 50 22795676 2576201632
======================
   8      16 sdb 38755979 525811 3430910370 82934036 62979187 381770276 17696097624 2493221924 51 22796680 2576252868
======================
   8      16 sdb 38757351 525811 3431612834 82965752 62979187 381770276 17696097624 2493221924 0 22797304 2576283804
