======================
   8      16 sdb 32503874 525732 3106404458 73509764 60259866 381747444 16305486040 2319693332 0 20940144 2393271092
======================
   8      16 sdb 32503874 525732 3106404458 73509764 60259866 381747444 16305486040 2319693332 0 20940144 2393271092
======================
   8      16 sdb 32503910 525732 3106404746 73509764 60259867 381747444 16305486048 2319693332 0 20940144 2393271092
======================
   8      16 sdb 32503910 525732 3106404746 73509764 60259867 381747444 16305486048 2319693332 0 20940144 2393271092
======================
   8      16 sdb 32503910 525732 3106404746 73509764 60259867 381747444 16305486048 2319693332 0 20940144 2393271092
======================
   8      16 sdb 32503910 525732 3106404746 73509764 60259872 381747687 16305488032 2319693336 0 20940148 2393271096
======================
   8      16 sdb 32503910 525732 3106404746 73509764 60259872 381747687 16305488032 2319693336 0 20940148 2393271096
======================
started
   8      16 sdb 32503910 525732 3106404746 73509764 60259898 381747907 16305489992 2319693336 0 20940148 2393271096
======================
   8      16 sdb 32503948 525732 3106405050 73509844 60259898 381747907 16305489992 2319693336 0 20940152 2393271176
======================
   8      16 sdb 32503948 525732 3106405050 73509844 60259898 381747907 16305489992 2319693336 0 20940152 2393271176
======================
   8      16 sdb 32503948 525732 3106405050 73509844 60259898 381747907 16305489992 2319693336 0 20940152 2393271176
======================
   8      16 sdb 32503952 525732 3106405082 73509876 60260937 381747907 16306022472 2319703412 17 20940260 2393281284
======================
   8      16 sdb 32503959 525732 3106405138 73510132 60264422 381747907 16307806280 2319815576 85 20941260 2393397692
======================
   8      16 sdb 32503963 525732 3106405170 73510428 60266396 381747927 16308816968 2319935776 95 20942264 2393518860
======================
   8      16 sdb 32503967 525732 3106405202 73510688 60268327 381747937 16309801848 2320051084 133 20943268 2393635236
======================
   8      16 sdb 32503972 525732 3106405242 73511012 60270253 381747937 16310787960 2320166628 128 20944272 2393750532
======================
   8      16 sdb 32503975 525732 3106405266 73511252 60272151 381747937 16311759736 2320288756 44 20945276 2393870736
======================
   8      16 sdb 32503979 525732 3106405298 73511556 60274073 381747937 16312744312 2320405952 154 20946272 2393990400
======================
   8      16 sdb 32503983 525732 3106405330 73511852 60276000 381747960 16313730424 2320525404 67 20947276 2394108636
======================
   8      16 sdb 32503988 525732 3106405370 73512172 60277924 381747977 16314713816 2320635392 140 20948276 2394219752
======================
   8      16 sdb 32503991 525732 3106405394 73512408 60279845 381747977 16315697368 2320759932 34 20949280 2394342468
======================
   8      16 sdb 32503995 525732 3106405426 73512712 60281772 381747977 16316683992 2320879820 132 20950284 2394465688
======================
   8      16 sdb 32503999 525732 3106405458 73513004 60283698 381747977 16317670104 2321000084 148 20951288 2394586192
======================
   8      16 sdb 32504004 525732 3106405498 73513304 60285600 381748001 16318643616 2321116068 155 20952284 2394699920
======================
   8      16 sdb 32504007 525732 3106405522 73513532 60287503 381748017 16319617448 2321238756 62 20953284 2394823740
======================
   8      16 sdb 32504011 525732 3106405554 73513836 60289432 381748017 16320603208 2321358024 139 20954284 2394945160
======================
   8      16 sdb 32504015 525732 3106405586 73514132 60291355 381748017 16321587784 2321477292 135 20955288 2395064776
======================
   8      16 sdb 32504020 525732 3106405626 73514448 60293280 381748017 16322573384 2321593120 150 20956288 2395179276
======================
   8      16 sdb 32504023 525732 3106405650 73514688 60295206 381748039 16323559496 2321717556 41 20957292 2395302564
======================
   8      16 sdb 32504027 525732 3106405682 73514984 60297130 381748039 16324543752 2321838380 142 20958296 2395426300
======================
   8      16 sdb 32504031 525732 3106405714 73515288 60299035 381748056 16325518240 2321958308 139 20959300 2395546700
======================
   8      16 sdb 32504036 525732 3106405754 73515600 60300949 381748056 16326498208 2322073740 145 20960304 2395661012
======================
   8      16 sdb 32504039 525732 3106405778 73515828 60302879 381748056 16327486368 2322197572 50 20961308 2395784200
======================
   8      16 sdb 32504043 525732 3106405810 73516132 60304802 381748078 16328470944 2322316584 15 20962308 2395901508
======================
   8      16 sdb 32504047 525732 3106405842 73516440 60306729 381748078 16329456736 2322430280 147 20963312 2396019952
======================
   8      16 sdb 32504052 525732 3106405882 73516760 60308654 381748094 16330441456 2322545088 154 20964308 2396133776
======================
   8      16 sdb 32504055 525732 3106405906 73516972 60310580 381748094 16331427568 2322669064 33 20965308 2396255872
======================
   8      16 sdb 32504059 525732 3106405938 73517220 60312477 381748094 16332398832 2322789576 137 20966316 2396380056
======================
   8      16 sdb 32504063 525732 3106405970 73517504 60314380 381748118 16333372856 2322907848 145 20967316 2396494056
======================
   8      16 sdb 32504068 525732 3106406010 73517844 60316278 381748118 16334344128 2323018728 150 20968320 2396605360
======================
   8      16 sdb 32504071 525732 3106406034 73518068 60318207 381748135 16335330400 2323140024 91 20969320 2396730348
======================
   8      16 sdb 32504075 525732 3106406066 73518376 60320134 381748135 16336317024 2323259152 137 20970324 2396850412
======================
   8      16 sdb 32504079 525732 3106406098 73518668 60322060 381748135 16337303136 2323377752 128 20971324 2396969224
======================
   8      16 sdb 32504084 525732 3106406138 73518964 60323982 381748157 16338286872 2323495860 140 20972324 2397084856
======================
   8      16 sdb 32504087 525732 3106406162 73519180 60325906 381748157 16339271456 2323617276 74 20973328 2397208168
======================
   8      16 sdb 32504091 525732 3106406194 73519472 60327831 381748173 16340255672 2323735804 156 20974324 2397328180
======================
   8      16 sdb 32504095 525732 3106406226 73519748 60329731 381748173 16341228472 2323854512 145 20975328 2397447208
======================
   8      16 sdb 32504100 525732 3106406266 73520060 60331656 381748173 16342214072 2323971892 128 20976332 2397561956
======================
   8      16 sdb 32504103 525732 3106406290 73520292 60333582 381748195 16343199856 2324089900 82 20977332 2397680680
======================
   8      16 sdb 32504107 525732 3106406322 73520588 60335511 381748211 16344186120 2324207252 128 20978332 2397800488
======================
   8      16 sdb 32504111 525732 3106406354 73520888 60337438 381748211 16345172744 2324326968 142 20979336 2397920536
======================
   8      16 sdb 32504116 525732 3106406394 73521212 60339362 381748211 16346157832 2324445328 138 20980340 2398037364
======================
   8      16 sdb 32504119 525732 3106406418 73521428 60341273 381748211 16347136776 2324568024 74 20981340 2398160948
======================
   8      16 sdb 32504123 525732 3106406450 73521720 60343174 381748235 16348109264 2324681472 134 20982344 2398275308
======================
   8      16 sdb 32504127 525732 3106406482 73522060 60345080 381748252 16349083256 2324798232 134 20983348 2398392996
======================
   8      16 sdb 32504132 525732 3106406522 73522372 60347005 381748252 16350068856 2324915616 149 20984344 2398506832
======================
   8      16 sdb 32504135 525732 3106406546 73522604 60348926 381748252 16351052920 2325036468 106 20985348 2398631712
======================
   8      16 sdb 32504139 525732 3106406578 73522896 60350853 381748252 16352039032 2325155244 152 20986348 2398751140
======================
   8      16 sdb 32504143 525732 3106406610 73523200 60352776 381748275 16353023288 2325272772 137 20987352 2398868968
======================
   8      16 sdb 32504148 525732 3106406650 73523528 60354700 381748275 16354007872 2325390120 139 20988352 2398982772
======================
   8      16 sdb 32504151 525732 3106406674 73523732 60356602 381748292 16354980824 2325509524 114 20989356 2399105776
======================
   8      16 sdb 32504155 525732 3106406706 73524048 60358501 381748292 16355953112 2325627504 153 20990360 2399224072
======================
   8      16 sdb 32504159 525732 3106406738 73524332 60360426 381748292 16356938712 2325746688 139 20991360 2399343672
======================
   8      16 sdb 32504164 525732 3106406778 73524500 60362353 381748314 16357924504 2325876136 44 20992364 2399468124
======================
   8      16 sdb 32504167 525732 3106406802 73524728 60364284 381748329 16358911784 2325995720 117 20993368 2399593084
======================
   8      16 sdb 32504171 525732 3106406834 73525028 60366210 381748329 16359897896 2326114524 132 20994368 2399712436
======================
   8      16 sdb 32504175 525732 3106406866 73525320 60368136 381748329 16360884008 2326233396 146 20995372 2399831748
======================
   8      16 sdb 32504180 525732 3106406906 73525640 60370035 381748329 16361856296 2326352324 31 20996372 2399945424
======================
   8      16 sdb 32504183 525732 3106406930 73525880 60371875 381748353 16362798064 2326465788 151 20997376 2400059920
======================
   8      16 sdb 32504187 525732 3106406962 73526188 60373871 381748370 16363818136 2326581036 144 20998380 2400179588
======================
   8      16 sdb 32504191 525732 3106406994 73526492 60375793 381748370 16364802200 2326700768 141 20999384 2400299900
