======================
   8      16 sdb 30575481 416839 2607771218 62833852 54994131 370220256 15031523840 2154074728 0 19049656 2216969624
======================
   8      16 sdb 30575481 416839 2607771218 62833852 54994131 370220256 15031523840 2154074728 0 19049656 2216969624
======================
   8      16 sdb 30575482 416839 2607771226 62833868 54994131 370220256 15031523840 2154074728 0 19049672 2216969640
======================
   8      16 sdb 30575482 416839 2607771226 62833868 54994133 370220261 15031523896 2154074728 0 19049672 2216969640
======================
   8      16 sdb 30575482 416839 2607771226 62833868 54994133 370220261 15031523896 2154074728 0 19049672 2216969640
======================
   8      16 sdb 30586576 416839 2607859978 62839336 54994133 370220261 15031523896 2154074728 16 19049948 2216975108
======================
   8      16 sdb 30612517 416839 2608067506 62848836 54994133 370220261 15031523896 2154074728 0 19050520 2216984604
======================
   8      16 sdb 30616968 416839 2608103114 62849668 54994133 370220261 15031523896 2154074728 0 19050624 2216985432
======================
   8      16 sdb 30617251 416839 2608105378 62849700 54995164 370285002 15032050064 2154075132 0 19050844 2216985852
======================
   8      16 sdb 30617371 416839 2608106338 62850124 54995166 370285002 15032050072 2154075132 1 19051288 2216986296
======================
   8      16 sdb 30617407 416839 2608106626 62851016 54995166 370285002 15032050072 2154075132 1 19052168 2216987176
======================
   8      16 sdb 30617630 416839 2608108410 62851224 54995166 370285002 15032050072 2154075132 0 19052368 2216987376
======================
   8      16 sdb 30617822 416839 2608109946 62851244 54996195 370349743 15032576232 2154166268 0 19053104 2217078524
======================
   8      16 sdb 30617822 416839 2608109946 62851244 55012709 370350200 15032711232 2154349520 296 19054008 2217274148
======================
   8      16 sdb 30617875 416839 2608110370 62851392 55042064 370361814 15033037160 2154587956 150 19055040 2217506800
======================
   8      16 sdb 30618088 416839 2608112074 62851464 55046409 370366059 15033108464 2154616540 0 19055236 2217528928
======================
   8      16 sdb 30618306 416839 2608113818 62851496 55046409 370366059 15033108464 2154616540 0 19055268 2217528960
======================
   8      16 sdb 30618345 416839 2608114130 62851496 55059944 370426914 15033703584 2154694120 149 19056020 2217607532
======================
   8      16 sdb 30618479 416839 2608115202 62851556 55074314 370426914 15033818536 2154759788 0 19056540 2217672208
======================
   8      16 sdb 30618783 416839 2608117634 62851568 55074314 370426914 15033818536 2154759788 0 19056552 2217672220
======================
   8      16 sdb 30618908 416839 2608118634 62851620 55102688 370511915 15034723952 2154856024 132 19057236 2217769076
======================
   8      16 sdb 30619014 416839 2608119482 62851700 55116124 370520943 15034905248 2154950976 0 19057852 2217863512
======================
   8      16 sdb 30619281 416839 2608121618 62851760 55116124 370520943 15034905248 2154950976 0 19057912 2217863572
======================
   8      16 sdb 30619474 416839 2608123162 62851784 55116605 370551448 15035151520 2154951288 4 19058016 2217863908
======================
   8      16 sdb 30619540 416839 2608123690 62852032 55129233 370585700 15035528168 2154993092 0 19058640 2217905932
======================
   8      16 sdb 30619763 416839 2608125474 62852068 55129233 370585700 15035528168 2154993092 0 19058676 2217905968
======================
   8      16 sdb 30619992 416839 2608127306 62852108 55129233 370585700 15035528168 2154993092 1 19058716 2217906008
======================
   8      16 sdb 30620046 416839 2608127738 62852116 55134395 370650441 15036087392 2155051696 146 19059404 2217966956
======================
   8      16 sdb 30620046 416839 2608127738 62852116 55140542 370650442 15036136576 2155195556 143 19060408 2218110480
======================
   8      16 sdb 30620046 416839 2608127738 62852116 55156171 370650447 15036261648 2155340528 159 19061412 2218253788
======================
   8      16 sdb 30620242 416839 2608129306 62852280 55156343 370650447 15036263016 2155340908 0 19061576 2218253952
======================
   8      16 sdb 30620460 416839 2608131050 62852328 55156343 370650447 15036263016 2155340908 0 19061624 2218254000
======================
   8      16 sdb 30620667 416839 2608132706 62852560 55157224 370705799 15036712880 2155341444 0 19061880 2218254764
======================
   8      16 sdb 30620917 416839 2608134706 62852600 55157224 370705799 15036712880 2155341444 0 19061920 2218254804
======================
   8      16 sdb 30621060 416839 2608135850 62852628 55158253 370770540 15037239040 2155342032 0 19062132 2218255412
======================
   8      16 sdb 30621060 416839 2608135850 62852628 55170243 370770544 15037334992 2155478640 132 19063096 2218392352
======================
   8      16 sdb 30621185 416839 2608136850 62852688 55184356 370770549 15037447928 2155542364 0 19063612 2218455764
======================
   8      16 sdb 30621491 416839 2608139298 62852728 55184356 370770549 15037447928 2155542364 0 19063652 2218455804
======================
   8      16 sdb 30621624 416839 2608140362 62852752 55186463 370835290 15037982712 2155545460 159 19063884 2218459032
======================
   8      16 sdb 30621653 416839 2608140594 62852800 55211707 370835292 15038184672 2155665212 0 19064788 2218578648
======================
   8      16 sdb 30621860 416839 2608142250 62852832 55211707 370835292 15038184672 2155665212 0 19064820 2218578680
======================
   8      16 sdb 30622127 416839 2608144386 62852884 55211707 370835292 15038184672 2155665212 0 19064872 2218578732
======================
   8      16 sdb 30622195 416839 2608144930 62852904 55220087 370900035 15038769656 2155721680 131 19065496 2218637204
======================
   8      16 sdb 30622195 416839 2608144930 62852904 55224389 370900038 15038804096 2155864564 149 19066496 2218780060
======================
   8      16 sdb 30622195 416839 2608144930 62852904 55247096 370900044 15038985792 2156006604 147 19067488 2218920424
======================
   8      16 sdb 30622279 416839 2608145602 62852992 55268533 370900047 15039157304 2156082316 0 19068112 2218995848
======================
   8      16 sdb 30622485 416839 2608147250 62853040 55268533 370900047 15039157304 2156082316 0 19068160 2218995896
======================
   8      16 sdb 30622694 416839 2608148922 62853196 55277895 370947941 15039615352 2156096508 0 19068460 2219010224
======================
   8      16 sdb 30622897 416839 2608150546 62853236 55277895 370947941 15039615352 2156096508 0 19068500 2219010264
======================
   8      16 sdb 30623084 416839 2608152042 62853268 55278923 371012682 15040141504 2156097012 0 19068712 2219010784
======================
   8      16 sdb 30623084 416839 2608152042 62853268 55287571 371012684 15040210704 2156216576 154 19069588 2219135140
======================
   8      16 sdb 30623084 416839 2608152042 62853268 55292500 371012685 15040250144 2156362604 153 19070588 2219277848
======================
   8      16 sdb 30623189 416839 2608152882 62853340 55310808 371029384 15040530192 2156482328 0 19071360 2219396092
======================
   8      16 sdb 30623399 416839 2608154562 62853392 55310808 371029384 15040530192 2156482328 0 19071408 2219396140
======================
   8      16 sdb 30623575 416839 2608155970 62853416 55311715 371086475 15040994176 2156482904 0 19071588 2219396736
======================
   8      16 sdb 30623619 416839 2608156322 62853504 55331740 371086479 15041154400 2156575536 0 19072344 2219489432
======================
   8      16 sdb 30623857 416839 2608158226 62853540 55331740 371086479 15041154400 2156575536 0 19072380 2219489468
======================
   8      16 sdb 30624083 416839 2608160034 62853584 55331740 371086479 15041154400 2156575536 0 19072424 2219489512
======================
   8      16 sdb 30624143 416839 2608160514 62853596 55346212 371151220 15041788104 2156636408 143 19073056 2219550732
======================
   8      16 sdb 30624339 416839 2608162082 62853836 55347475 371151220 15041798200 2156645988 0 19073364 2219560176
======================
   8      16 sdb 30624600 416839 2608164170 62853876 55347475 371151220 15041798200 2156645988 0 19073404 2219560216
======================
   8      16 sdb 30624720 416839 2608165130 62853896 55350991 371215962 15042344256 2156652920 148 19073660 2219567492
======================
   8      16 sdb 30624720 416839 2608165130 62853896 55369346 371215965 15042491128 2156794720 128 19074664 2219709572
======================
   8      16 sdb 30624986 416839 2608167258 62853948 55370545 371215965 15042500712 2156801552 0 19074764 2219715816
======================
   8      16 sdb 30625273 416839 2608169554 62854004 55370545 371215965 15042500712 2156801552 0 19074820 2219715872
======================
   8      16 sdb 30625279 416839 2608169602 62854004 55382865 371280709 15043117224 2156884096 139 19075656 2219799536
======================
   8      16 sdb 30625279 416839 2608169602 62854004 55388094 371280710 15043159064 2157025900 158 19076660 2219942652
======================
   8      16 sdb 30625279 416839 2608169602 62854004 55424083 371280715 15043447008 2157168528 145 19077656 2220083296
======================
   8      16 sdb 30625491 416839 2608171298 62854108 55427889 371280716 15043477456 2157182260 0 19077852 2220096540
======================
   8      16 sdb 30625781 416839 2608173618 62854140 55427889 371280716 15043477456 2157182260 0 19077884 2220096572
======================
   8      16 sdb 30626022 416839 2608175546 62854384 55428820 371339290 15043953496 2157182812 0 19078140 2220097364
======================
   8      16 sdb 30626228 416839 2608177194 62854412 55428820 371339290 15043953496 2157182812 0 19078168 2220097392
======================
   8      16 sdb 30626355 416839 2608178210 62854436 55433357 371404032 15044507728 2157191948 140 19078440 2220107100
======================
   8      16 sdb 30626355 416839 2608178210 62854436 55446010 371409807 15044652416 2157410320 284 19079440 2220339500
======================
   8      16 sdb 30626405 416839 2608178610 62854536 55461993 371418908 15044855816 2157591816 0 19080276 2220506492
======================
   8      16 sdb 30626695 416839 2608180930 62854580 55461993 371418908 15044855816 2157591816 0 19080320 2220506536
======================
   8      16 sdb 30626900 416839 2608182570 62854604 55461993 371418908 15044855816 2157591816 0 19080344 2220506560
======================
   8      16 sdb 30626914 416839 2608182682 62854608 55475516 371483650 15045481936 2157681436 142 19081164 2220597324
======================
   8      16 sdb 30627018 416839 2608183514 62854696 55485182 371483653 15045559280 2157742680 0 19081668 2220657452
======================
   8      16 sdb 30627316 416839 2608185898 62854756 55485182 371483653 15045559280 2157742680 0 19081728 2220657512
======================
   8      16 sdb 30627482 416839 2608187226 62854780 55494502 371548395 15046151776 2157767304 131 19082104 2220682668
======================
   8      16 sdb 30627482 416839 2608187226 62854780 55504754 371548398 15046233816 2157910688 151 19083108 2220826808
======================
   8      16 sdb 30627524 416839 2608187562 62854928 55534887 371548407 15046474944 2158011608 0 19083940 2220926536
======================
   8      16 sdb 30627738 416839 2608189274 62854968 55534887 371548407 15046474944 2158011608 0 19083980 2220926576
======================
   8      16 sdb 30628027 416839 2608191586 62855092 55542237 371552496 15046565952 2158031936 135 19084224 2220948644
======================
   8      16 sdb 30628034 416839 2608191642 62855096 55555473 371624511 15047246856 2158236892 283 19085228 2221166292
======================
   8      16 sdb 30628034 416839 2608191642 62855096 55564967 371629625 15047364184 2158482568 141 19086232 2221399320
======================
   8      16 sdb 30628131 416839 2608192418 62855248 55581081 371633311 15047523728 2158571120 0 19086884 2221486304
======================
   8      16 sdb 30628425 416839 2608194770 62855340 55581081 371633311 15047523728 2158571120 0 19086976 2221486396
======================
   8      16 sdb 30628598 416839 2608196154 62855368 55584838 371698055 15048071736 2158578492 159 19087236 2221493792
======================
   8      16 sdb 30628754 416839 2608197402 62855424 55601158 371698065 15048202368 2158619852 0 19087584 2221535184
======================
   8      16 sdb 30629041 416839 2608199698 62855464 55601158 371698065 15048202368 2158619852 0 19087624 2221535224
======================
   8      16 sdb 30629152 416839 2608200586 62855480 55611727 371762807 15048804856 2158657980 156 19088136 2221574992
======================
   8      16 sdb 30629164 416839 2608200682 62855496 55631114 371762813 15048959992 2158790728 1 19089080 2221706080
======================
   8      16 sdb 30629465 416839 2608203090 62855544 55631114 371762813 15048959992 2158790728 0 19089124 2221706124
======================
   8      16 sdb 30629711 416839 2608205058 62855596 55632015 371819571 15049421008 2158791452 1 19089340 2221706896
======================
   8      16 sdb 30629711 416839 2608205058 62855596 55655748 371827560 15049675040 2158912272 129 19090216 2221827648
======================
   8      16 sdb 30629860 416839 2608206250 62855672 55667097 371827563 15049765848 2158950040 0 19090564 2221865472
======================
   8      16 sdb 30630121 416839 2608208338 62855700 55667097 371827563 15049765848 2158950040 0 19090592 2221865500
======================
   8      16 sdb 30630273 416839 2608209554 62855732 55675039 371892306 15050347328 2158967672 124 19090932 2221883516
======================
   8      16 sdb 30630303 416839 2608209794 62855796 55702500 371892315 15050567080 2159077524 0 19091788 2221992996
======================
   8      16 sdb 30630529 416839 2608211602 62855872 55702500 371892315 15050567080 2159077524 0 19091864 2221993072
======================
   8      16 sdb 30630820 416839 2608213930 62855896 55702500 371892315 15050567080 2159077524 0 19091888 2221993096
======================
   8      16 sdb 30630827 416839 2608213986 62855900 55729450 371957059 15051300632 2159173104 137 19092760 2222089048
======================
   8      16 sdb 30630994 416839 2608215322 62855968 55737886 371957062 15051368136 2159204768 0 19093048 2222120356
======================
   8      16 sdb 30631294 416839 2608217722 62856032 55737886 371957062 15051368136 2159204768 0 19093112 2222120420
======================
   8      16 sdb 30631390 416839 2608218490 62856044 55742250 372021803 15051920976 2159241248 139 19093560 2222157552
======================
   8      16 sdb 30631390 416839 2608218490 62856044 55769698 372021810 15052140624 2159381428 131 19094564 2222299140
======================
   8      16 sdb 30631584 416839 2608220042 62856136 55773974 372021812 15052174840 2159397568 0 19094756 2222313260
======================
   8      16 sdb 30631879 416839 2608222402 62856208 55773974 372021812 15052174840 2159397568 0 19094828 2222313332
======================
   8      16 sdb 30631955 416839 2608223010 62856224 55785057 372086555 15052781448 2159449944 150 19095436 2222366180
======================
   8      16 sdb 30632047 416839 2608223746 62856284 55809406 372086560 15052976272 2159539692 0 19096136 2222455424
======================
   8      16 sdb 30632335 416839 2608226050 62856352 55809406 372086560 15052976272 2159539692 0 19096200 2222455488
======================
   8      16 sdb 30632529 416839 2608227602 62856396 55810422 372150569 15053496464 2159540236 1 19096456 2222456076
======================
   8      16 sdb 30632529 416839 2608227602 62856396 55832178 372151306 15053676424 2159658912 133 19097308 2222574836
======================
   8      16 sdb 30632656 416839 2608228618 62856448 55844948 372151311 15053778616 2159705632 0 19097688 2222621448
======================
   8      16 sdb 30632973 416839 2608231154 62856492 55844948 372151311 15053778616 2159705632 0 19097732 2222621492
======================
   8      16 sdb 30633103 416839 2608232194 62856508 55856279 372226742 15054470744 2159757168 189 19098208 2222676360
======================
   8      16 sdb 30633115 416839 2608232290 62856544 55883720 372227088 15054695000 2159895784 1 19099164 2222811632
======================
   8      16 sdb 30633297 416839 2608233746 62856756 55883720 372227088 15054695000 2159895784 0 19099376 2222811844
======================
   8      16 sdb 30633543 416839 2608235714 62856808 55883720 372227088 15054695000 2159895784 0 19099424 2222811892
======================
   8      16 sdb 30633683 416839 2608236834 62856820 55892841 372291830 15055285904 2159919908 132 19099784 2222836028
======================
   8      16 sdb 30633683 416839 2608236834 62856820 55909638 372291834 15055420312 2160063048 141 19100788 2222979292
======================
   8      16 sdb 30633871 416839 2608238338 62856920 55914450 372291835 15055458808 2160078840 0 19100996 2222995004
======================
   8      16 sdb 30634165 416839 2608240690 62856980 55914450 372291835 15055458808 2160078840 0 19101056 2222995064
======================
   8      16 sdb 30634247 416839 2608241346 62857000 55925233 372356576 15056063000 2160122920 150 19101624 2223040040
======================
   8      16 sdb 30634247 416839 2608241346 62857000 55940580 372356579 15056185800 2160267676 134 19102628 2223183900
======================
   8      16 sdb 30634432 416839 2608242826 62857072 55945704 372356584 15056226824 2160284164 0 19102812 2223200416
======================
   8      16 sdb 30634669 416839 2608244722 62857100 55945704 372356584 15056226824 2160284164 0 19102840 2223200444
======================
   8      16 sdb 30634809 416839 2608245842 62857108 55955013 372421327 15056819240 2160320240 128 19103272 2223237276
======================
   8      16 sdb 30634826 416839 2608245978 62857152 55981235 372421338 15057029096 2160446440 1 19104200 2223362696
======================
   8      16 sdb 30635101 416839 2608248178 62857200 55981235 372421338 15057029096 2160446440 0 19104244 2223362740
======================
   8      16 sdb 30635369 416839 2608250322 62857276 55981975 372468095 15057408488 2160446852 3 19104452 2223363228
======================
   8      16 sdb 30635369 416839 2608250322 62857276 55995915 372486081 15057664480 2160564648 145 19105324 2223481372
======================
   8      16 sdb 30635488 416839 2608251274 62857348 56016868 372486089 15057832160 2160636648 0 19105912 2223552984
======================
   8      16 sdb 30635748 416839 2608253354 62857400 56016868 372486089 15057832160 2160636648 0 19105964 2223553036
======================
   8      16 sdb 30635935 416839 2608254850 62857424 56017896 372550830 15058358312 2160637236 0 19106196 2223553644
======================
   8      16 sdb 30635935 416839 2608254850 62857424 56052423 372550837 15058634584 2160755552 129 19107028 2223671908
======================
   8      16 sdb 30636205 416839 2608257010 62857548 56060900 372558395 15058762856 2160771232 1 19107260 2223687696
======================
   8      16 sdb 30636428 416839 2608258794 62857596 56060900 372558395 15058762856 2160771232 0 19107308 2223687744
======================
   8      16 sdb 30636510 416839 2608259450 62857612 56066778 372623135 15059327800 2160819008 157 19107924 2223736984
======================
   8      16 sdb 30636510 416839 2608259450 62857612 56083587 372623141 15059462320 2160963564 159 19108928 2223880436
======================
   8      16 sdb 30636707 416839 2608261026 62857804 56091682 372623142 15059527080 2160989064 0 19109292 2223905740
======================
   8      16 sdb 30636997 416839 2608263346 62857880 56103032 372630706 15059677848 2161012592 123 19109552 2223930388
======================
   8      16 sdb 30637066 416839 2608263898 62858052 56135801 372719694 15060650728 2161152172 159 19110552 2224069252
======================
   8      16 sdb 30637229 416839 2608265202 62858132 56143532 372726961 15060772424 2161190072 0 19110872 2224106940
======================
   8      16 sdb 30637504 416839 2608267402 62858180 56143532 372726961 15060772424 2161190072 0 19110920 2224106988
======================
   8      16 sdb 30637633 416839 2608268434 62858228 56148261 372791722 15061328344 2161199016 1 19111220 2224115984
======================
   8      16 sdb 30637843 416839 2608270114 62858368 56148261 372791722 15061328344 2161199016 0 19111352 2224116116
======================
   8      16 sdb 30637843 416839 2608270114 62858368 56148261 372791722 15061328344 2161199016 0 19111352 2224116116
======================
   8      16 sdb 30637843 416839 2608270114 62858368 56148261 372791722 15061328344 2161199016 0 19111352 2224116116
======================
   8      16 sdb 30637843 416839 2608270114 62858368 56148261 372791722 15061328344 2161199016 0 19111352 2224116116
======================
   8      16 sdb 30637843 416839 2608270114 62858368 56148835 372827771 15061621328 2161199252 0 19111460 2224116348
======================
   8      16 sdb 30637843 416839 2608270114 62858368 56148835 372827771 15061621328 2161199252 0 19111460 2224116348
======================
   8      16 sdb 30637843 416839 2608270114 62858368 56148835 372827771 15061621328 2161199252 0 19111460 2224116348
======================
   8      16 sdb 30637843 416839 2608270114 62858368 56148835 372827771 15061621328 2161199252 0 19111460 2224116348
======================
   8      16 sdb 30637843 416839 2608270114 62858368 56148835 372827771 15061621328 2161199252 0 19111460 2224116348
======================
   8      16 sdb 30637843 416839 2608270114 62858368 56149032 372840080 15061721376 2161199364 0 19111496 2224116456
======================
   8      16 sdb 30637843 416839 2608270114 62858368 56149032 372840080 15061721376 2161199364 0 19111496 2224116456
======================
   8      16 sdb 30637843 416839 2608270114 62858368 56149032 372840080 15061721376 2161199364 0 19111496 2224116456
======================
   8      16 sdb 30637843 416839 2608270114 62858368 56156922 372879526 15062098848 2161214916 8 19111860 2224131988
======================
   8      16 sdb 30637843 416839 2608270114 62858368 56157417 372905180 15062309264 2161217408 0 19112132 2224134480
======================
   8      16 sdb 30637843 416839 2608270114 62858368 56175510 372919835 15062571248 2161277968 132 19112632 2224195652
======================
   8      16 sdb 30637843 416839 2608270114 62858368 56180497 372919838 15062611160 2161295936 0 19112760 2224212944
======================
   8      16 sdb 30637843 416839 2608270114 62858368 56180497 372919838 15062611160 2161295936 0 19112760 2224212944
======================
   8      16 sdb 30637843 416839 2608270114 62858368 56180497 372919838 15062611160 2161295936 0 19112760 2224212944
======================
   8      16 sdb 30637843 416839 2608270114 62858368 56181277 372958258 15062922384 2161300328 13 19113284 2224217376
======================
   8      16 sdb 30637843 416839 2608270114 62858368 56183316 373066133 15063801552 2161312276 8 19114284 2224229292
======================
   8      16 sdb 30637843 416839 2608270114 62858368 56184670 373144056 15064372248 2161348320 155 19115288 2224298168
======================
   8      16 sdb 30637843 416839 2608270114 62858368 56197171 373184468 15064861088 2161464656 128 19116288 2224382240
======================
   8      16 sdb 30637843 416839 2608270114 62858368 56217167 373195167 15065106520 2161609056 132 19117296 2224526128
======================
   8      16 sdb 30637843 416839 2608270114 62858368 56227695 373211141 15065319168 2161654924 0 19117648 2224571836
======================
   8      16 sdb 30637843 416839 2608270114 62858368 56228032 373232274 15065490928 2161655164 0 19117756 2224572072
======================
   8      16 sdb 30637843 416839 2608270114 62858368 56228032 373232274 15065490928 2161655164 0 19117756 2224572072
======================
   8      16 sdb 30637843 416839 2608270114 62858368 56228032 373232274 15065490928 2161655164 0 19117756 2224572072
======================
   8      16 sdb 30637843 416839 2608270114 62858368 56228032 373232274 15065490928 2161655164 0 19117756 2224572072
======================
   8      16 sdb 30637843 416839 2608270114 62858368 56228224 373241984 15065570144 2161656096 0 19117860 2224572996
======================
   8      16 sdb 30637843 416839 2608270114 62858368 56228411 373253688 15065665272 2161656180 0 19117900 2224573076
======================
   8      16 sdb 30637843 416839 2608270114 62858368 56228411 373253688 15065665272 2161656180 0 19117900 2224573076
======================
   8      16 sdb 30637843 416839 2608270114 62858368 56228411 373253688 15065665272 2161656180 0 19117900 2224573076
======================
   8      16 sdb 30637843 416839 2608270114 62858368 56228411 373253688 15065665272 2161656180 0 19117900 2224573076
======================
   8      16 sdb 30637843 416839 2608270114 62858368 56228851 373276405 15065850024 2161658420 8 19118136 2224575316
======================
   8      16 sdb 30637843 416839 2608270114 62858368 56230727 373375702 15066659432 2161666460 8 19119084 2224583348
======================
   8      16 sdb 30637843 416839 2608270114 62858368 56232565 373471312 15067437968 2161675392 8 19120088 2224592300
======================
   8      16 sdb 30637843 416839 2608270114 62858368 56233705 373539141 15067920600 2161759732 146 19121092 2224690092
======================
   8      16 sdb 30637843 416839 2608270114 62858368 56234207 373558912 15068150896 2161905356 8 19122092 2224822248
======================
   8      16 sdb 30637843 416839 2608270114 62858368 56235741 373637263 15068792504 2161912424 0 19122884 2224829272
======================
   8      16 sdb 30637843 416839 2608270114 62858368 56236207 373666547 15069030504 2161912720 0 19123060 2224829564
======================
   8      16 sdb 30637843 416839 2608270114 62858368 56236207 373666547 15069030504 2161912720 0 19123060 2224829564
======================
   8      16 sdb 30637843 416839 2608270114 62858368 56236207 373666547 15069030504 2161912720 0 19123060 2224829564
======================
   8      16 sdb 30637843 416839 2608270114 62858368 56236207 373666547 15069030504 2161912720 0 19123060 2224829564
======================
   8      16 sdb 30637843 416839 2608270114 62858368 56236207 373666547 15069030504 2161912720 0 19123060 2224829564
======================
   8      16 sdb 30637843 416839 2608270114 62858368 56236417 373679711 15069137496 2161912796 0 19123100 2224829640
======================
   8      16 sdb 30637843 416839 2608270114 62858368 56236417 373679711 15069137496 2161912796 0 19123100 2224829640
======================
   8      16 sdb 30637843 416839 2608270114 62858368 56236417 373679711 15069137496 2161912796 0 19123100 2224829640
======================
   8      16 sdb 30637843 416839 2608270114 62858368 56236417 373679711 15069137496 2161912796 0 19123100 2224829640
======================
   8      16 sdb 30637843 416839 2608270114 62858368 56236417 373679711 15069137496 2161912796 0 19123100 2224829640
======================
   8      16 sdb 30637843 416839 2608270114 62858368 56237095 373717950 15069448832 2161915040 0 19123372 2224831876
======================
   8      16 sdb 30637843 416839 2608270114 62858368 56237095 373717950 15069448832 2161915040 0 19123372 2224831876
======================
   8      16 sdb 30637843 416839 2608270114 62858368 56237095 373717950 15069448832 2161915040 0 19123372 2224831876
======================
   8      16 sdb 30637843 416839 2608270114 62858368 56237095 373717950 15069448832 2161915040 0 19123372 2224831876
======================
   8      16 sdb 30637843 416839 2608270114 62858368 56237095 373717950 15069448832 2161915040 0 19123372 2224831876
======================
   8      16 sdb 30637843 416839 2608270114 62858368 56238119 373773518 15069900992 2161920108 8 19123976 2224836936
======================
   8      16 sdb 30637843 416839 2608270114 62858368 56239903 373866982 15070659928 2161929072 8 19124984 2224845944
======================
   8      16 sdb 30637843 416839 2608270114 62858368 56241532 373955334 15071341744 2161969396 107 19125984 2224888852
======================
   8      16 sdb 30637843 416839 2608270114 62858368 56243690 374059898 15072235480 2162022544 12 19126988 2224939352
======================
   8      16 sdb 30637843 416839 2608270114 62858368 56245517 374143382 15072918456 2162059444 4 19127992 2224976224
======================
   8      16 sdb 30637843 416839 2608270114 62858368 56247389 374241323 15073718168 2162073040 0 19128576 2224989816
======================
   8      16 sdb 30637843 416839 2608270114 62858368 56247389 374241323 15073718168 2162073040 0 19128576 2224989816
======================
   8      16 sdb 30637843 416839 2608270114 62858368 56247389 374241323 15073718168 2162073040 0 19128576 2224989816
======================
   8      16 sdb 30637843 416839 2608270114 62858368 56247389 374241323 15073718168 2162073040 0 19128576 2224989816
======================
   8      16 sdb 30637843 416839 2608270114 62858368 56247389 374241323 15073718168 2162073040 0 19128576 2224989816
======================
   8      16 sdb 30637843 416839 2608270114 62858368 56247647 374257444 15073849200 2162073140 0 19128628 2224989916
======================
   8      16 sdb 30637843 416839 2608270114 62858368 56247647 374257444 15073849200 2162073140 0 19128628 2224989916
======================
   8      16 sdb 30637843 416839 2608270114 62858368 56247647 374257444 15073849200 2162073140 0 19128628 2224989916
======================
   8      16 sdb 30637843 416839 2608270114 62858368 56247647 374257444 15073849200 2162073140 0 19128628 2224989916
======================
   8      16 sdb 30637843 416839 2608270114 62858368 56247647 374257444 15073849200 2162073140 0 19128628 2224989916
======================
   8      16 sdb 30637843 416839 2608270114 62858368 56248373 374293447 15074142520 2162073888 2 19128872 2224990660
======================
   8      16 sdb 30637843 416839 2608270114 62858368 56248380 374293610 15074144392 2162073904 0 19128876 2224990676
======================
   8      16 sdb 30637843 416839 2608270114 62858368 56248380 374293610 15074144392 2162073904 0 19128876 2224990676
======================
   8      16 sdb 30637843 416839 2608270114 62858368 56248380 374293610 15074144392 2162073904 0 19128876 2224990676
======================
   8      16 sdb 30637843 416839 2608270114 62858368 56248380 374293610 15074144392 2162073904 0 19128876 2224990676
======================
   8      16 sdb 30637843 416839 2608270114 62858368 56248649 374310449 15074281256 2162074072 0 19128932 2224990840
======================
   8      16 sdb 30637843 416839 2608270114 62858368 56250634 374396135 15074982064 2162076616 3 19129824 2224993372
======================
   8      16 sdb 30637843 416839 2608270114 62858368 56252783 374490908 15075757336 2162079864 3 19130828 2224996604
======================
   8      16 sdb 30637843 416839 2608270114 62858368 56254927 374611327 15076738392 2162081856 2 19131832 2224998592
======================
   8      16 sdb 30637843 416839 2608270114 62858368 56256595 374710453 15077544640 2162083112 1 19132832 2224999832
======================
   8      16 sdb 30637843 416839 2608270114 62858368 56260687 374849912 15078658088 2162152316 71 19133836 2225071884
======================
   8      16 sdb 30637843 416839 2608270114 62858368 56260758 374849912 15078693832 2162156316 0 19133868 2225073028
======================
   8      16 sdb 30637843 416839 2608270114 62858368 56260758 374849912 15078693832 2162156316 0 19133868 2225073028
======================
   8      16 sdb 30637843 416839 2608270114 62858368 56260758 374849912 15078693832 2162156316 0 19133868 2225073028
======================
   8      16 sdb 30637843 416839 2608270114 62858368 56260758 374849912 15078693832 2162156316 0 19133868 2225073028
======================
   8      16 sdb 30637843 416839 2608270114 62858368 56261045 374867815 15078839352 2162156464 0 19133928 2225073172
======================
   8      16 sdb 30637843 416839 2608270114 62858368 56261045 374867815 15078839352 2162156464 0 19133928 2225073172
======================
   8      16 sdb 30637843 416839 2608270114 62858368 56261045 374867815 15078839352 2162156464 0 19133928 2225073172
======================
   8      16 sdb 30637843 416839 2608270114 62858368 56261045 374867815 15078839352 2162156464 0 19133928 2225073172
======================
   8      16 sdb 30637843 416839 2608270114 62858368 56261045 374867815 15078839352 2162156464 0 19133928 2225073172
======================
   8      16 sdb 30637843 416839 2608270114 62858368 56261334 374885946 15078986712 2162156568 0 19133984 2225073272
======================
   8      16 sdb 30637843 416839 2608270114 62858368 56261507 374896781 15079074776 2162156720 0 19134088 2225073424
======================
   8      16 sdb 30637843 416839 2608270114 62858368 56261507 374896781 15079074776 2162156720 0 19134088 2225073424
======================
   8      16 sdb 30637843 416839 2608270114 62858368 56261507 374896781 15079074776 2162156720 0 19134088 2225073424
======================
   8      16 sdb 30637843 416839 2608270114 62858368 56261507 374896781 15079074776 2162156720 0 19134088 2225073424
======================
   8      16 sdb 30637843 416839 2608270114 62858368 56261863 374919129 15079256408 2162156888 0 19134156 2225073592
======================
   8      16 sdb 30637843 416839 2608270114 62858368 56262663 374969091 15079662080 2162157516 1 19134628 2225074212
======================
   8      16 sdb 30637843 416839 2608270114 62858368 56264379 375075853 15080529912 2162158884 1 19135632 2225075572
======================
   8      16 sdb 30637843 416839 2608270114 62858368 56266076 375181133 15081385544 2162160584 2 19136636 2225077260
======================
   8      16 sdb 30637843 416839 2608270114 62858368 56269054 375299811 15082358792 2162163060 2 19137640 2225079736
======================
   8      16 sdb 30637843 416839 2608270114 62858368 56270718 375404410 15083209496 2162177184 0 19138288 2225093844
======================
   8      16 sdb 30637843 416839 2608270114 62858368 56270718 375404410 15083209496 2162177184 0 19138288 2225093844
======================
   8      16 sdb 30637843 416839 2608270114 62858368 56270718 375404410 15083209496 2162177184 0 19138288 2225093844
======================
   8      16 sdb 30637843 416839 2608270114 62858368 56270718 375404410 15083209496 2162177184 0 19138288 2225093844
======================
   8      16 sdb 30637843 416839 2608270114 62858368 56270718 375404410 15083209496 2162177184 0 19138288 2225093844
======================
   8      16 sdb 30637843 416839 2608270114 62858368 56271126 375429916 15083416800 2162177356 0 19138372 2225094012
======================
   8      16 sdb 30637843 416839 2608270114 62858368 56271126 375429916 15083416800 2162177356 0 19138372 2225094012
======================
   8      16 sdb 30637843 416839 2608270114 62858368 56271126 375429916 15083416800 2162177356 0 19138372 2225094012
======================
   8      16 sdb 30637843 416839 2608270114 62858368 56271126 375429916 15083416800 2162177356 0 19138372 2225094012
======================
   8      16 sdb 30637843 416839 2608270114 62858368 56271126 375429916 15083416800 2162177356 0 19138372 2225094012
======================
   8      16 sdb 30637843 416839 2608270114 62858368 56271709 375466082 15083710256 2162177728 2 19138572 2225094380
======================
   8      16 sdb 30637843 416839 2608270114 62858368 56272012 375483547 15083852928 2162177976 0 19138752 2225094624
======================
   8      16 sdb 30637843 416839 2608270114 62858368 56272012 375483547 15083852928 2162177976 0 19138752 2225094624
======================
   8      16 sdb 30637843 416839 2608270114 62858368 56272012 375483547 15083852928 2162177976 0 19138752 2225094624
======================
   8      16 sdb 30637843 416839 2608270114 62858368 56272012 375483547 15083852928 2162177976 0 19138752 2225094624
======================
   8      16 sdb 30637843 416839 2608270114 62858368 56272406 375508306 15084054152 2162178536 0 19138836 2225095184
======================
   8      16 sdb 30637843 416839 2608270114 62858368 56273815 375596075 15084767312 2162179648 1 19139652 2225096292
======================
   8      16 sdb 30637843 416839 2608270114 62858368 56274716 375660932 15085228624 2162290340 129 19140660 2225216768
======================
   8      16 sdb 30637843 416839 2608270114 62858368 56276755 375717922 15085697880 2162428340 135 19141664 2225354216
======================
   8      16 sdb 30637843 416839 2608270114 62858368 56278465 375817169 15086573056 2162480684 1 19142664 2225397296
======================
   8      16 sdb 30637843 416839 2608270114 62858368 56280394 375938265 15087557448 2162482060 1 19143592 2225398664
======================
   8      16 sdb 30637843 416839 2608270114 62858368 56284823 376011750 15088181024 2162503840 0 19143992 2225420440
======================
   8      16 sdb 30637843 416839 2608270114 62858368 56284823 376011750 15088181024 2162503840 0 19143992 2225420440
======================
   8      16 sdb 30637843 416839 2608270114 62858368 56284823 376011750 15088181024 2162503840 0 19143992 2225420440
======================
   8      16 sdb 30637843 416839 2608270114 62858368 56284823 376011750 15088181024 2162503840 0 19143992 2225420440
======================
   8      16 sdb 30637843 416839 2608270114 62858368 56285263 376039242 15088404472 2162504032 0 19144088 2225420632
======================
   8      16 sdb 30637843 416839 2608270114 62858368 56285263 376039242 15088404472 2162504032 0 19144088 2225420632
======================
   8      16 sdb 30637843 416839 2608270114 62858368 56285263 376039242 15088404472 2162504032 0 19144088 2225420632
======================
   8      16 sdb 30637843 416839 2608270114 62858368 56285263 376039242 15088404472 2162504032 0 19144088 2225420632
======================
   8      16 sdb 30637843 416839 2608270114 62858368 56285263 376039242 15088404472 2162504032 0 19144088 2225420632
======================
   8      16 sdb 30637843 416839 2608270114 62858368 56285631 376062282 15088591736 2162504200 0 19144156 2225420800
======================
   8      16 sdb 30637843 416839 2608270114 62858368 56285803 376073062 15088679352 2162504348 0 19144260 2225420948
======================
   8      16 sdb 30637843 416839 2608270114 62858368 56285803 376073062 15088679352 2162504348 0 19144260 2225420948
======================
   8      16 sdb 30637843 416839 2608270114 62858368 56285803 376073062 15088679352 2162504348 0 19144260 2225420948
======================
   8      16 sdb 30637843 416839 2608270114 62858368 56285803 376073062 15088679352 2162504348 0 19144260 2225420948
======================
   8      16 sdb 30637843 416839 2608270114 62858368 56286178 376096553 15088870280 2162504504 0 19144332 2225421104
======================
   8      16 sdb 30637843 416839 2608270114 62858368 56286437 376112895 15089002888 2162504712 1 19144488 2225421308
======================
   8      16 sdb 30637843 416839 2608270114 62858368 56288103 376217908 15089856376 2162506052 2 19145488 2225422624
======================
   8      16 sdb 30637843 416839 2608270114 62858368 56288682 376262871 15090152824 2162607800 136 19146492 2225535988
======================
   8      16 sdb 30637843 416839 2608270114 62858368 56289539 376316455 15090590608 2162743072 131 19147496 2225670372
======================
   8      16 sdb 30637843 416839 2608270114 62858368 56290303 376368348 15090981464 2162888608 191 19148500 2225931992
======================
   8      16 sdb 30637843 416839 2608270114 62858368 56290824 376398084 15091247632 2163135580 143 19149500 2226070784
======================
   8      16 sdb 30637843 416839 2608270114 62858368 56291699 376424019 15091482384 2163265096 135 19150504 2226210592
======================
   8      16 sdb 30637843 416839 2608270114 62858368 56293762 376486090 15091970144 2163379700 153 19151508 2226333856
======================
   8      16 sdb 30637843 416839 2608270114 62858368 56294819 376541918 15092501896 2163490500 1 19152508 2226407056
======================
   8      16 sdb 30637843 416839 2608270114 62858368 56299167 376645342 15093364512 2163569068 0 19153284 2226485612
======================
   8      16 sdb 30637843 416839 2608270114 62858368 56299167 376645342 15093364512 2163569068 0 19153284 2226485612
======================
   8      16 sdb 30637843 416839 2608270114 62858368 56299167 376645342 15093364512 2163569068 0 19153284 2226485612
======================
   8      16 sdb 30637843 416839 2608270114 62858368 56299167 376645342 15093364512 2163569068 0 19153284 2226485612
======================
   8      16 sdb 30637843 416839 2608270114 62858368 56299167 376645342 15093364512 2163569068 0 19153284 2226485612
======================
   8      16 sdb 30637843 416839 2608270114 62858368 56299532 376668217 15093550432 2163569204 0 19153360 2226485748
======================
   8      16 sdb 30637843 416839 2608270114 62858368 56299532 376668217 15093550432 2163569204 0 19153360 2226485748
======================
   8      16 sdb 30637843 416839 2608270114 62858368 56299532 376668217 15093550432 2163569204 0 19153360 2226485748
======================
   8      16 sdb 30637843 416839 2608270114 62858368 56299532 376668217 15093550432 2163569204 0 19153360 2226485748
======================
   8      16 sdb 30637843 416839 2608270114 62858368 56299532 376668217 15093550432 2163569204 0 19153360 2226485748
======================
   8      16 sdb 30637843 416839 2608270114 62858368 56299897 376691078 15093736240 2163569396 0 19153428 2226485940
======================
   8      16 sdb 30637843 416839 2608270114 62858368 56300055 376700960 15093816560 2163569528 0 19153532 2226486072
======================
   8      16 sdb 30637843 416839 2608270114 62858368 56300055 376700960 15093816560 2163569528 0 19153532 2226486072
======================
   8      16 sdb 30637843 416839 2608270114 62858368 56300055 376700960 15093816560 2163569528 0 19153532 2226486072
======================
   8      16 sdb 30637843 416839 2608270114 62858368 56300055 376700960 15093816560 2163569528 0 19153532 2226486072
======================
   8      16 sdb 30637843 416839 2608270114 62858368 56300751 376744598 15094171232 2163569940 0 19153812 2226486484
======================
   8      16 sdb 30637843 416839 2608270114 62858368 56301593 376797647 15094602080 2163570664 1 19154352 2226487204
======================
   8      16 sdb 30637843 416839 2608270114 62858368 56302364 376854468 15094997344 2163596908 132 19155352 2226563796
======================
   8      16 sdb 30637843 416839 2608270114 62858368 56303341 376916145 15095495784 2163770676 138 19156356 2226696956
======================
   8      16 sdb 30637843 416839 2608270114 62858368 56304308 376975093 15095981016 2163904720 129 19157360 2226830732
======================
   8      16 sdb 30637843 416839 2608270114 62858368 56304989 377025119 15096326416 2164048448 245 19158364 2227101288
======================
   8      16 sdb 30637843 416839 2608270114 62858368 56309111 377082777 15096942736 2164286416 132 19159364 2227203204
======================
   8      16 sdb 30637843 416839 2608270114 62858368 56312195 377186914 15097800624 2164325260 2 19160368 2227241764
======================
   8      16 sdb 30637843 416839 2608270114 62858368 56312234 377199176 15097820592 2164325296 157 19161372 2227387832
======================
   8      16 sdb 30637843 416839 2608270114 62858368 56313003 377237430 15098211904 2164569312 0 19162176 2227485816
======================
   8      16 sdb 30637843 416839 2608270114 62858368 56313516 377269505 15098472600 2164570020 0 19162304 2227486524
======================
   8      16 sdb 30637843 416839 2608270114 62858368 56313516 377269505 15098472600 2164570020 0 19162304 2227486524
======================
   8      16 sdb 30637843 416839 2608270114 62858368 56313516 377269505 15098472600 2164570020 0 19162304 2227486524
======================
   8      16 sdb 30637843 416839 2608270114 62858368 56313516 377269505 15098472600 2164570020 0 19162304 2227486524
======================
   8      16 sdb 30637843 416839 2608270114 62858368 56313516 377269505 15098472600 2164570020 0 19162304 2227486524
======================
   8      16 sdb 30637843 416839 2608270114 62858368 56313905 377293729 15098669496 2164570200 0 19162372 2227486704
======================
   8      16 sdb 30637843 416839 2608270114 62858368 56313905 377293729 15098669496 2164570200 0 19162372 2227486704
======================
   8      16 sdb 30637843 416839 2608270114 62858368 56313905 377293729 15098669496 2164570200 0 19162372 2227486704
======================
   8      16 sdb 30637843 416839 2608270114 62858368 56313905 377293729 15098669496 2164570200 0 19162372 2227486704
======================
   8      16 sdb 30637843 416839 2608270114 62858368 56313905 377293729 15098669496 2164570200 0 19162372 2227486704
======================
   8      16 sdb 30637843 416839 2608270114 62858368 56314576 377335852 15099011848 2164577732 0 19162580 2227494224
======================
   8      16 sdb 30637843 416839 2608270114 62858368 56314576 377335852 15099011848 2164577732 0 19162580 2227494224
======================
   8      16 sdb 30637843 416839 2608270114 62858368 56314576 377335852 15099011848 2164577732 0 19162580 2227494224
======================
   8      16 sdb 30637843 416839 2608270114 62858368 56314576 377335852 15099011848 2164577732 0 19162580 2227494224
======================
   8      16 sdb 30637843 416839 2608270114 62858368 56314585 377336469 15099016456 2164577740 1 19162588 2227494232
======================
   8      16 sdb 30637843 416839 2608270114 62858368 56316589 377462397 15100040168 2164587004 2 19163592 2227503484
======================
   8      16 sdb 30637843 416839 2608270114 62858368 56318145 377561118 15100828760 2164589640 29 19164596 2227506332
======================
   8      16 sdb 30637843 416839 2608270114 62858368 56324974 377663573 15101716664 2164611044 2 19165600 2227527500
======================
   8      16 sdb 30637843 416839 2608270114 62858368 56326552 377762816 15102523232 2164612376 2 19166604 2227528808
======================
   8      16 sdb 30637843 416839 2608270114 62858368 56327321 377810475 15102910784 2164612936 0 19166992 2227529360
======================
   8      16 sdb 30637843 416839 2608270114 62858368 56328152 377862480 15103333456 2164613428 0 19167296 2227529852
======================
   8      16 sdb 30637846 416839 2608270138 62858372 56328549 377886917 15103531584 2164613788 2 19167548 2227530208
======================
   8      16 sdb 30637846 416839 2608270138 62858372 56330234 377986186 15104339440 2164615276 1 19168552 2227531684
======================
   8      16 sdb 30637846 416839 2608270138 62858372 56337873 378105733 15105356744 2164628584 1 19169556 2227544968
======================
   8      16 sdb 30637846 416839 2608270138 62858372 56341579 378160135 15105822104 2164634460 0 19169888 2227550832
======================
   8      16 sdb 30637846 416839 2608270138 62858372 56341579 378160135 15105822104 2164634460 0 19169888 2227550832
======================
   8      16 sdb 30637846 416839 2608270138 62858372 56341579 378160135 15105822104 2164634460 0 19169888 2227550832
======================
   8      16 sdb 30637846 416839 2608270138 62858372 56341579 378160135 15105822104 2164634460 0 19169888 2227550832
======================
   8      16 sdb 30637846 416839 2608270138 62858372 56341579 378160135 15105822104 2164634460 0 19169888 2227550832
======================
   8      16 sdb 30637846 416839 2608270138 62858372 56341579 378160135 15105822104 2164634460 0 19169888 2227550832
======================
   8      16 sdb 30637846 416839 2608270138 62858372 56341579 378160135 15105822104 2164634460 0 19169888 2227550832
======================
   8      16 sdb 30637846 416839 2608270138 62858372 56341579 378160135 15105822104 2164634460 0 19169888 2227550832
======================
   8      16 sdb 30637846 416839 2608270138 62858372 56341579 378160135 15105822104 2164634460 0 19169888 2227550832
======================
   8      16 sdb 30637846 416839 2608270138 62858372 56341579 378160135 15105822104 2164634460 0 19169888 2227550832
======================
   8      16 sdb 30637846 416839 2608270138 62858372 56341579 378160135 15105822104 2164634460 0 19169888 2227550832
======================
   8      16 sdb 30637846 416839 2608270138 62858372 56341579 378160135 15105822104 2164634460 0 19169888 2227550832
======================
   8      16 sdb 30637846 416839 2608270138 62858372 56341579 378160135 15105822104 2164634460 0 19169888 2227550832
======================
   8      16 sdb 30637846 416839 2608270138 62858372 56341579 378160135 15105822104 2164634460 0 19169888 2227550832
======================
   8      16 sdb 30637846 416839 2608270138 62858372 56341579 378160135 15105822104 2164634460 0 19169888 2227550832
======================
   8      16 sdb 30637846 416839 2608270138 62858372 56341579 378160135 15105822104 2164634460 0 19169888 2227550832
started
======================
   8      16 sdb 30637846 416839 2608270138 62858372 56341579 378160135 15105822104 2164634460 0 19169888 2227550832
======================
   8      16 sdb 30638006 417094 2608273266 62858512 56341579 378160135 15105822104 2164634460 1 19169964 2227550980
======================
   8      16 sdb 30640522 420504 2608321506 62861024 56341579 378160135 15105822104 2164634460 1 19170952 2227553492
======================
   8      16 sdb 30643832 423764 2608374866 62863420 56341579 378160135 15105822104 2164634460 1 19171944 2227555888
======================
   8      16 sdb 30647399 427015 2608430218 62866016 56341579 378160135 15105822104 2164634460 1 19172916 2227558484
======================
   8      16 sdb 30650721 430797 2608487994 62868184 56341579 378160135 15105822104 2164634460 1 19173904 2227560676
======================
   8      16 sdb 30655528 433884 2608551898 62871276 56341610 378161914 15105836584 2164634464 1 19174880 2227563760
======================
   8      16 sdb 30659818 437158 2608613218 62873704 56341610 378161914 15105836584 2164634464 1 19175856 2227566188
======================
   8      16 sdb 30663689 440918 2608675186 62876668 56341610 378161914 15105836584 2164634464 1 19176832 2227569160
======================
   8      16 sdb 30667431 444155 2608731834 62879728 56341610 378161914 15105836584 2164634464 1 19177812 2227572224
======================
   8      16 sdb 30671400 447572 2608792018 62882800 56341610 378161914 15105836584 2164634464 19 19178792 2227575312
======================
   8      16 sdb 30675923 450742 2608854154 62884956 56341655 378164653 15105858856 2164634704 1 19179772 2227577728
======================
   8      16 sdb 30679376 454162 2608910234 62886872 56341655 378164653 15105858856 2164634704 15 19180748 2227579640
======================
   8      16 sdb 30683164 457624 2608968610 62889204 56341655 378164653 15105858856 2164634704 2 19181712 2227581988
======================
   8      16 sdb 30687641 460877 2609031546 62891416 56341655 378164653 15105858856 2164634704 1 19182680 2227584192
======================
   8      16 sdb 30692047 464223 2609094658 62893900 56341655 378164653 15105858856 2164634704 18 19183652 2227586688
======================
   8      16 sdb 30695725 467518 2609150978 62896060 56341718 378168519 15105890288 2164634972 1 19184644 2227589124
======================
   8      16 sdb 30699971 470888 2609212762 62898664 56341718 378168519 15105890288 2164634972 1 19185616 2227591732
======================
   8      16 sdb 30703921 474139 2609271442 62901280 56341718 378168519 15105890288 2164634972 30 19186584 2227594348
======================
   8      16 sdb 30707103 477445 2609323898 62903236 56341718 378168519 15105890288 2164634972 1 19187528 2227596308
======================
   8      16 sdb 30710653 480783 2609379826 62905964 56341718 378168519 15105890288 2164634972 1 19188504 2227599036
======================
   8      16 sdb 30713783 483957 2609431058 62907820 56341822 378174966 15105942696 2164635300 1 19189444 2227601216
======================
   8      16 sdb 30716297 487728 2609482306 62909428 56346196 378176470 15105989672 2164723096 129 19190440 2227695616
======================
   8      16 sdb 30718701 491385 2609531666 62911824 56352132 378176857 15106039840 2164858684 59 19191444 2227830920
======================
   8      16 sdb 30722179 494604 2609586066 62913884 56352190 378176857 15106040768 2164862276 1 19192356 2227834268
======================
   8      16 sdb 30724808 497734 2609632930 62915596 56352190 378176857 15106040768 2164862276 1 19193248 2227835964
======================
   8      16 sdb 30727262 499956 2609671130 62916848 56352608 378203098 15106254040 2164862504 2 19193940 2227837444
======================
   8      16 sdb 30727974 500214 2609678930 62916996 56352608 378203098 15106254040 2164862504 0 19194048 2227837592
======================
   8      16 sdb 30728395 500214 2609682298 62917224 56353637 378267810 15106779968 2164863020 0 19194280 2227838336
======================
   8      16 sdb 30728864 500214 2609686050 62917256 56353637 378267810 15106779968 2164863020 0 19194312 2227838368
======================
   8      16 sdb 30729093 500214 2609687882 62917776 56354665 378332509 15107305784 2164863496 1 19194852 2227839364
======================
   8      16 sdb 30729275 500214 2609689338 62918400 56354665 378332509 15107305784 2164863496 1 19195468 2227839980
======================
   8      16 sdb 30729786 500214 2609693426 62918452 56354665 378332509 15107305784 2164863496 0 19195520 2227840032
======================
   8      16 sdb 30729846 500214 2609693906 62918460 56367081 378397275 15107923192 2164941364 127 19196256 2227918508
======================
   8      16 sdb 30729957 500214 2609694794 62918520 56387783 378397345 15108089368 2165040784 0 19197020 2228017296
======================
   8      16 sdb 30733222 501737 2609733194 62920816 56387783 378397345 15108089368 2165040784 1 19197532 2228019592
======================
   8      16 sdb 30737520 504894 2609793850 62923488 56387783 378397345 15108089368 2165040784 1 19198500 2228022272
======================
   8      16 sdb 30740619 508751 2609850450 62925868 56398287 378406014 15108241920 2165163748 135 19199500 2228150408
======================
   8      16 sdb 30743066 511622 2609893466 62927344 56401246 378452075 15108634912 2165221836 1 19200328 2228207172
======================
   8      16 sdb 30744622 512031 2609909530 62927972 56401246 378452075 15108634912 2165221836 0 19200540 2228207792
======================
   8      16 sdb 30744830 512031 2609911194 62928020 56407561 378516793 15109203176 2165249376 150 19201012 2228236056
======================
   8      16 sdb 30745044 512031 2609912906 62928168 56417937 378516801 15109286240 2165304368 0 19201544 2228290484
======================
   8      16 sdb 30745500 512031 2609916554 62928244 56418156 378530802 15109398368 2165304464 4 19201660 2228290656
======================
   8      16 sdb 30745523 512031 2609916738 62928432 56441778 378593469 15110088176 2165417224 149 19202524 2228409936
======================
   8      16 sdb 30745955 512031 2609920194 62928544 56445870 378599793 15110173632 2165439624 0 19202704 2228426092
======================
   8      16 sdb 30746170 512031 2609921914 62928568 56454959 378664502 15110764016 2165462972 143 19203096 2228449568
======================
   8      16 sdb 30746177 512031 2609921970 62928708 56483474 378664630 15110993144 2165582220 1 19204064 2228568784
======================
   8      16 sdb 30746442 512031 2609924090 62929164 56483474 378664630 15110993144 2165582220 0 19204520 2228569240
======================
   8      16 sdb 30746839 512031 2609927266 62929248 56484271 378715136 15111401208 2165582760 5 19204744 2228569856
======================
   8      16 sdb 30746839 512031 2609927266 62929248 56501708 378729426 15111657376 2165697976 148 19205612 2228685928
======================
   8      16 sdb 30747059 512031 2609929026 62929584 56505751 378729454 15111689944 2165730888 0 19206180 2228718876
======================
   8      16 sdb 30747520 512031 2609932714 62929680 56505869 378736954 15111750872 2165730956 2 19206292 2228719040
======================
   8      16 sdb 30747520 512031 2609932714 62929680 56524130 378794239 15112355248 2165832952 133 19207156 2228821964
======================
   8      16 sdb 30747605 512031 2609933394 62929888 56535267 378794269 15112444584 2165914764 1 19207936 2228902992
======================
   8      16 sdb 30750365 512529 2609959322 62931576 56535267 378794269 15112444584 2165914764 1 19208176 2228904684
======================
   8      16 sdb 30753572 514759 2610003634 62933120 56535500 378809270 15112563880 2165915316 6 19208848 2228906772
======================
   8      16 sdb 30753572 514759 2610003634 62933120 56547139 378859011 15113057488 2166017628 144 19209712 2229011356
======================
   8      16 sdb 30753572 514759 2610003634 62933120 56553582 378859030 15113109192 2166162964 133 19210720 2229155360
======================
   8      16 sdb 30753699 514759 2610004650 62933256 56565445 378859089 15113204560 2166248136 0 19211448 2229239684
======================
   8      16 sdb 30754059 514759 2610007530 62933452 56587946 378882350 15113569656 2166308088 147 19211916 2229300324
======================
   8      16 sdb 30754212 514759 2610008754 62933976 56609581 378923224 15114069840 2166438676 147 19212912 2229441388
======================
   8      16 sdb 30754403 514759 2610010282 62934128 56611483 378959110 15114373024 2166466656 0 19213188 2229459000
======================
   8      16 sdb 30754403 514759 2610010282 62934128 56611483 378959110 15114373024 2166466656 0 19213188 2229459000
