======================
   8      16 sdb 23351813 368934 2285298170 52776120 44304105 355309840 12858659344 1845089156 0 16116920 1897890300
======================
   8      16 sdb 23351813 368934 2285298170 52776120 44304105 355309840 12858659344 1845089156 0 16116920 1897890300
======================
   8      16 sdb 23351814 368934 2285298178 52776120 44304105 355309840 12858659344 1845089156 0 16116920 1897890300
======================
   8      16 sdb 23352297 368934 2285302042 52776132 44304105 355309840 12858659344 1845089156 0 16116932 1897890312
======================
   8      16 sdb 23352297 368934 2285302042 52776132 44305017 355309840 12859126288 1845092300 0 16117004 1897893448
======================
   8      16 sdb 23352297 368934 2285302042 52776132 44308185 355309840 12860748304 1845161724 144 16117580 1897967596
======================
   8      16 sdb 23352297 368934 2285302042 52776132 44310087 355309840 12861722128 1845303568 67 16118584 1898108408
======================
   8      16 sdb 23352298 368934 2285302050 52776212 44311987 355310348 12862694968 1845433944 136 16119584 1898240288
======================
   8      16 sdb 23352298 368934 2285302050 52776212 44313910 355310348 12863679032 1845576428 133 16120588 1898382688
======================
   8      16 sdb 23352298 368934 2285302050 52776212 44314940 355310348 12864206392 1845652968 159 16121616 1898533204
======================
   8      16 sdb 23352298 368934 2285302050 52776212 44317170 355310348 12865348152 1845867240 137 16122620 1898676044
======================
   8      16 sdb 23352299 368934 2285302058 52776272 44319393 355310816 12866468904 1846003192 130 16123624 1898811864
======================
   8      16 sdb 23352299 368934 2285302058 52776272 44320814 355310839 12867195632 1846080344 159 16124628 1898979668
======================
   8      16 sdb 23352299 368934 2285302058 52776272 44322305 355310856 12867958152 1846285080 140 16125632 1899123492
======================
   8      16 sdb 23352299 368934 2285302058 52776272 44324029 355310856 12868840840 1846426688 144 16126636 1899265068
======================
   8      16 sdb 23352300 368934 2285302066 52776336 44326484 355310856 12870097800 1846564420 140 16127640 1899401204
======================
   8      16 sdb 23352300 368934 2285302066 52776336 44328756 355310856 12871261064 1846706760 140 16128644 1899543520
======================
   8      16 sdb 23352300 368934 2285302066 52776336 44330680 355310878 12872245824 1846840980 147 16129644 1899679028
======================
   8      16 sdb 23352300 368934 2285302066 52776336 44332606 355310878 12873231936 1846983492 141 16130648 1899821516
======================
   8      16 sdb 23352301 368934 2285302074 52776420 44334352 355310894 12874125384 1847119616 152 16131652 1899957708
======================
   8      16 sdb 23352301 368934 2285302074 52776420 44336229 355310894 12875085528 1847262632 131 16132656 1900100324
======================
   8      16 sdb 23352301 368934 2285302074 52776420 44338157 355310894 12876072664 1847404768 155 16133660 1900242964
======================
   8      16 sdb 23352301 368934 2285302074 52776420 44339906 355310917 12876967832 1847542940 148 16134664 1900381068
======================
   8      16 sdb 23352302 368934 2285302082 52776500 44341652 355310917 12877861280 1847679216 148 16135668 1900517652
======================
   8      16 sdb 23352302 368934 2285302082 52776500 44343580 355310933 12878847032 1847820928 140 16136672 1900659344
======================
   8      16 sdb 23352302 368934 2285302082 52776500 44345326 355310933 12879740984 1847963712 154 16137676 1900801880
======================
   8      16 sdb 23352302 368934 2285302082 52776500 44347248 355310933 12880725048 1848104872 152 16138680 1900943240
======================
   8      16 sdb 23352303 368934 2285302090 52776584 44348973 355310954 12881607408 1848235368 134 16139684 1901074232
======================
   8      16 sdb 23352303 368934 2285302090 52776584 44350716 355310969 12882499448 1848378656 144 16140688 1901217164
======================
   8      16 sdb 23352303 368934 2285302090 52776584 44352617 355310969 12883472248 1848520212 131 16141692 1901358748
======================
   8      16 sdb 23352303 368934 2285302090 52776584 44354362 355310969 12884365688 1848662924 146 16142696 1901501480
======================
   8      16 sdb 23352303 368934 2285302090 52776584 44356268 355310969 12885341560 1848804800 34 16143700 1901640032
======================
   8      16 sdb 23352304 368934 2285302098 52776652 44358034 355310991 12886245424 1848933692 143 16144700 1901771924
======================
   8      16 sdb 23352304 368934 2285302098 52776652 44359960 355310991 12887231536 1849075680 137 16145704 1901913860
======================
   8      16 sdb 23352304 368934 2285302098 52776652 44361706 355310991 12888125488 1849217464 151 16146708 1902055756
======================
   8      16 sdb 23352304 368934 2285302098 52776652 44363620 355310991 12889105456 1849359732 154 16147716 1902198304
======================
   8      16 sdb 23352305 368934 2285302106 52776732 44365344 355310991 12889987640 1849495676 141 16148720 1902334488
======================
   8      16 sdb 23352305 368934 2285302106 52776732 44367264 355311029 12890968968 1849632396 130 16149720 1902470296
======================
   8      16 sdb 23352305 368934 2285302106 52776732 44369018 355311029 12891867016 1849772876 136 16150724 1902611140
======================
   8      16 sdb 23352305 368934 2285302106 52776732 44370760 355311029 12892758920 1849913928 154 16151728 1902752216
======================
   8      16 sdb 23352306 368934 2285302114 52776816 44372683 355311029 12893742992 1850048752 129 16152732 1902887204
======================
   8      16 sdb 23352306 368934 2285302114 52776816 44374427 355311045 12894634536 1850191196 145 16153736 1903029648
======================
   8      16 sdb 23352311 368934 2285302154 52777100 44376339 355311066 12895612640 1850306240 39 16154740 1903142316
======================
   8      16 sdb 23352315 368934 2285302186 52777412 44378035 355311082 12896480120 1850425876 148 16155744 1903264364
======================
   8      16 sdb 23352318 368934 2285302210 52777576 44379797 355311082 12897381752 1850555640 132 16156748 1903398536
======================
   8      16 sdb 23352322 368934 2285302242 52777864 44381722 355311082 12898367352 1850675800 140 16157748 1903517432
======================
   8      16 sdb 23352327 368934 2285302282 52778188 44383615 355311082 12899336568 1850793520 155 16158748 1903632632
======================
   8      16 sdb 23352330 368934 2285302306 52778388 44385564 355311104 12900333624 1850911052 35 16159748 1903749936
======================
   8      16 sdb 23352334 368934 2285302338 52778688 44387491 355311120 12901319368 1851030516 135 16160748 1903872532
======================
   8      16 sdb 23352338 368934 2285302370 52778992 44389389 355311120 12902291144 1851149772 157 16161752 1903992152
======================
   8      16 sdb 23352343 368934 2285302410 52779316 44391295 355311120 12903267016 1851267092 155 16162752 1904107144
======================
   8      16 sdb 23352346 368934 2285302434 52779532 44393220 355311120 12904252616 1851388876 61 16163752 1904230116
======================
   8      16 sdb 23352350 368934 2285302466 52779816 44395141 355311143 12905235344 1851501552 136 16164752 1904344652
======================
   8      16 sdb 23352354 368934 2285302498 52780116 44397074 355311160 12906224168 1851620960 156 16165756 1904464688
======================
   8      16 sdb 23352359 368934 2285302538 52780452 44398999 355311160 12907209768 1851737672 137 16166760 1904579792
======================
   8      16 sdb 23352362 368934 2285302562 52780668 44400925 355311160 12908195880 1851860812 40 16167764 1904702772
======================
   8      16 sdb 23352366 368934 2285302594 52780972 44402830 355311160 12909171240 1851979820 128 16168760 1904824600
======================
   8      16 sdb 23352370 368934 2285302626 52781272 44404712 355311183 12910134000 1852097656 148 16169764 1904942300
======================
   8      16 sdb 23352375 368934 2285302666 52781580 44406658 355311200 12911129480 1852214500 128 16170764 1905056996
======================
   8      16 sdb 23352378 368934 2285302690 52781796 44408580 355311200 12912113544 1852335948 69 16171768 1905180416
======================
   8      16 sdb 23352382 368934 2285302722 52782084 44410505 355311200 12913099144 1852454148 137 16172768 1905300212
======================
   8      16 sdb 23352386 368934 2285302754 52782380 44412428 355311200 12914083720 1852572580 130 16173768 1905418764
======================
   8      16 sdb 23352390 368934 2285302786 52782624 44414046 355311223 12914911312 1852670036 138 16174768 1905538736
======================
   8      16 sdb 23352394 368934 2285302818 52782820 44416249 355311240 12916037872 1852814284 85 16175772 1905659820
======================
   8      16 sdb 23352398 368934 2285302850 52783108 44418158 355311240 12917015280 1852933224 129 16176776 1905780268
======================
   8      16 sdb 23352402 368934 2285302882 52783416 44420083 355311240 12918000880 1853052504 132 16177772 1905899380
======================
   8      16 sdb 23352407 368934 2285302922 52783764 44422001 355311240 12918982896 1853170460 153 16178776 1906013480
======================
   8      16 sdb 23352410 368934 2285302946 52783984 44423925 355311262 12919967152 1853285260 91 16179780 1906132420
======================
   8      16 sdb 23352414 368934 2285302978 52784288 44425781 355311278 12920916544 1853398972 134 16180784 1906252132
======================
   8      16 sdb 23352418 368934 2285303010 52784452 44427779 355311278 12921939520 1853526152 153 16181784 1906374468
======================
   8      16 sdb 23352423 368934 2285303050 52784792 44429676 355311278 12922910784 1853644200 132 16182788 1906489596
======================
   8      16 sdb 23352426 368934 2285303074 52784996 44431572 355311278 12923881536 1853764472 94 16183792 1906613652
======================
   8      16 sdb 23352430 368934 2285303106 52785304 44433500 355311301 12924867848 1853878820 130 16184796 1906728044
======================
   8      16 sdb 23352434 368934 2285303138 52785612 44435420 355311318 12925850528 1853998100 131 16185796 1906847488
======================
   8      16 sdb 23352439 368934 2285303178 52785936 44437342 355311318 12926834080 1854115820 145 16186800 1906961536
======================
   8      16 sdb 23352442 368934 2285303202 52786160 44439268 355311318 12927820192 1854237120 82 16187804 1907086184
======================
   8      16 sdb 23352446 368934 2285303234 52786456 44441187 355311318 12928802720 1854357372 152 16188808 1907207232
======================
   8      16 sdb 23352450 368934 2285303266 52786756 44443119 355311342 12929791088 1854473088 147 16189812 1907323716
======================
   8      16 sdb 23352455 368934 2285303306 52787076 44445022 355311359 12930764048 1854592112 150 16190812 1907438868
======================
   8      16 sdb 23352458 368934 2285303330 52787288 44446925 355311359 12931738384 1854711856 110 16191812 1907562804
======================
   8      16 sdb 23352462 368934 2285303362 52787584 44448824 355311359 12932710672 1854831640 140 16192812 1907683216
======================
   8      16 sdb 23352466 368934 2285303394 52787892 44450749 355311359 12933696272 1854949312 135 16193812 1907800628
======================
   8      16 sdb 23352469 368934 2285303418 52788128 44452673 355311381 12934680528 1855071708 150 16194816 1907919176
======================
   8      16 sdb 23352472 368934 2285303442 52788348 44454598 355311397 12935665248 1855190128 89 16195820 1908041496
======================
   8      16 sdb 23352476 368934 2285303474 52788656 44456524 355311397 12936651360 1855309484 157 16196820 1908161956
======================
   8      16 sdb 23352480 368934 2285303506 52788964 44458449 355311397 12937636960 1855429256 151 16197824 1908282144
======================
   8      16 sdb 23352485 368934 2285303546 52789296 44460354 355311397 12938612320 1855547372 151 16198824 1908395876
======================
   8      16 sdb 23352488 368934 2285303570 52789532 44462227 355311420 12939570472 1855660076 142 16199828 1908513756
======================
   8      16 sdb 23352492 368934 2285303602 52789824 44464178 355311436 12940568000 1855779748 133 16200832 1908633080
======================
   8      16 sdb 23352496 368934 2285303634 52790120 44466058 355311436 12941530560 1855898060 132 16201832 1908752832
======================
   8      16 sdb 23352501 368934 2285303674 52790388 44468020 355311436 12942535104 1856024224 31 16202832 1908873068
======================
   8      16 sdb 23352504 368934 2285303698 52790608 44469947 355311436 12943521728 1856142732 105 16203836 1908996664
======================
   8      16 sdb 23352508 368934 2285303730 52790908 44471876 355311460 12944508560 1856255268 151 16204840 1909109520
======================
   8      16 sdb 23352512 368934 2285303762 52791200 44473782 355311477 12945483056 1856373752 157 16205836 1909228652
======================
   8      16 sdb 23352516 368934 2285303794 52791464 44475680 355311477 12946454832 1856494020 9 16206840 1909344552
======================
   8      16 sdb 23352520 368934 2285303826 52791784 44477580 355311477 12947427632 1856611364 136 16207844 1909466556
======================
   8      16 sdb 23352524 368934 2285303858 52792072 44479527 355311477 12948424496 1856730332 140 16208844 1909586248
======================
   8      16 sdb 23352528 368934 2285303890 52792380 44481449 355311501 12949408256 1856847344 139 16209848 1909703604
======================
   8      16 sdb 23352533 368934 2285303930 52792704 44483376 355311518 12950392992 1856963712 150 16210848 1909817340
======================
   8      16 sdb 23352536 368934 2285303954 52792928 44485302 355311518 12951379104 1857086612 56 16211852 1909941124
======================
   8      16 sdb 23352540 368934 2285303986 52793248 44487202 355311518 12952351904 1857205584 150 16212856 1910062272
======================
   8      16 sdb 23352544 368934 2285304018 52793560 44489099 355311518 12953323168 1857322320 141 16213860 1910179104
======================
   8      16 sdb 23352549 368934 2285304058 52793824 44491033 355311540 12954312544 1857437604 147 16214864 1910290836
======================
   8      16 sdb 23352552 368934 2285304082 52794048 44492960 355311556 12955298800 1857558452 82 16215868 1910415208
======================
   8      16 sdb 23352556 368934 2285304114 52794352 44494885 355311556 12956283888 1857677924 151 16216872 1910535864
======================
   8      16 sdb 23352560 368934 2285304146 52794664 44496810 355311556 12957269488 1857795268 146 16217872 1910653624
======================
   8      16 sdb 23352565 368934 2285304186 52794980 44498719 355311556 12958246896 1857914692 138 16218872 1910769328
======================
   8      16 sdb 23352568 368934 2285304210 52795196 44500633 355311580 12959226048 1858030504 91 16219872 1910888448
======================
   8      16 sdb 23352572 368934 2285304242 52795504 44502537 355311596 12960199008 1858150024 153 16220876 1911008856
======================
   8      16 sdb 23352576 368934 2285304274 52795808 44504462 355311596 12961184608 1858269372 147 16221880 1911128632
======================
   8      16 sdb 23352581 368934 2285304314 52796136 44506387 355311596 12962170208 1858388072 100 16222880 1911242608
======================
   8      16 sdb 23352584 368934 2285304338 52796356 44508309 355311596 12963154272 1858508072 99 16223880 1911367468
======================
   8      16 sdb 23352588 368934 2285304370 52796660 44510235 355311619 12964139560 1858623112 138 16224884 1911482936
======================
   8      16 sdb 23352592 368934 2285304402 52796956 44512164 355311636 12965126336 1858741228 129 16225884 1911601564
======================
   8      16 sdb 23352597 368934 2285304442 52797296 44514061 355311636 12966097600 1858860820 30 16226884 1911716428
======================
   8      16 sdb 23352600 368934 2285304466 52797508 44515979 355311636 12967079616 1858980356 113 16227884 1911840808
======================
   8      16 sdb 23352604 368934 2285304498 52797808 44517906 355311636 12968066240 1859099284 151 16228888 1911960200
======================
   8      16 sdb 23352608 368934 2285304530 52798112 44519787 355311658 12969028480 1859214944 129 16229892 1912077908
======================
   8      16 sdb 23352613 368934 2285304570 52798428 44521758 355311675 12970036760 1859336084 145 16230892 1912193080
======================
   8      16 sdb 23352616 368934 2285304594 52798652 44523684 355311675 12971022872 1859456860 92 16231896 1912318160
======================
   8      16 sdb 23352620 368934 2285304626 52798948 44525611 355311675 12972009496 1859575404 135 16232900 1912437616
======================
   8      16 sdb 23352624 368934 2285304658 52799260 44527510 355311675 12972982296 1859693740 153 16233904 1912556404
======================
   8      16 sdb 23352632 368935 2285304730 52799600 44529382 355311697 12973939416 1859814868 28 16234908 1912674160
======================
   8      16 sdb 23352636 368935 2285304762 52799864 44531333 355311697 12974938328 1859934100 125 16235912 1912797100
======================
   8      16 sdb 23352640 368935 2285304794 52800152 44533253 355311697 12975921368 1860053916 134 16236912 1912917212
======================
   8      16 sdb 23352644 368935 2285304826 52800464 44535182 355311697 12976909016 1860173804 139 16237912 1913037564
======================
   8      16 sdb 23352649 368935 2285304866 52800784 44537106 355311697 12977894104 1860293200 23 16238916 1913152060
======================
   8      16 sdb 23352652 368935 2285304890 52801000 44539033 355311721 12978879912 1860407148 107 16239916 1913271248
======================
   8      16 sdb 23352656 368935 2285304922 52801300 44540927 355311721 12979849640 1860522928 152 16240920 1913389872
======================
   8      16 sdb 23352660 368935 2285304954 52801592 44542794 355311721 12980805544 1860642680 145 16241924 1913508944
======================
   8      16 sdb 23352664 368935 2285304986 52801828 44544762 355311721 12981813160 1860764348 10 16242920 1913624992
======================
   8      16 sdb 23352668 368935 2285305018 52802140 44546682 355311721 12982796712 1860881164 138 16243924 1913746788
======================
   8      16 sdb 23352672 368935 2285305050 52802432 44548611 355311743 12983783016 1860999396 150 16244920 1913865288
======================
   8      16 sdb 23352675 368935 2285305074 52802648 44550035 355311808 12984505552 1861086176 0 16245652 1913946844
======================
   8      16 sdb 23352675 368935 2285305074 52802648 44550035 355311808 12984505552 1861086176 0 16245652 1913946844
======================
   8      16 sdb 23352675 368935 2285305074 52802648 44550035 355311808 12984505552 1861086176 0 16245652 1913946844
======================
   8      16 sdb 23352675 368935 2285305074 52802648 44550035 355311808 12984505552 1861086176 0 16245652 1913946844
======================
   8      16 sdb 23352675 368935 2285305074 52802648 44550035 355311808 12984505552 1861086176 0 16245652 1913946844
======================
   8      16 sdb 23352675 368935 2285305074 52802648 44550035 355311808 12984505552 1861086176 0 16245652 1913946844
started
======================
   8      16 sdb 23352676 368935 2285305082 52802652 44550035 355311808 12984505552 1861086176 0 16245656 1913946848
======================
   8      16 sdb 23354027 368935 2285648954 52803232 44550035 355311808 12984505552 1861086176 1 16246228 1913947428
======================
   8      16 sdb 23355892 368935 2286126394 52804020 44550035 355311808 12984505552 1861086176 1 16247016 1913948216
======================
   8      16 sdb 23357815 368935 2286618682 52804840 44550035 355311808 12984505552 1861086176 1 16247836 1913949036
======================
   8      16 sdb 23359786 368935 2287123258 52805688 44550035 355311808 12984505552 1861086176 1 16248684 1913949884
======================
   8      16 sdb 23361680 368935 2287608122 52806504 44550035 355311808 12984505552 1861086176 1 16249500 1913950700
======================
   8      16 sdb 23363705 368935 2288126522 52807360 44550035 355311808 12984505552 1861086176 1 16250352 1913951552
======================
   8      16 sdb 23365651 368935 2288624698 52808220 44550037 355311809 12984505576 1861086176 1 16251212 1913952412
======================
   8      16 sdb 23367567 368935 2289115194 52809060 44550037 355311809 12984505576 1861086176 1 16252048 1913953248
======================
   8      16 sdb 23369512 368935 2289613114 52809900 44550037 355311809 12984505576 1861086176 1 16252888 1913954088
======================
   8      16 sdb 23371440 368935 2290106682 52810752 44550037 355311809 12984505576 1861086176 1 16253736 1913954936
======================
   8      16 sdb 23373336 368935 2290592058 52811576 44550037 355311809 12984505576 1861086176 1 16254560 1913955760
======================
   8      16 sdb 23375232 368935 2291077434 52812440 44550037 355311809 12984505576 1861086176 1 16255424 1913956624
======================
   8      16 sdb 23377169 368935 2291573306 52813292 44550037 355311809 12984505576 1861086176 1 16256272 1913957472
======================
   8      16 sdb 23379137 368935 2292077114 52814124 44550037 355311809 12984505576 1861086176 0 16257100 1913958300
======================
   8      16 sdb 23381068 368935 2292571450 52814976 44550037 355311809 12984505576 1861086176 1 16257948 1913959148
======================
   8      16 sdb 23382977 368935 2293060154 52815800 44550037 355311809 12984505576 1861086176 1 16258776 1913959976
======================
   8      16 sdb 23384877 368935 2293546554 52816604 44550037 355311809 12984505576 1861086176 1 16259576 1913960776
======================
   8      16 sdb 23386918 368935 2294069050 52817452 44550037 355311809 12984505576 1861086176 1 16260416 1913961616
======================
   8      16 sdb 23388746 368935 2294537018 52818276 44550037 355311809 12984505576 1861086176 0 16261236 1913962436
======================
   8      16 sdb 23390671 368935 2295029818 52819088 44550037 355311809 12984505576 1861086176 0 16262048 1913963248
======================
   8      16 sdb 23392582 368935 2295519034 52819912 44550037 355311809 12984505576 1861086176 0 16262872 1913964072
======================
   8      16 sdb 23394472 368935 2296002874 52820704 44550037 355311809 12984505576 1861086176 1 16263660 1913964860
======================
   8      16 sdb 23396368 368935 2296488250 52821480 44550037 355311809 12984505576 1861086176 1 16264432 1913965632
======================
   8      16 sdb 23398259 368935 2296972346 52822276 44550037 355311809 12984505576 1861086176 1 16265228 1913966428
======================
   8      16 sdb 23400274 368935 2297488186 52823116 44550037 355311809 12984505576 1861086176 1 16266064 1913967264
======================
   8      16 sdb 23402147 368935 2297967674 52823960 44550037 355311809 12984505576 1861086176 1 16266908 1913968108
======================
   8      16 sdb 23404019 368935 2298446906 52824804 44550037 355311809 12984505576 1861086176 1 16267752 1913968952
======================
   8      16 sdb 23405954 368935 2298942266 52825632 44550037 355311809 12984505576 1861086176 1 16268580 1913969780
======================
   8      16 sdb 23408022 368935 2299471674 52826452 44550037 355311809 12984505576 1861086176 1 16269400 1913970600
======================
   8      16 sdb 23410062 368935 2299993914 52827292 44550037 355311809 12984505576 1861086176 1 16270240 1913971440
======================
   8      16 sdb 23412117 368935 2300519994 52828108 44550037 355311809 12984505576 1861086176 1 16271056 1913972256
======================
   8      16 sdb 23414004 368935 2301003066 52828924 44550037 355311809 12984505576 1861086176 1 16271868 1913973068
======================
   8      16 sdb 23415923 368935 2301494330 52829768 44550037 355311809 12984505576 1861086176 1 16272712 1913973912
======================
   8      16 sdb 23417783 368935 2301970490 52830620 44550037 355311809 12984505576 1861086176 1 16273560 1913974760
======================
   8      16 sdb 23419668 368935 2302453050 52831460 44550037 355311809 12984505576 1861086176 1 16274400 1913975600
======================
   8      16 sdb 23421692 368935 2302971194 52832216 44550037 355311809 12984505576 1861086176 1 16275152 1913976352
======================
   8      16 sdb 23423589 368935 2303456826 52833048 44550037 355311809 12984505576 1861086176 0 16275984 1913977184
======================
   8      16 sdb 23425482 368935 2303941434 52833844 44550037 355311809 12984505576 1861086176 1 16276772 1913977972
======================
   8      16 sdb 23427393 368935 2304430650 52834676 44550037 355311809 12984505576 1861086176 1 16277600 1913978800
======================
   8      16 sdb 23429290 368935 2304916282 52835512 44550037 355311809 12984505576 1861086176 1 16278428 1913979628
======================
   8      16 sdb 23431139 368935 2305389626 52836324 44550037 355311809 12984505576 1861086176 1 16279240 1913980440
======================
   8      16 sdb 23433067 368935 2305883194 52837160 44550038 355311809 12984505584 1861086176 1 16280076 1913981276
======================
   8      16 sdb 23435070 368935 2306395962 52837952 44550038 355311809 12984505584 1861086176 1 16280868 1913982068
======================
   8      16 sdb 23437093 368935 2306913850 52838772 44550038 355311809 12984505584 1861086176 1 16281688 1913982888
======================
   8      16 sdb 23439152 368935 2307440954 52839548 44550038 355311809 12984505584 1861086176 1 16282460 1913983660
======================
   8      16 sdb 23441094 368935 2307938106 52840396 44550038 355311809 12984505584 1861086176 0 16283308 1913984508
======================
   8      16 sdb 23443094 368935 2308450106 52841224 44550038 355311809 12984505584 1861086176 1 16284136 1913985336
======================
   8      16 sdb 23445007 368935 2308939834 52842084 44550038 355311809 12984505584 1861086176 1 16284988 1913986188
======================
   8      16 sdb 23446937 368935 2309433914 52842920 44550038 355311809 12984505584 1861086176 1 16285824 1913987024
======================
   8      16 sdb 23448878 368935 2309930810 52843736 44550038 355311809 12984505584 1861086176 1 16286640 1913987840
======================
   8      16 sdb 23450837 368935 2310432314 52844580 44550038 355311809 12984505584 1861086176 1 16287484 1913988684
======================
   8      16 sdb 23452790 368935 2310932282 52845440 44550038 355311809 12984505584 1861086176 1 16288340 1913989540
======================
   8      16 sdb 23454785 368935 2311443002 52846304 44550038 355311809 12984505584 1861086176 1 16289204 1913990404
======================
   8      16 sdb 23456804 368935 2311959866 52847108 44550038 355311809 12984505584 1861086176 1 16290008 1913991208
======================
   8      16 sdb 23458779 368935 2312465466 52847960 44550038 355311809 12984505584 1861086176 1 16290856 1913992056
======================
   8      16 sdb 23460754 368935 2312971066 52848812 44550038 355311809 12984505584 1861086176 1 16291708 1913992908
======================
   8      16 sdb 23462772 368935 2313487674 52849608 44550038 355311809 12984505584 1861086176 1 16292496 1913993696
======================
   8      16 sdb 23464778 368935 2314001210 52850360 44550038 355311809 12984505584 1861086176 1 16293248 1913994448
======================
   8      16 sdb 23466760 368935 2314508602 52851180 44550038 355311809 12984505584 1861086176 1 16294064 1913995264
======================
   8      16 sdb 23468734 368935 2315013946 52852000 44550038 355311809 12984505584 1861086176 1 16294880 1913996080
======================
   8      16 sdb 23470702 368935 2315517754 52852816 44550038 355311809 12984505584 1861086176 1 16295696 1913996896
