======================
   8      32 sdc 1826908 12814 270797904 12798496 24503179 595280426 10772496136 1935629696 0 43915304 1949721248
======================
   8      32 sdc 1826908 12814 270797904 12798496 24503179 595280426 10772496136 1935629696 0 43915304 1949721248
======================
   8      32 sdc 1826911 12814 270797928 12798548 24503179 595280426 10772496136 1935629696 0 43915356 1949721300
======================
   8      32 sdc 1826911 12814 270797928 12798548 24503179 595280426 10772496136 1935629696 0 43915356 1949721300
======================
   8      32 sdc 1826912 12814 270797936 12798568 24504400 595280426 10773121288 1935666544 157 43915980 1949795916
======================
   8      32 sdc 1826912 12814 270797936 12798568 24504661 595280426 10773254920 1935808532 152 43916980 1949938956
======================
   8      32 sdc 1826912 12814 270797936 12798568 24504931 595280426 10773393160 1935953060 138 43917984 1950082992
======================
   8      32 sdc 1826912 12814 270797936 12798568 24505204 595280426 10773532936 1936098644 154 43918988 1950227456
======================
   8      32 sdc 1826912 12814 270797936 12798568 24505397 595280449 10773630928 1936213704 154 43919992 1950371860
======================
   8      32 sdc 1826912 12814 270797936 12798568 24505479 595280449 10773672912 1936323240 136 43920996 1950523116
======================
   8      32 sdc 1826912 12814 270797936 12798568 24506866 595280449 10774383056 1936652924 157 43922732 1950775256
======================
   8      32 sdc 1826912 12814 270797936 12798568 24507431 595280449 10774672336 1936820972 136 43923740 1950921564
======================
   8      32 sdc 1826912 12814 270797936 12798568 24507733 595280449 10774826960 1936856676 154 43924740 1951071792
======================
   8      32 sdc 1826912 12814 270797936 12798568 24508324 595280449 10775129552 1937121280 139 43925748 1951222324
======================
   8      32 sdc 1826912 12814 270797936 12798568 24509508 595280449 10775735760 1937259676 139 43926752 1951365716
======================
   8      32 sdc 1826912 12814 270797936 12798568 24510053 595280449 10776014800 1937403660 138 43927772 1951514336
======================
   8      32 sdc 1826913 12814 270797944 12798736 24510707 595280449 10776349648 1937545420 154 43928776 1951650912
======================
   8      32 sdc 1826913 12814 270797944 12798736 24511351 595280449 10776679376 1937683512 150 43929780 1951794796
======================
   8      32 sdc 1826913 12814 270797944 12798736 24511993 595280449 10777008080 1937826992 148 43930784 1951938372
======================
   8      32 sdc 1826913 12814 270797944 12798736 24512634 595280449 10777336272 1937970380 147 43931788 1952082068
======================
   8      32 sdc 1826913 12814 270797944 12798736 24513269 595280449 10777661392 1938113692 152 43932792 1952225968
======================
   8      32 sdc 1826913 12814 270797944 12798736 24513928 595280449 10777998800 1938258240 133 43933796 1952369444
======================
   8      32 sdc 1826913 12814 270797944 12798736 24514570 595280449 10778327504 1938401940 131 43934800 1952513092
======================
   8      32 sdc 1826913 12814 270797944 12798736 24515230 595280449 10778665424 1938546044 143 43935804 1952656764
======================
   8      32 sdc 1826913 12814 270797944 12798736 24515905 595280449 10779011024 1938689020 140 43936808 1952800064
======================
   8      32 sdc 1826913 12814 270797944 12798736 24516538 595280449 10779335120 1938831496 147 43937808 1952943324
======================
   8      32 sdc 1826913 12814 270797944 12798736 24517162 595280449 10779654608 1938975156 131 43938812 1953086812
======================
   8      32 sdc 1826913 12814 270797944 12798736 24517810 595280449 10779986384 1939120228 155 43939816 1953230820
======================
   8      32 sdc 1826914 12814 270797952 12798944 24518466 595280449 10780322256 1939252892 141 43940820 1953363896
======================
   8      32 sdc 1826914 12814 270797952 12798944 24519141 595280449 10780667856 1939396412 138 43941824 1953507504
======================
   8      32 sdc 1826914 12814 270797952 12798944 24519783 595280449 10780996560 1939539416 136 43942828 1953651840
======================
   8      32 sdc 1826914 12814 270797952 12798944 24520407 595280449 10781316048 1939682964 152 43943828 1953794880
======================
   8      32 sdc 1826914 12814 270797952 12798944 24521060 595280449 10781650384 1939827996 139 43944832 1953938916
======================
   8      32 sdc 1826914 12814 270797952 12798944 24521707 595280449 10781981648 1939970792 132 43945832 1954082012
======================
   8      32 sdc 1826914 12814 270797952 12798944 24522349 595280449 10782310352 1940114660 130 43946836 1954225240
======================
   8      32 sdc 1826914 12814 270797952 12798944 24523008 595280449 10782647760 1940257460 143 43947840 1954369468
======================
   8      32 sdc 1826914 12814 270797952 12798944 24523667 595280449 10782985168 1940401180 156 43948844 1954512616
======================
   8      32 sdc 1826914 12814 270797952 12798944 24524309 595280449 10783313872 1940544692 154 43949848 1954656336
======================
   8      32 sdc 1826914 12814 270797952 12798944 24524951 595280449 10783642576 1940688376 152 43950852 1954800140
======================
   8      32 sdc 1826914 12814 270797952 12798944 24525593 595280449 10783971280 1940832104 150 43951856 1954943944
======================
   8      32 sdc 1826915 12814 270797960 12799168 24526228 595280449 10784296400 1940962796 128 43952860 1955073868
======================
   8      32 sdc 1826915 12814 270797960 12799168 24526893 595280449 10784636880 1941106100 135 43953864 1955217308
======================
   8      32 sdc 1826915 12814 270797960 12799168 24527538 595280449 10784967120 1941251456 130 43954868 1955363256
======================
   8      32 sdc 1826915 12814 270797960 12799168 24528183 595280449 10785297360 1941395344 157 43955868 1955506024
======================
   8      32 sdc 1826915 12814 270797960 12799168 24528834 595280449 10785630672 1941536652 146 43956872 1955648712
======================
   8      32 sdc 1826915 12814 270797960 12799168 24529459 595280449 10785950672 1941680036 129 43957876 1955791848
======================
   8      32 sdc 1826915 12814 270797960 12799168 24530098 595280449 10786277840 1941824400 130 43958880 1955935084
======================
   8      32 sdc 1826915 12814 270797960 12799168 24530775 595280449 10786624464 1941967692 157 43959884 1956078288
======================
   8      32 sdc 1826915 12814 270797960 12799168 24531451 595280449 10786970576 1942110772 153 43960888 1956221632
======================
   8      32 sdc 1826915 12814 270797960 12799168 24532126 595280449 10787316176 1942254776 150 43961892 1956366084
======================
   8      32 sdc 1826915 12814 270797960 12799168 24532753 595280449 10787637200 1942396552 131 43962896 1956508736
======================
   8      32 sdc 1826915 12814 270797960 12799168 24533382 595280449 10787959248 1942540416 142 43963896 1956651676
======================
   8      32 sdc 1826916 12814 270797968 12799592 24533894 595280449 10788221392 1942648032 142 43964900 1956759524
======================
   8      32 sdc 1826916 12814 270797968 12799592 24534565 595280449 10788564944 1942789824 143 43965904 1956902224
======================
   8      32 sdc 1826916 12814 270797968 12799592 24535207 595280449 10788893648 1942933024 141 43966908 1957045504
======================
   8      32 sdc 1826916 12814 270797968 12799592 24535857 595280449 10789226448 1943076852 131 43967908 1957188012
======================
   8      32 sdc 1826916 12814 270797968 12799592 24536493 595280449 10789552080 1943219008 135 43968912 1957331064
======================
   8      32 sdc 1826916 12814 270797968 12799592 24537130 595280449 10789878224 1943362400 138 43969916 1957474576
======================
   8      32 sdc 1826916 12814 270797968 12799592 24537772 595280449 10790206928 1943505604 136 43970920 1957617700
======================
   8      32 sdc 1826916 12814 270797968 12799592 24538413 595280449 10790535120 1943648532 135 43971920 1957760360
======================
   8      32 sdc 1826916 12814 270797968 12799592 24539071 595280449 10790872016 1943792236 149 43972924 1957903552
======================
   8      32 sdc 1826916 12814 270797968 12799592 24539735 595280449 10791211984 1943935368 157 43973928 1958046840
======================
   8      32 sdc 1826916 12814 270797968 12799592 24540378 595280449 10791541200 1944078188 154 43974932 1958190308
======================
   8      32 sdc 1826916 12814 270797968 12799592 24540998 595280449 10791858640 1944215828 142 43975936 1958333224
======================
   8      32 sdc 1826917 12814 270797976 12800020 24541534 595280449 10792133072 1944328096 151 43976940 1958439952
======================
   8      32 sdc 1826917 12814 270797976 12800020 24542202 595280449 10792475088 1944471036 155 43977948 1958584108
======================
   8      32 sdc 1826917 12814 270797976 12800020 24542821 595280449 10792792016 1944614372 144 43978952 1958727672
======================
   8      32 sdc 1826917 12814 270797976 12800020 24543491 595280449 10793135056 1944759888 146 43979960 1958871848
======================
   8      32 sdc 1826917 12814 270797976 12800020 24544151 595280449 10793472976 1944903352 158 43980964 1959015108
======================
   8      32 sdc 1826917 12814 270797976 12800020 24544814 595280449 10793812432 1945046552 135 43981968 1959159632
======================
   8      32 sdc 1826917 12814 270797976 12800020 24545438 595280449 10794131920 1945189800 151 43982972 1959302936
======================
   8      32 sdc 1826917 12814 270797976 12800020 24546078 595280449 10794459600 1945334776 151 43983976 1959446708
======================
   8      32 sdc 1826917 12814 270797976 12800020 24546755 595280449 10794806224 1945478524 146 43984980 1959590464
======================
   8      32 sdc 1826917 12814 270797976 12800020 24547407 595280449 10795140048 1945621236 134 43985984 1959733972
======================
   8      32 sdc 1826917 12814 270797976 12800020 24548044 595280449 10795466192 1945765768 137 43986988 1959877804
======================
   8      32 sdc 1826917 12814 270797976 12800020 24548707 595280449 10795805648 1945908860 146 43987988 1960020964
======================
   8      32 sdc 1826918 12814 270797984 12800240 24549340 595280449 10796129744 1946037952 154 43988992 1960150708
======================
   8      32 sdc 1826918 12814 270797984 12800240 24549981 595280449 10796457936 1946181432 153 43989996 1960294552
======================
   8      32 sdc 1826918 12814 270797984 12800240 24550623 595280449 10796786640 1946324012 151 43990996 1960436628
======================
   8      32 sdc 1826918 12814 270797984 12800240 24551265 595280449 10797115344 1946467508 149 43992000 1960580220
======================
   8      32 sdc 1826918 12814 270797984 12800240 24551909 595280449 10797445072 1946611228 145 43993004 1960723708
======================
   8      32 sdc 1826918 12814 270797984 12800240 24552555 595280449 10797775824 1946753880 139 43994004 1960866548
======================
   8      32 sdc 1826918 12814 270797984 12800240 24553195 595280449 10798103504 1946896992 139 43995008 1961010120
======================
   8      32 sdc 1826918 12814 270797984 12800240 24553871 595280449 10798449616 1947041352 135 43996008 1961152988
======================
   8      32 sdc 1826918 12814 270797984 12800240 24554531 595280449 10798787536 1947184180 147 43997012 1961297644
======================
   8      32 sdc 1826918 12814 270797984 12800240 24555155 595280449 10799107024 1947327928 131 43998016 1961441020
======================
   8      32 sdc 1826918 12814 270797984 12800240 24555800 595280449 10799437264 1947472224 158 43999016 1961583888
======================
   8      32 sdc 1826918 12814 270797984 12800240 24556475 595280449 10799782864 1947615504 155 44000024 1961728288
======================
   8      32 sdc 1826919 12814 270797992 12800420 24557132 595280449 10800119248 1947748080 143 44001028 1961860436
======================
   8      32 sdc 1826919 12814 270797992 12800420 24557807 595280449 10800464848 1947891232 140 44002032 1962003896
======================
   8      32 sdc 1826919 12814 270797992 12800420 24558431 595280449 10800784336 1948034164 156 44003036 1962147392
======================
   8      32 sdc 1826919 12814 270797992 12800420 24559065 595280449 10801108944 1948178900 130 44004040 1962291020
======================
   8      32 sdc 1826919 12814 270797992 12800420 24559588 595280449 10801376720 1948321080 151 44005044 1962433480
======================
   8      32 sdc 1826919 12814 270797992 12800420 24560223 595280449 10801701840 1948461140 156 44006044 1962575192
======================
   8      32 sdc 1826919 12814 270797992 12800420 24560876 595280449 10802036176 1948606604 143 44007048 1962719016
======================
   8      32 sdc 1826919 12814 270797992 12800420 24561540 595280449 10802376144 1948750024 151 44008052 1962862392
======================
   8      32 sdc 1826919 12814 270797992 12800420 24562195 595280449 10802711504 1948892984 136 44009056 1963005944
======================
   8      32 sdc 1826919 12814 270797992 12800420 24562836 595280449 10803039696 1949036172 135 44010060 1963149332
======================
   8      32 sdc 1826919 12814 270797992 12800420 24563477 595280449 10803367888 1949179076 134 44011060 1963291932
======================
   8      32 sdc 1826919 12814 270797992 12800420 24564113 595280449 10803693520 1949323160 138 44012064 1963436320
======================
   8      32 sdc 1826920 12814 270798000 12800652 24564751 595280449 10804020176 1949450424 146 44013064 1963563136
======================
   8      32 sdc 1826920 12814 270798000 12800652 24565404 595280449 10804354512 1949593636 133 44014068 1963706540
======================
   8      32 sdc 1826920 12814 270798000 12800652 24566050 595280449 10804685264 1949738132 131 44015076 1963850844
======================
   8      32 sdc 1826920 12814 270798000 12800652 24566703 595280449 10805019600 1949882552 146 44016084 1963995708
======================
   8      32 sdc 1826920 12814 270798000 12800652 24567357 595280449 10805354448 1950025220 132 44017092 1964139576
======================
   8      32 sdc 1826920 12814 270798000 12800652 24567966 595280449 10805666256 1950167500 131 44018096 1964284744
======================
   8      32 sdc 1826920 12814 270798000 12800652 24568635 595280449 10806008784 1950314276 136 44019104 1964427156
======================
   8      32 sdc 1826920 12814 270798000 12800652 24569305 595280449 10806351824 1950457592 138 44020108 1964570828
======================
   8      32 sdc 1826920 12814 270798000 12800652 24569979 595280449 10806696912 1950601788 136 44021116 1964714880
======================
   8      32 sdc 1826920 12814 270798000 12800652 24570648 595280449 10807039440 1950744332 139 44022120 1964858528
======================
   8      32 sdc 1826920 12814 270798000 12800652 24571273 595280449 10807359440 1950887812 154 44023124 1965001840
======================
   8      32 sdc 1826920 12814 270798000 12800652 24571884 595280449 10807672272 1951028372 98 44024128 1965143212
======================
   8      32 sdc 1826921 12814 270798008 12800836 24572564 595280449 10808020944 1951159252 152 44025128 1965272140
======================
   8      32 sdc 1826921 12814 270798008 12800836 24573222 595280449 10808357328 1951301584 134 44026132 1965415216
======================
   8      32 sdc 1826921 12814 270798008 12800836 24573863 595280449 10808685520 1951443924 133 44027136 1965557796
======================
   8      32 sdc 1826921 12814 270798008 12800836 24574449 595280449 10808985552 1951573136 155 44028136 1965701456
======================
   8      32 sdc 1826921 12814 270798008 12800836 24575021 595280449 10809278416 1951732732 159 44029140 1965846164
======================
   8      32 sdc 1826921 12814 270798008 12800836 24575662 595280449 10809606608 1951876548 158 44030144 1965990248
======================
   8      32 sdc 1826921 12814 270798008 12800836 24576304 595280449 10809935312 1952019568 157 44031148 1966133400
======================
   8      32 sdc 1826921 12814 270798008 12800836 24576945 595280449 10810263504 1952162508 155 44032148 1966276132
======================
   8      32 sdc 1826921 12814 270798008 12800836 24577607 595280449 10810602448 1952306008 133 44033152 1966419376
======================
   8      32 sdc 1826921 12814 270798008 12800836 24578262 595280449 10810937808 1952448396 150 44034152 1966561924
======================
   8      32 sdc 1826921 12814 270798008 12800836 24578898 595280449 10811263440 1952591400 154 44035156 1966705076
======================
   8      32 sdc 1826921 12814 270798008 12800836 24579551 595280449 10811597776 1952735036 111 44036160 1966847460
======================
   8      32 sdc 1826922 12814 270798016 12801084 24580199 595280449 10811929552 1952858188 144 44037160 1966972216
======================
   8      32 sdc 1826922 12814 270798016 12801084 24580842 595280449 10812258768 1952999632 141 44038204 1967121424
======================
   8      32 sdc 1826922 12814 270798016 12801084 24581498 595280449 10812594640 1953150076 157 44039208 1967264536
======================
   8      32 sdc 1826922 12814 270798016 12801084 24582150 595280449 10812928464 1953292372 145 44040212 1967408084
======================
   8      32 sdc 1826922 12814 270798016 12801084 24582821 595280449 10813272016 1953438188 146 44041216 1967551912
======================
   8      32 sdc 1826922 12814 270798016 12801084 24583487 595280449 10813613008 1953580636 152 44042220 1967695472
======================
   8      32 sdc 1826922 12814 270798016 12801084 24584111 595280449 10813932496 1953724088 136 44043220 1967838628
======================
   8      32 sdc 1826922 12814 270798016 12801084 24584750 595280449 10814259664 1953868200 137 44044224 1967981620
======================
   8      32 sdc 1826922 12814 270798016 12801084 24585427 595280449 10814606288 1954011388 132 44045228 1968124764
======================
   8      32 sdc 1826922 12814 270798016 12801084 24586082 595280449 10814941648 1954153984 149 44046232 1968268592
======================
   8      32 sdc 1826922 12814 270798016 12801084 24586724 595280449 10815270352 1954297540 147 44047232 1968411576
======================
   8      32 sdc 1826923 12814 270798024 12801320 24587357 595280449 10815594448 1954434584 128 44048236 1968538880
======================
   8      32 sdc 1826923 12814 270798024 12801320 24587991 595280449 10815919056 1954562380 134 44049240 1968681836
======================
   8      32 sdc 1826923 12814 270798024 12801320 24588657 595280449 10816260048 1954710416 140 44050244 1968825108
======================
   8      32 sdc 1826923 12814 270798024 12801320 24589299 595280449 10816588752 1954853952 138 44051248 1968968732
======================
   8      32 sdc 1826923 12814 270798024 12801320 24589934 595280449 10816913872 1954997880 143 44052248 1969112048
======================
   8      32 sdc 1826923 12814 270798024 12801320 24590598 595280449 10817253840 1955141660 151 44053252 1969255444
======================
   8      32 sdc 1826923 12814 270798024 12801320 24591240 595280449 10817582544 1955281724 149 44054256 1969399324
======================
   8      32 sdc 1826923 12814 270798024 12801320 24591876 595280449 10817908176 1955425164 153 44055256 1969542716
======================
   8      32 sdc 1826923 12814 270798024 12801320 24592556 595280449 10818256336 1955572844 145 44056260 1969686596
======================
   8      32 sdc 1826923 12814 270798024 12801320 24593226 595280449 10818599376 1955716124 147 44057264 1969830172
======================
   8      32 sdc 1826923 12814 270798024 12801320 24593855 595280449 10818921424 1955858268 158 44058264 1969972800
======================
   8      32 sdc 1826923 12814 270798024 12801320 24594481 595280449 10819241936 1956002048 140 44059268 1970116676
======================
   8      32 sdc 1826924 12814 270798032 12801544 24595128 595280449 10819573200 1956130172 133 44060268 1970243396
======================
   8      32 sdc 1826924 12814 270798032 12801544 24595795 595280449 10819914704 1956272480 138 44061272 1970388028
======================
   8      32 sdc 1826924 12814 270798032 12801544 24596478 595280449 10820264400 1956417628 159 44062276 1970531520
======================
   8      32 sdc 1826924 12814 270798032 12801544 24597114 595280449 10820590032 1956559904 131 44063276 1970674840
======================
   8      32 sdc 1826924 12814 270798032 12801544 24597742 595280449 10820911568 1956704592 143 44064280 1970818712
======================
   8      32 sdc 1826924 12814 270798032 12801544 24598418 595280449 10821257680 1956848168 139 44065280 1970961916
======================
   8      32 sdc 1826924 12814 270798032 12801544 24599053 595280449 10821582800 1956988240 144 44066284 1971105488
======================
   8      32 sdc 1826924 12814 270798032 12801544 24599707 595280449 10821917648 1957134952 130 44067288 1971249248
======================
   8      32 sdc 1826924 12814 270798032 12801544 24600371 595280449 10822257616 1957278560 138 44068288 1971392508
======================
   8      32 sdc 1826924 12814 270798032 12801544 24601032 595280449 10822596048 1957422240 149 44069296 1971536692
======================
   8      32 sdc 1826924 12814 270798032 12801544 24601676 595280449 10822925776 1957566068 145 44070304 1971680692
======================
   8      32 sdc 1826924 12814 270798032 12801544 24602313 595280449 10823251920 1957709536 148 44071312 1971824780
======================
   8      32 sdc 1826925 12814 270798040 12801772 24602939 595280449 10823572432 1957838664 130 44072320 1971953264
======================
   8      32 sdc 1826925 12814 270798040 12801772 24603595 595280449 10823908304 1957981792 146 44073336 1972098216
======================
   8      32 sdc 1826925 12814 270798040 12801772 24604262 595280449 10824249808 1958127296 151 44074340 1972242032
======================
   8      32 sdc 1826925 12814 270798040 12801772 24604906 595280449 10824579536 1958270424 147 44075340 1972385184
======================
   8      32 sdc 1826925 12814 270798040 12801772 24605550 595280449 10824909264 1958414508 143 44076344 1972528748
======================
   8      32 sdc 1826925 12814 270798040 12801772 24606212 595280449 10825248208 1958556964 153 44077348 1972672372
======================
   8      32 sdc 1826925 12814 270798040 12801772 24606837 595280449 10825568208 1958700632 136 44078352 1972816052
======================
   8      32 sdc 1826925 12814 270798040 12801772 24607718 595280449 10826019280 1958898028 151 44079712 1973011460
======================
   8      32 sdc 1826925 12814 270798040 12801772 24608441 595280449 10826389456 1959050916 157 44080800 1973166728
======================
   8      32 sdc 1826925 12814 270798040 12801772 24609128 595280449 10826741200 1959196876 141 44081808 1973311308
======================
   8      32 sdc 1826925 12814 270798040 12801772 24609788 595280449 10827079120 1959340316 153 44082820 1973456064
======================
   8      32 sdc 1826926 12814 270798048 12802004 24610386 595280449 10827385296 1959478344 131 44083820 1973584728
======================
   8      32 sdc 1826926 12814 270798048 12802004 24611042 595280449 10827721168 1959613788 147 44084824 1973728264
======================
   8      32 sdc 1826926 12814 270798048 12802004 24611712 595280449 10828064208 1959757248 149 44085824 1973871288
======================
   8      32 sdc 1826926 12814 270798048 12802004 24612360 595280449 10828395984 1959900000 141 44086828 1974015088
======================
   8      32 sdc 1826926 12814 270798048 12802004 24612978 595280449 10828712400 1960040684 131 44087832 1974157936
======================
   8      32 sdc 1826926 12814 270798048 12802004 24613656 595280449 10829059536 1960185744 157 44088836 1974300084
======================
   8      32 sdc 1826926 12814 270798048 12802004 24614298 595280449 10829388240 1960328272 155 44089836 1974442992
======================
   8      32 sdc 1826926 12814 270798048 12802004 24614939 595280449 10829716432 1960471628 154 44090840 1974586760
======================
   8      32 sdc 1826926 12814 270798048 12802004 24615580 595280449 10830044624 1960615228 153 44091840 1974730056
======================
   8      32 sdc 1826926 12814 270798048 12802004 24616210 595280449 10830367184 1960756208 131 44092844 1974873416
======================
   8      32 sdc 1826926 12814 270798048 12802004 24616889 595280449 10830714832 1960901408 156 44093848 1975016020
======================
   8      32 sdc 1826926 12814 270798048 12802004 24617523 595280449 10831039440 1961043072 152 44094848 1975157788
======================
   8      32 sdc 1826927 12814 270798056 12802240 24618138 595280449 10831354320 1961169068 146 44095852 1975281192
======================
   8      32 sdc 1826927 12814 270798056 12802240 24618806 595280449 10831696336 1961309752 150 44096856 1975424136
======================
   8      32 sdc 1826927 12814 270798056 12802240 24619479 595280449 10832040912 1961452356 149 44097860 1975567296
======================
   8      32 sdc 1826927 12814 270798056 12802240 24620087 595280449 10832352208 1961594136 149 44098860 1975709544
======================
   8      32 sdc 1826927 12814 270798056 12802240 24620718 595280449 10832675280 1961738764 158 44099864 1975852760
======================
   8      32 sdc 1826927 12814 270798056 12802240 24621395 595280449 10833021904 1961882612 153 44100868 1975996860
======================
   8      32 sdc 1826927 12814 270798056 12802240 24622062 595280449 10833363408 1962025904 158 44101872 1976139932
======================
   8      32 sdc 1826927 12814 270798056 12802240 24622706 595280449 10833693136 1962167720 154 44102876 1976283004
======================
   8      32 sdc 1826927 12814 270798056 12802240 24623331 595280449 10834013136 1962310848 137 44103884 1976426768
======================
   8      32 sdc 1826927 12814 270798056 12802240 24623995 595280449 10834353104 1962455120 145 44104884 1976569256
======================
   8      32 sdc 1826927 12814 270798056 12802240 24624668 595280449 10834697680 1962596684 144 44105888 1976711624
======================
   8      32 sdc 1826927 12814 270798056 12802240 24625304 595280449 10835023312 1962738792 148 44106892 1976854388
======================
   8      32 sdc 1826928 12814 270798064 12802468 24625929 595280449 10835343312 1962862656 133 44107892 1976977568
======================
   8      32 sdc 1826928 12814 270798064 12802468 24626593 595280449 10835683280 1963006012 141 44108896 1977121120
======================
   8      32 sdc 1826928 12814 270798064 12802468 24627247 595280449 10836018128 1963149040 134 44109896 1977263952
======================
   8      32 sdc 1826928 12814 270798064 12802468 24627888 595280449 10836346320 1963292344 158 44110900 1977407564
======================
   8      32 sdc 1826928 12814 270798064 12802468 24628374 595280449 10836595152 1963439264 152 44111900 1977554444
======================
   8      32 sdc 1826928 12814 270798064 12802468 24629025 595280449 10836928464 1963583308 141 44112904 1977698224
======================
   8      32 sdc 1826928 12814 270798064 12802468 24629684 595280449 10837265872 1963726796 154 44113908 1977841604
======================
   8      32 sdc 1826928 12814 270798064 12802468 24630337 595280449 10837600208 1963870116 141 44114916 1977985648
======================
   8      32 sdc 1826928 12814 270798064 12802468 24630979 595280449 10837928912 1964013652 139 44115920 1978129232
======================
   8      32 sdc 1826928 12814 270798064 12802468 24631649 595280449 10838271952 1964157716 141 44116924 1978272744
======================
   8      32 sdc 1826928 12814 270798064 12802468 24632319 595280449 10838614992 1964301232 143 44117928 1978417200
======================
   8      32 sdc 1826928 12814 270798064 12802468 24632942 595280449 10838933968 1964444600 128 44118928 1978560092
======================
   8      32 sdc 1826929 12814 270798072 12802704 24633558 595280449 10839249360 1964575920 154 44119932 1978690748
======================
   8      32 sdc 1826929 12814 270798072 12802704 24634228 595280449 10839592400 1964719404 156 44120936 1978834284
======================
   8      32 sdc 1826929 12814 270798072 12802704 24634904 595280449 10839938512 1964862880 152 44121936 1978977412
======================
   8      32 sdc 1826929 12814 270798072 12802704 24635579 595280449 10840284112 1965006732 149 44122940 1979121632
======================
   8      32 sdc 1826929 12814 270798072 12802704 24636058 595280449 10840529360 1965152448 150 44123944 1979268952
======================
   8      32 sdc 1826929 12814 270798072 12802704 24636715 595280449 10840865744 1965297584 133 44124944 1979412196
======================
   8      32 sdc 1826929 12814 270798072 12802704 24637390 595280449 10841211344 1965440844 130 44125948 1979555516
======================
   8      32 sdc 1826929 12814 270798072 12802704 24638034 595280449 10841541072 1965583236 158 44126952 1979699000
======================
   8      32 sdc 1826929 12814 270798072 12802704 24638680 595280449 10841871824 1965727352 152 44127956 1979842572
======================
   8      32 sdc 1826929 12814 270798072 12802704 24639341 595280449 10842210256 1965871556 131 44128964 1979986820
======================
   8      32 sdc 1826929 12814 270798072 12802704 24639998 595280449 10842546640 1966014504 146 44129964 1980130000
======================
   8      32 sdc 1826929 12814 270798072 12802704 24640639 595280449 10842874832 1966157896 145 44130968 1980273656
======================
   8      32 sdc 1826930 12814 270798080 12802936 24641259 595280449 10843192272 1966287416 135 44131972 1980403524
======================
   8      32 sdc 1826930 12814 270798080 12802936 24641900 595280449 10843520976 1966430632 134 44132972 1980546396
======================
   8      32 sdc 1826930 12814 270798080 12802936 24642558 595280449 10843857360 1966573608 148 44133976 1980688920
======================
   8      32 sdc 1826930 12814 270798080 12802936 24643217 595280449 10844194768 1966716128 129 44134980 1980832176
======================
   8      32 sdc 1826930 12814 270798080 12802936 24643704 595280449 10844444112 1966855876 154 44135980 1980971624
======================
   8      32 sdc 1826930 12814 270798080 12802936 24644370 595280449 10844785104 1967000348 128 44136984 1981115092
======================
   8      32 sdc 1826930 12814 270798080 12802936 24645045 595280449 10845130704 1967143420 157 44137988 1981258716
======================
   8      32 sdc 1826930 12814 270798080 12802936 24645655 595280449 10845443024 1967282292 155 44138992 1981402548
======================
   8      32 sdc 1826930 12814 270798080 12802936 24646300 595280449 10845773264 1967431820 150 44139992 1981547068
======================
   8      32 sdc 1826930 12814 270798080 12802936 24646976 595280449 10846119376 1967575388 146 44140996 1981690708
======================
   8      32 sdc 1826930 12814 270798080 12802936 24647654 595280449 10846466512 1967719220 140 44142004 1981834632
======================
   8      32 sdc 1826930 12814 270798080 12802936 24648324 595280449 10846809552 1967862652 142 44143004 1981977772
======================
   8      32 sdc 1826931 12814 270798088 12803172 24648933 595280449 10847121360 1967990388 143 44144008 1982107016
======================
   8      32 sdc 1826931 12814 270798088 12803172 24649557 595280449 10847440848 1968133832 128 44145012 1982250080
======================
   8      32 sdc 1826931 12814 270798088 12803172 24650226 595280449 10847783376 1968276896 130 44146012 1982391820
======================
   8      32 sdc 1826931 12814 270798088 12803172 24650896 595280449 10848126416 1968419236 132 44147016 1982535120
======================
   8      32 sdc 1826931 12814 270798088 12803172 24651388 595280449 10848378320 1968560560 152 44148028 1982676744
======================
   8      32 sdc 1826931 12814 270798088 12803172 24652054 595280449 10848719312 1968705144 158 44149036 1982820528
======================
   8      32 sdc 1826931 12814 270798088 12803172 24652710 595280449 10849055184 1968847880 142 44150040 1982964008
======================
   8      32 sdc 1826931 12814 270798088 12803172 24653324 595280449 10849369552 1968984904 136 44151044 1983107032
======================
   8      32 sdc 1826931 12814 270798088 12803172 24653996 595280449 10849713616 1969132376 136 44152052 1983248696
======================
   8      32 sdc 1826931 12814 270798088 12803172 24654638 595280449 10850042320 1969275500 134 44153056 1983391776
======================
   8      32 sdc 1826931 12814 270798088 12803172 24655277 595280449 10850369488 1969415568 135 44154092 1983539140
======================
   8      32 sdc 1826931 12814 270798088 12803172 24655979 595280449 10850728912 1969564180 137 44155092 1983679616
======================
   8      32 sdc 1826932 12814 270798096 12803404 24656602 595280449 10851047888 1969691480 159 44156096 1983807764
======================
   8      32 sdc 1826932 12814 270798096 12803404 24657245 595280449 10851377104 1969834964 156 44157100 1983951172
======================
   8      32 sdc 1826932 12814 270798096 12803404 24657915 595280449 10851720144 1969979076 158 44158100 1984094212
======================
   8      32 sdc 1826932 12814 270798096 12803404 24658575 595280449 10852058064 1970121040 138 44159104 1984237512
======================
   8      32 sdc 1826932 12814 270798096 12803404 24659042 595280449 10852297168 1970260372 151 44160108 1984379668
======================
   8      32 sdc 1826932 12814 270798096 12803404 24659731 595280449 10852649936 1970407060 134 44161108 1984522548
======================
   8      32 sdc 1826932 12814 270798096 12803404 24660406 595280449 10852995536 1970550116 131 44162112 1984665808
======================
   8      32 sdc 1826932 12814 270798096 12803404 24661081 595280449 10853341136 1970693416 128 44163112 1984808676
======================
   8      32 sdc 1826932 12814 270798096 12803404 24661721 595280449 10853668816 1970835656 128 44164116 1984952128
======================
   8      32 sdc 1826932 12814 270798096 12803404 24662322 595280449 10853976528 1970973080 135 44165120 1985095064
======================
   8      32 sdc 1826932 12814 270798096 12803404 24663014 595280449 10854330832 1971122728 147 44166124 1985238144
======================
   8      32 sdc 1826932 12814 270798096 12803404 24663687 595280449 10854675408 1971265536 146 44167132 1985382188
======================
   8      32 sdc 1826933 12814 270798104 12803640 24664302 595280449 10854990288 1971392632 140 44168132 1985509136
======================
   8      32 sdc 1826933 12814 270798104 12803640 24664952 595280449 10855323088 1971537128 130 44169140 1985653160
======================
   8      32 sdc 1826933 12814 270798104 12803640 24665616 595280449 10855663056 1971680272 138 44170144 1985796832
======================
   8      32 sdc 1826933 12814 270798104 12803640 24666263 595280449 10855994320 1971822604 131 44171144 1985938968
======================
   8      32 sdc 1826933 12814 270798104 12803640 24666754 595280449 10856245712 1971964336 152 44172148 1986081224
======================
   8      32 sdc 1826933 12814 270798104 12803640 24667395 595280449 10856573904 1972107620 151 44173148 1986224292
======================
   8      32 sdc 1826933 12814 270798104 12803640 24668048 595280449 10856908240 1972251932 138 44174152 1986367744
======================
   8      32 sdc 1826933 12814 270798104 12803640 24668712 595280449 10857248208 1972394732 146 44175156 1986511284
======================
   8      32 sdc 1826933 12814 270798104 12803640 24669315 595280449 10857556944 1972527700 151 44176156 1986654704
======================
   8      32 sdc 1826933 12814 270798104 12803640 24669990 595280449 10857902544 1972683032 133 44177160 1986799648
======================
   8      32 sdc 1826933 12814 270798104 12803640 24670664 595280449 10858247632 1972826848 131 44178160 1986942308
======================
   8      32 sdc 1826933 12814 270798104 12803640 24671322 595280449 10858584528 1972968296 145 44179164 1987085056
======================
   8      32 sdc 1826934 12814 270798112 12803872 24671924 595280449 10858892752 1973091336 153 44180168 1987208940
======================
   8      32 sdc 1826934 12814 270798112 12803872 24672566 595280449 10859221456 1973236140 151 44181168 1987352048
======================
   8      32 sdc 1826934 12814 270798112 12803872 24673241 595280449 10859567056 1973381564 148 44182172 1987497800
======================
   8      32 sdc 1826934 12814 270798112 12803872 24673916 595280449 10859912656 1973524708 145 44183172 1987640740
======================
   8      32 sdc 1826934 12814 270798112 12803872 24674549 595280449 10860236752 1973667220 152 44184176 1987784488
======================
   8      32 sdc 1826934 12814 270798112 12803872 24675174 595280449 10860556752 1973811436 135 44185180 1987928104
======================
   8      32 sdc 1826934 12814 270798112 12803872 24675843 595280449 10860899280 1973955100 138 44186180 1988071260
======================
   8      32 sdc 1826934 12814 270798112 12803872 24676497 595280449 10861234128 1974096664 156 44187184 1988214352
======================
   8      32 sdc 1826934 12814 270798112 12803872 24677141 595280449 10861563856 1974240884 152 44188188 1988358176
======================
   8      32 sdc 1826934 12814 270798112 12803872 24677798 595280449 10861900240 1974385124 135 44189188 1988501324
======================
   8      32 sdc 1826934 12814 270798112 12803872 24678459 595280449 10862238672 1974528752 146 44190192 1988645136
======================
   8      32 sdc 1826934 12814 270798112 12803872 24679100 595280449 10862566864 1974671704 145 44191192 1988788512
======================
   8      32 sdc 1826935 12814 270798120 12804312 24679563 595280449 10862803920 1974780104 129 44192196 1988899208
======================
   8      32 sdc 1826935 12814 270798120 12804312 24680205 595280449 10863132624 1974925752 137 44193200 1989042652
======================
   8      32 sdc 1826935 12814 270798120 12804312 24680867 595280449 10863471568 1975072860 137 44194232 1989189868
======================
   8      32 sdc 1826935 12814 270798120 12804312 24681524 595280449 10863807952 1975215732 152 44195244 1989335048
======================
   8      32 sdc 1826935 12814 270798120 12804312 24682178 595280449 10864142800 1975361112 138 44196248 1989478388
======================
   8      32 sdc 1826935 12814 270798120 12804312 24682836 595280449 10864479696 1975504800 152 44197248 1989621064
======================
   8      32 sdc 1826935 12814 270798120 12804312 24683512 595280449 10864825808 1975647788 148 44198252 1989764288
======================
   8      32 sdc 1826935 12814 270798120 12804312 24684146 595280449 10865150416 1975789648 154 44199256 1989907488
======================
   8      32 sdc 1826935 12814 270798120 12804312 24684762 595280449 10865465808 1975930880 146 44200256 1990050240
======================
   8      32 sdc 1826935 12814 270798120 12804312 24685442 595280449 10865813968 1976077072 138 44201260 1990193520
======================
   8      32 sdc 1826935 12814 270798120 12804312 24686119 595280449 10866160592 1976220428 133 44202264 1990336612
======================
   8      32 sdc 1826935 12814 270798120 12804312 24686796 595280449 10866507216 1976363676 128 44203268 1990479520
======================
   8      32 sdc 1826936 12814 270798128 12804748 24687285 595280449 10866757584 1976457808 151 44204272 1990575760
======================
   8      32 sdc 1826936 12814 270798128 12804748 24687908 595280449 10867076560 1976600756 136 44205280 1990719532
======================
   8      32 sdc 1826936 12814 270798128 12804748 24688559 595280449 10867409872 1976743996 157 44206280 1990860784
======================
   8      32 sdc 1826936 12814 270798128 12804748 24689235 595280449 10867755984 1976887164 153 44207284 1991004056
======================
   8      32 sdc 1826936 12814 270798128 12804748 24689862 595280449 10868077008 1977029360 134 44208284 1991146692
======================
   8      32 sdc 1826936 12814 270798128 12804748 24690521 595280449 10868414416 1977173064 147 44209288 1991289932
======================
   8      32 sdc 1826936 12814 270798128 12804748 24691185 595280449 10868754384 1977316076 155 44210292 1991433300
======================
   8      32 sdc 1826936 12814 270798128 12804748 24691826 595280449 10869082576 1977459352 154 44211292 1991576528
======================
   8      32 sdc 1826936 12814 270798128 12804748 24692467 595280449 10869410768 1977602212 153 44212296 1991719808
======================
   8      32 sdc 1826936 12814 270798128 12804748 24693108 595280449 10869738960 1977745024 152 44213300 1991863016
======================
   8      32 sdc 1826936 12814 270798128 12804748 24693759 595280449 10870072272 1977888988 141 44214304 1992007040
======================
   8      32 sdc 1826936 12814 270798128 12804748 24694418 595280449 10870409680 1978031992 154 44215304 1992149508
======================
   8      32 sdc 1826937 12814 270798136 12805200 24694879 595280449 10870645712 1978122148 141 44216308 1992244432
======================
   8      32 sdc 1826937 12814 270798136 12805200 24695540 595280449 10870984144 1978268820 152 44217312 1992387504
======================
   8      32 sdc 1826937 12814 270798136 12805200 24696204 595280449 10871324112 1978413364 128 44218320 1992530896
======================
   8      32 sdc 1826937 12814 270798136 12805200 24696879 595280449 10871669712 1978555868 157 44219324 1992673944
======================
   8      32 sdc 1826937 12814 270798136 12805200 24697496 595280449 10871985616 1978697728 148 44220324 1992816828
======================
   8      32 sdc 1826937 12814 270798136 12805200 24698161 595280449 10872326096 1978842188 155 44221328 1992959916
======================
   8      32 sdc 1826937 12814 270798136 12805200 24698831 595280449 10872669136 1978985052 157 44222328 1993102240
======================
   8      32 sdc 1826937 12814 270798136 12805200 24699500 595280449 10873012176 1979127912 128 44223332 1993245536
======================
   8      32 sdc 1826937 12814 270798136 12805200 24700140 595280449 10873339344 1979266732 128 44224336 1993388484
======================
   8      32 sdc 1826937 12814 270798136 12805200 24700778 595280449 10873666000 1979410832 130 44225340 1993529760
======================
   8      32 sdc 1826937 12814 270798136 12805200 24701432 595280449 10874000848 1979554828 148 44226344 1993672928
======================
   8      32 sdc 1826937 12814 270798136 12805200 24702107 595280449 10874346448 1979697680 145 44227344 1993815416
======================
   8      32 sdc 1826938 12814 270798144 12805428 24702717 595280449 10874658768 1979817148 144 44228348 1993938732
======================
   8      32 sdc 1826938 12814 270798144 12805428 24703368 595280449 10874992080 1979962520 133 44229348 1994081900
======================
   8      32 sdc 1826938 12814 270798144 12805428 24704026 595280449 10875328976 1980106816 147 44230352 1994225516
======================
   8      32 sdc 1826938 12814 270798144 12805428 24704673 595280449 10875660240 1980249864 140 44231352 1994368772
======================
   8      32 sdc 1826938 12814 270798144 12805428 24705298 595280449 10875980240 1980394024 155 44232356 1994512996
======================
   8      32 sdc 1826938 12814 270798144 12805428 24705915 595280449 10876296144 1980532260 146 44233360 1994657144
======================
   8      32 sdc 1826938 12814 270798144 12805428 24706603 595280449 10876648400 1980683276 130 44234364 1994801456
======================
   8      32 sdc 1826938 12814 270798144 12805428 24707260 595280449 10876984784 1980825760 145 44235368 1994945328
======================
   8      32 sdc 1826938 12814 270798144 12805428 24707902 595280449 10877313488 1980969848 143 44236372 1995088868
======================
   8      32 sdc 1826938 12814 270798144 12805428 24708555 595280449 10877647824 1981114248 130 44237376 1995232460
======================
   8      32 sdc 1826938 12814 270798144 12805428 24709198 595280449 10877977040 1981250920 159 44238384 1995377532
======================
   8      32 sdc 1826938 12814 270798144 12805428 24709876 595280449 10878324176 1981401492 153 44239384 1995520752
======================
   8      32 sdc 1826939 12814 270798152 12805880 24710346 595280449 10878564816 1981511108 131 44240388 1995630524
======================
   8      32 sdc 1826939 12814 270798152 12805880 24710997 595280449 10878898128 1981655684 152 44241392 1995774060
======================
   8      32 sdc 1826939 12814 270798152 12805880 24711676 595280449 10879245776 1981799724 145 44242400 1995918372
======================
   8      32 sdc 1826939 12814 270798152 12805880 24712346 595280449 10879588816 1981943244 147 44243404 1996062080
======================
   8      32 sdc 1826939 12814 270798152 12805880 24712976 595280449 10879911376 1982085628 157 44244404 1996205008
======================
   8      32 sdc 1826939 12814 270798152 12805880 24713605 595280449 10880233424 1982230068 136 44245408 1996349048
======================
   8      32 sdc 1826939 12814 270798152 12805880 24714281 595280449 10880579536 1982374072 132 44246412 1996492652
======================
   8      32 sdc 1826939 12814 270798152 12805880 24714946 595280449 10880920016 1982517352 139 44247420 1996637028
======================
   8      32 sdc 1826939 12814 270798152 12805880 24715554 595280449 10881231312 1982653648 139 44248428 1996781268
======================
   8      32 sdc 1826939 12814 270798152 12805880 24716247 595280449 10881586128 1982805968 150 44249432 1996925076
======================
   8      32 sdc 1826939 12814 270798152 12805880 24716906 595280449 10881923536 1982949516 131 44250432 1997067868
======================
   8      32 sdc 1826939 12814 270798152 12805880 24717546 595280449 10882251216 1983092408 131 44251436 1997211856
======================
   8      32 sdc 1826940 12814 270798160 12806324 24718036 595280449 10882502096 1983204896 153 44252460 1997324496
======================
   8      32 sdc 1826940 12814 270798160 12806324 24718638 595280449 10882810320 1983339572 159 44253472 1997470148
======================
   8      32 sdc 1826940 12814 270798160 12806324 24719330 595280449 10883164624 1983496280 139 44254484 1997616080
======================
   8      32 sdc 1826940 12814 270798160 12806324 24719996 595280449 10883505616 1983640440 145 44255492 1997760176
======================
   8      32 sdc 1826940 12814 270798160 12806324 24720633 595280449 10883831760 1983783604 148 44256492 1997903476
======================
   8      32 sdc 1826940 12814 270798160 12806324 24721281 595280449 10884163536 1983927904 140 44257496 1998047152
======================
   8      32 sdc 1826940 12814 270798160 12806324 24721951 595280449 10884506576 1984070796 142 44258496 1998189844
======================
   8      32 sdc 1826940 12814 270798160 12806324 24722591 595280449 10884834256 1984209752 142 44259500 1998332520
======================
   8      32 sdc 1826940 12814 270798160 12806324 24723224 595280449 10885158352 1984355388 149 44260500 1998475556
======================
   8      32 sdc 1826940 12814 270798160 12806324 24723880 595280449 10885494224 1984501440 133 44261504 1998620492
======================
   8      32 sdc 1826940 12814 270798160 12806324 24724556 595280449 10885840336 1984645256 129 44262508 1998764136
======================
   8      32 sdc 1826940 12814 270798160 12806324 24725231 595280449 10886185936 1984788552 158 44263508 1998907260
======================
   8      32 sdc 1826941 12814 270798168 12806748 24725740 595280449 10886446544 1984898084 130 44264512 1999018112
======================
   8      32 sdc 1826941 12814 270798168 12806748 24726364 595280449 10886766032 1985040668 146 44265512 1999161392
======================
   8      32 sdc 1826941 12814 270798168 12806748 24726998 595280449 10887090640 1985185732 152 44266516 1999305052
======================
   8      32 sdc 1826941 12814 270798168 12806748 24727657 595280449 10887428048 1985323380 236 44267520 1999456284
======================
   8      32 sdc 1826941 12814 270798168 12806748 24728317 595280449 10887765968 1985467768 239 44268524 1999692900
======================
   8      32 sdc 1826941 12814 270798168 12806748 24728969 595280449 10888099792 1985626400 227 44269524 1999918232
======================
   8      32 sdc 1826941 12814 270798168 12806748 24729635 595280449 10888440784 1985788764 201 44270532 2000137428
======================
   8      32 sdc 1826941 12814 270798168 12806748 24730278 595280449 10888770000 1985961948 198 44271536 2000349260
======================
   8      32 sdc 1826941 12814 270798168 12806748 24730924 595280449 10889100752 1986302532 160 44272548 2000551580
======================
   8      32 sdc 1826941 12814 270798168 12806748 24731566 595280449 10889429456 1986497316 175 44273552 2000716232
======================
   8      32 sdc 1826941 12814 270798168 12806748 24732214 595280449 10889761232 1986688608 167 44274556 2000872172
======================
   8      32 sdc 1826941 12814 270798168 12806748 24732881 595280449 10890102736 1986892336 140 44275564 2001020332
======================
   8      32 sdc 1826942 12814 270798176 12807216 24733383 595280905 10890358872 1986992048 146 44276568 2001112920
======================
   8      32 sdc 1826942 12814 270798176 12807216 24734025 595280905 10890687576 1987135696 144 44277572 2001256468
======================
   8      32 sdc 1826942 12814 270798176 12807216 24734647 595280905 10891006040 1987274200 130 44278576 2001400592
======================
   8      32 sdc 1826942 12814 270798176 12807216 24735351 595280905 10891366488 1987424188 130 44279580 2001544136
======================
   8      32 sdc 1826942 12814 270798176 12807216 24735977 595280905 10891687000 1987566172 144 44280580 2001687292
======================
   8      32 sdc 1826942 12814 270798176 12807216 24736633 595280905 10892022872 1987710512 128 44281584 2001830116
======================
   8      32 sdc 1826942 12814 270798176 12807216 24737308 595280905 10892368472 1987853676 157 44282588 2001973708
======================
   8      32 sdc 1826942 12814 270798176 12807216 24737984 595280905 10892714584 1987996988 153 44283588 2002116740
======================
   8      32 sdc 1826942 12814 270798176 12807216 24738644 595280905 10893052504 1988139016 133 44284592 2002260252
======================
   8      32 sdc 1826942 12814 270798176 12807216 24739267 595280905 10893371480 1988282276 150 44285592 2002403324
======================
   8      32 sdc 1826942 12814 270798176 12807216 24739913 595280905 10893702232 1988427068 144 44286596 2002547140
======================
   8      32 sdc 1826942 12814 270798176 12807216 24740583 595280905 10894045272 1988570576 146 44287596 2002690176
======================
   8      32 sdc 1826943 12814 270798184 12807708 24741082 595280924 10894299400 1988655872 129 44288596 2002776816
======================
   8      32 sdc 1826943 12814 270798184 12807708 24741723 595280924 10894627592 1988799564 128 44289600 2002920724
======================
   8      32 sdc 1826943 12814 270798184 12807708 24742379 595280924 10894963464 1988943380 144 44290600 2003064200
======================
   8      32 sdc 1826943 12814 270798184 12807708 24743043 595280924 10895303432 1989087096 152 44291604 2003207820
======================
   8      32 sdc 1826943 12814 270798184 12807708 24743675 595280924 10895627016 1989229744 128 44292604 2003350544
======================
   8      32 sdc 1826943 12814 270798184 12807708 24744320 595280934 10895956328 1989366680 157 44293608 2003478132
======================
   8      32 sdc 1826943 12814 270798184 12807708 24744963 595280934 10896285544 1989501156 154 44294612 2003621884
======================
   8      32 sdc 1826943 12814 270798184 12807708 24745629 595280934 10896626536 1989645316 128 44295616 2003765348
======================
   8      32 sdc 1826943 12814 270798184 12807708 24746264 595280934 10896951656 1989787960 133 44296620 2003909012
======================
   8      32 sdc 1826943 12814 270798184 12807708 24746905 595280934 10897279848 1989931288 132 44297624 2004052552
======================
   8      32 sdc 1826943 12814 270798184 12807708 24747582 595280945 10897625552 1990069584 129 44298624 2004180420
======================
   8      32 sdc 1826943 12814 270798184 12807708 24748243 595280945 10897963984 1990202444 140 44299628 2004324240
======================
   8      32 sdc 1826944 12814 270798192 12808044 24748705 595280945 10898200528 1990297916 135 44300628 2004419640
======================
   8      32 sdc 1826944 12814 270798192 12808044 24749011 595281410 10898333688 1990373312 0 44301180 2004478684
======================
   8      32 sdc 1826944 12814 270798192 12808044 24749011 595281410 10898333688 1990373312 0 44301180 2004478684
======================
   8      32 sdc 1826944 12814 270798192 12808044 24749011 595281410 10898333688 1990373312 0 44301180 2004478684
======================
   8      32 sdc 1826944 12814 270798192 12808044 24749011 595281410 10898333688 1990373312 0 44301180 2004478684
======================
   8      32 sdc 1826944 12814 270798192 12808044 24749011 595281410 10898333688 1990373312 0 44301180 2004478684
======================
   8      32 sdc 1827180 12814 270800074 12819808 24749028 595281410 10898333752 1990373312 1 44301416 2004490464
======================
   8      32 sdc 1827180 12814 270800074 12819808 24749028 595281410 10898333752 1990373312 1 44302420 2004491468
started
======================
   8      32 sdc 1827185 12814 270800114 12820872 24749030 595281410 10898333760 1990373312 0 44302464 2004491512
======================
   8      32 sdc 1827190 12814 270800154 12820872 24749030 595281410 10898333760 1990373312 0 44302464 2004491512
======================
   8      32 sdc 1827190 12814 270800154 12820872 24749030 595281410 10898333760 1990373312 0 44302464 2004491512
======================
   8      32 sdc 1827190 12814 270800154 12820872 24749030 595281410 10898333760 1990373312 0 44302464 2004491512
======================
   8      32 sdc 1827190 12814 270800154 12820872 24749030 595281410 10898333760 1990373312 0 44302464 2004491512
======================
   8      32 sdc 1827190 12814 270800154 12820872 24749030 595281410 10898333760 1990373312 0 44302464 2004491512
======================
   8      32 sdc 1827190 12814 270800154 12820872 24750970 595281412 10899325040 1990380808 0 44302612 2004499004
======================
   8      32 sdc 1827190 12814 270800154 12820872 24751830 595281412 10899765360 1990451944 131 44303392 2004599176
======================
   8      32 sdc 1827190 12814 270800154 12820872 24752145 595281412 10899926640 1990588824 136 44304404 2004744484
======================
   8      32 sdc 1827190 12814 270800154 12820872 24752541 595281412 10900129392 1990739828 156 44305408 2004888548
======================
   8      32 sdc 1827190 12814 270800154 12820872 24752929 595281412 10900328048 1990887980 152 44306412 2005033252
======================
   8      32 sdc 1827190 12814 270800154 12820872 24753284 595281413 10900508808 1991031540 151 44307416 2005177688
======================
   8      32 sdc 1827190 12814 270800154 12820872 24753642 595281413 10900692104 1991171988 145 44308416 2005321408
======================
   8      32 sdc 1827190 12814 270800154 12820872 24754010 595281413 10900880520 1991319900 129 44309420 2005465616
======================
   8      32 sdc 1827190 12814 270800154 12820872 24754371 595281413 10901065352 1991464904 152 44310428 2005610336
======================
   8      32 sdc 1827190 12814 270800154 12820872 24754701 595281413 10901234312 1991590104 142 44311448 2005756520
======================
   8      32 sdc 1827190 12814 270800154 12820872 24755102 595281414 10901438624 1991752992 159 44312460 2005902224
======================
   8      32 sdc 1827190 12814 270800154 12820872 24755458 595281414 10901620896 1991893192 155 44313464 2006047320
======================
   8      32 sdc 1827190 12814 270800154 12820872 24755854 595281414 10901823648 1992045984 143 44314472 2006191928
======================
   8      32 sdc 1827190 12814 270800154 12820872 24756148 595281414 10901974176 1992190684 137 44315476 2006337456
======================
   8      32 sdc 1827190 12814 270800154 12820872 24756526 595281414 10902167712 1992335072 143 44316480 2006481652
======================
   8      32 sdc 1827190 12814 270800154 12820872 24756951 595281415 10902384312 1992482356 136 44317484 2006625756
======================
   8      32 sdc 1827190 12814 270800154 12820872 24757332 595281415 10902579384 1992623536 139 44318488 2006770280
======================
   8      32 sdc 1827190 12814 270800154 12820872 24757692 595281415 10902763704 1992769692 131 44319492 2006914444
======================
   8      32 sdc 1827190 12814 270800154 12820872 24758094 595281415 10902969528 1992913644 145 44320496 2007058364
======================
   8      32 sdc 1827190 12814 270800154 12820872 24758496 595281415 10903175352 1993058604 159 44321496 2007202072
======================
   8      32 sdc 1827190 12814 270800154 12820872 24758907 595281416 10903384784 1993201440 134 44322500 2007346696
======================
   8      32 sdc 1827190 12814 270800154 12820872 24759282 595281416 10903576784 1993344572 143 44323504 2007491976
======================
   8      32 sdc 1827190 12814 270800154 12820872 24759654 595281416 10903767248 1993491016 155 44324504 2007635844
======================
   8      32 sdc 1827190 12814 270800154 12820872 24760042 595281416 10903965904 1993630768 151 44325508 2007779532
======================
   8      32 sdc 1827190 12814 270800154 12820872 24760456 595281416 10904177872 1993776924 153 44326512 2007923916
======================
   8      32 sdc 1827190 12814 270800154 12820872 24760757 595281417 10904330984 1993917504 142 44327516 2008065872
======================
   8      32 sdc 1827190 12814 270800154 12820872 24761139 595281417 10904526568 1994064192 144 44328516 2008209624
======================
   8      32 sdc 1827190 12814 270800154 12820872 24761486 595281417 10904704232 1994201216 149 44329520 2008353648
======================
   8      32 sdc 1827190 12814 270800154 12820872 24761908 595281417 10904920296 1994352940 143 44330524 2008498308
======================
   8      32 sdc 1827190 12814 270800154 12820872 24762290 595281417 10905115880 1994497492 145 44331524 2008642160
======================
   8      32 sdc 1827190 12814 270800154 12820872 24762685 595281418 10905317120 1994641220 136 44332528 2008786792
======================
   8      32 sdc 1827190 12814 270800154 12820872 24763082 595281418 10905520384 1994783128 155 44333532 2008930344
======================
   8      32 sdc 1827190 12814 270800154 12820872 24763475 595281418 10905721600 1994928764 146 44334536 2009075032
======================
   8      32 sdc 1827190 12814 270800154 12820872 24763868 595281418 10905922816 1995074008 137 44335536 2009219116
======================
   8      32 sdc 1827190 12814 270800154 12820872 24764265 595281418 10906126592 1995220164 156 44336540 2009363144
======================
   8      32 sdc 1827190 12814 270800154 12820872 24764656 595281419 10906325272 1995362156 151 44337540 2009506568
======================
   8      32 sdc 1827190 12814 270800154 12820872 24765055 595281419 10906529560 1995508076 136 44338544 2009650544
======================
   8      32 sdc 1827190 12814 270800154 12820872 24765347 595281419 10906679064 1995650644 132 44339548 2009794360
======================
   8      32 sdc 1827190 12814 270800154 12820872 24765736 595281419 10906878232 1995793764 159 44340552 2009939696
======================
   8      32 sdc 1827190 12814 270800154 12820872 24766116 595281419 10907072792 1995941544 131 44341560 2010084768
======================
   8      32 sdc 1827190 12814 270800154 12820872 24766502 595281420 10907269424 1996085596 131 44342576 2010230480
======================
   8      32 sdc 1827190 12814 270800154 12820872 24766899 595281420 10907472688 1996233248 150 44343584 2010375908
======================
   8      32 sdc 1827190 12814 270800154 12820872 24767284 595281420 10907669808 1996376484 149 44344592 2010520608
======================
   8      32 sdc 1827190 12814 270800154 12820872 24767672 595281420 10907868464 1996525020 145 44345604 2010666392
======================
   8      32 sdc 1827190 12814 270800154 12820872 24768027 595281420 10908050224 1996662528 142 44346612 2010811244
======================
   8      32 sdc 1827190 12814 270800154 12820872 24768385 595281421 10908232520 1996800340 138 44347616 2010954952
======================
   8      32 sdc 1827190 12814 270800154 12820872 24768812 595281421 10908451144 1996955880 159 44348620 2011098784
======================
   8      32 sdc 1827190 12814 270800154 12820872 24769207 595281421 10908653384 1997099400 148 44349624 2011242620
======================
   8      32 sdc 1827190 12814 270800154 12820872 24769598 595281421 10908853576 1997240576 141 44350632 2011387224
======================
   8      32 sdc 1827190 12814 270800154 12820872 24769906 595281421 10909011272 1997367728 153 44351684 2011537804
======================
   8      32 sdc 1827190 12814 270800154 12820872 24770301 595281422 10909212512 1997534180 144 44352688 2011682252
======================
   8      32 sdc 1827190 12814 270800154 12820872 24770700 595281422 10909416800 1997683252 129 44353732 2011831608
======================
   8      32 sdc 1827190 12814 270800154 12820872 24771097 595281422 10909620064 1997827096 148 44354732 2011975776
======================
   8      32 sdc 1827190 12814 270800154 12820872 24771469 595281422 10909810528 1997972220 128 44355740 2012119952
======================
   8      32 sdc 1827190 12814 270800154 12820872 24771866 595281422 10910013792 1998117288 147 44356744 2012264036
======================
   8      32 sdc 1827190 12814 270800154 12820872 24772254 595281423 10910211448 1998263356 145 44357748 2012408944
======================
   8      32 sdc 1827190 12814 270800154 12820872 24772649 595281423 10910413688 1998407264 134 44358752 2012552432
