======================
   8      32 sdc 1570548 12506 217666260 9639788 17264508 416572085 7199169936 4241068532 0 30131476 4251608760
======================
   8      32 sdc 1570548 12506 217666260 9639788 17264508 416572085 7199169936 4241068532 0 30131476 4251608760
======================
   8      32 sdc 1570551 12506 217666284 9639828 17264508 416572085 7199169936 4241068532 0 30131516 4251608800
======================
   8      32 sdc 1570551 12506 217666284 9639828 17264508 416572085 7199169936 4241068532 0 30131516 4251608800
======================
   8      32 sdc 1570552 12506 217666292 9639848 17265736 416572085 7199798672 4241110948 149 30132168 4251689456
======================
   8      32 sdc 1570552 12506 217666292 9639848 17265913 416572085 7199889296 4241233128 132 30133172 4251834300
======================
   8      32 sdc 1570552 12506 217666292 9639848 17266036 416572085 7199952272 4241407528 137 30134176 4251968168
======================
   8      32 sdc 1570552 12506 217666292 9639848 17266499 416572085 7200188824 4241528892 155 30135204 4252114912
======================
   8      32 sdc 1570552 12506 217666292 9639848 17266744 416572108 7200313944 4241655784 135 30136208 4252257728
======================
   8      32 sdc 1570552 12506 217666292 9639848 17266744 416572108 7200313944 4241655784 135 30137212 4252393268
======================
   8      32 sdc 1570552 12506 217666292 9639848 17267348 416572108 7200622688 4241980660 140 30138216 4252531936
======================
   8      32 sdc 1570552 12506 217666292 9639848 17267956 416572112 7200927968 4242091232 140 30139220 4252671928
======================
   8      32 sdc 1570552 12506 217666292 9639848 17268946 416572112 7201434848 4242264884 142 30140224 4252815620
======================
   8      32 sdc 1570552 12506 217666292 9639848 17269801 416572126 7201871712 4242398716 141 30141224 4252957296
======================
   8      32 sdc 1570552 12506 217666292 9639848 17270439 416572126 7202198368 4242541352 143 30142228 4253100804
======================
   8      32 sdc 1570552 12506 217666292 9639848 17270958 416572126 7202464096 4242656160 136 30143232 4253242872
======================
   8      32 sdc 1570552 12506 217666292 9639848 17271605 416572131 7202794392 4242827256 129 30144236 4253385832
======================
   8      32 sdc 1570553 12506 217666300 9640020 17272223 416572131 7203110808 4242966080 150 30145240 4253523492
======================
   8      32 sdc 1570553 12506 217666300 9640020 17272891 416572146 7203451936 4243108188 156 30146244 4253667688
======================
   8      32 sdc 1570553 12506 217666300 9640020 17273533 416572146 7203780640 4243251560 154 30147248 4253811204
======================
   8      32 sdc 1570553 12506 217666300 9640020 17274175 416572146 7204109344 4243394896 152 30148252 4253954680
======================
   8      32 sdc 1570553 12506 217666300 9640020 17274819 416572150 7204438096 4243539040 148 30149256 4254098092
======================
   8      32 sdc 1570553 12506 217666300 9640020 17275471 416572150 7204770912 4243681864 136 30150260 4254241732
======================
   8      32 sdc 1570553 12506 217666300 9640020 17276115 416572164 7205099744 4243823256 158 30151264 4254382964
======================
   8      32 sdc 1570553 12506 217666300 9640020 17276780 416572164 7205440224 4243967732 133 30152268 4254526860
======================
   8      32 sdc 1570553 12506 217666300 9640020 17277451 416572170 7205782816 4244110104 134 30153272 4254670252
======================
   8      32 sdc 1570553 12506 217666300 9640020 17278075 416572170 7206102304 4244253292 150 30154272 4254813376
======================
   8      32 sdc 1570553 12506 217666300 9640020 17278617 416572170 7206379808 4244377636 152 30155368 4254972332
======================
   8      32 sdc 1570553 12506 217666300 9640020 17279296 416572187 7206727088 4244549528 158 30156372 4255108240
======================
   8      32 sdc 1570554 12506 217666308 9640064 17279958 416572187 7207065528 4244692132 149 30157376 4255251412
======================
   8      32 sdc 1570554 12506 217666308 9640064 17280634 416572187 7207411640 4244835732 145 30158376 4255394456
======================
   8      32 sdc 1570554 12506 217666308 9640064 17281265 416572187 7207734712 4244978352 154 30159380 4255538220
======================
   8      32 sdc 1570554 12506 217666308 9640064 17281887 416572187 7208053176 4245121076 140 30160384 4255681768
======================
   8      32 sdc 1570554 12506 217666308 9640064 17282559 416572205 7208393856 4245265152 131 30161388 4255823984
======================
   8      32 sdc 1570554 12506 217666308 9640064 17283201 416572205 7208722560 4245408160 157 30162392 4255967692
======================
   8      32 sdc 1570554 12506 217666308 9640064 17283848 416572205 7209053824 4245552060 150 30163396 4256111528
======================
   8      32 sdc 1570554 12506 217666308 9640064 17284512 416572205 7209393792 4245694932 158 30164400 4256254824
======================
   8      32 sdc 1570554 12506 217666308 9640064 17285165 416572205 7209728128 4245838108 145 30165404 4256398452
======================
   8      32 sdc 1570554 12506 217666308 9640064 17285807 416572229 7210055008 4245975392 132 30166408 4256535132
======================
   8      32 sdc 1570554 12506 217666308 9640064 17286449 416572229 7210383712 4246118832 130 30167412 4256678484
======================
   8      32 sdc 1570554 12506 217666308 9640064 17287091 416572229 7210712416 4246262116 128 30168416 4256821760
======================
   8      32 sdc 1570555 12506 217666316 9640156 17287732 416572235 7211040160 4246401976 156 30169420 4256962368
======================
   8      32 sdc 1570555 12506 217666316 9640156 17288396 416572235 7211378104 4246545624 132 30170420 4257105560
======================
   8      32 sdc 1570555 12506 217666316 9640156 17289042 416572250 7211707968 4246688564 144 30171424 4257248476
======================
   8      32 sdc 1570555 12506 217666316 9640156 17289694 416572250 7212041792 4246833172 132 30172428 4257392068
======================
   8      32 sdc 1570555 12506 217666316 9640156 17290335 416572250 7212369984 4246975764 131 30173432 4257535964
======================
   8      32 sdc 1570555 12506 217666316 9640156 17290960 416572250 7212689984 4247119512 146 30174436 4257679940
======================
   8      32 sdc 1570555 12506 217666316 9640156 17291607 416572250 7213021248 4247262544 139 30175440 4257823412
======================
   8      32 sdc 1570555 12506 217666316 9640156 17292289 416572269 7213368568 4247397100 135 30176444 4257956264
======================
   8      32 sdc 1570555 12506 217666316 9640156 17292966 416572269 7213715192 4247540448 130 30177448 4258099312
======================
   8      32 sdc 1570555 12506 217666316 9640156 17293634 416572269 7214057208 4247682528 134 30178452 4258242736
======================
   8      32 sdc 1570555 12506 217666316 9640156 17294258 416572269 7214376696 4247825804 150 30179456 4258386380
======================
   8      32 sdc 1570555 12506 217666316 9640156 17294871 416572269 7214690552 4247965764 91 30180456 4258525740
======================
   8      32 sdc 1570556 12506 217666324 9640268 17295547 416572292 7215035840 4248107652 154 30181460 4258666704
======================
   8      32 sdc 1570556 12506 217666324 9640268 17296211 416572304 7215372376 4248251224 127 30182464 4258805128
======================
   8      32 sdc 1570556 12506 217666324 9640268 17296853 416572304 7215701080 4248388956 156 30183468 4258948808
======================
   8      32 sdc 1570556 12506 217666324 9640268 17297497 416572304 7216030808 4248529740 152 30184472 4259092788
======================
   8      32 sdc 1570556 12506 217666324 9640268 17298142 416572304 7216361048 4248675496 147 30185476 4259236268
======================
   8      32 sdc 1570556 12506 217666324 9640268 17298788 416572323 7216690944 4248810496 147 30186480 4259370776
======================
   8      32 sdc 1570556 12506 217666324 9640268 17299430 416572323 7217019648 4248954272 145 30187480 4259514048
======================
   8      32 sdc 1570556 12506 217666324 9640268 17300072 416572323 7217348352 4249097316 143 30188484 4259657364
======================
   8      32 sdc 1570556 12506 217666324 9640268 17300734 416572323 7217687296 4249241800 153 30189488 4259801000
======================
   8      32 sdc 1570556 12506 217666324 9640268 17301390 416572323 7218023168 4249384644 137 30190492 4259944704
======================
   8      32 sdc 1570556 12506 217666324 9640268 17302034 416572342 7218352040 4249526924 151 30191496 4260086920
======================
   8      32 sdc 1570556 12506 217666324 9640268 17302570 416572356 7218622552 4249643328 93 30192500 4260218832
======================
   8      32 sdc 1570557 12506 217666332 9640624 17303210 416572356 7218950232 4249798896 137 30193504 4260358736
======================
   8      32 sdc 1570557 12506 217666332 9640624 17303850 416572356 7219277912 4249941104 137 30194508 4260502112
======================
   8      32 sdc 1570557 12506 217666332 9640624 17304486 416572356 7219603544 4250085772 141 30195512 4260645616
======================
   8      32 sdc 1570557 12506 217666332 9640624 17305159 416572374 7219947256 4250228888 130 30196512 4260787928
======================
   8      32 sdc 1570557 12506 217666332 9640624 17305819 416572374 7220285176 4250372372 142 30197516 4260931496
======================
   8      32 sdc 1570557 12506 217666332 9640624 17306460 416572374 7220613368 4250514448 141 30198520 4261075148
======================
   8      32 sdc 1570557 12506 217666332 9640624 17307084 416572374 7220932856 4250658628 157 30199524 4261219072
======================
   8      32 sdc 1570557 12506 217666332 9640624 17307755 416572376 7221273904 4250803388 158 30200528 4261362628
======================
   8      32 sdc 1570557 12506 217666332 9640624 17308429 416572394 7221618632 4250941984 142 30201532 4261502040
======================
   8      32 sdc 1570557 12506 217666332 9640624 17309068 416572394 7221945296 4251084528 144 30202536 4261645740
======================
   8      32 sdc 1570557 12506 217666332 9640624 17309717 416572394 7222277584 4251228928 135 30203540 4261788640
======================
   8      32 sdc 1570558 12506 217666340 9640848 17310359 416572394 7222606288 4251366904 134 30204544 4261917056
======================
   8      32 sdc 1570558 12506 217666340 9640848 17311006 416572394 7222937552 4251500024 129 30205548 4262060428
======================
   8      32 sdc 1570558 12506 217666340 9640848 17311649 416572413 7223265912 4251643524 158 30206548 4262203580
======================
   8      32 sdc 1570558 12506 217666340 9640848 17312287 416572413 7223592568 4251785412 128 30207552 4262346948
======================
   8      32 sdc 1570558 12506 217666340 9640848 17312931 416572424 7223918352 4251929856 156 30208556 4262490344
======================
   8      32 sdc 1570558 12506 217666340 9640848 17313591 416572424 7224256272 4252073756 136 30209560 4262634172
======================
   8      32 sdc 1570558 12506 217666340 9640848 17314228 416572424 7224582416 4252217424 139 30210564 4262777904
======================
   8      32 sdc 1570558 12506 217666340 9640848 17314885 416572440 7224917920 4252359900 154 30211568 4262919576
======================
   8      32 sdc 1570558 12506 217666340 9640848 17315557 416572440 7225261984 4252502644 154 30212572 4263063292
======================
   8      32 sdc 1570558 12506 217666340 9640848 17316202 416572440 7225592224 4252645340 149 30213576 4263206440
======================
   8      32 sdc 1570558 12506 217666340 9640848 17316805 416572440 7225900960 4252788852 154 30214580 4263349936
======================
   8      32 sdc 1570558 12506 217666340 9640848 17317473 416572444 7226242000 4252933816 156 30215584 4263493332
======================
   8      32 sdc 1570558 12506 217666340 9640848 17317909 416572464 7226464888 4253017792 154 30216588 4263631372
======================
   8      32 sdc 1570559 12506 217666348 9641696 17318800 416572464 7226920576 4253218404 159 30217592 4263780152
======================
   8      32 sdc 1570559 12506 217666348 9641696 17319458 416572464 7227257472 4253361976 141 30218596 4263924208
======================
   8      32 sdc 1570559 12506 217666348 9641696 17320083 416572464 7227577472 4253505796 156 30219596 4264067072
======================
   8      32 sdc 1570559 12506 217666348 9641696 17320589 416572464 7227836544 4253630368 130 30220600 4264212100
======================
   8      32 sdc 1570559 12506 217666348 9641696 17321257 416572488 7228175728 4253793512 140 30221604 4264354964
======================
   8      32 sdc 1570559 12506 217666348 9641696 17321899 416572488 7228504432 4253935896 138 30222608 4264498500
======================
   8      32 sdc 1570559 12506 217666348 9641696 17322545 416572488 7228835184 4254079148 132 30223612 4264640776
======================
   8      32 sdc 1570559 12506 217666348 9641696 17323215 416572488 7229178224 4254223840 134 30224616 4264784556
======================
   8      32 sdc 1570559 12506 217666348 9641696 17323860 416572488 7229508464 4254364612 129 30225620 4264928248
======================
   8      32 sdc 1570559 12506 217666348 9641696 17324504 416572504 7229837312 4254506848 150 30226624 4265068312
======================
   8      32 sdc 1570559 12506 217666348 9641696 17325151 416572517 7230166160 4254650368 143 30227628 4265211920
======================
   8      32 sdc 1570560 12506 217666356 9641776 17325771 416572517 7230483600 4254789972 129 30228632 4265353104
======================
   8      32 sdc 1570560 12506 217666356 9641776 17326440 416572517 7230826128 4254935584 132 30229632 4265496236
======================
   8      32 sdc 1570560 12506 217666356 9641776 17327084 416572517 7231155856 4255078632 128 30230636 4265639828
======================
   8      32 sdc 1570560 12506 217666356 9641776 17327726 416572539 7231484232 4255221296 143 30231640 4265783032
======================
   8      32 sdc 1570560 12506 217666356 9641776 17328245 416572539 7231749456 4255344764 137 30232644 4265928708
======================
   8      32 sdc 1570560 12506 217666356 9641776 17328895 416572539 7232082256 4255510388 135 30233648 4266072208
======================
   8      32 sdc 1570560 12506 217666356 9641776 17329519 416572539 7232401744 4255653912 143 30234652 4266216296
======================
   8      32 sdc 1570560 12506 217666356 9641776 17330178 416572539 7232739152 4255799236 156 30235656 4266359936
======================
   8      32 sdc 1570560 12506 217666356 9641776 17330864 416572558 7233084992 4255937464 149 30236656 4266497888
======================
   8      32 sdc 1570560 12506 217666356 9641776 17331541 416572558 7233431616 4256080964 144 30237660 4266641392
======================
   8      32 sdc 1570560 12506 217666356 9641776 17332200 416572558 7233769024 4256223484 157 30238664 4266784984
======================
   8      32 sdc 1570560 12506 217666356 9641776 17332824 416572558 7234088512 4256366952 141 30239668 4266928912
======================
   8      32 sdc 1570561 12506 217666364 9641892 17333450 416572558 7234409024 4256508604 147 30240672 4267069356
======================
   8      32 sdc 1570561 12506 217666364 9641892 17334123 416572578 7234752752 4256650296 132 30241676 4267211960
======================
   8      32 sdc 1570561 12506 217666364 9641892 17334787 416572588 7235089272 4256791340 157 30242680 4267352580
======================
   8      32 sdc 1570561 12506 217666364 9641892 17335429 416572588 7235417976 4256934472 155 30243684 4267495856
======================
   8      32 sdc 1570561 12506 217666364 9641892 17336077 416572588 7235749752 4257077988 147 30244688 4267639240
======================
   8      32 sdc 1570561 12506 217666364 9641892 17336721 416572588 7236079480 4257221080 143 30245692 4267782752
======================
   8      32 sdc 1570561 12506 217666364 9641892 17337361 416572606 7236406800 4257356608 149 30246696 4267918924
======================
   8      32 sdc 1570561 12506 217666364 9641892 17338006 416572606 7236736536 4257500760 145 30247696 4268062228
======================
   8      32 sdc 1570561 12506 217666364 9641892 17338655 416572606 7237068824 4257645104 136 30248700 4268205940
======================
   8      32 sdc 1570561 12506 217666364 9641892 17339319 416572606 7237408792 4257788728 144 30249704 4268349964
======================
   8      32 sdc 1570561 12506 217666364 9641892 17339972 416572606 7237743128 4257931904 131 30250708 4268493236
======================
   8      32 sdc 1570561 12506 217666364 9641892 17340617 416572626 7238070000 4258073792 144 30251712 4268636240
======================
   8      32 sdc 1570562 12506 217666372 9642032 17341260 416572626 7238399216 4258210712 151 30252716 4268771688
======================
   8      32 sdc 1570562 12506 217666372 9642032 17341930 416572626 7238742256 4258354220 153 30253720 4268915280
======================
   8      32 sdc 1570562 12506 217666372 9642032 17342555 416572626 7239062256 4258494856 136 30254728 4269057664
======================
   8      32 sdc 1570562 12506 217666372 9642032 17343186 416572626 7239385328 4258639280 145 30255732 4269201380
======================
   8      32 sdc 1570562 12506 217666372 9642032 17343848 416572645 7239723416 4258781812 157 30256736 4269344596
======================
   8      32 sdc 1570562 12506 217666372 9642032 17344534 416572657 7240071720 4258926456 143 30257736 4269487724
======================
   8      32 sdc 1570562 12506 217666372 9642032 17345182 416572657 7240403496 4259068900 135 30258740 4269631368
======================
   8      32 sdc 1570562 12506 217666372 9642032 17345806 416572657 7240722984 4259213520 151 30259744 4269775592
======================
   8      32 sdc 1570562 12506 217666372 9642032 17346466 416572657 7241060904 4259357716 131 30260748 4269918920
======================
   8      32 sdc 1570562 12506 217666372 9642032 17347138 416572675 7241404104 4259495704 153 30261752 4270057116
======================
   8      32 sdc 1570562 12506 217666372 9642032 17347781 416572675 7241733320 4259638296 150 30262756 4270200716
======================
   8      32 sdc 1570562 12506 217666372 9642032 17348427 416572675 7242064072 4259782444 144 30263760 4270344360
======================
   8      32 sdc 1570562 12506 217666372 9642032 17348667 416572675 7242186952 4259834504 107 30264764 4270463700
======================
   8      32 sdc 1570563 12506 217666380 9643512 17349700 416572675 7242715848 4260020604 156 30265768 4270577820
======================
   8      32 sdc 1570563 12506 217666380 9643512 17350348 416572692 7243046752 4260157608 150 30266772 4270721696
======================
   8      32 sdc 1570563 12506 217666380 9643512 17350993 416572705 7243375584 4260301028 137 30267772 4270864588
======================
   8      32 sdc 1570563 12506 217666380 9643512 17351615 416572705 7243694048 4260446212 155 30268776 4271008924
======================
   8      32 sdc 1570563 12506 217666380 9643512 17352279 416572705 7244034016 4260589780 131 30269780 4271152920
======================
   8      32 sdc 1570563 12506 217666380 9643512 17352925 416572705 7244364768 4260731876 157 30270784 4271295828
======================
   8      32 sdc 1570563 12506 217666380 9643512 17353571 416572727 7244694688 4260873764 143 30271788 4271437572
======================
   8      32 sdc 1570563 12506 217666380 9643512 17354246 416572727 7245040288 4261018804 140 30272792 4271581652
======================
   8      32 sdc 1570563 12506 217666380 9643512 17354909 416572727 7245379744 4261160960 149 30273796 4271725260
======================
   8      32 sdc 1570563 12506 217666380 9643512 17355533 416572727 7245699232 4261302852 133 30274800 4271868432
======================
   8      32 sdc 1570563 12506 217666380 9643512 17356172 416572727 7246026400 4261447872 134 30275804 4272011872
======================
   8      32 sdc 1570564 12506 217666388 9643560 17356840 416572761 7246364152 4261582084 157 30276808 4272145128
======================
   8      32 sdc 1570564 12506 217666388 9643560 17357516 416572761 7246710264 4261725696 153 30277812 4272288984
======================
   8      32 sdc 1570564 12506 217666388 9643560 17358191 416572761 7247055864 4261868844 150 30278812 4272431812
======================
   8      32 sdc 1570564 12506 217666388 9643560 17358815 416572761 7247375352 4262011412 134 30279816 4272575548
======================
   8      32 sdc 1570564 12506 217666388 9643560 17359463 416572761 7247707128 4262156592 158 30280820 4272719328
======================
   8      32 sdc 1570564 12506 217666388 9643560 17360127 416572782 7248046760 4262297840 152 30281824 4272861592
======================
   8      32 sdc 1570564 12506 217666388 9643560 17360769 416572782 7248374960 4262441156 151 30282828 4273005084
======================
   8      32 sdc 1570564 12506 217666388 9643560 17361415 416572782 7248705712 4262583812 145 30283832 4273148624
======================
   8      32 sdc 1570564 12506 217666388 9643560 17362086 416572782 7249049264 4262728860 146 30284836 4273292356
======================
   8      32 sdc 1570564 12506 217666388 9643560 17362738 416572787 7249382088 4262872152 134 30285840 4273435968
======================
   8      32 sdc 1570564 12506 217666388 9643560 17363386 416572805 7249711016 4263008672 150 30286844 4273572632
======================
   8      32 sdc 1570564 12506 217666388 9643560 17364028 416572805 7250039720 4263152468 132 30287848 4273716260
======================
   8      32 sdc 1570565 12506 217666396 9643864 17364492 416572805 7250277288 4263292760 149 30288852 4273858852
======================
   8      32 sdc 1570565 12506 217666396 9643864 17365154 416572805 7250616232 4263438824 141 30289852 4274001976
======================
   8      32 sdc 1570565 12506 217666396 9643864 17365819 416572805 7250956712 4263581872 134 30290856 4274145536
======================
   8      32 sdc 1570565 12506 217666396 9643864 17366461 416572821 7251284536 4263724436 132 30291860 4274289900
======================
   8      32 sdc 1570565 12506 217666396 9643864 17367115 416572832 7251617456 4263866228 147 30292864 4274429428
======================
   8      32 sdc 1570565 12506 217666396 9643864 17367775 416572832 7251955376 4264008676 134 30293868 4274573096
======================
   8      32 sdc 1570565 12506 217666396 9643864 17368400 416572832 7252275376 4264152332 142 30294872 4274717052
======================
   8      32 sdc 1570565 12506 217666396 9643864 17369041 416572832 7252603568 4264296920 141 30295876 4274860800
======================
   8      32 sdc 1570565 12506 217666396 9643864 17369712 416572854 7252946792 4264436704 158 30296880 4275000684
======================
   8      32 sdc 1570565 12506 217666396 9643864 17370389 416572854 7253292912 4264579316 154 30297884 4275142736
======================
   8      32 sdc 1570565 12506 217666396 9643864 17371054 416572854 7253633392 4264720776 129 30298884 4275285676
======================
   8      32 sdc 1570565 12506 217666396 9643864 17371684 416572854 7253955952 4264864788 139 30299888 4275429444
======================
   8      32 sdc 1570566 12506 217666404 9644320 17372148 416572854 7254193520 4264962148 156 30300892 4275527088
======================
   8      32 sdc 1570566 12506 217666404 9644320 17372829 416572878 7254538856 4265106888 149 30301896 4275670852
======================
   8      32 sdc 1570566 12506 217666404 9644320 17373496 416572878 7254880360 4265249840 154 30302904 4275815008
======================
   8      32 sdc 1570566 12506 217666404 9644320 17374132 416572878 7255205992 4265392052 158 30303908 4275958716
======================
   8      32 sdc 1570566 12506 217666404 9644320 17374781 416572878 7255538280 4265537756 149 30304912 4276102560
======================
   8      32 sdc 1570566 12506 217666404 9644320 17375435 416572878 7255873128 4265680756 135 30305912 4276245752
======================
   8      32 sdc 1570566 12506 217666404 9644320 17376079 416572899 7256202016 4265823276 158 30306916 4276387972
======================
   8      32 sdc 1570566 12506 217666404 9644320 17376740 416572910 7256537008 4265969248 137 30307940 4276534312
======================
   8      32 sdc 1570566 12506 217666404 9644320 17377381 416572910 7256865200 4266112496 136 30308944 4276677808
======================
   8      32 sdc 1570566 12506 217666404 9644320 17378044 416572910 7257204656 4266256772 145 30309948 4276821412
======================
   8      32 sdc 1570566 12506 217666404 9644320 17378700 416572910 7257540528 4266399884 129 30310952 4276964908
======================
   8      32 sdc 1570566 12506 217666404 9644320 17379344 416572928 7257869392 4266533340 140 30311956 4277098712
======================
   8      32 sdc 1570566 12506 217666404 9644320 17379397 416572928 7257896528 4266545200 149 30312960 4277247748
======================
   8      32 sdc 1570567 12506 217666412 9645984 17380494 416572928 7258458192 4266831424 139 30313964 4277395024
======================
   8      32 sdc 1570567 12506 217666412 9645984 17381153 416572928 7258795600 4266971260 152 30314968 4277538724
======================
   8      32 sdc 1570567 12506 217666412 9645984 17381777 416572928 7259115088 4267114468 136 30315972 4277682316
======================
   8      32 sdc 1570567 12506 217666412 9645984 17382434 416572957 7259447168 4267256916 141 30316976 4277823364
======================
   8      32 sdc 1570567 12506 217666412 9645984 17383101 416572957 7259788672 4267399352 146 30317980 4277967084
======================
   8      32 sdc 1570567 12506 217666412 9645984 17383772 416572957 7260132224 4267545036 147 30318984 4278111112
======================
   8      32 sdc 1570567 12506 217666412 9645984 17384400 416572957 7260453760 4267687528 130 30319988 4278254656
======================
   8      32 sdc 1570567 12506 217666412 9645984 17385028 416572957 7260775296 4267831692 139 30320992 4278398428
======================
   8      32 sdc 1570567 12506 217666412 9645984 17385705 416572979 7261121592 4267972196 146 30321992 4278537900
======================
   8      32 sdc 1570567 12506 217666412 9645984 17386370 416572979 7261461568 4268115384 154 30322996 4278681656
======================
   8      32 sdc 1570567 12506 217666412 9645984 17387012 416572979 7261790272 4268258656 152 30324000 4278825096
======================
   8      32 sdc 1570568 12506 217666420 9646192 17387645 416572979 7262114368 4268387388 147 30325004 4278953508
======================
   8      32 sdc 1570568 12506 217666420 9646192 17388311 416572983 7262451864 4268530996 153 30326008 4279097140
======================
   8      32 sdc 1570568 12506 217666420 9646192 17388960 416573001 7262783288 4268673888 132 30327012 4279240604
======================
   8      32 sdc 1570568 12506 217666420 9646192 17389602 416573001 7263111992 4268817188 130 30328016 4279383940
======================
   8      32 sdc 1570568 12506 217666420 9646192 17390079 416573001 7263356216 4268955908 133 30329020 4279524960
======================
   8      32 sdc 1570568 12506 217666420 9646192 17390748 416573001 7263698744 4269101976 136 30330024 4279668372
======================
   8      32 sdc 1570568 12506 217666420 9646192 17391412 416573001 7264038712 4269244948 144 30331028 4279811592
======================
   8      32 sdc 1570568 12506 217666420 9646192 17392061 416573033 7264367704 4269383808 75 30332028 4279946980
======================
   8      32 sdc 1570568 12506 217666420 9646192 17392707 416573033 7264696464 4269520824 156 30333032 4280086568
======================
   8      32 sdc 1570568 12506 217666420 9646192 17393377 416573033 7265039504 4269664208 158 30334036 4280230084
======================
   8      32 sdc 1570568 12506 217666420 9646192 17394030 416573033 7265373840 4269806512 145 30335040 4280374192
======================
   8      32 sdc 1570568 12506 217666420 9646192 17394655 416573033 7265693840 4269949540 128 30336044 4280517364
======================
   8      32 sdc 1570569 12506 217666428 9646244 17395281 416573051 7266013992 4270080644 148 30337048 4280647036
======================
   8      32 sdc 1570569 12506 217666428 9646244 17395959 416573051 7266360624 4270224104 143 30338052 4280790492
======================
   8      32 sdc 1570569 12506 217666428 9646244 17396634 416573051 7266706224 4270367148 140 30339052 4280933236
======================
   8      32 sdc 1570569 12506 217666428 9646244 17397300 416573051 7267047216 4270509212 146 30340056 4281076560
======================
   8      32 sdc 1570569 12506 217666428 9646244 17397785 416573051 7267295536 4270655540 141 30341060 4281223124
======================
   8      32 sdc 1570569 12506 217666428 9646244 17398463 416573072 7267640328 4270799236 136 30342064 4281365620
======================
   8      32 sdc 1570569 12506 217666428 9646244 17399131 416573072 7267981832 4270941428 140 30343068 4281508768
======================
   8      32 sdc 1570569 12506 217666428 9646244 17399773 416573072 7268310536 4271084752 138 30344068 4281651592
======================
   8      32 sdc 1570569 12506 217666428 9646244 17400425 416573072 7268644360 4271228660 158 30345072 4281794608
======================
   8      32 sdc 1570569 12506 217666428 9646244 17401090 416573072 7268984840 4271372076 133 30346076 4281938368
======================
   8      32 sdc 1570569 12506 217666428 9646244 17401743 416573097 7269317360 4271508640 129 30347080 4282075236
======================
   8      32 sdc 1570569 12506 217666428 9646244 17402384 416573097 7269645552 4271651836 128 30348084 4282218620
======================
   8      32 sdc 1570570 12506 217666436 9646320 17403005 416573097 7269963504 4271794336 135 30349088 4282361472
======================
   8      32 sdc 1570570 12506 217666436 9646320 17403648 416573097 7270292720 4271937692 132 30350092 4282504648
======================
   8      32 sdc 1570570 12506 217666436 9646320 17404319 416573103 7270632792 4272081480 133 30351092 4282647736
======================
   8      32 sdc 1570570 12506 217666436 9646320 17404979 416573119 7270969832 4272223240 132 30352096 4282790084
======================
   8      32 sdc 1570570 12506 217666436 9646320 17405466 416573119 7271219176 4272369576 157 30353100 4282936492
======================
   8      32 sdc 1570570 12506 217666436 9646320 17406136 416573119 7271562216 4272513508 149 30354100 4283079544
======================
   8      32 sdc 1570570 12506 217666436 9646320 17406795 416573119 7271899624 4272656220 140 30355104 4283223908
======================
   8      32 sdc 1570570 12506 217666436 9646320 17407419 416573119 7272219112 4272799888 156 30356108 4283367416
======================
   8      32 sdc 1570570 12506 217666436 9646320 17408070 416573143 7272550600 4272939976 150 30357108 4283505960
======================
   8      32 sdc 1570570 12506 217666436 9646320 17408745 416573143 7272896200 4273083300 147 30358112 4283649636
======================
   8      32 sdc 1570570 12506 217666436 9646320 17409420 416573143 7273241800 4273226628 144 30359116 4283793388
======================
   8      32 sdc 1570570 12506 217666436 9646320 17410090 416573143 7273584840 4273369104 146 30360116 4283936360
======================
   8      32 sdc 1570571 12506 217666444 9646428 17410688 416573143 7273891016 4273508248 141 30361120 4284075860
======================
   8      32 sdc 1570571 12506 217666444 9646428 17411322 416573163 7274215280 4273650984 132 30362124 4284217808
======================
   8      32 sdc 1570571 12506 217666444 9646428 17412004 416573176 7274559528 4273789640 146 30363128 4284356344
======================
   8      32 sdc 1570571 12506 217666444 9646428 17412661 416573176 7274895912 4273932284 129 30364132 4284499816
======================
   8      32 sdc 1570571 12506 217666444 9646428 17413285 416573176 7275215400 4274073348 145 30365136 4284643664
======================
   8      32 sdc 1570571 12506 217666444 9646428 17413965 416573176 7275563560 4274220508 137 30366140 4284787504
======================
   8      32 sdc 1570571 12506 217666444 9646428 17414614 416573192 7275894968 4274357112 134 30367140 4284924176
======================
   8      32 sdc 1570571 12506 217666444 9646428 17415256 416573192 7276223672 4274499508 132 30368144 4285066516
======================
   8      32 sdc 1570571 12506 217666444 9646428 17415897 416573192 7276551864 4274642448 131 30369148 4285209652
======================
   8      32 sdc 1570571 12506 217666444 9646428 17416542 416573192 7276882104 4274786444 158 30370152 4285353268
======================
   8      32 sdc 1570571 12506 217666444 9646428 17417207 416573192 7277222584 4274929652 133 30371152 4285496264
======================
   8      32 sdc 1570571 12506 217666444 9646428 17417867 416573218 7277558696 4275070788 104 30372156 4285636928
======================
   8      32 sdc 1570572 12506 217666452 9646564 17418487 416573218 7277876136 4275207888 155 30373160 4285775048
======================
   8      32 sdc 1570572 12506 217666452 9646564 17419147 416573218 7278214056 4275351976 135 30374164 4285918464
======================
   8      32 sdc 1570572 12506 217666452 9646564 17419831 416573223 7278560784 4275495972 154 30375168 4286061900
======================
   8      32 sdc 1570572 12506 217666452 9646564 17420452 416573223 7278878736 4275635960 141 30376172 4286205512
======================
   8      32 sdc 1570572 12506 217666452 9646564 17421108 416573241 7279213744 4275781916 137 30377172 4286348416
======================
   8      32 sdc 1570572 12506 217666452 9646564 17421784 416573241 7279559856 4275925608 133 30378176 4286491884
======================
   8      32 sdc 1570572 12506 217666452 9646564 17422460 416573241 7279905968 4276069052 129 30379180 4286635368
======================
   8      32 sdc 1570572 12506 217666452 9646564 17423115 416573241 7280241328 4276212792 146 30380184 4286780580
======================
   8      32 sdc 1570572 12506 217666452 9646564 17423733 416573241 7280557744 4276354736 136 30381188 4286923948
======================
   8      32 sdc 1570572 12506 217666452 9646564 17424395 416573265 7280894360 4276494200 143 30382188 4287060572
======================
   8      32 sdc 1570572 12506 217666452 9646564 17425073 416573265 7281240992 4276637936 138 30383196 4287204760
======================
   8      32 sdc 1570573 12506 217666460 9646644 17425699 416573265 7281561504 4276778344 155 30384196 4287345528
======================
   8      32 sdc 1570573 12506 217666460 9646644 17426341 416573265 7281890208 4276921080 153 30385200 4287488944
======================
   8      32 sdc 1570573 12506 217666460 9646644 17426999 416573265 7282227104 4277064280 135 30386204 4287632592
======================
   8      32 sdc 1570573 12506 217666460 9646644 17427666 416573283 7282567744 4277206768 154 30387208 4287774784
======================
   8      32 sdc 1570573 12506 217666460 9646644 17428167 416573296 7282819824 4277308688 150 30388208 4287910792
======================
   8      32 sdc 1570573 12506 217666460 9646644 17428804 416573296 7283145968 4277487328 153 30389212 4288054360
======================
   8      32 sdc 1570573 12506 217666460 9646644 17429445 416573296 7283474160 4277631356 152 30390216 4288198012
======================
   8      32 sdc 1570573 12506 217666460 9646644 17430103 416573296 7283811056 4277772316 134 30391220 4288341568
======================
   8      32 sdc 1570573 12506 217666460 9646644 17430761 416573312 7284147072 4277912968 155 30392224 4288480132
======================
   8      32 sdc 1570573 12506 217666460 9646644 17431388 416573312 7284468096 4278056568 136 30393232 4288624416
======================
   8      32 sdc 1570573 12506 217666460 9646644 17432052 416573312 7284808064 4278200904 144 30394232 4288767424
======================
   8      32 sdc 1570573 12506 217666460 9646644 17432730 416573312 7285155200 4278344720 138 30395240 4288911544
======================
   8      32 sdc 1570573 12506 217666460 9646644 17433265 416573312 7285429120 4278465860 94 30396240 4289045244
======================
   8      32 sdc 1570573 12506 217666460 9646644 17433265 416573312 7285429120 4278465860 94 30397244 4289139620
======================
   8      32 sdc 1570574 12506 217666468 9648184 17434621 416573348 7286118136 4278698744 128 30398248 4289266456
======================
   8      32 sdc 1570574 12506 217666468 9648184 17435291 416573348 7286461176 4278841844 130 30399252 4289409668
======================
   8      32 sdc 1570574 12506 217666468 9648184 17435828 416573348 7286736120 4278955428 137 30400256 4289552016
======================
   8      32 sdc 1570574 12506 217666468 9648184 17436437 416573348 7287047928 4279125900 136 30401260 4289695340
======================
   8      32 sdc 1570574 12506 217666468 9648184 17437086 416573348 7287380216 4279270760 131 30402264 4289838776
======================
   8      32 sdc 1570574 12506 217666468 9648184 17437761 416573364 7287724936 4279412344 152 30403264 4289980076
======================
   8      32 sdc 1570574 12506 217666468 9648184 17438405 416573364 7288054664 4279554360 148 30404268 4290123336
======================
   8      32 sdc 1570574 12506 217666468 9648184 17439049 416573364 7288384392 4279698160 144 30405272 4290266620
======================
   8      32 sdc 1570574 12506 217666468 9648184 17439718 416573364 7288726920 4279842620 147 30406280 4290410688
======================
   8      32 sdc 1570574 12506 217666468 9648184 17440371 416573368 7289060280 4279985628 134 30407288 4290554768
======================
   8      32 sdc 1570575 12506 217666476 9648240 17440985 416573389 7289373808 4280121996 134 30408288 4290694000
======================
   8      32 sdc 1570575 12506 217666476 9648240 17441627 416573389 7289702512 4280268880 132 30409292 4290838152
======================
   8      32 sdc 1570575 12506 217666476 9648240 17442269 416573389 7290031216 4280412396 130 30410296 4290981676
======================
   8      32 sdc 1570575 12506 217666476 9648240 17442932 416573389 7290370672 4280555996 139 30411300 4291125652
======================
   8      32 sdc 1570575 12506 217666476 9648240 17443577 416573389 7290700912 4280698152 134 30412304 4291269272
======================
   8      32 sdc 1570575 12506 217666476 9648240 17444224 416573412 7291028832 4280842412 145 30413304 4291411428
======================
   8      32 sdc 1570575 12506 217666476 9648240 17444899 416573412 7291374432 4280986380 143 30414308 4291555140
======================
   8      32 sdc 1570575 12506 217666476 9648240 17445555 416573412 7291709800 4281129076 148 30415312 4291698724
======================
   8      32 sdc 1570575 12506 217666476 9648240 17446179 416573412 7292029288 4281272568 143 30416316 4291842640
======================
   8      32 sdc 1570575 12506 217666476 9648240 17446832 416573412 7292363624 4281417568 130 30417320 4291986296
======================
   8      32 sdc 1570575 12506 217666476 9648240 17447506 416573429 7292708344 4281553956 135 30418320 4292122772
======================
   8      32 sdc 1570575 12506 217666476 9648240 17448190 416573444 7293055656 4281697676 156 30419324 4292266316
======================
   8      32 sdc 1570576 12506 217666484 9648316 17448831 416573444 7293383336 4281837424 154 30420328 4292408060
======================
   8      32 sdc 1570576 12506 217666484 9648316 17449458 416573444 7293704360 4281981616 135 30421332 4292551888
======================
   8      32 sdc 1570576 12506 217666484 9648316 17450100 416573444 7294033064 4282126764 133 30422336 4292695628
======================
   8      32 sdc 1570576 12506 217666484 9648316 17450778 416573465 7294379864 4282268972 133 30423340 4292837440
======================
   8      32 sdc 1570576 12506 217666484 9648316 17451278 416573465 7294635864 4282393160 145 30424344 4292982268
======================
   8      32 sdc 1570576 12506 217666484 9648316 17451929 416573465 7294968672 4282556668 135 30425348 4293125884
======================
   8      32 sdc 1570576 12506 217666484 9648316 17452594 416573465 7295309152 4282700056 142 30426352 4293269436
======================
   8      32 sdc 1570576 12506 217666484 9648316 17453244 416573465 7295641952 4282842536 132 30427356 4293412876
======================
   8      32 sdc 1570576 12506 217666484 9648316 17453894 416573487 7295970896 4282978196 128 30428356 4293547880
======================
   8      32 sdc 1570576 12506 217666484 9648316 17454538 416573487 7296300120 4283118456 158 30429364 4293687868
======================
   8      32 sdc 1570576 12506 217666484 9648316 17455183 416573487 7296630360 4283262400 153 30430372 4293832064
======================
   8      32 sdc 1570576 12506 217666484 9648316 17455848 416573487 7296970840 4283406376 128 30431376 4293975244
======================
   8      32 sdc 1570577 12506 217666492 9648424 17456479 416573487 7297293912 4283543872 157 30432376 4294113612
======================
   8      32 sdc 1570577 12506 217666492 9648424 17457122 416573507 7297622784 4283685808 140 30433380 4294255480
======================
   8      32 sdc 1570577 12506 217666492 9648424 17457786 416573518 7297958808 4283831020 158 30434384 4294394648
======================
   8      32 sdc 1570577 12506 217666492 9648424 17458456 416573518 7298301848 4283969740 128 30435388 4294538660
======================
   8      32 sdc 1570577 12506 217666492 9648424 17459080 416573518 7298621336 4284111824 144 30436388 4294681924
======================
   8      32 sdc 1570577 12506 217666492 9648424 17459738 416573518 7298958232 4284256680 158 30437392 4294825260
======================
   8      32 sdc 1570577 12506 217666492 9648424 17460415 416573537 7299304000 4284391948 129 30438396 4294960704
======================
   8      32 sdc 1570577 12506 217666492 9648424 17461091 416573537 7299650112 4284535260 157 30439396 136344
======================
   8      32 sdc 1570577 12506 217666492 9648424 17461750 416573537 7299987520 4284676884 138 30440400 279716
======================
   8      32 sdc 1570577 12506 217666492 9648424 17462374 416573537 7300307008 4284820580 154 30441404 423448
======================
   8      32 sdc 1570577 12506 217666492 9648424 17463020 416573537 7300638272 4284964632 148 30442404 566276
======================
   8      32 sdc 1570577 12506 217666492 9648424 17463698 416573554 7300984024 4285107076 129 30443408 708460
======================
   8      32 sdc 1570578 12506 217666500 9648776 17464193 416573570 7301235072 4285230780 153 30444412 833572
======================
   8      32 sdc 1570578 12506 217666500 9648776 17464835 416573570 7301563776 4285375372 151 30445416 979428
======================
   8      32 sdc 1570578 12506 217666500 9648776 17465489 416573570 7301898624 4285519932 137 30446420 1122648
======================
   8      32 sdc 1570578 12506 217666500 9648776 17466145 416573570 7302234496 4285663624 153 30447424 1266144
======================
   8      32 sdc 1570578 12506 217666500 9648776 17466766 416573590 7302552104 4285805452 156 30448428 1407884
======================
   8      32 sdc 1570578 12506 217666500 9648776 17467407 416573590 7302880296 4285948320 156 30449432 1551192
======================
   8      32 sdc 1570578 12506 217666500 9648776 17468062 416573590 7303215152 4286092044 141 30450432 1694352
======================
   8      32 sdc 1570578 12506 217666500 9648776 17468727 416573590 7303555632 4286235988 148 30451436 1838060
======================
   8      32 sdc 1570578 12506 217666500 9648776 17469374 416573590 7303886896 4286379164 141 30452440 1981792
======================
   8      32 sdc 1570578 12506 217666500 9648776 17470025 416573613 7304216360 4286518212 158 30453448 2120892
======================
   8      32 sdc 1570578 12506 217666500 9648776 17470701 416573613 7304562984 4286662424 154 30454452 2264540
======================
   8      32 sdc 1570578 12506 217666500 9648776 17471357 416573613 7304898344 4286805232 138 30455456 2408568
======================
   8      32 sdc 1570578 12506 217666500 9648776 17471717 416573613 7305082664 4286889856 130 30456456 2546516
======================
   8      32 sdc 1570578 12506 217666500 9648776 17471717 416573613 7305082664 4286889856 130 30457464 2677556
======================
   8      32 sdc 1570579 12506 217666508 9651048 17472961 416573626 7305718688 4287219432 136 30458464 2809416
======================
   8      32 sdc 1570579 12506 217666508 9651048 17473956 416573636 7306226696 4287348500 132 30459468 2952640
======================
   8      32 sdc 1570579 12506 217666508 9651048 17474599 416573636 7306555912 4287490940 129 30460472 3096232
======================
   8      32 sdc 1570579 12506 217666508 9651048 17475223 416573636 7306875400 4287635048 145 30461476 3240112
======================
   8      32 sdc 1570579 12506 217666508 9651048 17475900 416573636 7307222024 4287779096 140 30462480 3383860
======================
   8      32 sdc 1570579 12506 217666508 9651048 17476567 416573659 7307563208 4287922612 132 30463484 3526868
======================
   8      32 sdc 1570579 12506 217666508 9651048 17477208 416573659 7307891400 4288064972 131 30464484 3669456
======================
   8      32 sdc 1570579 12506 217666508 9651048 17477863 416573659 7308226256 4288208776 149 30465492 3813284
======================
   8      32 sdc 1570579 12506 217666508 9651048 17478525 416573659 7308565200 4288351652 159 30466492 3955868
======================
   8      32 sdc 1570579 12506 217666508 9651048 17479174 416573659 7308897488 4288494816 150 30467496 4099676
======================
   8      32 sdc 1570580 12506 217666516 9651240 17479795 416573676 7309215072 4288623352 149 30468500 4228520
======================
   8      32 sdc 1570580 12506 217666516 9651240 17480447 416573692 7309543984 4288767188 137 30469504 4372224
======================
   8      32 sdc 1570580 12506 217666516 9651240 17481090 416573692 7309873200 4288911116 134 30470508 4515944
======================
   8      32 sdc 1570580 12506 217666516 9651240 17481754 416573692 7310213168 4289054360 142 30471512 4659532
======================
   8      32 sdc 1570580 12506 217666516 9651240 17482388 416573692 7310537776 4289196932 148 30472512 4802464
======================
   8      32 sdc 1570580 12506 217666516 9651240 17483041 416573716 7310871800 4289340896 157 30473516 4943864
======================
   8      32 sdc 1570580 12506 217666516 9651240 17483719 416573716 7311218432 4289483148 152 30474520 5087540
======================
   8      32 sdc 1570580 12506 217666516 9651240 17484365 416573716 7311549184 4289625328 146 30475524 5231308
======================
   8      32 sdc 1570580 12506 217666516 9651240 17484989 416573716 7311868672 4289769220 130 30476528 5375032
======================
   8      32 sdc 1570580 12506 217666516 9651240 17485644 416573716 7312204032 4289913728 147 30477532 5519660
======================
   8      32 sdc 1570580 12506 217666516 9651240 17486330 416573738 7312550400 4290057640 143 30478536 5656024
======================
   8      32 sdc 1570580 12506 217666516 9651240 17487007 416573738 7312896520 4290194508 139 30479536 5799036
======================
   8      32 sdc 1570581 12506 217666524 9651528 17487503 416573738 7313150472 4290332468 136 30480540 5938156
======================
   8      32 sdc 1570581 12506 217666524 9651528 17488127 416573738 7313469960 4290475748 152 30481544 6081812
======================
   8      32 sdc 1570581 12506 217666524 9651528 17488765 416573738 7313796616 4290620756 154 30482548 6225564
======================
   8      32 sdc 1570581 12506 217666524 9651528 17489442 416573757 7314142888 4290763700 152 30483552 6368468
======================
   8      32 sdc 1570581 12506 217666524 9651528 17490091 416573768 7314470728 4290906872 149 30484556 6509576
======================
   8      32 sdc 1570581 12506 217666524 9651528 17490745 416573768 7314805576 4291047708 135 30485560 6653292
======================
   8      32 sdc 1570581 12506 217666524 9651528 17491404 416573768 7315142984 4291191448 148 30486564 6797088
======================
   8      32 sdc 1570581 12506 217666524 9651528 17492051 416573768 7315474248 4291334468 141 30487564 6940204
======================
   8      32 sdc 1570581 12506 217666524 9651528 17492693 416573788 7315802608 4291478336 131 30488568 7080356
======================
   8      32 sdc 1570581 12506 217666524 9651528 17493337 416573788 7316132336 4291618416 135 30489572 7223428
======================
   8      32 sdc 1570581 12506 217666524 9651528 17493983 416573788 7316462584 4291762268 154 30490576 7367336
======================
   8      32 sdc 1570581 12506 217666524 9651528 17494648 416573788 7316803064 4291906220 129 30491580 7511052
======================
   8      32 sdc 1570582 12506 217666532 9651816 17495155 416573788 7317062648 4292042520 138 30492588 7648848
======================
   8      32 sdc 1570582 12506 217666532 9651816 17495799 416573806 7317392016 4292186172 135 30493588 7791684
======================
   8      32 sdc 1570582 12506 217666532 9651816 17496459 416573809 7317726936 4292330144 148 30494592 7935148
======================
   8      32 sdc 1570582 12506 217666532 9651816 17497135 416573809 7318073048 4292472580 144 30495596 8078508
======================
   8      32 sdc 1570582 12506 217666532 9651816 17497762 416573809 7318394072 4292614080 157 30496600 8221616
======================
   8      32 sdc 1570582 12506 217666532 9651816 17498416 416573809 7318728920 4292760424 143 30497604 8366088
======================
   8      32 sdc 1570582 12506 217666532 9651816 17499094 416573830 7319075720 4292904180 140 30498604 8505324
======================
   8      32 sdc 1570582 12506 217666532 9651816 17499768 416573844 7319418888 4293044312 139 30499608 8649216
======================
   8      32 sdc 1570582 12506 217666532 9651816 17500429 416573844 7319755320 4293186276 150 30500612 8792756
======================
   8      32 sdc 1570582 12506 217666532 9651816 17501053 416573844 7320074808 4293329980 134 30501616 8936476
======================
   8      32 sdc 1570582 12506 217666532 9651816 17501697 416573844 7320404536 4293474996 130 30502620 9080220
======================
   8      32 sdc 1570582 12506 217666532 9651816 17502377 416573863 7320752344 4293618392 49 30503628 9215900
======================
   8      32 sdc 1570582 12506 217666532 9651816 17502476 416573863 7320803032 4293633132 135 30504636 9353180
======================
   8      32 sdc 1570583 12506 217666540 9653276 17503646 416573863 7321401568 4293883604 149 30505640 9491372
======================
   8      32 sdc 1570583 12506 217666540 9653276 17504314 416573863 7321743584 4294030024 153 30506656 9636864
======================
   8      32 sdc 1570583 12506 217666540 9653276 17504971 416573863 7322079968 4294173184 136 30507660 9780580
======================
   8      32 sdc 1570583 12506 217666540 9653276 17505473 416573880 7322336624 4294317368 147 30508668 9924856
======================
   8      32 sdc 1570583 12506 217666540 9653276 17506117 416573880 7322665848 4294456184 271 30509676 10139024
======================
   8      32 sdc 1570583 12506 217666540 9653276 17506761 416573880 7322995576 4294611180 252 30510676 10394632
======================
   8      32 sdc 1570583 12506 217666540 9653276 17507425 416573880 7323335544 4294769712 243 30511680 10643564
======================
   8      32 sdc 1570583 12506 217666540 9653276 17508061 416573880 7323661176 4294941096 247 30512684 10883800
======================
   8      32 sdc 1570583 12506 217666540 9653276 17508691 416573902 7323983736 155728 147 30513684 11110004
======================
   8      32 sdc 1570583 12506 217666540 9653276 17509352 416573902 7324321840 397352 206 30514692 11315136
======================
   8      32 sdc 1570583 12506 217666540 9653276 17510008 416573902 7324657712 786276 158 30515696 11513396
======================
   8      32 sdc 1570584 12506 217666548 9653568 17510623 416573902 7324972088 1064464 147 30516700 11641284
======================
   8      32 sdc 1570584 12506 217666548 9653568 17511273 416573902 7325304888 1209232 137 30517700 11784412
======================
   8      32 sdc 1570584 12506 217666548 9653568 17511949 416573915 7325651000 1352860 59 30518704 11922572
======================
   8      32 sdc 1570584 12506 217666548 9653568 17512627 416573915 7325997232 1481336 152 30519704 12056512
======================
   8      32 sdc 1570584 12506 217666548 9653568 17513242 416573915 7326312112 1623168 145 30520708 12200060
======================
   8      32 sdc 1570584 12506 217666548 9653568 17513869 416573915 7326633136 1767568 158 30521708 12342976
======================
   8      32 sdc 1570584 12506 217666548 9653568 17514544 416573915 7326978736 1911496 153 30522712 12486660
======================
   8      32 sdc 1570584 12506 217666548 9653568 17515208 416573926 7327318704 2054212 66 30523716 12625608
======================
   8      32 sdc 1570584 12506 217666548 9653568 17515852 416573926 7327647512 2181760 129 30524720 12757740
======================
   8      32 sdc 1570584 12506 217666548 9653568 17516507 416573926 7327982872 2325344 146 30525724 12901032
======================
   8      32 sdc 1570584 12506 217666548 9653568 17517173 416573926 7328323864 2469312 152 30526728 13044852
======================
   8      32 sdc 1570584 12506 217666548 9653568 17517820 416573926 7328655128 2612628 145 30527732 13188700
======================
   8      32 sdc 1570585 12506 217666556 9654088 17518291 416573936 7328896280 2700052 57 30528736 13271100
======================
   8      32 sdc 1570585 12506 217666556 9654088 17518935 416573936 7329225080 2828040 152 30529740 13404792
======================
   8      32 sdc 1570585 12506 217666556 9654088 17519576 416573936 7329553272 2972204 151 30530740 13548568
======================
   8      32 sdc 1570585 12506 217666556 9654088 17520239 416573936 7329892728 3116460 158 30531744 13692088
======================
   8      32 sdc 1570585 12506 217666556 9654088 17520872 416573936 7330216824 3259020 133 30532748 13835696
======================
   8      32 sdc 1570585 12506 217666556 9654088 17521518 416573951 7330547576 3403520 48 30533752 13972412
======================
   8      32 sdc 1570585 12506 217666556 9654088 17522190 416573951 7330890752 3530576 147 30534752 14106920
======================
   8      32 sdc 1570585 12506 217666556 9654088 17522844 416573951 7331225600 3673384 133 30535756 14250584
======================
   8      32 sdc 1570585 12506 217666556 9654088 17523469 416573951 7331545600 3816352 148 30536760 14393484
======================
   8      32 sdc 1570585 12506 217666556 9654088 17524122 416573951 7331879936 3961508 135 30537764 14537280
======================
   8      32 sdc 1570585 12506 217666556 9654088 17524798 416573962 7332226048 4105248 66 30538768 14676392
======================
   8      32 sdc 1570585 12506 217666556 9654088 17525475 416573962 7332571752 4233260 128 30539768 14808488
======================
   8      32 sdc 1570586 12506 217666564 9654364 17526120 416573962 7332901992 4352732 136 30540768 14929532
======================
   8      32 sdc 1570586 12506 217666564 9654364 17526744 416573962 7333221480 4493512 152 30541772 15070336
======================
   8      32 sdc 1570586 12506 217666564 9654364 17527126 416574027 7333406984 4579332 0 30542432 15139988
======================
   8      32 sdc 1570586 12506 217666564 9654364 17527126 416574027 7333406984 4579332 0 30542432 15139988
======================
   8      32 sdc 1570586 12506 217666564 9654364 17527126 416574027 7333406984 4579332 0 30542432 15139988
======================
   8      32 sdc 1570586 12506 217666564 9654364 17527126 416574027 7333406984 4579332 0 30542432 15139988
======================
   8      32 sdc 1570586 12506 217666564 9654364 17527126 416574027 7333406984 4579332 0 30542432 15139988
======================
   8      32 sdc 1570797 12506 217668246 9661224 17527151 416574027 7333407080 4579332 24 30542528 15148384
======================
started
   8      32 sdc 1570829 12506 217668502 9675048 17527153 416574027 7333407088 4579396 0 30543196 15160736
======================
   8      32 sdc 1570829 12506 217668502 9675048 17527153 416574027 7333407088 4579396 0 30543196 15160736
======================
   8      32 sdc 1571164 12506 217736486 9677792 17527153 416574027 7333407088 4579396 2 30544036 15163596
======================
   8      32 sdc 1571676 12506 217866414 9685340 17527153 416574027 7333407088 4579396 9 30545052 15171404
======================
   8      32 sdc 1572064 12506 217965742 9692172 17527153 416574027 7333407088 4579396 13 30546056 15178216
======================
   8      32 sdc 1572559 12506 218092462 9699776 17527153 416574027 7333407088 4579396 3 30547064 15185656
======================
   8      32 sdc 1573112 12506 218233774 9707712 17527153 416574027 7333407088 4579396 10 30548068 15193592
======================
   8      32 sdc 1573634 12506 218367150 9715456 17527153 416574027 7333407088 4579396 13 30549068 15201300
======================
   8      32 sdc 1574152 12506 218499758 9722720 17527156 416574031 7333407144 4579396 10 30550072 15208984
======================
   8      32 sdc 1574637 12506 218623918 9730496 17527156 416574031 7333407144 4579396 4 30551076 15216436
======================
   8      32 sdc 1575163 12506 218758574 9738408 17527156 416574031 7333407144 4579396 6 30552080 15224428
======================
   8      32 sdc 1575663 12506 218886574 9745300 17527156 416574031 7333407144 4579396 6 30553080 15231400
======================
   8      32 sdc 1576226 12506 219030702 9753184 17527156 416574031 7333407144 4579396 14 30554084 15239092
======================
   8      32 sdc 1576737 12506 219161518 9760900 17527156 416574031 7333407144 4579396 8 30555088 15246980
======================
   8      32 sdc 1577231 12506 219287982 9768352 17527156 416574031 7333407144 4579396 6 30556092 15254276
======================
   8      32 sdc 1577756 12506 219422382 9775436 17527156 416574031 7333407144 4579396 8 30557096 15261292
======================
   8      32 sdc 1578167 12506 219527598 9785460 17527156 416574031 7333407144 4579396 9 30558096 15271312
======================
   8      32 sdc 1578707 12506 219665838 9792952 17527156 416574031 7333407144 4579396 17 30559100 15278788
======================
   8      32 sdc 1579209 12506 219794350 9800396 17527156 416574031 7333407144 4579396 6 30560108 15286264
======================
   8      32 sdc 1579712 12506 219923118 9807656 17527156 416574031 7333407144 4579396 4 30561112 15293532
======================
   8      32 sdc 1580243 12506 220059054 9814856 17527156 416574031 7333407144 4579396 5 30562116 15300892
======================
   8      32 sdc 1580780 12506 220196526 9822124 17527156 416574031 7333407144 4579396 7 30563124 15308024
======================
   8      32 sdc 1581282 12506 220325038 9829416 17527156 416574031 7333407144 4579396 4 30564124 15315420
======================
   8      32 sdc 1581812 12506 220460462 9836576 17527156 416574031 7333407144 4579396 8 30565128 15322580
======================
   8      32 sdc 1582341 12506 220595886 9843992 17527156 416574031 7333407144 4579396 5 30566132 15330012
======================
   8      32 sdc 1582878 12506 220733358 9851536 17527156 416574031 7333407144 4579396 5 30567136 15337392
======================
   8      32 sdc 1583413 12506 220870062 9858936 17527156 416574031 7333407144 4579396 11 30568140 15344816
======================
   8      32 sdc 1583926 12506 221001390 9866868 17527158 416574033 7333407176 4579468 15 30569140 15352760
======================
   8      32 sdc 1584441 12506 221133230 9874248 17527158 416574033 7333407176 4579468 3 30570144 15360284
======================
   8      32 sdc 1584979 12506 221270958 9881804 17527158 416574033 7333407176 4579468 6 30571148 15367840
======================
   8      32 sdc 1585529 12506 221411758 9888936 17527158 416574033 7333407176 4579468 8 30572152 15374908
======================
   8      32 sdc 1585925 12506 221513134 9895456 17527158 416574033 7333407176 4579468 6 30573156 15381540
======================
   8      32 sdc 1586441 12506 221645230 9902872 17527158 416574033 7333407176 4579468 4 30574160 15388996
======================
   8      32 sdc 1586991 12506 221786030 9910248 17527158 416574033 7333407176 4579468 4 30575164 15396268
======================
   8      32 sdc 1587515 12506 221920174 9917580 17527158 416574033 7333407176 4579468 6 30576168 15403628
======================
   8      32 sdc 1588020 12506 222049454 9924672 17527158 416574033 7333407176 4579468 9 30577172 15410792
======================
   8      32 sdc 1588524 12506 222178478 9932192 17527158 416574033 7333407176 4579468 4 30578176 15418252
======================
   8      32 sdc 1589083 12506 222321582 9939948 17527158 416574033 7333407176 4579468 9 30579176 15425872
======================
   8      32 sdc 1589617 12506 222458094 9946792 17527158 416574033 7333407176 4579468 6 30580180 15433068
======================
   8      32 sdc 1590118 12506 222586286 9954008 17527158 416574033 7333407176 4579468 9 30581184 15440000
======================
   8      32 sdc 1590644 12506 222720942 9961100 17527158 416574033 7333407176 4579468 3 30582188 15447188
======================
   8      32 sdc 1591191 12506 222860526 9968292 17527158 416574033 7333407176 4579468 9 30583192 15454224
======================
   8      32 sdc 1591671 12506 222980846 9976976 17527158 416574033 7333407176 4579468 11 30584196 15463004
======================
   8      32 sdc 1592185 12506 223112366 9984420 17527158 416574033 7333407176 4579468 6 30585196 15470344
======================
   8      32 sdc 1592728 12506 223251374 9992336 17527158 416574033 7333407176 4579468 7 30586200 15478648
======================
   8      32 sdc 1593265 12506 223388142 9999936 17527158 416574033 7333407176 4579468 6 30587204 15486200
======================
   8      32 sdc 1593733 12506 223504110 10008476 17527158 416574033 7333407176 4579468 6 30588208 15494620
======================
   8      32 sdc 1594276 12506 223643054 10016348 17527158 416574033 7333407176 4579468 8 30589212 15502480
======================
   8      32 sdc 1594790 12506 223774638 10023860 17527158 416574033 7333407176 4579468 4 30590212 15509936
======================
   8      32 sdc 1595329 12506 223912622 10031356 17527158 416574033 7333407176 4579468 4 30591216 15517324
======================
   8      32 sdc 1595848 12506 224045230 10038748 17527158 416574033 7333407176 4579468 5 30592220 15524652
======================
   8      32 sdc 1596341 12506 224171438 10045700 17527158 416574033 7333407176 4579468 4 30593224 15531716
======================
   8      32 sdc 1596863 12506 224305070 10053020 17527158 416574033 7333407176 4579468 12 30594224 15538916
======================
   8      32 sdc 1597406 12506 224444078 10060544 17527158 416574033 7333407176 4579468 4 30595228 15546444
======================
   8      32 sdc 1597923 12506 224576430 10068380 17527158 416574033 7333407176 4579468 1 30596232 15554224
======================
   8      32 sdc 1598485 12506 224720302 10075512 17527158 416574033 7333407176 4579468 5 30597236 15561680
======================
   8      32 sdc 1598996 12506 224851118 10082968 17527158 416574033 7333407176 4579468 3 30598240 15568952
======================
   8      32 sdc 1599525 12506 224986542 10090676 17527158 416574033 7333407176 4579468 19 30599240 15576556
======================
   8      32 sdc 1600008 12506 225110190 10098500 17527158 416574033 7333407176 4579468 12 30600244 15584432
======================
   8      32 sdc 1600570 12506 225254062 10105644 17527158 416574033 7333407176 4579468 5 30601248 15591852
======================
   8      32 sdc 1601068 12506 225381550 10113768 17527158 416574033 7333407176 4579468 13 30602252 15600440
======================
   8      32 sdc 1601594 12506 225516206 10122136 17527158 416574033 7333407176 4579468 7 30603252 15608028
======================
   8      32 sdc 1602115 12506 225649582 10129408 17527158 416574033 7333407176 4579468 7 30604256 15615684
