======================
   8      32 sdc 2776240 31466 372921294 29460612 37163396 802982048 14372125064 86024044 1 61667160 117406080
======================
   8      32 sdc 2776240 31466 372921294 29460612 37163396 802982048 14372125064 86024044 1 61668164 117407084
======================
   8      32 sdc 2776265 31466 372922302 29462416 37163396 802982048 14372125064 86024044 0 61668656 117407580
======================
   8      32 sdc 2776265 31466 372922302 29462416 37163396 802982048 14372125064 86024044 0 61668656 117407580
======================
   8      32 sdc 2776265 31466 372922302 29462416 37163396 802982048 14372125064 86024044 0 61668656 117407580
======================
   8      32 sdc 2776265 31466 372922302 29462416 37163396 802982048 14372125064 86024044 0 61668656 117407580
======================
   8      32 sdc 2776265 31466 372922302 29462416 37163396 802982048 14372125064 86024044 0 61668656 117407580
======================
   8      32 sdc 2776265 31466 372922302 29462416 37163411 802982064 14372125312 86024056 0 61668668 117407592
started
======================
   8      32 sdc 2776267 31466 372922318 29462416 37163411 802982064 14372125312 86024056 0 61668668 117407592
======================
   8      32 sdc 2776271 31466 372922350 29462416 37163411 802982064 14372125312 86024056 0 61668668 117407592
======================
   8      32 sdc 2776272 31466 372922358 29462452 37165547 802982064 14373218944 86128836 151 61669564 117519408
======================
   8      32 sdc 2776272 31466 372922358 29462452 37166848 802982064 14373885056 86271280 130 61670568 117662248
======================
   8      32 sdc 2776272 31466 372922358 29462452 37167704 802982064 14374323328 86405748 138 61671572 117805408
======================
   8      32 sdc 2776272 31466 372922358 29462452 37168370 802982064 14374664832 86549760 144 61672576 117949016
======================
   8      32 sdc 2776272 31466 372922358 29462452 37169008 802982083 14374990120 86678864 141 61673576 118078440
======================
   8      32 sdc 2776272 31466 372922358 29462452 37169639 802982083 14375313192 86821704 150 61674580 118222088
======================
   8      32 sdc 2776272 31466 372922358 29462452 37170290 802982083 14375646504 86966156 139 61675584 118365828
======================
   8      32 sdc 2776273 31466 372922366 29462528 37170929 802982083 14375973672 87108036 159 61676584 118507428
======================
   8      32 sdc 2776273 31466 372922366 29462528 37171552 802982095 14376292648 87252208 145 61677588 118650960
======================
   8      32 sdc 2776273 31466 372922366 29462528 37172187 802982095 14376616856 87393764 148 61678588 118793292
======================
   8      32 sdc 2776273 31466 372922366 29462528 37172684 802982095 14376871320 87537696 131 61679592 118937948
======================
   8      32 sdc 2776273 31466 372922366 29462528 37173321 802982095 14377197464 87682080 134 61680592 119081104
======================
   8      32 sdc 2776273 31466 372922366 29462528 37173963 802982095 14377526168 87824800 132 61681596 119224532
======================
   8      32 sdc 2776273 31466 372922366 29462528 37174599 802982095 14377851800 87967636 136 61682600 119368456
======================
   8      32 sdc 2776273 31466 372922366 29462528 37175261 802982108 14378189840 88105392 152 61683600 119504804
======================
   8      32 sdc 2776273 31466 372922366 29462528 37175931 802982108 14378532880 88249460 154 61684604 119648412
======================
   8      32 sdc 2776273 31466 372922366 29462528 37176554 802982108 14378851856 88391468 139 61685604 119791584
======================
   8      32 sdc 2776273 31466 372922366 29462528 37177170 802982108 14379167248 88535100 131 61686608 119934936
======================
   8      32 sdc 2776273 31466 372922366 29462528 37177840 802982108 14379510288 88677648 133 61687608 120078080
======================
   8      32 sdc 2776274 31466 372922374 29462628 37178493 802982124 14379843744 88815732 139 61688612 120216284
======================
   8      32 sdc 2776274 31466 372922374 29462628 37179157 802982124 14380183712 88963552 147 61689612 120360624
======================
   8      32 sdc 2776274 31466 372922374 29462628 37179779 802982124 14380502176 89104324 133 61690616 120504212
======================
   8      32 sdc 2776274 31466 372922374 29462628 37180401 802982124 14380820640 89245524 151 61691616 120646892
======================
   8      32 sdc 2776274 31466 372922374 29462628 37181053 802982145 14381151608 89388920 139 61692620 120790688
======================
   8      32 sdc 2776274 31466 372922374 29462628 37181637 802982162 14381449744 89512492 137 61693620 120924528
======================
   8      32 sdc 2776274 31466 372922374 29462628 37182193 802982162 14381734416 89668164 157 61694624 121067284
======================
   8      32 sdc 2776274 31466 372922374 29462628 37182792 802982162 14382041104 89800652 134 61695624 121210612
======================
   8      32 sdc 2776274 31466 372922374 29462628 37183464 802982162 14382385168 89948348 134 61696628 121353336
======================
   8      32 sdc 2776274 31466 372922374 29462628 37184098 802982162 14382709776 90092388 140 61697632 121496924
======================
   8      32 sdc 2776274 31466 372922374 29462628 37184757 802982175 14383046280 90239248 140 61698632 121638904
======================
   8      32 sdc 2776274 31466 372922374 29462628 37185398 802982175 14383374472 90382684 139 61699636 121782492
======================
   8      32 sdc 2776275 31466 372922382 29462768 37186050 802982175 14383708296 90520652 150 61700636 121919912
======================
   8      32 sdc 2776275 31466 372922382 29462768 37186710 802982175 14384046216 90663652 130 61701640 122063488
======================
   8      32 sdc 2776275 31466 372922382 29462768 37187340 802982175 14384368776 90806376 140 61702640 122206616
======================
   8      32 sdc 2776275 31466 372922382 29462768 37187943 802982197 14384676680 90944620 137 61703644 122349116
======================
   8      32 sdc 2776275 31466 372922382 29462768 37188624 802982197 14385025352 91091968 128 61704644 122491936
======================
   8      32 sdc 2776275 31466 372922382 29462768 37189242 802982197 14385341768 91235540 150 61705648 122636068
======================
   8      32 sdc 2776275 31466 372922382 29462768 37189891 802982197 14385674056 91379328 141 61706648 122779136
======================
   8      32 sdc 2776275 31466 372922382 29462768 37190551 802982197 14386011976 91523804 153 61707652 122922876
======================
   8      32 sdc 2776275 31466 372922382 29462768 37191189 802982214 14386337760 91658584 144 61708652 123063796
======================
   8      32 sdc 2776275 31466 372922382 29462768 37191860 802982214 14386681312 91807020 145 61709656 123207448
======================
   8      32 sdc 2776275 31466 372922382 29462768 37192472 802982214 14386994656 91950552 141 61710656 123350600
======================
   8      32 sdc 2776275 31466 372922382 29462768 37192972 802982214 14387250656 92097436 153 61711660 123497572
======================
   8      32 sdc 2776275 31466 372922382 29462768 37193566 802982214 14387554784 92225592 12 61712664 123614264
======================
   8      32 sdc 2776276 31466 372922390 29463072 37194267 802982233 14387912840 92353292 138 61713664 123754620
======================
   8      32 sdc 2776276 31466 372922390 29463072 37194900 802982233 14388236936 92497396 145 61714672 123904156
======================
   8      32 sdc 2776276 31466 372922390 29463072 37195562 802982233 14388575880 92643108 155 61715676 124048676
======================
   8      32 sdc 2776276 31466 372922390 29463072 37196204 802982233 14388904584 92786136 153 61716680 124192412
======================
   8      32 sdc 2776276 31466 372922390 29463072 37196796 802982233 14389207688 92918524 137 61717680 124335080
======================
   8      32 sdc 2776276 31466 372922390 29463072 37197477 802982256 14389555536 93069880 146 61718684 124476280
======================
   8      32 sdc 2776276 31466 372922390 29463072 37198117 802982256 14389883216 93212780 146 61719684 124619436
======================
   8      32 sdc 2776276 31466 372922390 29463072 37198765 802982256 14390214992 93355640 138 61720688 124763040
======================
   8      32 sdc 2776276 31466 372922390 29463072 37199408 802982256 14390544208 93499652 135 61721688 124906280
======================
   8      32 sdc 2776276 31466 372922390 29463072 37200044 802982256 14390869840 93643092 139 61722692 125050024
======================
   8      32 sdc 2776276 31466 372922390 29463072 37200708 802982278 14391208976 93783484 137 61723696 125187592
======================
   8      32 sdc 2776277 31466 372922398 29463116 37201339 802982332 14391528352 93917900 134 61724700 125330420
======================
   8      32 sdc 2776277 31466 372922398 29463116 37201834 802982332 14391781384 94040784 151 61725736 125480540
======================
   8      32 sdc 2776277 31466 372922398 29463116 37202509 802982332 14392126984 94220368 148 61726740 125626748
======================
   8      32 sdc 2776277 31466 372922398 29463116 37203165 802982332 14392462856 94364528 132 61727748 125771040
======================
   8      32 sdc 2776277 31466 372922398 29463116 37203762 802982357 14392767712 94494316 130 61728752 125912688
