======================
   8      32 sdc 1668200 12507 241810616 11099524 18437504 439888452 7791444840 259881352 0 32382752 271933168
======================
   8      32 sdc 1668200 12507 241810616 11099524 18437504 439888452 7791444840 259881352 0 32382752 271933168
======================
   8      32 sdc 1668200 12507 241810616 11099524 18437504 439888452 7791444840 259881352 0 32382752 271933168
======================
   8      32 sdc 1668203 12507 241810640 11099612 18437504 439888452 7791444840 259881352 0 32382840 271933256
======================
   8      32 sdc 1668204 12507 241810648 11099640 18438609 439888452 7792010600 259887120 134 32383072 271951100
======================
   8      32 sdc 1668204 12507 241810648 11099640 18438878 439888452 7792148328 260004236 153 32384076 272095128
======================
   8      32 sdc 1668204 12507 241810648 11099640 18439144 439888452 7792284520 260147780 143 32385080 272239136
======================
   8      32 sdc 1668204 12507 241810648 11099640 18439326 439888452 7792377704 260244712 153 32386084 272385916
======================
   8      32 sdc 1668204 12507 241810648 11099640 18439352 439888452 7792391016 260276524 160 32387088 272541128
======================
   8      32 sdc 1668204 12507 241810648 11099640 18439589 439888475 7792511536 260551548 148 32388092 272684864
======================
   8      32 sdc 1668204 12507 241810648 11099640 18440324 439888475 7792887352 260767632 150 32389092 272829840
======================
   8      32 sdc 1668204 12507 241810648 11099640 18441076 439888480 7793266872 260908412 134 32390096 272973788
======================
   8      32 sdc 1668204 12507 241810648 11099640 18441076 439888480 7793266872 260908412 134 32391100 273108324
======================
   8      32 sdc 1668204 12507 241810648 11099640 18441623 439888480 7793546432 261155404 131 32392104 273248376
======================
   8      32 sdc 1668204 12507 241810648 11099640 18442800 439888492 7794148144 261329936 129 32393108 273389168
======================
   8      32 sdc 1668204 12507 241810648 11099640 18443676 439888495 7794595168 261463492 147 32394108 273532052
======================
   8      32 sdc 1668204 12507 241810648 11099640 18444321 439888495 7794925408 261608140 142 32395112 273675872
======================
   8      32 sdc 1668205 12507 241810656 11099796 18444967 439888495 7795256160 261747904 77 32396116 273809484
======================
   8      32 sdc 1668205 12507 241810656 11099796 18445620 439888495 7795590496 261884884 146 32397120 273953384
======================
   8      32 sdc 1668205 12507 241810656 11099796 18446263 439888512 7795919344 262028780 142 32398124 274097312
======================
   8      32 sdc 1668205 12507 241810656 11099796 18446905 439888512 7796248048 262172720 140 32399128 274241340
======================
   8      32 sdc 1668205 12507 241810656 11099796 18447510 439888512 7796557304 262307636 144 32400128 274384672
======================
   8      32 sdc 1668205 12507 241810656 11099796 18448070 439888512 7796844024 262461036 128 32401132 274528452
======================
   8      32 sdc 1668205 12507 241810656 11099796 18448716 439888518 7797172808 262604132 154 32402136 274672092
======================
   8      32 sdc 1668205 12507 241810656 11099796 18449368 439888531 7797505728 262746236 142 32403140 274813524
======================
   8      32 sdc 1668205 12507 241810656 11099796 18450044 439888531 7797851840 262889740 138 32404144 274957000
======================
   8      32 sdc 1668205 12507 241810656 11099796 18450692 439888531 7798183616 263031836 130 32405148 275100540
======================
   8      32 sdc 1668205 12507 241810656 11099796 18451317 439888537 7798503160 263175068 145 32406148 275243556
======================
   8      32 sdc 1668205 12507 241810656 11099796 18451948 439888537 7798826744 263319224 154 32407152 275386596
======================
   8      32 sdc 1668205 12507 241810656 11099796 18452511 439888555 7799113624 263432464 145 32408156 275524456
======================
   8      32 sdc 1668205 12507 241810656 11099796 18452511 439888555 7799113624 263432464 145 32409160 275670036
======================
   8      32 sdc 1668205 12507 241810656 11099796 18452511 439888555 7799113624 263432464 145 32410164 275815616
======================
   8      32 sdc 1668206 12507 241810664 11102028 18454569 439888560 7800164840 263887528 134 32411168 275958424
======================
   8      32 sdc 1668206 12507 241810664 11102028 18455212 439888560 7800494056 264031696 131 32412172 276102092
======================
   8      32 sdc 1668206 12507 241810664 11102028 18455851 439888574 7800820832 264170820 133 32413176 276245436
======================
   8      32 sdc 1668206 12507 241810664 11102028 18456514 439888574 7801159784 264318392 143 32414176 276388428
======================
   8      32 sdc 1668206 12507 241810664 11102028 18457173 439888574 7801497192 264462540 156 32415180 276532016
======================
   8      32 sdc 1668206 12507 241810664 11102028 18457838 439888574 7801837672 264606220 131 32416184 276675556
======================
   8      32 sdc 1668206 12507 241810664 11102028 18458481 439888574 7802166888 264749476 128 32417192 276819788
======================
   8      32 sdc 1668206 12507 241810664 11102028 18459125 439888592 7802495752 264888440 130 32418196 276958792
======================
   8      32 sdc 1668206 12507 241810664 11102028 18459773 439888604 7802824104 265026972 148 32419200 277097748
======================
   8      32 sdc 1668207 12507 241810672 11102216 18460396 439888604 7803143080 265161596 144 32420200 277232404
======================
   8      32 sdc 1668207 12507 241810672 11102216 18461055 439888604 7803480488 265305004 157 32421204 277375848
======================
   8      32 sdc 1668207 12507 241810672 11102216 18461707 439888604 7803814312 265448244 145 32422208 277519456
======================
   8      32 sdc 1668207 12507 241810672 11102216 18462351 439888619 7804143152 265592608 143 32423212 277663252
======================
   8      32 sdc 1668207 12507 241810672 11102216 18462856 439888619 7804401712 265705844 150 32424216 277804216
======================
   8      32 sdc 1668207 12507 241810672 11102216 18463505 439888619 7804734000 265876540 141 32425220 277947956
======================
   8      32 sdc 1668207 12507 241810672 11102216 18464129 439888619 7805053488 266020144 157 32426224 278091324
======================
   8      32 sdc 1668207 12507 241810672 11102216 18464794 439888619 7805393968 266162456 132 32427224 278234492
======================
   8      32 sdc 1668207 12507 241810672 11102216 18465473 439888641 7805740280 266304640 139 32428228 278374300
======================
   8      32 sdc 1668207 12507 241810672 11102216 18466145 439888641 7806083840 266448372 139 32429232 278517840
======================
   8      32 sdc 1668207 12507 241810672 11102216 18466798 439888641 7806418176 266590376 158 32430236 278661048
======================
   8      32 sdc 1668207 12507 241810672 11102216 18467423 439888641 7806738176 266734020 141 32431240 278804900
======================
   8      32 sdc 1668208 12507 241810680 11102440 18468048 439888641 7807058176 266862444 149 32432244 278930880
======================
   8      32 sdc 1668208 12507 241810680 11102440 18468725 439888659 7807403936 267005240 156 32433248 279075388
======================
   8      32 sdc 1668208 12507 241810680 11102440 18469373 439888659 7807735712 267147220 148 32434248 279218608
======================
   8      32 sdc 1668208 12507 241810680 11102440 18470020 439888667 7808064520 267291336 157 32435252 279360336
======================
   8      32 sdc 1668208 12507 241810680 11102440 18470520 439888667 7808320520 267406948 137 32436256 279502588
======================
   8      32 sdc 1668208 12507 241810680 11102440 18471166 439888667 7808651272 267574440 131 32437260 279646156
======================
   8      32 sdc 1668208 12507 241810680 11102440 18471810 439888688 7808980160 267717044 152 32438260 279787500
======================
   8      32 sdc 1668208 12507 241810680 11102440 18472452 439888688 7809308864 267860588 150 32439264 279931212
======================
   8      32 sdc 1668208 12507 241810680 11102440 18473098 439888688 7809639616 268004700 144 32440268 280075076
======================
   8      32 sdc 1668208 12507 241810680 11102440 18473762 439888688 7809979584 268148120 152 32441272 280218464
======================
   8      32 sdc 1668208 12507 241810680 11102440 18474418 439888692 7810312464 268290324 136 32442276 280362156
======================
   8      32 sdc 1668208 12507 241810680 11102440 18475060 439888712 7810641336 268425276 147 32443280 280496432
======================
   8      32 sdc 1668209 12507 241810688 11102504 18475702 439888712 7810969024 268570332 144 32444284 280640764
======================
   8      32 sdc 1668209 12507 241810688 11102504 18476377 439888712 7811315136 268712664 141 32445284 280783952
======================
   8      32 sdc 1668209 12507 241810688 11102504 18477003 439888712 7811635136 268856468 155 32446288 280927504
======================
   8      32 sdc 1668209 12507 241810688 11102504 18477652 439888712 7811967424 269001116 146 32447292 281071364
======================
   8      32 sdc 1668209 12507 241810688 11102504 18478313 439888730 7812304992 269143968 143 32448292 281214164
======================
   8      32 sdc 1668209 12507 241810688 11102504 18478990 439888747 7812648224 269285024 152 32449296 281354852
======================
   8      32 sdc 1668209 12507 241810688 11102504 18479618 439888747 7812969760 269427612 132 32450304 281499112
======================
   8      32 sdc 1668209 12507 241810688 11102504 18480246 439888747 7813291296 269569580 144 32451308 281642624
======================
   8      32 sdc 1668209 12507 241810688 11102504 18480922 439888747 7813637408 269715456 140 32452312 281786132
======================
   8      32 sdc 1668209 12507 241810688 11102504 18481586 439888763 7813977000 269849880 153 32453316 281921416
======================
   8      32 sdc 1668209 12507 241810688 11102504 18482229 439888763 7814305712 269992412 151 32454320 282065232
======================
   8      32 sdc 1668209 12507 241810688 11102504 18482886 439888763 7814642096 270137812 134 32455320 282208984
======================
   8      32 sdc 1668210 12507 241810696 11102596 18483526 439888763 7814969776 270279692 145 32456324 282350884
======================
   8      32 sdc 1668210 12507 241810696 11102596 18484168 439888763 7815298480 270422972 143 32457328 282494484
======================
   8      32 sdc 1668210 12507 241810696 11102596 18484811 439888782 7815626840 270564568 152 32458332 282635848
======================
   8      32 sdc 1668210 12507 241810696 11102596 18485453 439888782 7815955544 270708128 157 32459336 282779580
======================
   8      32 sdc 1668210 12507 241810696 11102596 18486090 439888794 7816281688 270853084 128 32460336 282923424
======================
   8      32 sdc 1668210 12507 241810696 11102596 18486751 439888794 7816616688 270995884 139 32461340 283067352
======================
   8      32 sdc 1668210 12507 241810696 11102596 18487393 439888794 7816945392 271139764 137 32462344 283211188
======================
   8      32 sdc 1668210 12507 241810696 11102596 18488060 439888809 7817286008 271276664 151 32463348 283347080
======================
   8      32 sdc 1668210 12507 241810696 11102596 18488727 439888809 7817627512 271419400 156 32464360 283491832
======================
   8      32 sdc 1668210 12507 241810696 11102596 18489364 439888809 7817953656 271564468 136 32465368 283636244
======================
   8      32 sdc 1668210 12507 241810696 11102596 18489995 439888815 7818276272 271708760 136 32466372 283779884
======================
   8      32 sdc 1668210 12507 241810696 11102596 18490673 439888815 7818623408 271852476 130 32467376 283923296
======================
   8      32 sdc 1668211 12507 241810704 11102712 18491327 439888832 7818957888 271992604 159 32468384 284063608
======================
   8      32 sdc 1668211 12507 241810704 11102712 18492007 439888832 7819305544 272136956 152 32469388 284207668
======================
   8      32 sdc 1668211 12507 241810704 11102712 18492644 439888832 7819631688 272279260 155 32470392 284351388
======================
   8      32 sdc 1668211 12507 241810704 11102712 18493268 439888832 7819951176 272422964 139 32471392 284494672
======================
   8      32 sdc 1668211 12507 241810704 11102712 18493925 439888835 7820287560 272567688 154 32472396 284638140
======================
   8      32 sdc 1668211 12507 241810704 11102712 18494576 439888853 7820617512 272703284 149 32473400 284774892
======================
   8      32 sdc 1668211 12507 241810704 11102712 18495221 439888853 7820947752 272846896 144 32474404 284918216
======================
   8      32 sdc 1668211 12507 241810704 11102712 18495885 439888853 7821287720 272990356 152 32475404 285060852
======================
   8      32 sdc 1668211 12507 241810704 11102712 18496541 439888853 7821624104 273132804 136 32476408 285204224
======================
   8      32 sdc 1668211 12507 241810704 11102712 18497183 439888853 7821952296 273276092 134 32477412 285347572
======================
   8      32 sdc 1668211 12507 241810704 11102712 18497826 439888869 7822280632 273417908 150 32478412 285488800
======================
   8      32 sdc 1668211 12507 241810704 11102712 18498472 439888880 7822608456 273550232 159 32479416 285621604
======================
   8      32 sdc 1668212 12507 241810712 11102864 18499109 439888880 7822934600 273688424 145 32480420 285759948
======================
   8      32 sdc 1668212 12507 241810712 11102864 18499688 439888880 7823231048 273813704 142 32481420 285902820
======================
   8      32 sdc 1668212 12507 241810712 11102864 18500272 439888880 7823530056 273974860 134 32482424 286046488
======================
   8      32 sdc 1668212 12507 241810712 11102864 18500914 439888903 7823857936 274117828 158 32483428 286189624
======================
   8      32 sdc 1668212 12507 241810712 11102864 18501582 439888903 7824199952 274261260 130 32484428 286331944
======================
   8      32 sdc 1668212 12507 241810712 11102864 18502205 439888903 7824518928 274403508 147 32485432 286475828
======================
   8      32 sdc 1668212 12507 241810712 11102864 18502837 439888903 7824842512 274547936 155 32486436 286619100
======================
   8      32 sdc 1668212 12507 241810712 11102864 18503508 439888903 7825186064 274691972 156 32487440 286762872
======================
   8      32 sdc 1668212 12507 241810712 11102864 18504195 439888936 7825532024 274829636 140 32488440 286897148
======================
   8      32 sdc 1668212 12507 241810712 11102864 18504871 439888936 7825878136 274969612 136 32489444 287040344
======================
   8      32 sdc 1668212 12507 241810712 11102864 18505504 439888936 7826202232 275111660 143 32490448 287184224
======================
   8      32 sdc 1668212 12507 241810712 11102864 18506128 439888936 7826521720 275255144 132 32491448 287327060
======================
   8      32 sdc 1668213 12507 241810720 11103084 18506778 439888936 7826854520 275383292 152 32492452 287454368
======================
   8      32 sdc 1668213 12507 241810720 11103084 18507443 439888957 7827194160 275525596 129 32493456 287597464
======================
   8      32 sdc 1668213 12507 241810720 11103084 18508071 439888957 7827515696 275668512 141 32494460 287740736
======================
   8      32 sdc 1668213 12507 241810720 11103084 18508736 439888957 7827856176 275812388 148 32495460 287883616
======================
   8      32 sdc 1668213 12507 241810720 11103084 18509376 439888957 7828183856 275954244 148 32496464 288026144
======================
   8      32 sdc 1668213 12507 241810720 11103084 18510018 439888957 7828512560 276098016 146 32497468 288169988
======================
   8      32 sdc 1668213 12507 241810720 11103084 18510664 439888982 7828840992 276238392 136 32498472 288310420
======================
   8      32 sdc 1668213 12507 241810720 11103084 18511306 439888982 7829169696 276382156 134 32499476 288454144
======================
   8      32 sdc 1668213 12507 241810720 11103084 18511961 439888982 7829504552 276526264 152 32500480 288597804
======================
   8      32 sdc 1668213 12507 241810720 11103084 18512620 439888982 7829841960 276669272 133 32501480 288740496
======================
   8      32 sdc 1668213 12507 241810720 11103084 18513262 439888982 7830170664 276812368 131 32502484 288884004
======================
   8      32 sdc 1668213 12507 241810720 11103084 18513914 439888999 7830503616 276949372 145 32503488 289020252
======================
   8      32 sdc 1668214 12507 241810728 11103140 18514571 439889012 7830838088 277090748 143 32504492 289164180
======================
   8      32 sdc 1668214 12507 241810728 11103140 18515222 439889012 7831171400 277235328 132 32505496 289307792
======================
   8      32 sdc 1668214 12507 241810728 11103140 18515846 439889012 7831490888 277379428 148 32506500 289452212
======================
   8      32 sdc 1668214 12507 241810728 11103140 18516496 439889012 7831823688 277524504 138 32507500 289595424
======================
   8      32 sdc 1668214 12507 241810728 11103140 18517155 439889032 7832160248 277666608 138 32508504 289737904
======================
   8      32 sdc 1668214 12507 241810728 11103140 18517831 439889032 7832506360 277810204 134 32509508 289881464
======================
   8      32 sdc 1668214 12507 241810728 11103140 18518455 439889032 7832825848 277951032 150 32510512 290025476
======================
   8      32 sdc 1668214 12507 241810728 11103140 18519086 439889032 7833148920 278096764 142 32511512 290167648
======================
   8      32 sdc 1668214 12507 241810728 11103140 18519762 439889032 7833495032 278240432 155 32512516 290311424
======================
   8      32 sdc 1668214 12507 241810728 11103140 18520425 439889050 7833833624 278375716 138 32513520 290447676
======================
   8      32 sdc 1668214 12507 241810728 11103140 18521073 439889067 7834162008 278518492 130 32514524 290591076
======================
   8      32 sdc 1668215 12507 241810736 11103228 18521693 439889067 7834479448 278656544 154 32515524 290731040
======================
   8      32 sdc 1668215 12507 241810736 11103228 18522361 439889067 7834821464 278803804 156 32516528 290874732
======================
   8      32 sdc 1668215 12507 241810736 11103228 18523006 439889067 7835151704 278946540 153 32517532 291018600
======================
   8      32 sdc 1668215 12507 241810736 11103228 18523649 439889087 7835480576 279089596 136 32518536 291161756
======================
   8      32 sdc 1668215 12507 241810736 11103228 18524280 439889087 7835803144 279230828 145 32519536 291305124
======================
   8      32 sdc 1668215 12507 241810736 11103228 18524945 439889087 7836143624 279377528 152 32520540 291448816
======================
   8      32 sdc 1668215 12507 241810736 11103228 18525599 439889087 7836478472 279521036 138 32521544 291592940
======================
   8      32 sdc 1668215 12507 241810736 11103228 18526239 439889087 7836806152 279664892 138 32522552 291736584
======================
   8      32 sdc 1668215 12507 241810736 11103228 18526906 439889120 7837142880 279801468 149 32523560 291872560
======================
   8      32 sdc 1668215 12507 241810736 11103228 18527583 439889120 7837489504 279944728 144 32524564 292016100
======================
   8      32 sdc 1668215 12507 241810736 11103228 18528221 439889120 7837816160 280086776 146 32525568 292159428
======================
   8      32 sdc 1668215 12507 241810736 11103228 18528845 439889120 7838135648 280230020 130 32526568 292302056
======================
   8      32 sdc 1668216 12507 241810744 11103336 18529491 439889120 7838466400 280370204 147 32527572 292440684
======================
   8      32 sdc 1668216 12507 241810744 11103336 18530163 439889138 7838809600 280511584 134 32528576 292582976
======================
   8      32 sdc 1668216 12507 241810744 11103336 18530833 439889138 7839152640 280653672 136 32529576 292725232
======================
   8      32 sdc 1668216 12507 241810744 11103336 18531483 439889138 7839485440 280795716 158 32530580 292867976
======================
   8      32 sdc 1668216 12507 241810744 11103336 18532120 439889138 7839811584 280943532 129 32531608 293014560
======================
   8      32 sdc 1668216 12507 241810744 11103336 18532798 439889142 7840157744 281086708 155 32532612 293157880
======================
   8      32 sdc 1668216 12507 241810744 11103336 18533450 439889166 7840491256 281221080 148 32533616 293293444
======================
   8      32 sdc 1668216 12507 241810744 11103336 18534092 439889166 7840819960 281364772 146 32534620 293437144
======================
   8      32 sdc 1668216 12507 241810744 11103336 18534750 439889166 7841156864 281508868 129 32535624 293581400
======================
   8      32 sdc 1668216 12507 241810744 11103336 18535412 439889166 7841495296 281653064 139 32536624 293724912
======================
   8      32 sdc 1668216 12507 241810744 11103336 18536053 439889166 7841823488 281796536 138 32537628 293868708
======================
   8      32 sdc 1668216 12507 241810744 11103336 18536697 439889185 7842152360 281939976 152 32538632 294012068
======================
   8      32 sdc 1668217 12507 241810752 11103476 18537325 439889201 7842469992 282078808 140 32539636 294151296
======================
   8      32 sdc 1668217 12507 241810752 11103476 18537979 439889201 7842804840 282223460 158 32540640 294295236
======================
   8      32 sdc 1668217 12507 241810752 11103476 18538643 439889201 7843144808 282366220 134 32541644 294438596
======================
   8      32 sdc 1668217 12507 241810752 11103476 18539290 439889201 7843476072 282509700 159 32542644 294581604
======================
   8      32 sdc 1668217 12507 241810752 11103476 18539784 439889223 7843728672 282650636 147 32543648 294726748
======================
   8      32 sdc 1668217 12507 241810752 11103476 18540455 439889223 7844071720 282798692 148 32544652 294870348
======================
   8      32 sdc 1668217 12507 241810752 11103476 18541090 439889223 7844396840 282941424 153 32545652 295013904
======================
   8      32 sdc 1668217 12507 241810752 11103476 18541714 439889223 7844716328 283085092 137 32546656 295157756
======================
   8      32 sdc 1668217 12507 241810752 11103476 18542386 439889223 7845060392 283229632 137 32547660 295301464
======================
   8      32 sdc 1668217 12507 241810752 11103476 18543063 439889239 7845406136 283368984 158 32548664 295440608
======================
   8      32 sdc 1668217 12507 241810752 11103476 18543747 439889251 7845751904 283511884 146 32549664 295583128
======================
   8      32 sdc 1668217 12507 241810752 11103476 18544392 439889251 7846082144 283652044 141 32550668 295726184
======================
   8      32 sdc 1668218 12507 241810760 11103576 18544992 439889251 7846389344 283793972 129 32551672 295866992
======================
   8      32 sdc 1668218 12507 241810760 11103576 18545655 439889251 7846728800 283938828 138 32552672 296010144
======================
   8      32 sdc 1668218 12507 241810760 11103576 18546333 439889269 7847075072 284081732 150 32553676 296153192
======================
   8      32 sdc 1668218 12507 241810760 11103576 18546974 439889269 7847403264 284224112 149 32554680 296296688
======================
   8      32 sdc 1668218 12507 241810760 11103576 18547467 439889269 7847655680 284362716 136 32555680 296436076
======================
   8      32 sdc 1668218 12507 241810760 11103576 18548131 439889269 7847995648 284507968 144 32556684 296579888
======================
   8      32 sdc 1668218 12507 241810760 11103576 18548774 439889269 7848324864 284651628 141 32557688 296723940
======================
   8      32 sdc 1668218 12507 241810760 11103576 18549419 439889295 7848653296 284786808 142 32558692 296859320
======================
   8      32 sdc 1668218 12507 241810760 11103576 18550046 439889295 7848973816 284930620 156 32559696 297002856
======================
   8      32 sdc 1668218 12507 241810760 11103576 18550695 439889295 7849306104 285074324 147 32560696 297145800
======================
   8      32 sdc 1668218 12507 241810760 11103576 18551360 439889295 7849646584 285217928 154 32561700 297289484
======================
   8      32 sdc 1668218 12507 241810760 11103576 18552012 439889295 7849980408 285358956 142 32562704 297431112
======================
   8      32 sdc 1668219 12507 241810768 11103692 18552638 439889310 7850300536 285498500 142 32563708 297571036
======================
   8      32 sdc 1668219 12507 241810768 11103692 18553309 439889321 7850639648 285631920 139 32564712 297704780
======================
   8      32 sdc 1668219 12507 241810768 11103692 18553970 439889321 7850978080 285773420 150 32565716 297848636
======================
   8      32 sdc 1668219 12507 241810768 11103692 18554606 439889321 7851303712 285918912 154 32566716 297991704
======================
   8      32 sdc 1668219 12507 241810768 11103692 18555233 439889321 7851624736 286063792 135 32567720 298135364
======================
   8      32 sdc 1668219 12507 241810768 11103692 18555910 439889337 7851970480 286200812 137 32568724 298272588
======================
   8      32 sdc 1668219 12507 241810768 11103692 18556576 439889337 7852311472 286344136 143 32569724 298415576
======================
   8      32 sdc 1668219 12507 241810768 11103692 18557219 439889337 7852640688 286486180 140 32570728 298559088
======================
   8      32 sdc 1668219 12507 241810768 11103692 18557843 439889337 7852960176 286629224 156 32571732 298702068
======================
   8      32 sdc 1668219 12507 241810768 11103692 18558502 439889337 7853297584 286774364 137 32572736 298846064
======================
   8      32 sdc 1668219 12507 241810768 11103692 18559172 439889375 7853639800 286916176 104 32573740 298986884
======================
   8      32 sdc 1668219 12507 241810768 11103692 18559823 439889375 7853968696 287052692 143 32574740 299124972
======================
   8      32 sdc 1668219 12507 241810768 11103692 18560101 439889375 7854111032 287114960 88 32575744 299234980
======================
   8      32 sdc 1668219 12507 241810768 11103692 18560101 439889375 7854111032 287114960 88 32576748 299323332
======================
   8      32 sdc 1668220 12507 241810776 11105820 18561744 439889375 7854952248 287366364 130 32577748 299440600
======================
   8      32 sdc 1668220 12507 241810776 11105820 18562386 439889392 7855280584 287509356 129 32578752 299583728
======================
   8      32 sdc 1668220 12507 241810776 11105820 18562873 439889392 7855529928 287654272 154 32579756 299728876
======================
   8      32 sdc 1668220 12507 241810776 11105820 18563518 439889392 7855859664 287797664 150 32580756 299872216
======================
   8      32 sdc 1668220 12507 241810776 11105820 18564182 439889392 7856199632 287942224 158 32581760 300016072
======================
   8      32 sdc 1668220 12507 241810776 11105820 18564832 439889392 7856532432 288084724 148 32582764 300159660
======================
   8      32 sdc 1668220 12507 241810776 11105820 18565474 439889412 7856860792 288224932 142 32583764 300299600
======================
   8      32 sdc 1668220 12507 241810776 11105820 18566149 439889422 7857203944 288369844 140 32584768 300443392
======================
   8      32 sdc 1668220 12507 241810776 11105820 18566822 439889422 7857546512 288511908 139 32585768 300586472
======================
   8      32 sdc 1668220 12507 241810776 11105820 18567418 439889422 7857851664 288649172 151 32586772 300730892
======================
   8      32 sdc 1668221 12507 241810784 11106028 18568057 439889422 7858178832 288788552 136 32587776 300863248
======================
   8      32 sdc 1668221 12507 241810784 11106028 18568734 439889439 7858524584 288933200 133 32588780 301006888
======================
   8      32 sdc 1668221 12507 241810784 11106028 18569411 439889439 7858871208 289077084 128 32589788 301151084
======================
   8      32 sdc 1668221 12507 241810784 11106028 18570087 439889439 7859217320 289220692 156 32590788 301294384
======================
   8      32 sdc 1668221 12507 241810784 11106028 18570578 439889439 7859468712 289365144 145 32591792 301440388
======================
   8      32 sdc 1668221 12507 241810784 11106028 18571234 439889439 7859804584 289509376 129 32592796 301584316
======================
   8      32 sdc 1668221 12507 241810784 11106028 18571911 439889456 7860150840 289651112 147 32593800 301725396
======================
   8      32 sdc 1668221 12507 241810784 11106028 18572564 439889469 7860482256 289792812 157 32594812 301857920
======================
   8      32 sdc 1668221 12507 241810784 11106028 18573210 439889469 7860813008 289928376 151 32595820 302002616
======================
   8      32 sdc 1668221 12507 241810784 11106028 18573875 439889469 7861153488 290072200 158 32596824 302146384
======================
   8      32 sdc 1668221 12507 241810784 11106028 18574532 439889469 7861489872 290214180 141 32597828 302289060
======================
   8      32 sdc 1668221 12507 241810784 11106028 18575175 439889488 7861818232 290351496 152 32598832 302426320
======================
   8      32 sdc 1668221 12507 241810784 11106028 18575466 439889488 7861967224 290416432 138 32599832 302566404
======================
   8      32 sdc 1668222 12507 241810792 11107512 18575938 439889488 7862208888 290643376 145 32600836 302705180
======================
   8      32 sdc 1668222 12507 241810792 11107512 18577084 439889488 7862795640 290773036 151 32601840 302848656
======================
   8      32 sdc 1668222 12507 241810792 11107512 18577743 439889488 7863133048 290916904 132 32602844 302992488
======================
   8      32 sdc 1668222 12507 241810792 11107512 18578385 439889517 7863456944 291059920 159 32603848 303134140
======================
   8      32 sdc 1668222 12507 241810792 11107512 18579058 439889517 7863801520 291202128 158 32604852 303277780
======================
   8      32 sdc 1668222 12507 241810792 11107512 18579723 439889517 7864142000 291344212 133 32605852 303421048
======================
   8      32 sdc 1668222 12507 241810792 11107512 18580346 439889517 7864460976 291488564 150 32606856 303566072
======================
   8      32 sdc 1668222 12507 241810792 11107512 18580989 439889517 7864790192 291633688 147 32607860 303709808
======================
   8      32 sdc 1668222 12507 241810792 11107512 18581665 439889538 7865135968 291774700 154 32608864 303850940
======================
   8      32 sdc 1668222 12507 241810792 11107512 18582336 439889538 7865479016 291918256 156 32609864 303994140
======================
   8      32 sdc 1668222 12507 241810792 11107512 18583012 439889538 7865825128 292061640 152 32610872 304138216
======================
   8      32 sdc 1668223 12507 241810800 11107692 18583614 439889538 7866133352 292189420 150 32611880 304268328
======================
   8      32 sdc 1668223 12507 241810800 11107692 18584244 439889538 7866455912 292333932 128 32612880 304411084
======================
   8      32 sdc 1668223 12507 241810800 11107692 18584927 439889561 7866801760 292477204 151 32613884 304554740
======================
   8      32 sdc 1668223 12507 241810800 11107692 18585589 439889561 7867140704 292619948 129 32614888 304698080
======================
   8      32 sdc 1668223 12507 241810800 11107692 18586217 439889561 7867462240 292763560 141 32615888 304841176
======================
   8      32 sdc 1668223 12507 241810800 11107692 18586876 439889561 7867799648 292907164 154 32616892 304984764
======================
   8      32 sdc 1668223 12507 241810800 11107692 18587526 439889561 7868132448 293049024 144 32617896 305128268
======================
   8      32 sdc 1668223 12507 241810800 11107692 18588168 439889578 7868460784 293188596 149 32618896 305267952
======================
   8      32 sdc 1668223 12507 241810800 11107692 18588816 439889589 7868789120 293325628 150 32619900 305404016
======================
   8      32 sdc 1668223 12507 241810800 11107692 18589457 439889589 7869117312 293469044 149 32620900 305546980
======================
   8      32 sdc 1668223 12507 241810800 11107692 18590121 439889589 7869457280 293614076 157 32621904 305691648
======================
   8      32 sdc 1668223 12507 241810800 11107692 18590774 439889589 7869791616 293756800 144 32622908 305835344
======================
   8      32 sdc 1668224 12507 241810808 11107916 18591397 439889613 7870109776 293882980 130 32623908 305960956
======================
   8      32 sdc 1668224 12507 241810808 11107916 18592052 439889613 7870445136 294027140 147 32624912 306104640
======================
   8      32 sdc 1668224 12507 241810808 11107916 18592727 439889613 7870790736 294170408 144 32625916 306248264
======================
   8      32 sdc 1668224 12507 241810808 11107916 18593367 439889613 7871118416 294312840 144 32626920 306392072
======================
   8      32 sdc 1668224 12507 241810808 11107916 18594010 439889613 7871447632 294458172 141 32627924 306536164
======================
   8      32 sdc 1668224 12507 241810808 11107916 18594699 439889636 7871796048 294600364 146 32628932 306678056
======================
   8      32 sdc 1668224 12507 241810808 11107916 18595372 439889636 7872140624 294744112 145 32629940 306822260
======================
   8      32 sdc 1668224 12507 241810808 11107916 18596034 439889636 7872479568 294887372 155 32630944 306965980
======================
   8      32 sdc 1668224 12507 241810808 11107916 18596658 439889636 7872799056 295030528 139 32631948 307110256
======================
   8      32 sdc 1668224 12507 241810808 11107916 18597288 439889636 7873121616 295174356 149 32632952 307253816
======================
   8      32 sdc 1668224 12507 241810808 11107916 18597982 439889655 7873476088 295311320 137 32633956 307389116
======================
   8      32 sdc 1668224 12507 241810808 11107916 18598542 439889670 7873759400 295432424 134 32634956 307530232
======================
   8      32 sdc 1668225 12507 241810816 11108212 18599115 439889670 7874052776 295593900 136 32635960 307672808
======================
   8      32 sdc 1668225 12507 241810816 11108212 18599772 439889670 7874389160 295738056 151 32636960 307816148
======================
   8      32 sdc 1668225 12507 241810816 11108212 18600411 439889670 7874716328 295876352 152 32637964 307960156
======================
   8      32 sdc 1668225 12507 241810816 11108212 18601077 439889687 7875056448 296024328 144 32638968 308102624
======================
   8      32 sdc 1668225 12507 241810816 11108212 18601704 439889687 7875377472 296169352 140 32639984 308248300
======================
   8      32 sdc 1668225 12507 241810816 11108212 18602349 439889687 7875707712 296312192 135 32640988 308391768
======================
   8      32 sdc 1668225 12507 241810816 11108212 18603016 439889687 7876049216 296455812 140 32641996 308535680
======================
   8      32 sdc 1668225 12507 241810816 11108212 18603674 439889687 7876386112 296597688 154 32643000 308678636
======================
   8      32 sdc 1668225 12507 241810816 11108212 18604306 439889703 7876709320 296738716 133 32644004 308818768
======================
   8      32 sdc 1668225 12507 241810816 11108212 18604974 439889714 7877047904 296876104 153 32645008 308954472
======================
   8      32 sdc 1668225 12507 241810816 11108212 18605644 439889714 7877390944 297019692 155 32646012 309098188
======================
   8      32 sdc 1668225 12507 241810816 11108212 18606277 439889714 7877715040 297162528 73 32647016 309237808
======================
   8      32 sdc 1668226 12507 241810824 11108660 18606745 439889714 7877954656 297259184 144 32648016 309338876
======================
   8      32 sdc 1668226 12507 241810824 11108660 18607409 439889736 7878293792 297404380 154 32649020 309482480
======================
   8      32 sdc 1668226 12507 241810824 11108660 18608085 439889736 7878639904 297547784 150 32650024 309626156
======================
   8      32 sdc 1668226 12507 241810824 11108660 18608760 439889736 7878985504 297690984 147 32651028 309769764
======================
   8      32 sdc 1668226 12507 241810824 11108660 18609374 439889736 7879299872 297833040 141 32652028 309912420
======================
   8      32 sdc 1668226 12507 241810824 11108660 18610018 439889736 7879629600 297977760 137 32653032 310056204
======================
   8      32 sdc 1668226 12507 241810824 11108660 18610696 439889755 7879971344 298117756 158 32654036 310196080
======================
   8      32 sdc 1668226 12507 241810824 11108660 18611344 439889755 7880303120 298260344 150 32655040 310339908
======================
   8      32 sdc 1668226 12507 241810824 11108660 18611985 439889755 7880631312 298404132 149 32656040 310482884
======================
   8      32 sdc 1668226 12507 241810824 11108660 18612649 439889755 7880971280 298547708 157 32657044 310626248
======================
   8      32 sdc 1668226 12507 241810824 11108660 18613301 439889755 7881305104 298690388 145 32658048 310769996
======================
   8      32 sdc 1668227 12507 241810832 11108716 18613902 439889774 7881611960 298818236 146 32659048 310903576
======================
   8      32 sdc 1668227 12507 241810832 11108716 18614562 439889788 7881947472 298967844 144 32660052 311047148
======================
   8      32 sdc 1668227 12507 241810832 11108716 18615204 439889788 7882276176 299111504 142 32661056 311190924
======================
   8      32 sdc 1668227 12507 241810832 11108716 18615863 439889788 7882613584 299255840 155 32662060 311334900
======================
   8      32 sdc 1668227 12507 241810832 11108716 18616517 439889788 7882948432 299397468 141 32663064 311479120
======================
   8      32 sdc 1668227 12507 241810832 11108716 18617161 439889806 7883277800 299541716 154 32664068 311620788
======================
   8      32 sdc 1668227 12507 241810832 11108716 18617838 439889806 7883623920 299685848 150 32665068 311764216
======================
   8      32 sdc 1668227 12507 241810832 11108716 18618496 439889806 7883960816 299828292 132 32666072 311907896
======================
   8      32 sdc 1668227 12507 241810832 11108716 18619119 439889806 7884279792 299971232 149 32667076 312051256
======================
   8      32 sdc 1668227 12507 241810832 11108716 18619762 439889806 7884609008 300114520 146 32668076 312195280
======================
   8      32 sdc 1668227 12507 241810832 11108716 18620444 439889826 7884955328 300255352 142 32669080 312333764
======================
   8      32 sdc 1668227 12507 241810832 11108716 18621120 439889826 7885301440 300398920 138 32670084 312477504
======================
   8      32 sdc 1668227 12507 241810832 11108716 18621570 439889826 7885531840 300494644 136 32671088 312618720
======================
   8      32 sdc 1668227 12507 241810832 11108716 18621570 439889826 7885531840 300494644 136 32672092 312755264
======================
   8      32 sdc 1668228 12507 241810840 11110240 18623023 439889826 7886275776 300816844 154 32673092 312896436
======================
   8      32 sdc 1668228 12507 241810840 11110240 18623694 439889852 7886618528 300960384 156 32674096 313040304
======================
   8      32 sdc 1668228 12507 241810840 11110240 18624342 439889852 7886949800 301102516 149 32675100 313183500
======================
   8      32 sdc 1668228 12507 241810840 11110240 18624996 439889852 7887284648 301246628 135 32676104 313326856
======================
   8      32 sdc 1668228 12507 241810840 11110240 18625661 439889852 7887625128 301389932 142 32677108 313470456
======================
   8      32 sdc 1668228 12507 241810840 11110240 18626315 439889857 7887956488 301531696 133 32678112 313612484
======================
   8      32 sdc 1668228 12507 241810840 11110240 18626959 439889873 7888285336 301672760 128 32679112 313753048
======================
   8      32 sdc 1668228 12507 241810840 11110240 18627592 439889873 7888609432 301814496 135 32680116 313896984
======================
   8      32 sdc 1668228 12507 241810840 11110240 18628245 439889873 7888943768 301958956 154 32681120 314039220
======================
   8      32 sdc 1668228 12507 241810840 11110240 18628909 439889873 7889283736 302102468 130 32682120 314182444
======================
   8      32 sdc 1668229 12507 241810848 11110460 18629539 439889873 7889606296 302231184 129 32683124 314310176
======================
   8      32 sdc 1668229 12507 241810848 11110460 18630183 439889896 7889934696 302372804 158 32684128 314453440
======================
   8      32 sdc 1668229 12507 241810848 11110460 18630844 439889896 7890272624 302516964 138 32685132 314597232
======================
   8      32 sdc 1668229 12507 241810848 11110460 18631519 439889896 7890618224 302660424 135 32686132 314740380
======================
   8      32 sdc 1668229 12507 241810848 11110460 18632137 439889896 7890934640 302802840 157 32687136 314884176
======================
   8      32 sdc 1668229 12507 241810848 11110460 18632797 439889896 7891272560 302947464 137 32688140 315027932
======================
   8      32 sdc 1668229 12507 241810848 11110460 18633468 439889913 7891615744 303087832 159 32689144 315167936
======================
   8      32 sdc 1668229 12507 241810848 11110460 18634153 439889927 7891961536 303226524 133 32690148 315306844
======================
   8      32 sdc 1668229 12507 241810848 11110460 18634807 439889927 7892296384 303368612 151 32691152 315450348
======================
   8      32 sdc 1668229 12507 241810848 11110460 18635431 439889927 7892615872 303512264 135 32692152 315593448
======================
   8      32 sdc 1668229 12507 241810848 11110460 18636085 439889927 7892950720 303655824 153 32693156 315736952
======================
   8      32 sdc 1668229 12507 241810848 11110460 18636762 439889942 7893296456 303793212 129 32694160 315873180
======================
   8      32 sdc 1668229 12507 241810848 11110460 18636997 439889942 7893416776 303843724 146 32695164 316018840
======================
   8      32 sdc 1668230 12507 241810856 11111944 18637993 439889942 7893926728 304094660 141 32696168 316164348
======================
   8      32 sdc 1668230 12507 241810856 11111944 18638667 439889942 7894271816 304225500 139 32697172 316307644
======================
   8      32 sdc 1668230 12507 241810856 11111944 18639318 439889944 7894603632 304368596 128 32698172 316450668
======================
   8      32 sdc 1668230 12507 241810856 11111944 18639812 439889965 7894855720 304513528 147 32699176 316596092
======================
   8      32 sdc 1668230 12507 241810856 11111944 18640454 439889965 7895183920 304657160 146 32700180 316739928
======================
   8      32 sdc 1668230 12507 241810856 11111944 18641093 439889965 7895511088 304797400 147 32701184 316883688
======================
   8      32 sdc 1668230 12507 241810856 11111944 18641776 439889965 7895860784 304945216 136 32702188 317027280
======================
   8      32 sdc 1668230 12507 241810856 11111944 18642420 439889965 7896190512 305088028 132 32703188 317170204
======================
   8      32 sdc 1668230 12507 241810856 11111944 18643068 439889980 7896521400 305228736 137 32704192 317310288
======================
   8      32 sdc 1668230 12507 241810856 11111944 18643754 439889991 7896867680 305359816 137 32705196 317441236
======================
   8      32 sdc 1668230 12507 241810856 11111944 18644409 439889991 7897203040 305501896 154 32706200 317584740
======================
   8      32 sdc 1668231 12507 241810864 11112160 18645013 439889991 7897512288 305632484 148 32707204 317715572
======================
   8      32 sdc 1668231 12507 241810864 11112160 18645663 439889991 7897845088 305777188 138 32708208 317859240
======================
   8      32 sdc 1668231 12507 241810864 11112160 18646341 439890011 7898191376 305920908 133 32709212 318002900
======================
   8      32 sdc 1668231 12507 241810864 11112160 18647011 439890011 7898534416 306064552 135 32710216 318146584
======================
   8      32 sdc 1668231 12507 241810864 11112160 18647504 439890011 7898786832 306209700 154 32711216 318292352
======================
   8      32 sdc 1668231 12507 241810864 11112160 18648128 439890011 7899106320 306353208 138 32712220 318436228
======================
   8      32 sdc 1668231 12507 241810864 11112160 18648796 439890011 7899448336 306498064 142 32713224 318579900
======================
   8      32 sdc 1668231 12507 241810864 11112160 18649474 439890045 7899791712 306638212 132 32714228 318717152
======================
   8      32 sdc 1668231 12507 241810864 11112160 18650120 439890045 7900120952 306778300 158 32715232 318860628
======================
   8      32 sdc 1668231 12507 241810864 11112160 18650769 439890045 7900453240 306922128 149 32716236 319004388
======================
   8      32 sdc 1668231 12507 241810864 11112160 18651428 439890045 7900790136 307065936 131 32717236 319147920
======================
   8      32 sdc 1668231 12507 241810864 11112160 18652079 439890045 7901123960 307209168 151 32718240 319291848
======================
   8      32 sdc 1668232 12507 241810872 11112208 18652701 439890061 7901441544 307340776 138 32719244 319423548
======================
   8      32 sdc 1668232 12507 241810872 11112208 18653343 439890061 7901770248 307484412 136 32720248 319567264
======================
   8      32 sdc 1668232 12507 241810872 11112208 18653985 439890061 7902098952 307628284 134 32721252 319711168
======================
   8      32 sdc 1668232 12507 241810872 11112208 18654628 439890061 7902428168 307770184 131 32722256 319855280
======================
   8      32 sdc 1668232 12507 241810872 11112208 18655132 439890061 7902686216 307911684 139 32723256 319997864
======================
   8      32 sdc 1668232 12507 241810872 11112208 18655794 439890087 7903023352 308057092 158 32724260 320139448
======================
   8      32 sdc 1668232 12507 241810872 11112208 18656461 439890087 7903364856 308201300 131 32725264 320283208
======================
   8      32 sdc 1668232 12507 241810872 11112208 18657122 439890087 7903703288 308343744 142 32726268 320427188
======================
   8      32 sdc 1668232 12507 241810872 11112208 18657745 439890087 7904022264 308487428 154 32727268 320570100
======================
   8      32 sdc 1668232 12507 241810872 11112208 18658387 439890087 7904350968 308632292 157 32728272 320713716
======================
   8      32 sdc 1668232 12507 241810872 11112208 18659074 439890122 7904696944 308767656 148 32729308 320853804
======================
   8      32 sdc 1668232 12507 241810872 11112208 18659751 439890122 7905043568 308910792 143 32730312 320997272
======================
   8      32 sdc 1668232 12507 241810872 11112208 18660107 439890122 7905225840 308986280 109 32731316 321123744
======================
   8      32 sdc 1668233 12507 241810880 11113656 18660447 439890122 7905399920 309160420 145 32732320 321235008
======================
   8      32 sdc 1668233 12507 241810880 11113656 18661649 439890122 7906015344 309290000 134 32733320 321377704
======================
   8      32 sdc 1668233 12507 241810880 11113656 18662326 439890139 7906361096 309432488 147 32734324 321521184
======================
   8      32 sdc 1668233 12507 241810880 11113656 18662834 439890139 7906621192 309575748 151 32735328 321664276
======================
   8      32 sdc 1668233 12507 241810880 11113656 18663480 439890139 7906951944 309719616 145 32736332 321807636
======================
   8      32 sdc 1668233 12507 241810880 11113656 18664144 439890139 7907291912 309863072 153 32737336 321951404
======================
   8      32 sdc 1668233 12507 241810880 11113656 18664803 439890142 7907627832 310006496 134 32738340 322095168
======================
   8      32 sdc 1668233 12507 241810880 11113656 18665446 439890165 7907956224 310147844 136 32739344 322236108
======================
   8      32 sdc 1668233 12507 241810880 11113656 18666087 439890165 7908284416 310290856 158 32740344 322379192
======================
   8      32 sdc 1668233 12507 241810880 11113656 18666729 439890165 7908613120 310434420 156 32741348 322522880
======================
   8      32 sdc 1668233 12507 241810880 11113656 18667389 439890165 7908951040 310578188 136 32742352 322666468
======================
   8      32 sdc 1668234 12507 241810888 11113860 18668031 439890165 7909279744 310710116 156 32743356 322798648
======================
   8      32 sdc 1668234 12507 241810888 11113860 18668682 439890199 7909608792 310853028 141 32744360 322941848
======================
   8      32 sdc 1668234 12507 241810888 11113860 18669331 439890199 7909941080 310997032 132 32745360 323084828
======================
   8      32 sdc 1668234 12507 241810888 11113860 18670007 439890199 7910287192 311141188 128 32746364 323228876
======================
   8      32 sdc 1668234 12507 241810888 11113860 18670507 439890199 7910543192 311282752 140 32747368 323372244
======================
   8      32 sdc 1668234 12507 241810888 11113860 18671143 439890199 7910868824 311427396 144 32748372 323515848
======================
   8      32 sdc 1668234 12507 241810888 11113860 18671821 439890220 7911215120 311569132 132 32749376 323657232
======================
   8      32 sdc 1668234 12507 241810888 11113860 18672497 439890220 7911561232 311712756 128 32750380 323800888
======================
   8      32 sdc 1668234 12507 241810888 11113860 18673173 439890220 7911907344 311855544 156 32751380 323943228
======================
   8      32 sdc 1668234 12507 241810888 11113860 18673788 439890220 7912222224 311994428 149 32752384 324087076
======================
   8      32 sdc 1668234 12507 241810888 11113860 18674428 439890220 7912549904 312141672 149 32753388 324230776
======================
   8      32 sdc 1668234 12507 241810888 11113860 18675106 439890244 7912893200 312278708 140 32754392 324366984
======================
   8      32 sdc 1668235 12507 241810896 11113924 18675744 439890244 7913220368 312421216 129 32755396 324510236
======================
   8      32 sdc 1668235 12507 241810896 11113924 18676386 439890244 7913548560 312564956 159 32756400 324654164
======================
   8      32 sdc 1668235 12507 241810896 11113924 18677039 439890244 7913882896 312708972 146 32757400 324797464
======================
   8      32 sdc 1668235 12507 241810896 11113924 18677703 439890244 7914222864 312852772 154 32758404 324941112
======================
   8      32 sdc 1668235 12507 241810896 11113924 18678335 439890260 7914546072 312994484 148 32759408 325084852
======================
   8      32 sdc 1668235 12507 241810896 11113924 18678978 439890260 7914874784 313135120 224 32760408 325252824
======================
   8      32 sdc 1668235 12507 241810896 11113924 18679614 439890260 7915200416 313289860 228 32761412 325472428
======================
   8      32 sdc 1668235 12507 241810896 11113924 18680275 439890260 7915538848 313446372 207 32762416 325683312
======================
   8      32 sdc 1668235 12507 241810896 11113924 18680915 439890260 7915866528 313611644 207 32763416 325885924
======================
   8      32 sdc 1668235 12507 241810896 11113924 18681516 439890284 7916173928 313762388 201 32764420 326064876
======================
   8      32 sdc 1668235 12507 241810896 11113924 18682215 439890284 7916531816 313947764 174 32765424 326253684
======================
   8      32 sdc 1668235 12507 241810896 11113924 18682883 439890284 7916873832 314130844 178 32766424 326434536
======================
   8      32 sdc 1668235 12507 241810896 11113924 18683317 439890284 7917095536 314451376 1 32767428 326524812
======================
   8      32 sdc 1668235 12507 241810896 11113924 18683317 439890284 7917095536 314451376 1 32768432 326525816
======================
   8      32 sdc 1668236 12507 241810904 11115644 18684790 439890297 7917848808 314536880 132 32769428 326626220
======================
   8      32 sdc 1668236 12507 241810904 11115644 18685467 439890297 7918195432 314681244 159 32770436 326770992
======================
   8      32 sdc 1668236 12507 241810904 11115644 18686098 439890297 7918518504 314823620 136 32771440 326914804
======================
   8      32 sdc 1668236 12507 241810904 11115644 18686722 439890297 7918837992 314967144 152 32772444 327058520
======================
   8      32 sdc 1668236 12507 241810904 11115644 18687385 439890297 7919177448 315111884 129 32773444 327201556
======================
   8      32 sdc 1668236 12507 241810904 11115644 18688060 439890308 7919522128 315239584 157 32774444 327329920
======================
   8      32 sdc 1668236 12507 241810904 11115644 18688702 439890308 7919850832 315382472 157 32775448 327473328
======================
   8      32 sdc 1668236 12507 241810904 11115644 18689350 439890308 7920182608 315526516 149 32776448 327616664
======================
   8      32 sdc 1668236 12507 241810904 11115644 18690013 439890308 7920522064 315669952 158 32777452 327760124
======================
   8      32 sdc 1668236 12507 241810904 11115644 18690666 439890308 7920856400 315812740 145 32778452 327903332
======================
   8      32 sdc 1668237 12507 241810912 11115936 18691288 439890319 7921173944 315928720 133 32779456 328019620
======================
   8      32 sdc 1668237 12507 241810912 11115936 18691930 439890319 7921502648 316073804 131 32780460 328164636
======================
   8      32 sdc 1668237 12507 241810912 11115936 18692575 439890319 7921832888 316218196 158 32781468 328308932
======================
   8      32 sdc 1668237 12507 241810912 11115936 18693232 439890319 7922169272 316362492 141 32782472 328452972
======================
   8      32 sdc 1668237 12507 241810912 11115936 18693862 439890319 7922491832 316505908 151 32783476 328596888
======================
   8      32 sdc 1668237 12507 241810912 11115936 18694512 439890332 7922823728 316635636 143 32784484 328725112
======================
   8      32 sdc 1668237 12507 241810912 11115936 18695187 439890332 7923169328 316779348 140 32785488 328869528
======================
   8      32 sdc 1668237 12507 241810912 11115936 18695846 439890332 7923506736 316921980 153 32786492 329013104
======================
   8      32 sdc 1668237 12507 241810912 11115936 18696470 439890332 7923826224 317065568 137 32787496 329156876
======================
   8      32 sdc 1668237 12507 241810912 11115936 18697120 439890332 7924159024 317210624 141 32788500 329300488
======================
   8      32 sdc 1668237 12507 241810912 11115936 18697791 439890342 7924501648 317337620 133 32789504 329427644
======================
   8      32 sdc 1668237 12507 241810912 11115936 18698462 439890342 7924845200 317480860 134 32790504 329570588
======================
   8      32 sdc 1668238 12507 241810920 11116212 18699109 439890342 7925176464 317600816 134 32791508 329691972
======================
   8      32 sdc 1668238 12507 241810920 11116212 18699733 439890342 7925495952 317743904 150 32792512 329835604
======================
   8      32 sdc 1668238 12507 241810920 11116212 18700116 439890407 7925681968 317831988 0 32793236 329907072
======================
   8      32 sdc 1668238 12507 241810920 11116212 18700116 439890407 7925681968 317831988 0 32793236 329907072
======================
   8      32 sdc 1668238 12507 241810920 11116212 18700116 439890407 7925681968 317831988 0 32793236 329907072
======================
   8      32 sdc 1668238 12507 241810920 11116212 18700116 439890407 7925681968 317831988 0 32793236 329907072
======================
   8      32 sdc 1668238 12507 241810920 11116212 18700116 439890407 7925681968 317831988 0 32793236 329907072
======================
   8      32 sdc 1668238 12507 241810920 11116212 18700116 439890407 7925681968 317831988 0 32793236 329907072
started
======================
   8      32 sdc 1668481 12507 241812858 11117848 18700143 439890407 7925682072 317831988 0 32793260 329908708
======================
   8      32 sdc 1668524 12507 241821634 11118116 18700143 439890407 7925682072 317831988 1 32793412 329908984
======================
   8      32 sdc 1668949 12507 241923986 11122696 18700143 439890407 7925682072 317831988 4 32794416 329913744
======================
   8      32 sdc 1669335 12507 242022802 11128728 18700143 439890407 7925682072 317831988 4 32795424 329920452
======================
   8      32 sdc 1669335 12507 242022802 11128728 18700143 439890407 7925682072 317831988 4 32796432 329924484
======================
   8      32 sdc 1669339 12507 242023826 11135384 18700143 439890407 7925682072 317831988 29 32797440 329928964
======================
   8      32 sdc 1669664 12507 242107026 11146388 18700143 439890407 7925682072 317831988 4 32798448 329937372
======================
   8      32 sdc 1670189 12507 242241426 11153112 18700146 439890411 7925682128 317831988 7 32799460 329944412
======================
   8      32 sdc 1670708 12507 242374290 11160364 18700146 439890411 7925682128 317831988 7 32800464 329951496
======================
   8      32 sdc 1671224 12507 242506386 11166876 18700146 439890411 7925682128 317831988 5 32801468 329958064
======================
   8      32 sdc 1671753 12507 242641810 11174116 18700146 439890411 7925682128 317831988 5 32802476 329965084
======================
   8      32 sdc 1672306 12507 242783378 11181040 18700146 439890411 7925682128 317831988 2 32803480 329971944
======================
   8      32 sdc 1672853 12507 242923410 11188056 18700146 439890411 7925682128 317831988 8 32804484 329979268
======================
   8      32 sdc 1673381 12507 243058578 11195344 18700146 439890411 7925682128 317831988 9 32805492 329986396
======================
   8      32 sdc 1673908 12507 243193490 11202484 18700146 439890411 7925682128 317831988 9 32806496 329993592
======================
   8      32 sdc 1674306 12507 243295378 11208676 18700146 439890411 7925682128 317831988 3 32807496 329999636
======================
   8      32 sdc 1674793 12507 243420050 11215768 18700146 439890411 7925682128 317831988 6 32808500 330006928
======================
   8      32 sdc 1675288 12507 243546770 11223120 18700146 439890411 7925682128 317831988 6 32809504 330014260
======================
   8      32 sdc 1675796 12507 243676818 11230708 18700146 439890411 7925682128 317831988 7 32810512 330021808
======================
   8      32 sdc 1676320 12507 243810962 11237408 18700146 439890411 7925682128 317831988 5 32811516 330028380
======================
   8      32 sdc 1676827 12507 243940754 11244468 18700146 439890411 7925682128 317831988 8 32812516 330035552
======================
   8      32 sdc 1677370 12507 244079762 11251056 18700146 439890411 7925682128 317831988 3 32813520 330042016
======================
   8      32 sdc 1677942 12507 244226194 11258200 18700146 439890411 7925682128 317831988 9 32814524 330049148
======================
   8      32 sdc 1678455 12507 244357522 11265300 18700146 439890411 7925682128 317831988 6 32815524 330056388
======================
   8      32 sdc 1679007 12507 244498834 11272484 18700146 439890411 7925682128 317831988 11 32816528 330063720
======================
   8      32 sdc 1679522 12507 244630674 11279468 18700146 439890411 7925682128 317831988 6 32817544 330070552
======================
   8      32 sdc 1680075 12507 244772242 11286424 18700146 439890411 7925682128 317831988 8 32818548 330077584
======================
   8      32 sdc 1680585 12507 244902802 11293476 18700146 439890411 7925682128 317831988 4 32819548 330084548
======================
   8      32 sdc 1681148 12507 245046930 11300608 18700146 439890411 7925682128 317831988 10 32820552 330091648
======================
   8      32 sdc 1681685 12507 245184402 11307364 18700146 439890411 7925682128 317831988 9 32821552 330098348
======================
   8      32 sdc 1682208 12507 245318290 11314084 18700146 439890411 7925682128 317831988 8 32822560 330105120
======================
   8      32 sdc 1682717 12507 245448594 11321104 18700146 439890411 7925682128 317831988 9 32823564 330112212
======================
   8      32 sdc 1683255 12507 245586322 11327808 18700146 439890411 7925682128 317831988 6 32824564 330118868
======================
   8      32 sdc 1683750 12507 245713042 11335080 18700146 439890411 7925682128 317831988 7 32825568 330126144
======================
   8      32 sdc 1684238 12507 245837970 11342832 18700146 439890411 7925682128 317831988 9 32826572 330133988
======================
   8      32 sdc 1684728 12507 245963410 11350100 18700146 439890411 7925682128 317831988 9 32827572 330141596
======================
   8      32 sdc 1685243 12507 246095250 11357840 18700146 439890411 7925682128 317831988 5 32828576 330148800
======================
   8      32 sdc 1685733 12508 246220946 11365568 18700148 439890413 7925682160 317832092 13 32829580 330156716
======================
   8      32 sdc 1686216 12508 246344594 11372448 18700148 439890413 7925682160 317832092 5 32830580 330163708
======================
   8      32 sdc 1686748 12508 246480786 11379436 18700148 439890413 7925682160 317832092 3 32831584 330170528
======================
   8      32 sdc 1687258 12508 246611346 11386528 18700148 439890413 7925682160 317832092 7 32832588 330177668
======================
   8      32 sdc 1687815 12508 246753938 11393316 18700148 439890413 7925682160 317832092 4 32833588 330184488
======================
   8      32 sdc 1688354 12508 246891922 11400552 18700148 439890413 7925682160 317832092 5 32834592 330191660
======================
   8      32 sdc 1688875 12508 247025298 11407392 18700148 439890413 7925682160 317832092 9 32835596 330198560
======================
   8      32 sdc 1689356 12508 247148434 11414928 18700148 439890413 7925682160 317832092 6 32836596 330206044
======================
   8      32 sdc 1689843 12508 247273106 11422268 18700148 439890413 7925682160 317832092 2 32837600 330213400
======================
   8      32 sdc 1690301 12508 247390354 11428120 18700148 439890413 7925682160 317832092 11 32838600 330220824
======================
   8      32 sdc 1690774 12508 247511442 11437076 18700148 439890413 7925682160 317832092 5 32839604 330228256
======================
   8      32 sdc 1691241 12508 247630994 11444260 18700148 439890413 7925682160 317832092 4 32840608 330235452
======================
   8      32 sdc 1691728 12508 247755666 11451540 18700148 439890413 7925682160 317832092 4 32841608 330242812
======================
   8      32 sdc 1692232 12508 247884690 11458844 18700148 439890413 7925682160 317832092 3 32842616 330250000
======================
   8      32 sdc 1692736 12508 248013714 11466008 18700148 439890413 7925682160 317832092 7 32843620 330257176
======================
   8      32 sdc 1693272 12508 248150930 11472892 18700148 439890413 7925682160 317832092 5 32844624 330264040
======================
   8      32 sdc 1693802 12508 248286610 11479684 18700148 439890413 7925682160 317832092 5 32845624 330270896
======================
   8      32 sdc 1694342 12508 248424850 11487380 18700148 439890413 7925682160 317832092 5 32846628 330278584
======================
   8      32 sdc 1694878 12508 248562066 11494844 18700148 439890413 7925682160 317832092 3 32847632 330285884
======================
   8      32 sdc 1695410 12508 248698258 11501920 18700148 439890413 7925682160 317832092 9 32848636 330293108
======================
   8      32 sdc 1695930 12508 248831378 11509068 18700148 439890413 7925682160 317832092 2 32849636 330300104
======================
   8      32 sdc 1696484 12508 248973202 11516428 18700148 439890413 7925682160 317832092 3 32850640 330307544
======================
   8      32 sdc 1697048 12508 249117586 11523620 18700148 439890413 7925682160 317832092 14 32851640 330314932
======================
   8      32 sdc 1697490 12508 249230738 11533632 18700148 439890413 7925682160 317832092 10 32852648 330324648
======================
   8      32 sdc 1698022 12508 249366930 11541732 18700148 439890413 7925682160 317832092 5 32853652 330332996
======================
   8      32 sdc 1698387 12508 249460370 11547200 18700148 439890413 7925682160 317832092 0 32854372 330338216
