======================
   8      32 sdc 2915689 31522 394144996 33376540 40783841 880681886 16159715232 1050902532 0 68525476 1086372848
======================
   8      32 sdc 2915689 31522 394144996 33376540 40783841 880681886 16159715232 1050902532 0 68525476 1086372848
======================
   8      32 sdc 2915692 31522 394145020 33376588 40783841 880681886 16159715232 1050902532 0 68525524 1086372896
======================
   8      32 sdc 2915692 31522 394145020 33376588 40783841 880681886 16159715232 1050902532 0 68525524 1086372896
======================
   8      32 sdc 2915693 31522 394145028 33376612 40785029 880681886 16160323488 1050915968 145 68525856 1086406040
======================
   8      32 sdc 2915693 31522 394145028 33376612 40785315 880681886 16160469920 1051041164 147 68526860 1086550364
======================
   8      32 sdc 2915693 31522 394145028 33376612 40785560 880681886 16160595360 1051210864 158 68527864 1086698824
======================
   8      32 sdc 2915693 31522 394145028 33376612 40785793 880681886 16160714656 1051349088 150 68528864 1086847828
======================
   8      32 sdc 2915693 31522 394145028 33376612 40786013 880681909 16160826472 1051503364 155 68529868 1086997260
======================
   8      32 sdc 2915693 31522 394145028 33376612 40786267 880681909 16160956520 1051606892 157 68530872 1087148404
======================
   8      32 sdc 2915693 31522 394145028 33376612 40786665 880681909 16161160296 1051726924 143 68531876 1087293636
======================
   8      32 sdc 2915693 31522 394145028 33376612 40786665 880681909 16161160296 1051726924 143 68532880 1087437208
======================
   8      32 sdc 2915693 31522 394145028 33376612 40787061 880681909 16161363048 1052091048 131 68533880 1087579176
======================
   8      32 sdc 2915693 31522 394145028 33376612 40787784 880681909 16161733224 1052242188 144 68534884 1087722440
======================
   8      32 sdc 2915693 31522 394145028 33376612 40789137 880681909 16162425960 1052386104 135 68535888 1087865304
======================
   8      32 sdc 2915693 31522 394145028 33376612 40790244 880681909 16162992744 1052522948 148 68536892 1088008684
======================
   8      32 sdc 2915693 31522 394145028 33376612 40790909 880681909 16163333224 1052664512 155 68537896 1088152304
======================
   8      32 sdc 2915694 31522 394145036 33376772 40791557 880681909 16163665000 1052798312 138 68538900 1088287020
======================
   8      32 sdc 2915694 31522 394145036 33376772 40792172 880681909 16163979880 1052936800 131 68539900 1088429232
======================
   8      32 sdc 2915694 31522 394145036 33376772 40792835 880681909 16164319336 1053084428 140 68540904 1088572820
======================
   8      32 sdc 2915694 31522 394145036 33376772 40793477 880681909 16164648040 1053227884 138 68541908 1088716236
======================
   8      32 sdc 2915694 31522 394145036 33376772 40794118 880681909 16164976232 1053371864 137 68542912 1088859688
======================
   8      32 sdc 2915694 31522 394145036 33376772 40794769 880681909 16165309544 1053514888 158 68543916 1089003212
======================
   8      32 sdc 2915694 31522 394145036 33376772 40795410 880681909 16165638248 1053658280 157 68544920 1089146900
======================
   8      32 sdc 2915694 31522 394145036 33376772 40796080 880681909 16165980776 1053802692 147 68545920 1089289780
======================
   8      32 sdc 2915694 31522 394145036 33376772 40796746 880681909 16166321768 1053945444 133 68546924 1089433332
======================
   8      32 sdc 2915694 31522 394145036 33376772 40797370 880681909 16166641256 1054089544 149 68547928 1089578296
======================
   8      32 sdc 2915694 31522 394145036 33376772 40797985 880681909 16166956136 1054232544 142 68548932 1089722644
======================
   8      32 sdc 2915694 31522 394145036 33376772 40798661 880681909 16167302248 1054378456 138 68549936 1089866196
======================
   8      32 sdc 2915695 31522 394145044 33377180 40799188 880681909 16167572072 1054492456 143 68550940 1089980648
======================
   8      32 sdc 2915695 31522 394145044 33377180 40799864 880681909 16167918184 1054636156 139 68551944 1090124408
======================
   8      32 sdc 2915695 31522 394145044 33377180 40800501 880681909 16168244328 1054778516 142 68552944 1090267548
======================
   8      32 sdc 2915695 31522 394145044 33377180 40801125 880681909 16168563816 1054920492 158 68553948 1090409380
======================
   8      32 sdc 2915695 31522 394145044 33377180 40801778 880681909 16168898152 1055065580 145 68554952 1090553556
======================
   8      32 sdc 2915695 31522 394145044 33377180 40802423 880681909 16169228392 1055208652 140 68555956 1090697380
======================
   8      32 sdc 2915695 31522 394145044 33377180 40803067 880681909 16169558120 1055352892 136 68556960 1090841296
======================
   8      32 sdc 2915695 31522 394145044 33377180 40803732 880681909 16169898600 1055496800 143 68557964 1090985052
======================
   8      32 sdc 2915695 31522 394145044 33377180 40804388 880681909 16170234472 1055640360 159 68558972 1091129532
======================
   8      32 sdc 2915695 31522 394145044 33377180 40805030 880681909 16170563176 1055783752 157 68559976 1091273208
======================
   8      32 sdc 2915695 31522 394145044 33377180 40805672 880681909 16170891880 1055927224 155 68560976 1091416240
======================
   8      32 sdc 2915695 31522 394145044 33377180 40806308 880681909 16171217512 1056070960 159 68561980 1091560088
======================
   8      32 sdc 2915696 31522 394145052 33377400 40806945 880681909 16171543656 1056203000 150 68562984 1091692152
======================
   8      32 sdc 2915696 31522 394145052 33377400 40807575 880681909 16171866216 1056339304 128 68563992 1091835396
======================
   8      32 sdc 2915696 31522 394145052 33377400 40808254 880681909 16172213864 1056488436 153 68564996 1091978444
======================
   8      32 sdc 2915696 31522 394145052 33377400 40808901 880681909 16172545128 1056632812 146 68566000 1092122376
======================
   8      32 sdc 2915696 31522 394145052 33377400 40809519 880681909 16172861544 1056768552 136 68567004 1092265352
======================
   8      32 sdc 2915696 31522 394145052 33377400 40810173 880681909 16173196392 1056917848 154 68568008 1092408520
======================
   8      32 sdc 2915696 31522 394145052 33377400 40810816 880681909 16173525608 1057062760 151 68569008 1092551752
======================
   8      32 sdc 2915696 31522 394145052 33377400 40811487 880681909 16173869160 1057205456 152 68570012 1092695324
======================
   8      32 sdc 2915696 31522 394145052 33377400 40812163 880681909 16174215272 1057349756 148 68571016 1092838952
======================
   8      32 sdc 2915696 31522 394145052 33377400 40812837 880681909 16174560360 1057492816 146 68572020 1092982516
======================
   8      32 sdc 2915696 31522 394145052 33377400 40813462 880681909 16174880360 1057635216 129 68573024 1093125428
======================
   8      32 sdc 2915696 31522 394145052 33377400 40814095 880681909 16175204456 1057780628 136 68574028 1093269872
======================
   8      32 sdc 2915696 31522 394145052 33377400 40814284 880681909 16175301224 1057820728 24 68575032 1093316776
======================
   8      32 sdc 2915697 31522 394145060 33378984 40815394 880681909 16175869544 1057887636 136 68576036 1093377680
======================
   8      32 sdc 2915697 31522 394145060 33378984 40816036 880681909 16176198248 1058029376 134 68577040 1093520892
======================
   8      32 sdc 2915697 31522 394145060 33378984 40816691 880681909 16176533608 1058172788 151 68578040 1093663844
======================
   8      32 sdc 2915697 31522 394145060 33378984 40817332 880681909 16176861800 1058314040 150 68579044 1093805720
======================
   8      32 sdc 2915697 31522 394145060 33378984 40817973 880681909 16177189992 1058457316 149 68580048 1093949268
======================
   8      32 sdc 2915697 31522 394145060 33378984 40818615 880681909 16177518696 1058600564 147 68581052 1094092668
======================
   8      32 sdc 2915697 31522 394145060 33378984 40819257 880681909 16177847400 1058744072 145 68582052 1094235552
======================
   8      32 sdc 2915697 31522 394145060 33378984 40819921 880681909 16178187368 1058887864 153 68583056 1094378852
======================
   8      32 sdc 2915697 31522 394145060 33378984 40820574 880681909 16178521704 1059030312 140 68584060 1094522436
======================
   8      32 sdc 2915697 31522 394145060 33378984 40821216 880681909 16178850408 1059172564 138 68585060 1094664088
======================
   8      32 sdc 2915697 31522 394145060 33378984 40821872 880681909 16179186280 1059316628 116 68586064 1094806820
======================
   8      32 sdc 2915697 31522 394145060 33378984 40821938 880681909 16179220072 1059330572 50 68587068 1094860264
======================
   8      32 sdc 2915698 31522 394145068 33380552 40823145 880681909 16179838056 1059461488 136 68588072 1094955348
======================
   8      32 sdc 2915698 31522 394145068 33380552 40823782 880681909 16180164200 1059604584 139 68589072 1095097048
======================
   8      32 sdc 2915698 31522 394145068 33380552 40824455 880681909 16180508776 1059747420 138 68590076 1095240684
======================
   8      32 sdc 2915698 31522 394145068 33380552 40825118 880681909 16180848232 1059891508 147 68591080 1095384188
======================
   8      32 sdc 2915698 31522 394145068 33380552 40825757 880681909 16181175400 1060033508 148 68592084 1095527316
======================
   8      32 sdc 2915698 31522 394145068 33380552 40826381 880681909 16181494888 1060176920 132 68593088 1095670720
======================
   8      32 sdc 2915698 31522 394145068 33380552 40827050 880681909 16181837416 1060320716 135 68594092 1095813368
======================
   8      32 sdc 2915698 31522 394145068 33380552 40827721 880681909 16182180968 1060463388 136 68595092 1095956428
======================
   8      32 sdc 2915698 31522 394145068 33380552 40828362 880681909 16182509160 1060606708 135 68596096 1096099936
======================
   8      32 sdc 2915698 31522 394145068 33380552 40829008 880681909 16182839912 1060750860 129 68597100 1096243000
======================
   8      32 sdc 2915699 31522 394145076 33380752 40829645 880681909 16183166056 1060888652 152 68598104 1096373844
======================
   8      32 sdc 2915699 31522 394145076 33380752 40830285 880681909 16183493736 1061024560 152 68599104 1096517376
======================
   8      32 sdc 2915699 31522 394145076 33380752 40830926 880681909 16183821928 1061167604 151 68600108 1096661136
======================
   8      32 sdc 2915699 31522 394145076 33380752 40831520 880681909 16184126056 1061301436 133 68601112 1096804936
======================
   8      32 sdc 2915699 31522 394145076 33380752 40832200 880681909 16184474216 1061454396 157 68602116 1096948664
======================
   8      32 sdc 2915699 31522 394145076 33380752 40832860 880681909 16184812136 1061598856 137 68603120 1097092588
======================
   8      32 sdc 2915699 31522 394145076 33380752 40833502 880681909 16185140840 1061742520 135 68604124 1097236136
======================
   8      32 sdc 2915699 31522 394145076 33380752 40834159 880681909 16185477224 1061887084 150 68605128 1097379956
======================
   8      32 sdc 2915699 31522 394145076 33380752 40834829 880681909 16185820264 1062030676 152 68606132 1097523716
======================
   8      32 sdc 2915699 31522 394145076 33380752 40835468 880681909 16186147432 1062173828 153 68607132 1097667580
======================
   8      32 sdc 2915699 31522 394145076 33380752 40836093 880681909 16186467432 1062317700 136 68608136 1097811468
======================
   8      32 sdc 2915699 31522 394145076 33380752 40836761 880681909 16186809448 1062460904 140 68609140 1097953688
======================
   8      32 sdc 2915699 31522 394145076 33380752 40837274 880681909 16187072104 1062569924 42 68610144 1098065272
======================
   8      32 sdc 2915699 31522 394145076 33380752 40837274 880681909 16187072104 1062569924 42 68611148 1098107440
======================
   8      32 sdc 2915700 31522 394145084 33382328 40838731 880681909 16187818088 1062738804 142 68612152 1098234564
======================
   8      32 sdc 2915700 31522 394145084 33382328 40839355 880681909 16188137576 1062881788 158 68613152 1098376668
======================
   8      32 sdc 2915700 31522 394145084 33382328 40839849 880681909 16188390504 1063006176 144 68614156 1098520156
======================
   8      32 sdc 2915700 31522 394145084 33382328 40840477 880681909 16188712040 1063160168 156 68615160 1098663116
======================
   8      32 sdc 2915700 31522 394145084 33382328 40841161 880681909 16189062248 1063311468 144 68616164 1098806572
======================
   8      32 sdc 2915700 31522 394145084 33382328 40841818 880681909 16189398632 1063455616 129 68617168 1098949364
======================
   8      32 sdc 2915700 31522 394145084 33382328 40842482 880681909 16189738600 1063598432 135 68618172 1099092924
======================
   8      32 sdc 2915700 31522 394145084 33382328 40843127 880681909 16190068840 1063741460 130 68619176 1099236472
======================
   8      32 sdc 2915700 31522 394145084 33382328 40843769 880681909 16190397544 1063885264 128 68620180 1099380268
======================
   8      32 sdc 2915700 31522 394145084 33382328 40844411 880681909 16190726248 1064028272 158 68621180 1099522748
======================
   8      32 sdc 2915701 31522 394145092 33382532 40845011 880681909 16191033448 1064156444 155 68622184 1099651268
======================
   8      32 sdc 2915701 31522 394145092 33382532 40845702 880681909 16191387240 1064300284 136 68623188 1099794884
======================
   8      32 sdc 2915701 31522 394145092 33382532 40846345 880681909 16191716456 1064443296 133 68624200 1099939496
======================
   8      32 sdc 2915701 31522 394145092 33382532 40846986 880681909 16192045160 1064586696 132 68625204 1100083076
======================
   8      32 sdc 2915701 31522 394145092 33382532 40847647 880681909 16192383080 1064731104 143 68626208 1100226756
======================
   8      32 sdc 2915701 31522 394145092 33382532 40848259 880681909 16192696424 1064867712 139 68627212 1100370176
======================
   8      32 sdc 2915701 31522 394145092 33382532 40848902 880681909 16193025640 1065016496 137 68628216 1100513540
======================
   8      32 sdc 2915701 31522 394145092 33382532 40849573 880681909 16193369192 1065161432 138 68629220 1100657224
======================
   8      32 sdc 2915701 31522 394145092 33382532 40850249 880681909 16193715304 1065305028 134 68630220 1100800356
======================
   8      32 sdc 2915701 31522 394145092 33382532 40850925 880681909 16194061416 1065448764 130 68631224 1100943932
======================
   8      32 sdc 2915701 31522 394145092 33382532 40851572 880681909 16194392680 1065591092 155 68632228 1101087616
======================
   8      32 sdc 2915701 31522 394145092 33382532 40852197 880681909 16194712680 1065734908 138 68633232 1101231548
======================
   8      32 sdc 2915702 31522 394145100 33382748 40852835 880681909 16195039336 1065865212 140 68634236 1101360932
======================
   8      32 sdc 2915702 31522 394145100 33382748 40853506 880681909 16195382888 1066008508 141 68635240 1101504172
======================
   8      32 sdc 2915702 31522 394145100 33382748 40854149 880681909 16195712104 1066151184 138 68636244 1101647812
======================
   8      32 sdc 2915702 31522 394145100 33382748 40854795 880681909 16196042856 1066295432 132 68637248 1101790876
======================
   8      32 sdc 2915702 31522 394145100 33382748 40855400 880681909 16196352616 1066428988 135 68638252 1101934040
======================
   8      32 sdc 2915702 31522 394145100 33382748 40856083 880681909 16196702312 1066580192 156 68639256 1102076836
======================
   8      32 sdc 2915702 31522 394145100 33382748 40856724 880681909 16197030504 1066723620 155 68640256 1102219896
======================
   8      32 sdc 2915702 31522 394145100 33382748 40857366 880681909 16197359208 1066868004 153 68641260 1102364364
======================
   8      32 sdc 2915702 31522 394145100 33382748 40858020 880681909 16197694056 1067011996 139 68642264 1102507844
======================
   8      32 sdc 2915702 31522 394145100 33382748 40858684 880681909 16198034024 1067155048 147 68643268 1102651300
======================
   8      32 sdc 2915702 31522 394145100 33382748 40859332 880681909 16198365800 1067298236 139 68644272 1102795012
======================
   8      32 sdc 2915702 31522 394145100 33382748 40859973 880681909 16198693992 1067441692 138 68645276 1102938708
======================
   8      32 sdc 2915703 31522 394145108 33383020 40860475 880681909 16198951016 1067553360 156 68646408 1103051392
======================
   8      32 sdc 2915703 31522 394145108 33383020 40861151 880681909 16199297128 1067696748 152 68647412 1103194956
======================
   8      32 sdc 2915703 31522 394145108 33383020 40861775 880681909 16199616616 1067839148 136 68648416 1103338508
======================
   8      32 sdc 2915703 31522 394145108 33383020 40862408 880681909 16199940712 1067983404 143 68649416 1103480996
======================
   8      32 sdc 2915703 31522 394145108 33383020 40863066 880681909 16200277608 1068127196 157 68650420 1103624616
======================
   8      32 sdc 2915703 31522 394145108 33383020 40863741 880681909 16200623208 1068270324 154 68651424 1103768180
======================
   8      32 sdc 2915703 31522 394145108 33383020 40864388 880681909 16200954472 1068412796 147 68652424 1103911548
======================
   8      32 sdc 2915703 31522 394145108 33383020 40865012 880681909 16201273960 1068556172 131 68653428 1104054916
======================
   8      32 sdc 2915703 31522 394145108 33383020 40865673 880681909 16201612392 1068700800 142 68654432 1104198408
======================
   8      32 sdc 2915703 31522 394145108 33383020 40866345 880681909 16201956456 1068844480 142 68655436 1104342968
======================
   8      32 sdc 2915703 31522 394145108 33383020 40866991 880681909 16202287208 1068987768 136 68656440 1104486344
======================
   8      32 sdc 2915703 31522 394145108 33383020 40867635 880681909 16202616936 1069131372 132 68657444 1104629704
======================
   8      32 sdc 2915704 31522 394145116 33383228 40868274 880681909 16202944104 1069258128 132 68658448 1104756592
======================
   8      32 sdc 2915704 31522 394145116 33383228 40868929 880681909 16203279464 1069400864 149 68659448 1104899580
======================
   8      32 sdc 2915704 31522 394145116 33383228 40869571 880681909 16203608168 1069545040 147 68660456 1105044352
======================
   8      32 sdc 2915704 31522 394145116 33383228 40870212 880681909 16203936360 1069687300 146 68661460 1105187040
======================
   8      32 sdc 2915704 31522 394145116 33383228 40870712 880681909 16204192360 1069832284 158 68662460 1105330556
======================
   8      32 sdc 2915704 31522 394145116 33383228 40871377 880681909 16204532840 1069975796 133 68663464 1105474436
======================
   8      32 sdc 2915704 31522 394145116 33383228 40872023 880681909 16204863592 1070118972 132 68664468 1105617884
======================
   8      32 sdc 2915704 31522 394145116 33383228 40872665 880681909 16205192296 1070262444 157 68665472 1105761640
======================
   8      32 sdc 2915704 31522 394145116 33383228 40873334 880681909 16205534824 1070407024 128 68666476 1105905188
======================
   8      32 sdc 2915704 31522 394145116 33383228 40874005 880681909 16205878376 1070549724 129 68667480 1106049116
======================
   8      32 sdc 2915704 31522 394145116 33383228 40874626 880681909 16206196328 1070692020 148 68668484 1106192664
======================
   8      32 sdc 2915704 31522 394145116 33383228 40875264 880681909 16206522984 1070837176 150 68669484 1106335712
======================
   8      32 sdc 2915704 31522 394145116 33383228 40875661 880681909 16206726248 1070921412 23 68670488 1106418684
======================
   8      32 sdc 2915705 31522 394145124 33384560 40876577 880681909 16207195240 1070974896 150 68671492 1106471816
======================
   8      32 sdc 2915705 31522 394145124 33384560 40877252 880681909 16207540840 1071115616 147 68672492 1106615116
======================
   8      32 sdc 2915705 31522 394145124 33384560 40877885 880681909 16207864936 1071257648 154 68673496 1106758688
======================
   8      32 sdc 2915705 31522 394145124 33384560 40878528 880681909 16208194152 1071402188 151 68674500 1106902216
======================
   8      32 sdc 2915705 31522 394145124 33384560 40879202 880681909 16208539240 1071545200 149 68675500 1107045348
======================
   8      32 sdc 2915705 31522 394145124 33384560 40879843 880681909 16208867432 1071688080 148 68676504 1107188888
======================
   8      32 sdc 2915705 31522 394145124 33384560 40880485 880681909 16209196136 1071831036 146 68677512 1107331380
======================
   8      32 sdc 2915705 31522 394145124 33384560 40881144 880681909 16209533544 1071973708 149 68678516 1107474848
======================
   8      32 sdc 2915705 31522 394145124 33384560 40881799 880681909 16209868904 1072117220 144 68679520 1107618724
======================
   8      32 sdc 2915705 31522 394145124 33384560 40882440 880681909 16210197096 1072260500 143 68680520 1107761716
======================
   8      32 sdc 2915705 31522 394145124 33384560 40883081 880681909 16210525288 1072403716 142 68681524 1107905196
======================
   8      32 sdc 2915706 31522 394145132 33384944 40883568 880681909 16210774632 1072511996 145 68682528 1108013936
======================
   8      32 sdc 2915706 31522 394145132 33384944 40884224 880681909 16211110504 1072655300 129 68683532 1108156492
======================
   8      32 sdc 2915706 31522 394145132 33384944 40884888 880681909 16211450472 1072798640 137 68684532 1108299588
======================
   8      32 sdc 2915706 31522 394145132 33384944 40885533 880681909 16211780712 1072941500 132 68685536 1108442868
======================
   8      32 sdc 2915706 31522 394145132 33384944 40886177 880681909 16212110440 1073086164 128 68686540 1108586612
======================
   8      32 sdc 2915706 31522 394145132 33384944 40886847 880681909 16212453480 1073228540 130 68687544 1108730356
======================
   8      32 sdc 2915706 31522 394145132 33384944 40887471 880681909 16212772968 1073371764 146 68688548 1108874072
======================
   8      32 sdc 2915706 31522 394145132 33384944 40888108 880681909 16213099112 1073516652 149 68689548 1109017280
======================
   8      32 sdc 2915706 31522 394145132 33384944 40888783 880681909 16213444712 1073659896 146 68690552 1109160916
======================
   8      32 sdc 2915706 31522 394145132 33384944 40889448 880681909 16213785192 1073801028 153 68691556 1109304416
======================
   8      32 sdc 2915706 31522 394145132 33384944 40890130 880681909 16214134376 1073946868 143 68692560 1109447984
======================
   8      32 sdc 2915706 31522 394145132 33384944 40890753 880681909 16214453352 1074089320 128 68693560 1109591036
======================
   8      32 sdc 2915707 31522 394145140 33385456 40891221 880681909 16214692968 1074182044 137 68694564 1109684512
======================
   8      32 sdc 2915707 31522 394145140 33385456 40891885 880681909 16215032936 1074326372 145 68695568 1109828172
======================
   8      32 sdc 2915707 31522 394145140 33385456 40892559 880681909 16215378024 1074469540 143 68696576 1109972304
======================
   8      32 sdc 2915707 31522 394145140 33385456 40893204 880681909 16215708264 1074613736 138 68697580 1110116136
======================
   8      32 sdc 2915707 31522 394145140 33385456 40893842 880681909 16216034920 1074757820 140 68698584 1110259900
======================
   8      32 sdc 2915707 31522 394145140 33385456 40894445 880681909 16216343656 1074889628 145 68699592 1110404280
======================
   8      32 sdc 2915707 31522 394145140 33385456 40895138 880681909 16216698472 1075045440 156 68700592 1110547776
======================
   8      32 sdc 2915707 31522 394145140 33385456 40895780 880681909 16217027176 1075189032 154 68701596 1110691564
======================
   8      32 sdc 2915707 31522 394145140 33385456 40896419 880681909 16217354344 1075332184 155 68702600 1110835220
======================
   8      32 sdc 2915707 31522 394145140 33385456 40897079 880681909 16217692264 1075477596 135 68703604 1110979676
======================
   8      32 sdc 2915707 31522 394145140 33385456 40897743 880681909 16218032232 1075620940 143 68704608 1111123344
======================
   8      32 sdc 2915707 31522 394145140 33385456 40898386 880681909 16218361448 1075763428 140 68705608 1111266060
======================
   8      32 sdc 2915708 31522 394145148 33385896 40898873 880681909 16218610792 1075861488 134 68706612 1111364600
======================
   8      32 sdc 2915708 31522 394145148 33385896 40899539 880681909 16218951784 1076005560 140 68707616 1111508092
======================
   8      32 sdc 2915708 31522 394145148 33385896 40900206 880681909 16219293288 1076147724 145 68708616 1111651120
======================
   8      32 sdc 2915708 31522 394145148 33385896 40900830 880681909 16219612776 1076291180 129 68709620 1111794636
======================
   8      32 sdc 2915708 31522 394145148 33385896 40901462 880681909 16219936360 1076435980 137 68710620 1111938044
======================
   8      32 sdc 2915708 31522 394145148 33385896 40902136 880681909 16220281448 1076579012 135 68711624 1112081504
======================
   8      32 sdc 2915708 31522 394145148 33385896 40902804 880681909 16220623464 1076719212 139 68712628 1112221520
======================
   8      32 sdc 2915708 31522 394145148 33385896 40903441 880681909 16220949608 1076861420 142 68713632 1112365300
======================
   8      32 sdc 2915708 31522 394145148 33385896 40904064 880681909 16221268584 1077004336 159 68714632 1112507556
======================
   8      32 sdc 2915708 31522 394145148 33385896 40904734 880681909 16221611624 1077148996 129 68715636 1112651144
======================
   8      32 sdc 2915708 31522 394145148 33385896 40905404 880681909 16221954664 1077291620 131 68716640 1112794652
======================
   8      32 sdc 2915708 31522 394145148 33385896 40906046 880681909 16222283368 1077435672 129 68717644 1112938720
======================
   8      32 sdc 2915709 31522 394145156 33386120 40906674 880681909 16222604904 1077560552 140 68718644 1113063272
======================
   8      32 sdc 2915709 31522 394145156 33386120 40907338 880681909 16222944872 1077703644 148 68719648 1113206344
======================
   8      32 sdc 2915709 31522 394145156 33386120 40907984 880681909 16223275624 1077846648 142 68720652 1113350148
======================
   8      32 sdc 2915709 31522 394145156 33386120 40908625 880681909 16223603816 1077990180 141 68721652 1113493464
======================
   8      32 sdc 2915709 31522 394145156 33386120 40909242 880681909 16223919720 1078132172 132 68722656 1113636956
======================
   8      32 sdc 2915709 31522 394145156 33386120 40909909 880681909 16224261224 1078276856 137 68723660 1113779616
======================
   8      32 sdc 2915709 31522 394145156 33386120 40910573 880681909 16224601192 1078420100 145 68724664 1113923336
======================
   8      32 sdc 2915709 31522 394145156 33386120 40911215 880681909 16224929896 1078563032 143 68725664 1114066860
======================
   8      32 sdc 2915709 31522 394145156 33386120 40911863 880681909 16225261672 1078707332 135 68726668 1114210224
======================
   8      32 sdc 2915709 31522 394145156 33386120 40912540 880681909 16225608296 1078851028 130 68727672 1114353624
======================
   8      32 sdc 2915709 31522 394145156 33386120 40913191 880681909 16225941608 1078995320 151 68728676 1114499704
======================
   8      32 sdc 2915709 31522 394145156 33386120 40913815 880681909 16226261096 1079138752 135 68729680 1114643096
======================
   8      32 sdc 2915710 31522 394145164 33386356 40914443 880681909 16226582632 1079263808 148 68730684 1114767300
======================
   8      32 sdc 2915710 31522 394145164 33386356 40915120 880681909 16226929256 1079407472 143 68731688 1114910992
======================
   8      32 sdc 2915710 31522 394145164 33386356 40915782 880681909 16227268200 1079548000 153 68732692 1115054600
======================
   8      32 sdc 2915710 31522 394145164 33386356 40916458 880681909 16227614312 1079695844 149 68733692 1115200460
======================
   8      32 sdc 2915710 31522 394145164 33386356 40916937 880681909 16227859560 1079841172 150 68734696 1115346176
======================
   8      32 sdc 2915710 31522 394145164 33386356 40917606 880681909 16228202088 1079986272 153 68735696 1115489656
======================
   8      32 sdc 2915710 31522 394145164 33386356 40918273 880681909 16228543592 1080129252 158 68736700 1115633048
======================
   8      32 sdc 2915710 31522 394145164 33386356 40918915 880681909 16228872296 1080272680 156 68737704 1115776544
======================
   8      32 sdc 2915710 31522 394145164 33386356 40919566 880681909 16229205608 1080416112 145 68738704 1115919516
======================
   8      32 sdc 2915710 31522 394145164 33386356 40920230 880681909 16229545576 1080559540 153 68739708 1116063000
======================
   8      32 sdc 2915710 31522 394145164 33386356 40920879 880681909 16229877864 1080702724 144 68740712 1116207020
======================
   8      32 sdc 2915710 31522 394145164 33386356 40921521 880681909 16230206568 1080846156 142 68741720 1116351000
======================
   8      32 sdc 2915711 31522 394145172 33386580 40922143 880681909 16230525032 1080971340 129 68742724 1116475852
======================
   8      32 sdc 2915711 31522 394145172 33386580 40922786 880681909 16230854248 1081114572 158 68743728 1116618880
======================
   8      32 sdc 2915711 31522 394145172 33386580 40923447 880681909 16231192680 1081262320 137 68744736 1116766984
======================
   8      32 sdc 2915711 31522 394145172 33386580 40924106 880681909 16231530088 1081405424 150 68745740 1116910484
======================
   8      32 sdc 2915711 31522 394145172 33386580 40924742 880681909 16231855720 1081550180 154 68746744 1117054680
======================
   8      32 sdc 2915711 31522 394145172 33386580 40925418 880681909 16232201832 1081693552 150 68747748 1117198220
======================
   8      32 sdc 2915711 31522 394145172 33386580 40926064 880681909 16232532584 1081835528 144 68748748 1117341252
======================
   8      32 sdc 2915711 31522 394145172 33386580 40926687 880681909 16232851560 1081977736 129 68749752 1117483528
======================
   8      32 sdc 2915711 31522 394145172 33386580 40927348 880681909 16233189992 1082121848 140 68750756 1117626632
======================
   8      32 sdc 2915711 31522 394145172 33386580 40928019 880681909 16233533544 1082265492 141 68751760 1117770196
======================
   8      32 sdc 2915711 31522 394145172 33386580 40928685 880681909 16233874536 1082406252 147 68752764 1117913224
======================
   8      32 sdc 2915711 31522 394145172 33386580 40929352 880681909 16234216040 1082550584 60 68753768 1118051108
======================
   8      32 sdc 2915712 31522 394145180 33386812 40929956 880681909 16234525288 1082676432 143 68754768 1118182452
======================
   8      32 sdc 2915712 31522 394145180 33386812 40930603 880681909 16234856552 1082820684 136 68755772 1118325588
======================
   8      32 sdc 2915712 31522 394145180 33386812 40931279 880681909 16235202664 1082964216 132 68756776 1118469120
======================
   8      32 sdc 2915712 31522 394145180 33386812 40931907 880681909 16235524200 1083103912 144 68757776 1118612304
======================
   8      32 sdc 2915712 31522 394145180 33386812 40932559 880681909 16235858024 1083251324 132 68758780 1118756352
======================
   8      32 sdc 2915712 31522 394145180 33386812 40933223 880681909 16236197992 1083394520 140 68759784 1118900092
======================
   8      32 sdc 2915712 31522 394145180 33386812 40933865 880681909 16236526696 1083537412 138 68760784 1119043192
======================
   8      32 sdc 2915712 31522 394145180 33386812 40934507 880681909 16236855400 1083681076 136 68761788 1119186808
======================
   8      32 sdc 2915712 31522 394145180 33386812 40935149 880681909 16237184104 1083824720 134 68762796 1119331012
======================
   8      32 sdc 2915712 31522 394145180 33386812 40935776 880681909 16237505128 1083969252 147 68763796 1119474676
======================
   8      32 sdc 2915712 31522 394145180 33386812 40936434 880681909 16237842536 1084112856 129 68764800 1119618460
======================
   8      32 sdc 2915713 31522 394145188 33387024 40937076 880681909 16238170728 1084253560 95 68765804 1119747340
======================
   8      32 sdc 2915713 31522 394145188 33387024 40937718 880681909 16238499432 1084384648 158 68766808 1119891088
======================
   8      32 sdc 2915713 31522 394145188 33387024 40938384 880681909 16238840424 1084528688 132 68767808 1120034088
======================
   8      32 sdc 2915713 31522 394145188 33387024 40939058 880681909 16239185512 1084671764 130 68768812 1120177324
======================
   8      32 sdc 2915713 31522 394145188 33387024 40939559 880681909 16239442024 1084785540 141 68769816 1120320532
======================
   8      32 sdc 2915713 31522 394145188 33387024 40940202 880681909 16239771240 1084958308 138 68770820 1120464132
======================
   8      32 sdc 2915713 31522 394145188 33387024 40940878 880681909 16240117352 1085101884 134 68771824 1120607668
======================
   8      32 sdc 2915713 31522 394145188 33387024 40941548 880681909 16240460392 1085245456 136 68772824 1120750924
======================
   8      32 sdc 2915713 31522 394145188 33387024 40942159 880681909 16240773224 1085377572 133 68773828 1120893684
======================
   8      32 sdc 2915713 31522 394145188 33387024 40942826 880681909 16241114728 1085527920 138 68774832 1121035016
======================
   8      32 sdc 2915713 31522 394145188 33387024 40943480 880681909 16241449576 1085673156 156 68775836 1121178736
======================
   8      32 sdc 2915713 31522 394145188 33387024 40944156 880681909 16241795688 1085816636 152 68776840 1121322384
======================
   8      32 sdc 2915714 31522 394145196 33387256 40944776 880681909 16242113128 1085953324 141 68777844 1121448844
======================
   8      32 sdc 2915714 31522 394145196 33387256 40945418 880681909 16242441832 1086085420 139 68778844 1121591732
======================
   8      32 sdc 2915714 31522 394145196 33387256 40946077 880681909 16242779240 1086229516 152 68779848 1121735772
======================
   8      32 sdc 2915714 31522 394145196 33387256 40946736 880681909 16243116648 1086372488 133 68780852 1121879064
======================
   8      32 sdc 2915714 31522 394145196 33387256 40947239 880681909 16243374184 1086484756 142 68781856 1122022408
======================
   8      32 sdc 2915714 31522 394145196 33387256 40947869 880681909 16243696744 1086658684 152 68782856 1122165288
======================
   8      32 sdc 2915714 31522 394145196 33387256 40948514 880681909 16244027496 1086802524 147 68783860 1122308924
======================
   8      32 sdc 2915714 31522 394145196 33387256 40949179 880681909 16244367464 1086946972 154 68784860 1122452720
======================
   8      32 sdc 2915714 31522 394145196 33387256 40949833 880681909 16244702312 1087089692 140 68785864 1122595824
======================
   8      32 sdc 2915714 31522 394145196 33387256 40950464 880681909 16245025384 1087232620 149 68786868 1122739384
======================
   8      32 sdc 2915714 31522 394145196 33387256 40951128 880681909 16245365352 1087376892 157 68787872 1122882900
======================
   8      32 sdc 2915714 31522 394145196 33387256 40951804 880681909 16245711464 1087520196 153 68788872 1123025844
======================
   8      32 sdc 2915715 31522 394145204 33387472 40952419 880681909 16246026344 1087661356 148 68789876 1123155380
======================
   8      32 sdc 2915715 31522 394145204 33387472 40953023 880681909 16246335592 1087786416 152 68790876 1123298376
======================
   8      32 sdc 2915715 31522 394145204 33387472 40953725 880681909 16246695016 1087936616 154 68791884 1123442488
======================
   8      32 sdc 2915715 31522 394145204 33387472 40954401 880681909 16247041128 1088079992 150 68792892 1123586404
======================
   8      32 sdc 2915715 31522 394145204 33387472 40955044 880681909 16247370344 1088222372 147 68793896 1123730168
======================
   8      32 sdc 2915715 31522 394145204 33387472 40955665 880681909 16247688296 1088366000 134 68794900 1123873948
======================
   8      32 sdc 2915715 31522 394145204 33387472 40956331 880681909 16248029288 1088510684 140 68795904 1124017456
======================
   8      32 sdc 2915715 31522 394145204 33387472 40956998 880681909 16248370792 1088653640 145 68796904 1124160772
======================
   8      32 sdc 2915715 31522 394145204 33387472 40957615 880681909 16248686696 1088791572 136 68797908 1124304088
======================
   8      32 sdc 2915715 31522 394145204 33387472 40958288 880681909 16249031272 1088939508 135 68798912 1124446452
======================
   8      32 sdc 2915715 31522 394145204 33387472 40958950 880681909 16249370216 1089082524 145 68799916 1124590012
======================
   8      32 sdc 2915715 31522 394145204 33387472 40959592 880681909 16249698920 1089225804 143 68800920 1124733612
======================
   8      32 sdc 2915716 31522 394145212 33387912 40960076 880681909 16249946728 1089339600 139 68801920 1124835884
======================
   8      32 sdc 2915716 31522 394145212 33387912 40960718 880681909 16250275432 1089471692 137 68802924 1124979648
======================
   8      32 sdc 2915716 31522 394145212 33387912 40961360 880681909 16250604136 1089616056 135 68803928 1125124000
======================
   8      32 sdc 2915716 31522 394145212 33387912 40962025 880681909 16250944616 1089759912 142 68804932 1125267560
======================
   8      32 sdc 2915716 31522 394145212 33387912 40962672 880681909 16251275880 1089902700 135 68805932 1125410472
======================
   8      32 sdc 2915716 31522 394145212 33387912 40963322 880681909 16251608680 1090047232 157 68806936 1125554056
======================
   8      32 sdc 2915716 31522 394145212 33387912 40963998 880681909 16251954792 1090190352 153 68807940 1125697328
======================
   8      32 sdc 2915716 31522 394145212 33387912 40964642 880681909 16252284520 1090330232 130 68808944 1125838304
======================
   8      32 sdc 2915716 31522 394145212 33387912 40965267 880681909 16252604520 1090474196 145 68809948 1125982404
======================
   8      32 sdc 2915716 31522 394145212 33387912 40965926 880681909 16252941928 1090619288 158 68810952 1126126028
======================
   8      32 sdc 2915716 31522 394145212 33387912 40966602 880681909 16253288040 1090762852 154 68811956 1126269952
======================
   8      32 sdc 2915716 31522 394145212 33387912 40967278 880681909 16253634152 1090906544 150 68812960 1126413444
======================
   8      32 sdc 2915717 31522 394145220 33388136 40967910 880681909 16253957736 1091035892 158 68813960 1126543932
======================
   8      32 sdc 2915717 31522 394145220 33388136 40968533 880681909 16254276712 1091176552 143 68814964 1126685200
======================
   8      32 sdc 2915717 31522 394145220 33388136 40969180 880681909 16254607976 1091321004 136 68815968 1126828496
======================
   8      32 sdc 2915717 31522 394145220 33388136 40969850 880681909 16254951016 1091464648 138 68816968 1126971656
======================
   8      32 sdc 2915717 31522 394145220 33388136 40970484 880681909 16255275624 1091607592 144 68817972 1127115856
======================
   8      32 sdc 2915717 31522 394145220 33388136 40971136 880681909 16255609448 1091751728 132 68818976 1127259492
======================
   8      32 sdc 2915717 31522 394145220 33388136 40971800 880681909 16255949416 1091896020 140 68819976 1127403392
======================
   8      32 sdc 2915717 31522 394145220 33388136 40972443 880681909 16256278632 1092038992 137 68820980 1127547172
======================
   8      32 sdc 2915717 31522 394145220 33388136 40973085 880681909 16256607336 1092182904 135 68821984 1127690488
======================
   8      32 sdc 2915717 31522 394145220 33388136 40973726 880681909 16256935528 1092325996 134 68822984 1127833824
======================
   8      32 sdc 2915717 31522 394145220 33388136 40974374 880681909 16257267304 1092469612 158 68823988 1127977204
======================
   8      32 sdc 2915717 31522 394145220 33388136 40975020 880681909 16257598056 1092609336 152 68824992 1128121224
======================
   8      32 sdc 2915717 31522 394145220 33388136 40975386 880681909 16257785448 1092691628 42 68825992 1128211020
======================
   8      32 sdc 2915717 31522 394145220 33388136 40975386 880681909 16257785448 1092691628 42 68826996 1128253188
======================
   8      32 sdc 2915718 31522 394145228 33389788 40976960 880681909 16258591336 1092885848 146 68828000 1128394912
======================
   8      32 sdc 2915718 31522 394145228 33389788 40977635 880681909 16258936936 1093028732 143 68829000 1128537428
======================
   8      32 sdc 2915718 31522 394145228 33389788 40978110 880681909 16259180136 1093169752 148 68830004 1128679932
======================
   8      32 sdc 2915718 31522 394145228 33389788 40978764 880681909 16259514984 1093310856 134 68831004 1128819536
======================
   8      32 sdc 2915718 31522 394145228 33389788 40979440 880681909 16259861096 1093454032 130 68832008 1128962568
======================
   8      32 sdc 2915718 31522 394145228 33389788 40980118 880681909 16260208232 1093597476 156 68833016 1129106360
======================
   8      32 sdc 2915718 31522 394145228 33389788 40980774 880681909 16260544104 1093739252 140 68834016 1129249228
======================
   8      32 sdc 2915718 31522 394145228 33389788 40981398 880681909 16260863592 1093882648 156 68835020 1129392504
======================
   8      32 sdc 2915718 31522 394145228 33389788 40982048 880681909 16261196392 1094026604 146 68836024 1129535764
======================
   8      32 sdc 2915718 31522 394145228 33389788 40982718 880681909 16261539432 1094169820 148 68837024 1129678540
======================
   8      32 sdc 2915718 31522 394145228 33389788 40983066 880681909 16261717608 1094245172 42 68838028 1129766488
======================
   8      32 sdc 2915718 31522 394145228 33389788 40983066 880681909 16261717608 1094245172 42 68839032 1129808656
======================
   8      32 sdc 2915719 31522 394145236 33392184 40984628 880681909 16262517352 1094376712 133 68840036 1129873856
======================
   8      32 sdc 2915719 31522 394145236 33392184 40985278 880681909 16262850152 1094499452 143 68841036 1130011412
======================
   8      32 sdc 2915719 31522 394145236 33392184 40985775 880681909 16263104616 1094640932 158 68842040 1130152452
======================
   8      32 sdc 2915719 31522 394145236 33392184 40986416 880681909 16263432808 1094783840 157 68843044 1130296028
======================
   8      32 sdc 2915719 31522 394145236 33392184 40987066 880681909 16263765608 1094926464 147 68844044 1130438968
======================
   8      32 sdc 2915719 31522 394145236 33392184 40987731 880681909 16264106088 1095070932 154 68845048 1130582384
======================
   8      32 sdc 2915719 31522 394145236 33392184 40988371 880681909 16264433768 1095213548 154 68846052 1130725532
======================
   8      32 sdc 2915719 31522 394145236 33392184 40989014 880681909 16264762984 1095357292 151 68847056 1130869136
======================
   8      32 sdc 2915719 31522 394145236 33392184 40989690 880681909 16265109096 1095501168 147 68848060 1131012840
======================
   8      32 sdc 2915719 31522 394145236 33392184 40990348 880681909 16265445992 1095643408 129 68849060 1131155652
======================
   8      32 sdc 2915719 31522 394145236 33392184 40990735 880681909 16265644136 1095732388 53 68850064 1131258324
======================
   8      32 sdc 2915719 31522 394145236 33392184 40990735 880681909 16265644136 1095732388 53 68851068 1131311536
======================
   8      32 sdc 2915720 31522 394145244 33393808 40992263 880681909 16266426472 1095933632 153 68852072 1131446608
======================
   8      32 sdc 2915720 31522 394145244 33393808 40992933 880681909 16266769512 1096076932 155 68853072 1131589524
======================
   8      32 sdc 2915720 31522 394145244 33393808 40993444 880681909 16267031144 1096220992 156 68854080 1131735692
======================
   8      32 sdc 2915720 31522 394145244 33393808 40994068 880681909 16267350632 1096364268 140 68855084 1131879432
======================
   8      32 sdc 2915720 31522 394145244 33393808 40994733 880681909 16267691112 1096507608 147 68856084 1132020940
======================
   8      32 sdc 2915720 31522 394145244 33393808 40995406 880681909 16268035688 1096650492 146 68857088 1132164540
======================
   8      32 sdc 2915720 31522 394145244 33393808 40996023 880681909 16268351592 1096788020 137 68858092 1132307628
======================
   8      32 sdc 2915720 31522 394145244 33393808 40996695 880681909 16268695656 1096936732 137 68859092 1132450304
======================
   8      32 sdc 2915720 31522 394145244 33393808 40997354 880681909 16269033064 1097080184 150 68860096 1132593688
======================
   8      32 sdc 2915720 31522 394145244 33393808 40997991 880681909 16269359208 1097219448 153 68861100 1132737576
======================
   8      32 sdc 2915721 31522 394145252 33394020 40998626 880681909 16269684328 1097350564 147 68862100 1132864968
======================
   8      32 sdc 2915721 31522 394145252 33394020 40999275 880681909 16270016616 1097495616 138 68863116 1133010132
======================
   8      32 sdc 2915721 31522 394145252 33394020 40999919 880681909 16270346344 1097639532 134 68864124 1133154232
======================
   8      32 sdc 2915721 31522 394145252 33394020 41000563 880681909 16270676072 1097779832 130 68865128 1133297404
======================
   8      32 sdc 2915721 31522 394145252 33394020 41001096 880681909 16270948968 1097925200 141 68866132 1133439672
======================
   8      32 sdc 2915721 31522 394145252 33394020 41001738 880681909 16271277672 1098069100 139 68867136 1133583536
======================
   8      32 sdc 2915721 31522 394145252 33394020 41002410 880681909 16271621736 1098213280 139 68868140 1133727028
======================
   8      32 sdc 2915721 31522 394145252 33394020 41003075 880681909 16271962216 1098355184 146 68869140 1133870112
======================
   8      32 sdc 2915721 31522 394145252 33394020 41003699 880681909 16272281704 1098498576 130 68870144 1134013264
======================
   8      32 sdc 2915721 31522 394145252 33394020 41004341 880681909 16272610408 1098644576 128 68871148 1134157860
======================
   8      32 sdc 2915721 31522 394145252 33394020 41005018 880681909 16272957032 1098788212 155 68872152 1134301604
======================
   8      32 sdc 2915721 31522 394145252 33394020 41005695 880681909 16273303656 1098931792 150 68873160 1134446320
======================
   8      32 sdc 2915721 31522 394145252 33394020 41006123 880681909 16273522792 1099023504 25 68874164 1134536596
======================
   8      32 sdc 2915721 31522 394145252 33394020 41006123 880681909 16273522792 1099023504 25 68875164 1134561596
======================
   8      32 sdc 2915722 31522 394145260 33395688 41007582 880681909 16274269800 1099173524 144 68876168 1134689836
======================
   8      32 sdc 2915722 31522 394145260 33395688 41008258 880681909 16274615912 1099317588 140 68877172 1134833580
======================
   8      32 sdc 2915722 31522 394145260 33395688 41008777 880681909 16274881640 1099456056 233 68878176 1135023308
======================
   8      32 sdc 2915722 31522 394145260 33395688 41009422 880681909 16275211880 1099611140 228 68879180 1135244516
======================
   8      32 sdc 2915722 31522 394145260 33395688 41010080 880681909 16275548776 1099767904 210 68880180 1135457788
======================
   8      32 sdc 2915722 31522 394145260 33395688 41010736 880681909 16275884648 1099936184 194 68881184 1135664768
======================
   8      32 sdc 2915722 31522 394145260 33395688 41011371 880681909 16276209768 1100106032 199 68882196 1135865984
======================
   8      32 sdc 2915722 31522 394145260 33395688 41011963 880681909 16276512872 1100291448 183 68883196 1136055864
======================
   8      32 sdc 2915722 31522 394145260 33395688 41012654 880681909 16276866664 1100492716 164 68884200 1136238608
======================
   8      32 sdc 2915722 31522 394145260 33395688 41013316 880681909 16277205608 1100681732 165 68885204 1136417040
======================
   8      32 sdc 2915723 31522 394145268 33395960 41013962 880681909 16277536360 1100884916 161 68886208 1136564312
======================
   8      32 sdc 2915723 31522 394145268 33395960 41014598 880681909 16277861992 1101118772 165 68887212 1136721964
======================
   8      32 sdc 2915723 31522 394145268 33395960 41015243 880681909 16278192232 1101333548 152 68888216 1136870764
======================
   8      32 sdc 2915723 31522 394145268 33395960 41015919 880681909 16278538344 1101498164 156 68889216 1137013860
======================
   8      32 sdc 2915723 31522 394145268 33395960 41016552 880681909 16278862440 1101639676 158 68890220 1137156808
======================
   8      32 sdc 2915723 31522 394145268 33395960 41017200 880681909 16279194216 1101784244 150 68891224 1137300636
======================
   8      32 sdc 2915723 31522 394145268 33395960 41017877 880681909 16279540840 1101927920 145 68892228 1137444044
======================
   8      32 sdc 2915723 31522 394145268 33395960 41018552 880681909 16279886440 1102071072 142 68893228 1137587188
======================
   8      32 sdc 2915723 31522 394145268 33395960 41019221 880681909 16280228968 1102213728 145 68894232 1137730396
======================
   8      32 sdc 2915723 31522 394145268 33395960 41019838 880681909 16280544872 1102355004 136 68895236 1137873968
======================
   8      32 sdc 2915723 31522 394145268 33395960 41020484 880681909 16280875624 1102501748 130 68896240 1138017708
======================
   8      32 sdc 2915723 31522 394145268 33395960 41021159 880681909 16281221224 1102645036 156 68897244 1138161136
======================
   8      32 sdc 2915723 31522 394145268 33395960 41021508 880681909 16281399408 1102718976 1 68898248 1138220568
======================
   8      32 sdc 2915724 31522 394145276 33397672 41021643 880682380 16281468776 1102719336 42 68899252 1138222084
======================
   8      32 sdc 2915724 31522 394145276 33397672 41023081 880682380 16282204520 1102838664 156 68900256 1138357012
======================
   8      32 sdc 2915724 31522 394145276 33397672 41023746 880682380 16282545000 1102980888 131 68901260 1138499012
======================
   8      32 sdc 2915724 31522 394145276 33397672 41024239 880682380 16282797416 1103124708 150 68902260 1138643076
======================
   8      32 sdc 2915724 31522 394145276 33397672 41024876 880682380 16283123560 1103268456 153 68903264 1138786840
======================
   8      32 sdc 2915724 31522 394145276 33397672 41025518 880682380 16283452264 1103412048 151 68904268 1138930588
======================
   8      32 sdc 2915724 31522 394145276 33397672 41026180 880682380 16283791208 1103556136 129 68905272 1139074060
======================
   8      32 sdc 2915724 31522 394145276 33397672 41026825 880682380 16284121448 1103698928 156 68906276 1139217516
======================
   8      32 sdc 2915724 31522 394145276 33397672 41027467 880682380 16284450152 1103842328 154 68907280 1139361048
======================
   8      32 sdc 2915724 31522 394145276 33397672 41028138 880682380 16284793704 1103986940 155 68908284 1139504740
======================
   8      32 sdc 2915724 31522 394145276 33397672 41028807 880682380 16285136232 1104129260 158 68909284 1139647640
======================
   8      32 sdc 2915725 31522 394145284 33397944 41029408 880682400 16285442592 1104242548 145 68910288 1139761820
======================
   8      32 sdc 2915725 31522 394145284 33397944 41029668 880682863 16285552688 1104309660 0 68910796 1139812488
======================
   8      32 sdc 2915725 31522 394145284 33397944 41029668 880682863 16285552688 1104309660 0 68910796 1139812488
======================
   8      32 sdc 2915725 31522 394145284 33397944 41029668 880682863 16285552688 1104309660 0 68910796 1139812488
======================
   8      32 sdc 2915725 31522 394145284 33397944 41029668 880682863 16285552688 1104309660 0 68910796 1139812488
======================
   8      32 sdc 2915725 31522 394145284 33397944 41029668 880682863 16285552688 1104309660 0 68910796 1139812488
======================
   8      32 sdc 2915725 31522 394145284 33397944 41029668 880682863 16285552688 1104309660 0 68910796 1139812488
======================
   8      32 sdc 2915963 31522 394147182 33411404 41029682 880682863 16285552744 1104309668 0 68911536 1139825956
started
======================
   8      32 sdc 2915966 31522 394147206 33411404 41029683 880682863 16285552744 1104309668 0 68911536 1139825956
======================
   8      32 sdc 2915971 31522 394147246 33411412 41029683 880682863 16285552744 1104309668 0 68911544 1139825964
======================
   8      32 sdc 2915971 31522 394147246 33411412 41029683 880682863 16285552744 1104309668 0 68911544 1139825964
======================
   8      32 sdc 2915971 31522 394147246 33411412 41029683 880682863 16285552744 1104309668 0 68911544 1139825964
======================
   8      32 sdc 2915971 31522 394147246 33411412 41029683 880682863 16285552744 1104309668 0 68911544 1139825964
======================
   8      32 sdc 2915971 31522 394147246 33411412 41029683 880682863 16285552744 1104309668 0 68911544 1139825964
======================
   8      32 sdc 2915971 31522 394147246 33411412 41029686 880682865 16285552784 1104309668 0 68911544 1139825964
======================
   8      32 sdc 2915971 31522 394147246 33411412 41029686 880682865 16285552784 1104309668 0 68911544 1139825964
======================
   8      32 sdc 2915971 31522 394147246 33411412 41029686 880682865 16285552784 1104309668 0 68911544 1139825964
======================
   8      32 sdc 2915971 31522 394147246 33411412 41029686 880682865 16285552784 1104309668 0 68911544 1139825964
======================
   8      32 sdc 2915971 31522 394147246 33411412 41029686 880682865 16285552784 1104309668 0 68911544 1139825964
======================
   8      32 sdc 2915971 31522 394147246 33411412 41036990 880682867 16286045168 1104318732 145 68911664 1139835352
======================
   8      32 sdc 2915971 31522 394147246 33411412 41039750 880682867 16286231728 1104449056 136 68912668 1139982144
======================
   8      32 sdc 2915971 31522 394147246 33411412 41040351 880682867 16286272496 1104593032 143 68913668 1140125320
======================
   8      32 sdc 2915971 31522 394147246 33411412 41040960 880682867 16286313712 1104733140 154 68914752 1140278876
======================
   8      32 sdc 2915971 31522 394147246 33411412 41041545 880682867 16286354416 1104879660 145 68915756 1140423180
======================
   8      32 sdc 2915971 31522 394147246 33411412 41042102 880682868 16286392968 1105020204 134 68916760 1140566844
======================
   8      32 sdc 2915971 31522 394147246 33411412 41042694 880682868 16286433864 1105160180 150 68917768 1140706668
======================
   8      32 sdc 2915971 31522 394147246 33411412 41043274 880682868 16286474120 1105301516 146 68918772 1140848880
======================
   8      32 sdc 2915971 31522 394147246 33411412 41043863 880682868 16286515400 1105447508 133 68919776 1140993052
======================
   8      32 sdc 2915971 31522 394147246 33411412 41044472 880682868 16286557576 1105594188 132 68920780 1141137256
======================
   8      32 sdc 2915971 31522 394147246 33411412 41045057 880682869 16286598624 1105736996 157 68921784 1141280984
======================
   8      32 sdc 2915971 31522 394147246 33411412 41045627 880682870 16286638048 1105879124 131 68922788 1141425324
======================
   8      32 sdc 2915971 31522 394147246 33411412 41046195 880682870 16286678048 1106020180 139 68923788 1141566588
======================
   8      32 sdc 2915971 31522 394147246 33411412 41046679 880682870 16286712416 1106163072 135 68924792 1141710456
======================
   8      32 sdc 2915971 31522 394147246 33411412 41047260 880682870 16286754208 1106309100 130 68925796 1141854124
======================
   8      32 sdc 2915971 31522 394147246 33411412 41047864 880682871 16286797624 1106454312 136 68926800 1141998464
======================
   8      32 sdc 2915971 31522 394147246 33411412 41048437 880682871 16286837688 1106595436 139 68927804 1142141928
======================
   8      32 sdc 2915971 31522 394147246 33411412 41048908 880682871 16286870968 1106734184 148 68928808 1142286188
======================
   8      32 sdc 2915971 31522 394147246 33411412 41049528 880682871 16286915192 1106885120 136 68929812 1142429828
======================
   8      32 sdc 2915971 31522 394147246 33411412 41050111 880682871 16286957496 1107029976 129 68930816 1142573872
======================
   8      32 sdc 2915971 31522 394147246 33411412 41050715 880682872 16287001488 1107174168 135 68931820 1142718376
======================
   8      32 sdc 2915971 31522 394147246 33411412 41051297 880682872 16287043152 1107320212 129 68932824 1142862212
======================
   8      32 sdc 2915971 31522 394147246 33411412 41051885 880682872 16287085328 1107462640 149 68933828 1143006744
======================
   8      32 sdc 2915971 31522 394147246 33411412 41052512 880682872 16287130128 1107609284 150 68934828 1143151560
======================
   8      32 sdc 2915971 31522 394147246 33411412 41053082 880682872 16287170704 1107749660 156 68935832 1143296080
======================
   8      32 sdc 2915971 31522 394147246 33411412 41053570 880682873 16287205480 1107903248 150 68936836 1143444068
======================
   8      32 sdc 2915971 31522 394147246 33411412 41054196 880682873 16287249704 1108047772 132 68937840 1143587980
======================
   8      32 sdc 2915971 31522 394147246 33411412 41054901 880682873 16287300072 1108194788 131 68938844 1143733736
======================
   8      32 sdc 2915971 31522 394147246 33411412 41055520 880682873 16287344296 1108336648 152 68939848 1143878228
======================
   8      32 sdc 2915971 31522 394147246 33411412 41056159 880682874 16287390696 1108480096 153 68940848 1144021752
======================
   8      32 sdc 2915971 31522 394147246 33411412 41056832 880682875 16287439296 1108625136 154 68941864 1144167244
======================
   8      32 sdc 2915971 31522 394147246 33411412 41057474 880682876 16287486208 1108770232 152 68942864 1144312940
======================
   8      32 sdc 2915971 31522 394147246 33411412 41058093 880682876 16287531328 1108914272 141 68943868 1144457296
======================
   8      32 sdc 2915971 31522 394147246 33411412 41058760 880682876 16287578176 1109060128 146 68944872 1144601252
======================
   8      32 sdc 2915971 31522 394147246 33411412 41059410 880682876 16287624704 1109201288 136 68945876 1144744456
======================
   8      32 sdc 2915971 31522 394147246 33411412 41060066 880682877 16287671576 1109347624 154 68946880 1144888320
======================
   8      32 sdc 2915971 31522 394147246 33411412 41060667 880682878 16287714648 1109486292 129 68947884 1145030716
======================
   8      32 sdc 2915971 31522 394147246 33411412 41061328 880682878 16287762456 1109632568 140 68948888 1145174952
======================
   8      32 sdc 2915971 31522 394147246 33411412 41061886 880682878 16287802456 1109761060 158 68949892 1145319956
======================
   8      32 sdc 2915971 31522 394147246 33411412 41062479 880682878 16287845464 1109930088 139 68950896 1145473660
======================
   8      32 sdc 2915971 31522 394147246 33411412 41063100 880682879 16287889840 1110074228 128 68951900 1145617892
======================
   8      32 sdc 2915971 31522 394147246 33411412 41063730 880682880 16287934832 1110219152 138 68952900 1145761272
======================
   8      32 sdc 2915971 31522 394147246 33411412 41064304 880682880 16287976624 1110343848 140 68953904 1145905316
======================
   8      32 sdc 2915971 31522 394147246 33411412 41065048 880682880 16288029552 1110506768 132 68954916 1146050388
======================
   8      32 sdc 2915971 31522 394147246 33411412 41065693 880682880 16288076720 1110655472 135 68955920 1146196760
======================
   8      32 sdc 2915971 31522 394147246 33411412 41066298 880682881 16288119240 1110795268 140 68956924 1146341832
======================
   8      32 sdc 2915971 31522 394147246 33411412 41066971 880682881 16288167304 1110941892 139 68957928 1146486632
======================
   8      32 sdc 2915971 31522 394147246 33411412 41067588 880682881 16288212104 1111085260 136 68958928 1146628236
======================
   8      32 sdc 2915971 31522 394147246 33411412 41068232 880682881 16288257800 1111227004 132 68959944 1146774016
======================
   8      32 sdc 2915971 31522 394147246 33411412 41068862 880682881 16288303112 1111371852 142 68960944 1146918000
======================
   8      32 sdc 2915971 31522 394147246 33411412 41069522 880682882 16288350304 1111516692 156 68961948 1147062212
======================
   8      32 sdc 2915971 31522 394147246 33411412 41070011 880682882 16288385056 1111669244 148 68962952 1147211532
