======================
   8      16 sdb 28968613 368944 2594529002 62211044 54362276 355337721 14905390392 2137252484 118 18758644 2199546676
======================
   8      16 sdb 28968613 368944 2594529002 62211044 54362394 355337721 14905450392 2137332472 0 18759512 2199608308
======================
   8      16 sdb 28968613 368944 2594529002 62211044 54362394 355337721 14905450392 2137332472 0 18759512 2199608308
======================
   8      16 sdb 28968613 368944 2594529002 62211044 54362394 355337721 14905450392 2137332472 0 18759512 2199608308
======================
   8      16 sdb 28968614 368944 2594529010 62211068 54362396 355337722 14905450416 2137332472 0 18759536 2199608332
======================
   8      16 sdb 28968614 368944 2594529010 62211068 54362396 355337722 14905450416 2137332472 0 18759536 2199608332
======================
   8      16 sdb 28968614 368944 2594529010 62211068 54363619 355337722 14906074448 2137455768 137 18760460 2199739600
======================
   8      16 sdb 28968614 368944 2594529010 62211068 54364706 355337722 14906628944 2137593364 138 18761464 2199883252
======================
   8      16 sdb 28968614 368944 2594529010 62211068 54365845 355337722 14907210576 2137728348 151 18762468 2200027200
======================
   8      16 sdb 28968614 368944 2594529010 62211068 54366188 355337722 14907385680 2137891648 109 18763468 2200174936
======================
   8      16 sdb 28968614 368944 2594529010 62211068 54366297 355337722 14907441072 2137903860 0 18763552 2200179700
======================
   8      16 sdb 28968614 368944 2594529010 62211068 54366299 355337725 14907441112 2137903860 0 18763552 2200179700
======================
   8      16 sdb 28969105 368944 2594532938 62211124 54366299 355337725 14907441112 2137903860 0 18763608 2200179756
======================
   8      16 sdb 28969105 368944 2594532938 62211124 54366299 355337725 14907441112 2137903860 0 18763608 2200179756
======================
   8      16 sdb 28969105 368944 2594532938 62211124 54366299 355337725 14907441112 2137903860 0 18763608 2200179756
======================
   8      16 sdb 28969105 368944 2594532938 62211124 54366299 355337725 14907441112 2137903860 0 18763608 2200179756
======================
   8      16 sdb 28969105 368944 2594532938 62211124 54366299 355337725 14907441112 2137903860 0 18763608 2200179756
======================
   8      16 sdb 28969105 368944 2594532938 62211124 54366376 355342459 14907479600 2137903892 0 18763616 2200179788
======================
   8      16 sdb 28969105 368944 2594532938 62211124 54366376 355342459 14907479600 2137903892 0 18763616 2200179788
======================
   8      16 sdb 28969105 368944 2594532938 62211124 54366376 355342459 14907479600 2137903892 0 18763616 2200179788
======================
   8      16 sdb 28969105 368944 2594532938 62211124 54366376 355342459 14907479600 2137903892 0 18763616 2200179788
======================
   8      16 sdb 28969105 368944 2594532938 62211124 54366376 355342459 14907479600 2137903892 0 18763616 2200179788
======================
   8      16 sdb 28969105 368944 2594532938 62211124 54366376 355342459 14907479600 2137903892 0 18763616 2200179788
======================
   8      16 sdb 28969105 368944 2594532938 62211124 54366376 355342459 14907479600 2137903892 0 18763616 2200179788
======================
   8      16 sdb 28969105 368944 2594532938 62211124 54366376 355342459 14907479600 2137903892 0 18763616 2200179788
======================
started
   8      16 sdb 28969108 368944 2594532962 62211128 54366498 355347132 14907517952 2137904452 0 18763636 2200180352
======================
   8      16 sdb 28969108 368944 2594532962 62211128 54366498 355347132 14907517952 2137904452 0 18763636 2200180352
======================
   8      16 sdb 28969174 368944 2594533490 62211140 54366498 355347132 14907517952 2137904452 0 18763648 2200180364
======================
   8      16 sdb 28969207 368944 2594533754 62211140 54366498 355347132 14907517952 2137904452 0 18763648 2200180364
======================
   8      16 sdb 28969237 368944 2594533994 62211144 54366498 355347132 14907517952 2137904452 0 18763652 2200180368
======================
   8      16 sdb 28969262 368944 2594534194 62211148 54366642 355355981 14907589896 2137904728 0 18763760 2200180648
======================
   8      16 sdb 28969285 368944 2594534378 62211148 54366649 355360958 14907593480 2137904728 72 18763772 2200180996
======================
   8      16 sdb 28969309 368944 2594534570 62211164 54366774 355364228 14907656928 2137905428 0 18763792 2200181364
======================
   8      16 sdb 28969338 368944 2594534802 62211164 54366774 355364228 14907656928 2137905428 0 18763792 2200181364
======================
   8      16 sdb 28969368 368944 2594535042 62211168 54366774 355364228 14907656928 2137905428 0 18763796 2200181368
======================
   8      16 sdb 28969398 368944 2594535282 62211172 54367199 355391069 14907874528 2137905820 2 18764072 2200181764
======================
   8      16 sdb 28969426 368944 2594535506 62211172 54367942 355437763 14908254552 2137906504 0 18764544 2200182440
======================
   8      16 sdb 28969427 368944 2594535514 62211172 54368167 355451867 14908369184 2137906632 0 18764600 2200182568
======================
   8      16 sdb 28969457 368944 2594535754 62211172 54368167 355451867 14908369184 2137906632 0 18764600 2200182568
======================
   8      16 sdb 28969487 368944 2594535994 62211172 54368167 355451867 14908369184 2137906632 0 18764600 2200182568
======================
   8      16 sdb 28969517 368944 2594536234 62211172 54368167 355451867 14908369184 2137906632 0 18764600 2200182568
======================
   8      16 sdb 28969547 368944 2594536474 62211172 54368167 355451867 14908369184 2137906632 0 18764600 2200182568
======================
   8      16 sdb 28969612 368944 2594536994 62211204 54368330 355462040 14908451872 2137906688 0 18764644 2200182652
======================
   8      16 sdb 28969642 368944 2594537234 62211204 54368330 355462040 14908451872 2137906688 0 18764644 2200182652
======================
   8      16 sdb 28969672 368944 2594537474 62211208 54368330 355462040 14908451872 2137906688 0 18764648 2200182656
======================
   8      16 sdb 28969701 368944 2594537706 62211220 54368330 355462040 14908451872 2137906688 0 18764660 2200182668
======================
   8      16 sdb 28969730 368944 2594537938 62211224 54368330 355462040 14908451872 2137906688 0 18764664 2200182672
======================
   8      16 sdb 28969731 368944 2594537946 62211232 54368460 355470114 14908517504 2137906744 0 18764700 2200182736
======================
   8      16 sdb 28969753 368944 2594538122 62211264 54368460 355470114 14908517504 2137906744 0 18764732 2200182768
======================
   8      16 sdb 28969783 368944 2594538362 62211272 54368460 355470114 14908517504 2137906744 0 18764740 2200182776
======================
   8      16 sdb 28969812 368944 2594538594 62211272 54368460 355470114 14908517504 2137906744 0 18764740 2200182776
======================
   8      16 sdb 28969842 368944 2594538834 62211280 54368460 355470114 14908517504 2137906744 0 18764748 2200182784
======================
   8      16 sdb 28969870 368944 2594539058 62211340 54368612 355479587 14908594504 2137906828 0 18764820 2200182928
======================
   8      16 sdb 28969892 368944 2594539234 62211404 54368612 355479587 14908594504 2137906828 0 18764880 2200182988
======================
   8      16 sdb 28969922 368944 2594539474 62211408 54368612 355479587 14908594504 2137906828 0 18764884 2200182992
======================
   8      16 sdb 28969950 368944 2594539698 62211464 54368612 355479587 14908594504 2137906828 0 18764940 2200183048
======================
   8      16 sdb 28969968 368944 2594539842 62211548 54368635 355481099 14908606280 2137906844 2 18765040 2200183152
======================
   8      16 sdb 28969987 368944 2594539994 62212040 54370310 355599614 14909452704 2137919144 231 18766040 2200206560
======================
   8      16 sdb 28970000 368944 2594540098 62212524 54370570 355601316 14909584000 2137992804 0 18766768 2200270076
======================
   8      16 sdb 28970017 368944 2594540234 62212932 54370570 355601316 14909584000 2137992804 0 18767176 2200270484
======================
   8      16 sdb 28970044 368944 2594540450 62213024 54370570 355601316 14909584000 2137992804 0 18767268 2200270576
======================
   8      16 sdb 28970074 368944 2594540690 62213028 54370570 355601316 14909584000 2137992804 0 18767272 2200270580
======================
   8      16 sdb 28970102 368944 2594540914 62213056 54370726 355612066 14909663072 2137992892 18 18767348 2200270816
======================
   8      16 sdb 28970120 368944 2594541058 62213568 54372139 355700622 14910378904 2138005952 26 18768352 2200285248
======================
   8      16 sdb 28970140 368974 2594541458 62214412 54372687 355742421 14910659608 2138106952 142 18769360 2200400216
======================
   8      16 sdb 28970155 368974 2594541578 62215068 54373201 355774312 14910920944 2138239504 136 18770364 2200536004
======================
   8      16 sdb 28970167 368974 2594541674 62215804 54373724 355805752 14911188248 2138376228 113 18771368 2200669220
======================
   8      16 sdb 28970176 368974 2594541746 62216496 54374261 355849885 14911462808 2138490612 277 18772372 2200818772
======================
   8      16 sdb 28970186 368974 2594541826 62216988 54374804 355874665 14911739648 2138702968 129 18773372 2201002964
======================
   8      16 sdb 28970199 368974 2594541930 62217524 54375337 355908241 14912012544 2138840440 130 18774376 2201140160
======================
   8      16 sdb 28970210 368974 2594542018 62218216 54375861 355941382 14912280832 2138978204 131 18775380 2201278408
======================
   8      16 sdb 28970218 368974 2594542082 62219032 54376298 355968844 14912504576 2139099492 130 18776380 2201411792
======================
   8      16 sdb 28970233 368974 2594542202 62219480 54376965 356018616 14912845056 2139240080 256 18777388 2201565492
======================
   8      16 sdb 28970250 368974 2594542338 62220012 54377822 356064787 14913283256 2139414396 133 18778392 2201710240
======================
   8      16 sdb 28970268 368974 2594542482 62220688 54378552 356111265 14913656952 2139544544 140 18779400 2201843412
======================
   8      16 sdb 28970279 368974 2594542570 62221408 54379052 356142166 14913912696 2139680244 131 18780404 2201983732
======================
   8      16 sdb 28970290 368974 2594542658 62221940 54380088 356198825 14914439712 2139795696 2 18781408 2202082352
======================
   8      16 sdb 28970293 368974 2594542682 62221984 54381442 356287758 14915102392 2139804716 121 18782304 2202104440
======================
   8      16 sdb 28970306 368974 2594542786 62222640 54381563 356287758 14915163480 2139831648 0 18782864 2202119560
======================
   8      16 sdb 28970322 368974 2594542914 62223064 54381563 356287758 14915163480 2139831648 1 18783316 2202120012
======================
   8      16 sdb 28970351 368974 2594543146 62223128 54381563 356287758 14915163480 2139831648 0 18783352 2202120048
======================
   8      16 sdb 28970381 368974 2594543386 62223140 54381563 356287758 14915163480 2139831648 0 18783364 2202120060
======================
   8      16 sdb 28970405 368974 2594543578 62223264 54381682 356295188 14915223872 2139831676 0 18783504 2202120212
======================
   8      16 sdb 28970435 368974 2594543818 62223268 54381682 356295188 14915223872 2139831676 0 18783508 2202120216
======================
   8      16 sdb 28970457 368974 2594543994 62223272 54381682 356295188 14915223872 2139831676 0 18783512 2202120220
======================
   8      16 sdb 28970486 368974 2594544226 62223276 54381682 356295188 14915223872 2139831676 0 18783516 2202120224
======================
   8      16 sdb 28970510 368974 2594544418 62223276 54381682 356295188 14915223872 2139831676 0 18783516 2202120224
======================
   8      16 sdb 28970510 368974 2594544418 62223276 54382042 356317046 14915401616 2139832440 0 18783680 2202120988
======================
   8      16 sdb 28970510 368974 2594544418 62223276 54382042 356317046 14915401616 2139832440 0 18783680 2202120988
