======================
   8      16 sdb 1279242 5331 270077808 635940 2720311 16075144 1388993448 197673816 0 1789476 198310744
======================
   8      16 sdb 1279242 5331 270077808 635940 2720311 16075144 1388993448 197673816 0 1789476 198310744
======================
   8      16 sdb 1279243 5331 270077816 635940 2720320 16075640 1388997488 197673848 0 1789480 198310776
======================
   8      16 sdb 1279243 5331 270077816 635940 2720320 16075640 1388997488 197673848 0 1789480 198310776
======================
   8      16 sdb 1279244 5331 270077824 635952 2723239 16076095 1390476000 197693200 0 1789708 198330128
======================
   8      16 sdb 1279244 5331 270077824 635952 2725014 16076095 1391384800 197775404 148 1790596 198446784
======================
   8      16 sdb 1279244 5331 270077824 635952 2726863 16076095 1392331488 197949736 149 1791600 198590560
======================
   8      16 sdb 1279244 5331 270077824 635952 2728990 16076119 1393420200 198087636 150 1792604 198728512
======================
   8      16 sdb 1279245 5331 270077832 636036 2729877 16076119 1393873840 198228296 147 1793604 198870384
======================
   8      16 sdb 1279245 5331 270077832 636036 2731835 16076132 1394872912 198372068 141 1794608 199012752
======================
   8      16 sdb 1279245 5331 270077832 636036 2733726 16076132 1395841104 198513092 138 1795612 199155448
======================
   8      16 sdb 1279245 5331 270077832 636036 2736028 16076132 1397019728 198656912 140 1796616 199297896
======================
   8      16 sdb 1279246 5331 270077840 636092 2738743 16076155 1398409488 198789424 136 1797616 199430056
======================
   8      16 sdb 1279246 5331 270077840 636092 2740728 16076155 1399426320 198929772 135 1798620 199572004
======================
   8      16 sdb 1279246 5331 270077840 636092 2742629 16076155 1400399120 199070012 154 1799624 199712324
======================
   8      16 sdb 1279246 5331 270077840 636092 2744526 16076155 1401370384 199210444 145 1800628 199852724
======================
   8      16 sdb 1279247 5331 270077848 636172 2746453 16076155 1402356504 199342776 151 1801632 199985320
======================
   8      16 sdb 1279247 5331 270077848 636172 2748381 16076194 1403342448 199479668 130 1802636 200122128
======================
   8      16 sdb 1279247 5331 270077848 636172 2750303 16076194 1404326000 199622080 128 1803640 200264488
======================
   8      16 sdb 1279247 5331 270077848 636172 2752231 16076194 1405313136 199764556 152 1804644 200406888
======================
   8      16 sdb 1279248 5331 270077856 636256 2754157 16076194 1406298744 199899672 140 1805648 200542300
======================
   8      16 sdb 1279248 5331 270077856 636256 2756052 16076211 1407268112 200042448 153 1806652 200685060
======================
   8      16 sdb 1279248 5331 270077856 636256 2757951 16076235 1408240088 200178764 136 1807652 200820932
======================
   8      16 sdb 1279248 5331 270077856 636256 2759877 16076235 1409226200 200320880 130 1808656 200962964
======================
   8      16 sdb 1279249 5331 270077864 636336 2761805 16076252 1410211968 200456368 135 1809660 201098580
======================
   8      16 sdb 1279249 5331 270077864 636336 2763725 16076252 1411195008 200597752 135 1810664 201240052
======================
   8      16 sdb 1279249 5331 270077864 636336 2765651 16076252 1412180608 200739248 129 1811668 201381436
======================
   8      16 sdb 1279249 5331 270077864 636336 2767577 16076275 1413166400 200875068 129 1812672 201517300
======================
   8      16 sdb 1279250 5331 270077872 636412 2769487 16076292 1414142944 201010212 147 1813676 201652764
======================
   8      16 sdb 1279250 5331 270077872 636412 2771389 16076292 1415116768 201153236 133 1814680 201795856
======================
   8      16 sdb 1279250 5331 270077872 636412 2773315 16076292 1416102880 201296156 135 1815684 201938692
======================
   8      16 sdb 1279250 5331 270077872 636412 2775240 16076292 1417088480 201438680 154 1816688 202081332
======================
   8      16 sdb 1279251 5331 270077880 636500 2777162 16076314 1418072728 201568396 129 1817692 202211124
======================
   8      16 sdb 1279251 5331 270077880 636500 2779088 16076314 1419058328 201710252 153 1818692 202352376
======================
   8      16 sdb 1279251 5331 270077880 636500 2781014 16076314 1420044440 201852236 147 1819696 202494388
======================
   8      16 sdb 1279251 5331 270077880 636500 2782916 16076314 1421018264 201993704 133 1820700 202635872
======================
   8      16 sdb 1279252 5331 270077888 636584 2784815 16076329 1421988656 202128892 152 1821704 202771116
======================
   8      16 sdb 1279252 5331 270077888 636584 2786746 16076353 1422977016 202266316 151 1822708 202908680
======================
   8      16 sdb 1279252 5331 270077888 636584 2788671 16076353 1423963128 202408412 146 1823712 203050956
======================
   8      16 sdb 1279252 5331 270077888 636584 2790595 16076353 1424947704 202550644 142 1824716 203193036
======================
   8      16 sdb 1279253 5331 270077896 636668 2792523 16076370 1425932960 202685724 130 1825720 203328232
======================
   8      16 sdb 1279253 5331 270077896 636668 2794447 16076370 1426918048 202828000 141 1826724 203470568
======================
   8      16 sdb 1279253 5331 270077896 636668 2796368 16076393 1427901280 202964200 150 1827728 203606772
======================
   8      16 sdb 1279253 5331 270077896 636668 2798270 16076393 1428875104 203105808 136 1828732 203749228
======================
   8      16 sdb 1279254 5331 270077904 636744 2800197 16076410 1429860352 203241944 133 1829736 203884664
======================
   8      16 sdb 1279254 5331 270077904 636744 2802119 16076410 1430844928 203384220 131 1830740 204026912
======================
   8      16 sdb 1279254 5331 270077904 636744 2804006 16076410 1431810560 203523516 132 1831744 204168916
======================
   8      16 sdb 1279254 5331 270077904 636744 2805970 16076432 1432815800 203662644 131 1832744 204304956
======================
   8      16 sdb 1279255 5331 270077912 636836 2807898 16076448 1433801552 203797652 154 1833748 204440032
======================
   8      16 sdb 1279255 5331 270077912 636836 2809819 16076448 1434785104 203939684 145 1834752 204582108
======================
   8      16 sdb 1279255 5331 270077912 636836 2811719 16076448 1435757904 204081708 145 1835756 204724292
======================
   8      16 sdb 1279255 5331 270077912 636836 2813620 16076448 1436731216 204223860 132 1836760 204866456
======================
   8      16 sdb 1279256 5331 270077920 637032 2815542 16076472 1437714968 204344108 153 1837764 204986932
======================
   8      16 sdb 1279256 5331 270077920 637032 2817466 16076472 1438700056 204486760 149 1838768 205129828
======================
   8      16 sdb 1279256 5331 270077920 637032 2819392 16076472 1439686168 204629168 143 1839772 205272276
======================
   8      16 sdb 1279256 5331 270077920 637032 2821316 16076472 1440671768 204771364 139 1840772 205413944
======================
   8      16 sdb 1279257 5331 270077928 637060 2823236 16076472 1441654296 204912180 132 1841776 205554756
======================
   8      16 sdb 1279257 5331 270077928 637060 2825138 16076472 1442628120 205054576 150 1842780 205697224
======================
   8      16 sdb 1279257 5331 270077928 637060 2827038 16076472 1443600920 205196932 138 1843784 205839848
======================
   8      16 sdb 1279257 5331 270077928 637060 2828958 16076472 1444583960 205339036 138 1844788 205982012
======================
   8      16 sdb 1279258 5331 270077936 637108 2830884 16076472 1445570072 205477080 143 1845792 206120132
======================
   8      16 sdb 1279258 5331 270077936 637108 2832657 16076472 1446477848 205607376 129 1846792 206260076
======================
   8      16 sdb 1279258 5331 270077936 637108 2834732 16076472 1447540760 205757428 137 1847796 206400112
======================
   8      16 sdb 1279258 5331 270077936 637108 2836652 16076472 1448523800 205898404 129 1848800 206541560
======================
   8      16 sdb 1279259 5331 270077944 637176 2838558 16076472 1449499160 206034960 129 1849804 206677808
======================
   8      16 sdb 1279259 5331 270077944 637176 2840459 16076472 1450472472 206177000 148 1850808 206820068
======================
   8      16 sdb 1279259 5331 270077944 637176 2842380 16076472 1451456024 206318844 147 1851812 206961984
======================
   8      16 sdb 1279259 5331 270077944 637176 2844306 16076472 1452442136 206459608 141 1852812 207102228
======================
   8      16 sdb 1279260 5331 270077952 637260 2846235 16076551 1453427400 206592900 136 1853816 207235816
======================
   8      16 sdb 1279260 5331 270077952 637260 2848156 16076551 1454410440 206733764 135 1854820 207376668
======================
   8      16 sdb 1279260 5331 270077952 637260 2850082 16076551 1455396552 206874192 129 1855824 207517056
======================
   8      16 sdb 1279260 5331 270077952 637260 2851983 16076551 1456369864 207014284 148 1856828 207657328
======================
   8      16 sdb 1279261 5331 270077960 637288 2853889 16076606 1457343664 207153536 145 1857832 207796620
======================
   8      16 sdb 1279261 5331 270077960 637288 2855812 16076628 1458327400 207289628 134 1858836 207932700
======================
   8      16 sdb 1279261 5331 270077960 637288 2857736 16076628 1459312488 207429748 130 1859836 208072260
======================
   8      16 sdb 1279261 5331 270077960 637288 2859662 16076628 1460298600 207570276 136 1860840 208212796
======================
   8      16 sdb 1279262 5331 270077968 637364 2861588 16076644 1461283328 207703952 148 1861840 208346892
======================
   8      16 sdb 1279262 5331 270077968 637364 2863515 16076644 1462269952 207846584 153 1862844 208489292
======================
   8      16 sdb 1279262 5331 270077968 637364 2865415 16076667 1463242432 207981748 150 1863848 208624740
======================
   8      16 sdb 1279262 5331 270077968 637364 2867314 16076667 1464214720 208122532 140 1864848 208765092
======================
   8      16 sdb 1279263 5331 270077976 637444 2869217 16076684 1465187680 208255988 132 1865852 208898596
======================
   8      16 sdb 1279263 5331 270077976 637444 2871143 16076684 1466173792 208398088 139 1866856 209040840
======================
   8      16 sdb 1279263 5331 270077976 637444 2873067 16076684 1467158880 208539604 151 1867860 209182548
======================
   8      16 sdb 1279263 5331 270077976 637444 2874987 16076707 1468141600 208675444 147 1868864 209318600
======================
   8      16 sdb 1279264 5331 270077984 637528 2876914 16076724 1469126848 208809252 129 1869864 209452120
======================
   8      16 sdb 1279264 5331 270077984 637528 2878837 16076724 1470111424 208950536 137 1870868 209593432
======================
   8      16 sdb 1279264 5331 270077984 637528 2880737 16076724 1471084224 209091808 146 1871872 209734940
======================
   8      16 sdb 1279264 5331 270077984 637528 2882638 16076724 1472057536 209233772 133 1872876 209876944
======================
   8      16 sdb 1279265 5331 270077992 637552 2884565 16076763 1473041952 209366856 132 1873876 210009516
======================
   8      16 sdb 1279265 5331 270077992 637552 2886490 16076763 1474027552 209508212 137 1874880 210151100
======================
   8      16 sdb 1279265 5331 270077992 637552 2888410 16076763 1475010592 209649376 129 1875884 210292368
======================
   8      16 sdb 1279265 5331 270077992 637552 2890334 16076763 1475995680 209791308 155 1876888 210434408
======================
   8      16 sdb 1279266 5331 270078000 637636 2892256 16076763 1476979744 209925468 153 1877888 210568432
======================
   8      16 sdb 1279266 5331 270078000 637636 2894155 16076786 1477951712 210060988 137 1878892 210703752
======================
   8      16 sdb 1279266 5331 270078000 637636 2896057 16076786 1478925536 210201616 144 1879896 210845296
======================
   8      16 sdb 1279266 5331 270078000 637636 2897984 16076786 1479912160 210342904 137 1880900 210985820
======================
   8      16 sdb 1279267 5331 270078008 637712 2899906 16076802 1480894336 210476884 153 1881904 211119920
======================
   8      16 sdb 1279267 5331 270078008 637712 2901830 16076802 1481879424 210618760 149 1882904 211261524
======================
   8      16 sdb 1279267 5331 270078008 637712 2903755 16076826 1482864712 210754216 137 1883908 211397000
======================
   8      16 sdb 1279267 5331 270078008 637712 2905678 16076826 1483849288 210895000 137 1884912 211537980
======================
   8      16 sdb 1279268 5331 270078016 637788 2907585 16076843 1484823792 211028036 150 1885916 211672656
======================
   8      16 sdb 1279268 5331 270078016 637788 2909499 16076843 1485803760 211171464 156 1886920 211814868
======================
   8      16 sdb 1279268 5331 270078016 637788 2911400 16076843 1486777072 211313176 143 1887924 211956816
======================
   8      16 sdb 1279268 5331 270078016 637788 2913323 16076867 1487761336 211449300 134 1888928 212092848
======================
   8      16 sdb 1279269 5331 270078024 637872 2915252 16076884 1488747104 211583692 149 1889932 212227236
======================
   8      16 sdb 1279269 5331 270078024 637872 2917175 16076884 1489731680 211725104 146 1890936 212369016
======================
   8      16 sdb 1279269 5331 270078024 637872 2919100 16076884 1490717280 211866592 141 1891940 212510576
======================
   8      16 sdb 1279269 5331 270078024 637872 2921020 16076884 1491700320 212008232 141 1892940 212651672
======================
   8      16 sdb 1279270 5331 270078032 637936 2922925 16076922 1492673968 212136764 131 1893940 212780224
======================
   8      16 sdb 1279270 5331 270078032 637936 2924829 16076922 1493648816 212278980 147 1894944 212922888
======================
   8      16 sdb 1279270 5331 270078032 637936 2926749 16076922 1494631856 212421300 147 1895948 213065280
======================
   8      16 sdb 1279270 5331 270078032 637936 2928669 16076922 1495614896 212562860 147 1896948 213206428
======================
   8      16 sdb 1279271 5331 270078040 638020 2930596 16076922 1496601520 212697688 130 1897952 213341220
======================
   8      16 sdb 1279271 5331 270078040 638020 2932514 16076945 1497583216 212832924 139 1898956 213476936
======================
   8      16 sdb 1279271 5331 270078040 638020 2934438 16076945 1498568304 212974316 135 1899960 213617712
======================
   8      16 sdb 1279271 5331 270078040 638020 2936346 16076945 1499545200 213114684 147 1900964 213758576
======================
   8      16 sdb 1279272 5331 270078048 638104 2938246 16076961 1500517496 213249512 129 1901968 213893448
======================
   8      16 sdb 1279272 5331 270078048 638104 2940168 16076961 1501500176 213392056 131 1902968 214035656
======================
   8      16 sdb 1279272 5331 270078048 638104 2942089 16076985 1502483416 213528440 147 1903972 214172216
======================
   8      16 sdb 1279272 5331 270078048 638104 2944014 16076985 1503469016 213670708 142 1904976 214314452
======================
   8      16 sdb 1279273 5331 270078056 638188 2945935 16076985 1504452064 213807768 134 1905980 214451516
======================
   8      16 sdb 1279273 5331 270078056 638188 2947862 16076985 1505438688 213948708 150 1906984 214592460
======================
   8      16 sdb 1279273 5331 270078056 638188 2949763 16076985 1506412000 214089316 137 1907988 214733212
======================
   8      16 sdb 1279273 5331 270078056 638188 2951666 16077011 1507386040 214225240 138 1908992 214869240
======================
   8      16 sdb 1279274 5331 270078064 638268 2953587 16077011 1508369088 214359376 130 1909992 215002960
======================
   8      16 sdb 1279274 5331 270078064 638268 2955513 16077011 1509355200 214501160 156 1910996 215144832
======================
   8      16 sdb 1279274 5331 270078064 638268 2957438 16077011 1510340800 214643900 151 1912000 215287668
======================
   8      16 sdb 1279274 5331 270078064 638268 2959359 16077011 1511324352 214786140 150 1913004 215430032
======================
   8      16 sdb 1279275 5331 270078072 638352 2961286 16077034 1512310152 214916076 129 1914008 215559968
======================
   8      16 sdb 1279275 5331 270078072 638352 2963188 16077034 1513283976 215058096 147 1915012 215702196
======================
   8      16 sdb 1279275 5331 270078072 638352 2965085 16077034 1514255240 215199416 138 1916012 215843260
======================
   8      16 sdb 1279275 5331 270078072 638352 2966242 16077116 1514839696 215283936 0 1916608 215922556
======================
   8      16 sdb 1279275 5331 270078072 638352 2966242 16077116 1514839696 215283936 0 1916608 215922556
======================
   8      16 sdb 1279275 5331 270078072 638352 2966242 16077116 1514839696 215283936 0 1916608 215922556
======================
   8      16 sdb 1279275 5331 270078072 638352 2966242 16077116 1514839696 215283936 0 1916608 215922556
======================
   8      16 sdb 1279275 5331 270078072 638352 2966242 16077116 1514839696 215283936 0 1916608 215922556
started
======================
   8      16 sdb 1279275 5331 270078072 638352 2966242 16077116 1514839696 215283936 0 1916608 215922556
======================
   8      16 sdb 1279275 5331 270078072 638352 2966242 16077116 1514839696 215283936 0 1916608 215922556
======================
   8      16 sdb 1281165 5337 270440792 638996 2966242 16077116 1514839696 215283936 2 1917028 215923200
======================
   8      16 sdb 1283276 5341 270831480 639736 2966242 16077116 1514839696 215283936 1 1917476 215923936
======================
   8      16 sdb 1285452 5344 271257448 640348 2966242 16077116 1514839696 215283936 0 1917932 215924544
======================
   8      16 sdb 1287534 5348 271677432 641092 2966242 16077116 1514839696 215283936 0 1918408 215925288
======================
   8      16 sdb 1289759 5351 272144640 641716 2966242 16077116 1514839696 215283936 0 1918844 215925908
======================
   8      16 sdb 1291957 5356 272556904 642516 2966244 16077117 1514839720 215283936 1 1919316 215926704
======================
   8      16 sdb 1294068 5358 272975736 643264 2966244 16077117 1514839720 215283936 1 1919816 215927448
======================
   8      16 sdb 1296233 5362 273398512 643800 2966244 16077117 1514839720 215283936 2 1920244 215927984
======================
   8      16 sdb 1298390 5373 273800368 644504 2966244 16077117 1514839720 215283936 1 1920732 215928688
======================
   8      16 sdb 1300537 5377 274224488 645088 2966244 16077117 1514839720 215283936 0 1921136 215929272
======================
   8      16 sdb 1302682 5379 274650192 645752 2966244 16077117 1514839720 215283936 1 1921608 215929936
======================
   8      16 sdb 1304620 5385 275037528 646500 2966244 16077117 1514839720 215283936 0 1922140 215930676
======================
   8      16 sdb 1306710 5390 275449152 647108 2966244 16077117 1514839720 215283936 0 1922568 215931292
======================
   8      16 sdb 1308829 5394 275845704 647684 2966244 16077117 1514839720 215283936 2 1922948 215931868
======================
   8      16 sdb 1311019 5399 276276776 648416 2966244 16077117 1514839720 215283936 0 1923416 215932600
======================
   8      16 sdb 1313203 5406 276695704 649080 2966244 16077117 1514839720 215283936 0 1923856 215933276
======================
   8      16 sdb 1315184 5409 277095840 649548 2966244 16077117 1514839720 215283936 1 1924232 215933740
======================
   8      16 sdb 1317199 5416 277499656 650096 2966244 16077117 1514839720 215283936 1 1924624 215934288
======================
   8      16 sdb 1319246 5421 277907248 650768 2966244 16077117 1514839720 215283936 1 1925084 215934956
======================
   8      16 sdb 1321314 5426 278331344 651424 2966244 16077117 1514839720 215283936 1 1925544 215935612
======================
   8      16 sdb 1323485 5432 278747632 652052 2966244 16077117 1514839720 215283936 1 1925980 215936236
======================
   8      16 sdb 1325540 5436 279174256 652720 2966244 16077117 1514839720 215283936 2 1926460 215936900
======================
   8      16 sdb 1327228 5443 279513464 653480 2966244 16077117 1514839720 215283936 1 1926992 215937660
======================
   8      16 sdb 1329200 5449 279906192 654096 2966244 16077117 1514839720 215283936 0 1927416 215938272
======================
   8      16 sdb 1331431 5453 280350240 654672 2966244 16077117 1514839720 215283936 0 1927840 215938844
======================
   8      16 sdb 1333565 5456 280772832 655260 2966244 16077117 1514839720 215283936 0 1928228 215939432
======================
   8      16 sdb 1335743 5459 281200048 655968 2966244 16077117 1514839720 215283936 0 1928664 215940140
======================
   8      16 sdb 1338000 5463 281660144 656712 2966244 16077117 1514839720 215283936 0 1929152 215940880
======================
   8      16 sdb 1340069 5466 282054600 657432 2966244 16077117 1514839720 215283936 2 1929632 215941604
======================
   8      16 sdb 1342257 5472 282478568 658180 2966244 16077117 1514839720 215283936 0 1930120 215942344
======================
   8      16 sdb 1344335 5474 282911016 658868 2966244 16077117 1514839720 215283936 0 1930592 215943032
======================
   8      16 sdb 1346413 5477 283316248 659400 2966244 16077117 1514839720 215283936 0 1930996 215943564
======================
   8      16 sdb 1348554 5483 283742032 660004 2966244 16077117 1514839720 215283936 0 1931432 215944168
======================
   8      16 sdb 1350378 5488 284127936 660556 2966244 16077117 1514839720 215283936 1 1931888 215944720
======================
   8      16 sdb 1352295 5493 284494312 661192 2966244 16077117 1514839720 215283936 2 1932312 215945356
======================
   8      16 sdb 1354239 5495 284887840 661676 2966245 16077117 1514839728 215283936 1 1932676 215945840
======================
   8      16 sdb 1356330 5499 285283776 662424 2966245 16077117 1514839728 215283936 2 1933132 215946588
======================
   8      16 sdb 1358452 5504 285711184 663124 2966245 16077117 1514839728 215283936 0 1933568 215947288
======================
   8      16 sdb 1360674 5507 286128000 663784 2966245 16077117 1514839728 215283936 2 1933984 215947944
======================
   8      16 sdb 1362909 5509 286577664 664500 2966245 16077117 1514839728 215283936 2 1934448 215948656
======================
   8      16 sdb 1364988 5512 286996288 665120 2966245 16077117 1514839728 215283936 2 1934896 215949272
======================
   8      16 sdb 1367094 5512 287427192 665736 2966245 16077117 1514839728 215283936 1 1935356 215949888
======================
   8      16 sdb 1369154 5515 287849136 666336 2966245 16077117 1514839728 215283936 0 1935816 215950488
======================
   8      16 sdb 1371436 5519 288277328 667140 2966245 16077117 1514839728 215283936 2 1936312 215951304
======================
   8      16 sdb 1373604 5522 288690864 667788 2966245 16077117 1514839728 215283936 0 1936720 215951952
======================
   8      16 sdb 1375814 5526 289112784 668444 2966245 16077117 1514839728 215283936 0 1937168 215952608
======================
   8      16 sdb 1377958 5529 289541168 669220 2966245 16077117 1514839728 215283936 2 1937668 215953380
======================
   8      16 sdb 1380124 5530 289975368 669800 2966245 16077117 1514839728 215283936 1 1938108 215953960
======================
   8      16 sdb 1382326 5537 290411768 670432 2966245 16077117 1514839728 215283936 0 1938516 215954596
======================
   8      16 sdb 1384468 5539 290830440 671200 2966245 16077117 1514839728 215283936 0 1939000 215955364
======================
   8      16 sdb 1386452 5540 291201200 671860 2966245 16077117 1514839728 215283936 1 1939424 215956024
======================
   8      16 sdb 1388490 5549 291634000 672536 2966245 16077117 1514839728 215283936 0 1939904 215956700
======================
   8      16 sdb 1390523 5549 292033488 673220 2966245 16077117 1514839728 215283936 0 1940388 215957384
======================
   8      16 sdb 1392740 5551 292462016 673960 2966245 16077117 1514839728 215283936 0 1940872 215958124
======================
   8      16 sdb 1394910 5559 292894648 674556 2966245 16077117 1514839728 215283936 1 1941316 215958720
======================
   8      16 sdb 1397061 5565 293337008 675248 2966245 16077117 1514839728 215283936 1 1941804 215959416
======================
   8      16 sdb 1399384 5572 293758320 676008 2966245 16077117 1514839728 215283936 0 1942280 215960160
======================
   8      16 sdb 1401487 5577 294158728 676560 2966245 16077117 1514839728 215283936 0 1942704 215960708
======================
   8      16 sdb 1403555 5580 294570712 677268 2966245 16077117 1514839728 215283936 2 1943116 215961416
======================
   8      16 sdb 1405704 5581 294983480 677864 2966245 16077117 1514839728 215283936 0 1943540 215962012
======================
   8      16 sdb 1407276 5583 295281584 678252 2966245 16077117 1514839728 215283936 0 1943836 215962400
