======================
   8      32 sdc 1827927 12855 270807180 12846128 24901356 603051735 10973915736 2045452428 0 44648788 2059596808
======================
   8      32 sdc 1827927 12855 270807180 12846128 24901356 603051735 10973915736 2045452428 0 44648788 2059596808
======================
   8      32 sdc 1827930 12855 270807204 12846180 24901356 603051735 10973915736 2045452428 0 44648840 2059596860
======================
   8      32 sdc 1827930 12855 270807204 12846180 24901356 603051735 10973915736 2045452428 0 44648840 2059596860
======================
   8      32 sdc 1827931 12855 270807212 12846204 24903644 603051735 10975087192 2045459400 0 44649052 2059603852
======================
   8      32 sdc 1827931 12855 270807212 12846204 24904650 603051735 10975602264 2045581872 130 44650052 2059742304
======================
   8      32 sdc 1827931 12855 270807212 12846204 24905133 603051735 10975849560 2045727152 156 44651056 2059887980
======================
   8      32 sdc 1827931 12855 270807212 12846204 24905776 603051735 10976178776 2045871924 154 44652060 2060031688
======================
   8      32 sdc 1827931 12855 270807212 12846204 24906444 603051763 10976520008 2046013964 153 44653064 2060173532
======================
   8      32 sdc 1827931 12855 270807212 12846204 24906893 603051763 10976749896 2046113188 152 44654068 2060320100
======================
   8      32 sdc 1827931 12855 270807212 12846204 24907674 603051763 10977149768 2046297620 139 44655132 2060472236
======================
   8      32 sdc 1827931 12855 270807212 12846204 24908314 603051763 10977477448 2046457200 139 44656136 2060608752
======================
   8      32 sdc 1827932 12855 270807220 12846312 24908936 603051763 10977795912 2046567256 149 44657144 2060747772
======================
   8      32 sdc 1827932 12855 270807220 12846312 24909344 603051763 10978004808 2046656012 157 44658152 2060900600
======================
   8      32 sdc 1827932 12855 270807220 12846312 24909344 603051763 10978004808 2046656012 157 44659156 2061058228
======================
   8      32 sdc 1827932 12855 270807220 12846312 24910616 603051763 10978656072 2047049720 133 44660160 2061201476
======================
   8      32 sdc 1827932 12855 270807220 12846312 24911645 603051763 10979182920 2047185384 128 44661164 2061344680
======================
   8      32 sdc 1827932 12855 270807220 12846312 24912290 603051763 10979513160 2047327712 155 44662168 2061487876
======================
   8      32 sdc 1827932 12855 270807220 12846312 24912933 603051763 10979842376 2047470964 152 44663172 2061631104
======================
   8      32 sdc 1827932 12855 270807220 12846312 24913603 603051763 10980185416 2047614872 154 44664176 2061774256
======================
   8      32 sdc 1827932 12855 270807220 12846312 24914272 603051763 10980527944 2047761220 155 44665180 2061921780
======================
   8      32 sdc 1827932 12855 270807220 12846312 24914897 603051763 10980847944 2047904460 138 44666184 2062065472
======================
   8      32 sdc 1827932 12855 270807220 12846312 24915513 603051763 10981163336 2048046776 130 44667188 2062208544
======================
   8      32 sdc 1827932 12855 270807220 12846312 24916189 603051763 10981509448 2048192208 158 44668188 2062351416
======================
   8      32 sdc 1827933 12855 270807228 12846564 24916848 603051788 10981844536 2048311056 131 44669192 2062470832
======================
   8      32 sdc 1827933 12855 270807228 12846564 24917529 603051819 10982187408 2048453652 154 44670192 2062613848
======================
   8      32 sdc 1827933 12855 270807228 12846564 24918157 603051819 10982508944 2048597724 134 44671196 2062758996
======================
   8      32 sdc 1827933 12855 270807228 12846564 24918786 603051819 10982830992 2048741964 145 44672200 2062902440
======================
   8      32 sdc 1827933 12855 270807228 12846564 24919446 603051819 10983168912 2048885560 157 44673204 2063046096
======================
   8      32 sdc 1827933 12855 270807228 12846564 24920084 603051829 10983495144 2049027780 146 44674216 2063188520
======================
   8      32 sdc 1827933 12855 270807228 12846564 24920727 603051829 10983824360 2049171432 143 44675220 2063331836
======================
   8      32 sdc 1827933 12855 270807228 12846564 24921384 603051829 10984160744 2049314196 152 44676220 2063474284
======================
   8      32 sdc 1827933 12855 270807228 12846564 24922036 603051829 10984494568 2049457280 146 44677224 2063618476
======================
   8      32 sdc 1827933 12855 270807228 12846564 24922678 603051829 10984823272 2049600848 144 44678228 2063762004
======================
   8      32 sdc 1827933 12855 270807228 12846564 24923320 603051829 10985151976 2049742140 149 44679228 2063902780
======================
   8      32 sdc 1827933 12855 270807228 12846564 24923963 603051829 10985481192 2049885636 146 44680236 2064046380
======================
   8      32 sdc 1827934 12855 270807236 12846988 24924467 603051829 10985739240 2049990880 147 44681248 2064151848
======================
   8      32 sdc 1827934 12855 270807236 12846988 24925131 603051829 10986079208 2050134588 155 44682252 2064295392
======================
   8      32 sdc 1827934 12855 270807236 12846988 24925774 603051829 10986408424 2050277588 152 44683252 2064438264
======================
   8      32 sdc 1827934 12855 270807236 12846988 24926420 603051829 10986739176 2050421252 146 44684256 2064581872
======================
   8      32 sdc 1827934 12855 270807236 12846988 24927069 603051829 10987071464 2050563404 137 44685260 2064725192
======================
   8      32 sdc 1827934 12855 270807236 12846988 24927692 603051829 10987390440 2050706652 154 44686260 2064868072
======================
   8      32 sdc 1827934 12855 270807236 12846988 24928334 603051829 10987719144 2050851080 152 44687264 2065011528
======================
   8      32 sdc 1827934 12855 270807236 12846988 24929010 603051829 10988065256 2050995000 148 44688268 2065155580
======================
   8      32 sdc 1827934 12855 270807236 12846988 24929680 603051829 10988408296 2051137268 150 44689268 2065298420
======================
   8      32 sdc 1827934 12855 270807236 12846988 24930356 603051829 10988754408 2051281112 146 44690272 2065441328
======================
   8      32 sdc 1827934 12855 270807236 12846988 24930979 603051829 10989073384 2051423296 131 44691276 2065584792
======================
   8      32 sdc 1827934 12855 270807236 12846988 24931605 603051829 10989393896 2051567408 145 44692280 2065728648
======================
   8      32 sdc 1827935 12855 270807244 12847208 24932253 603051829 10989725672 2051697636 136 44693284 2065858580
======================
   8      32 sdc 1827935 12855 270807244 12847208 24932915 603051829 10990064616 2051840240 146 44694284 2066001720
======================
   8      32 sdc 1827935 12855 270807244 12847208 24933557 603051829 10990393320 2051982192 144 44695288 2066143384
======================
   8      32 sdc 1827935 12855 270807244 12847208 24934212 603051829 10990728680 2052125860 129 44696292 2066286768
======================
   8      32 sdc 1827935 12855 270807244 12847208 24934842 603051829 10991051240 2052270096 139 44697292 2066431416
======================
   8      32 sdc 1827935 12855 270807244 12847208 24935478 603051829 10991376872 2052413288 143 44698296 2066574864
======================
   8      32 sdc 1827935 12855 270807244 12847208 24936102 603051829 10991696360 2052554496 159 44699296 2066718308
======================
   8      32 sdc 1827935 12855 270807244 12847208 24936755 603051829 10992030696 2052700828 146 44700300 2066862096
======================
   8      32 sdc 1827935 12855 270807244 12847208 24937418 603051829 10992370152 2052845072 155 44701304 2067006092
======================
   8      32 sdc 1827935 12855 270807244 12847208 24938078 603051829 10992708072 2052988080 135 44702304 2067149232
======================
   8      32 sdc 1827935 12855 270807244 12847208 24938720 603051829 10993036776 2053131612 133 44703308 2067292788
======================
   8      32 sdc 1827935 12855 270807244 12847208 24939374 603051829 10993371624 2053275372 147 44704312 2067436144
======================
   8      32 sdc 1827935 12855 270807244 12847208 24939483 603051829 10993427432 2053300276 38 44705312 2067484588
======================
   8      32 sdc 1827936 12855 270807252 12848492 24940648 603051829 10994023912 2053435760 142 44706316 2067599004
======================
   8      32 sdc 1827936 12855 270807252 12848492 24941283 603051829 10994349032 2053580280 147 44707320 2067742584
======================
   8      32 sdc 1827936 12855 270807252 12848492 24941959 603051829 10994695656 2053723572 143 44708320 2067885548
======================
   8      32 sdc 1827936 12855 270807252 12848492 24942619 603051829 10995033064 2053867304 155 44709324 2068028960
======================
   8      32 sdc 1827936 12855 270807252 12848492 24943242 603051829 10995352040 2054011176 140 44710328 2068174804
======================
   8      32 sdc 1827936 12855 270807252 12848492 24943867 603051829 10995672040 2054154848 155 44711328 2068317604
======================
   8      32 sdc 1827936 12855 270807252 12848492 24944527 603051829 10996009960 2054299368 135 44712332 2068461048
======================
   8      32 sdc 1827936 12855 270807252 12848492 24945195 603051829 10996351976 2054442084 139 44713336 2068604408
======================
   8      32 sdc 1827936 12855 270807252 12848492 24945836 603051829 10996680168 2054585128 138 44714340 2068748000
======================
   8      32 sdc 1827936 12855 270807252 12848492 24946486 603051829 10997012968 2054729408 128 44715344 2068891432
======================
   8      32 sdc 1827936 12855 270807252 12848492 24947136 603051829 10997345768 2054870128 33 44716344 2069023748
======================
   8      32 sdc 1827937 12855 270807260 12848700 24947770 603051829 10997670376 2055003272 145 44717348 2069166072
======================
   8      32 sdc 1827937 12855 270807260 12848700 24948413 603051829 10997999592 2055147052 142 44718352 2069309756
======================
   8      32 sdc 1827937 12855 270807260 12848700 24949055 603051829 10998328296 2055290292 140 44719360 2069453608
======================
   8      32 sdc 1827937 12855 270807260 12848700 24949646 603051829 10998630888 2055425688 157 44720504 2069616216
======================
   8      32 sdc 1827937 12855 270807260 12848700 24950304 603051829 10998967784 2055595624 139 44721528 2069762616
======================
   8      32 sdc 1827937 12855 270807260 12848700 24950978 603051829 10999312872 2055744620 137 44722556 2069908120
======================
   8      32 sdc 1827937 12855 270807260 12848700 24951631 603051829 10999647208 2055888868 156 44723560 2070051744
======================
   8      32 sdc 1827937 12855 270807260 12848700 24952308 603051829 10999993832 2056032636 151 44724564 2070195528
======================
   8      32 sdc 1827937 12855 270807260 12848700 24952950 603051829 11000322536 2056174700 149 44725564 2070338572
======================
   8      32 sdc 1827937 12855 270807260 12848700 24953574 603051829 11000642024 2056318344 133 44726568 2070482176
======================
   8      32 sdc 1827937 12855 270807260 12848700 24954223 603051829 11000974312 2056460340 156 44727576 2070625916
======================
   8      32 sdc 1827938 12855 270807268 12848920 24954889 603051829 11001315304 2056596820 133 44728580 2070754628
======================
   8      32 sdc 1827938 12855 270807268 12848920 24955565 603051829 11001661416 2056735016 129 44729580 2070897460
======================
   8      32 sdc 1827938 12855 270807268 12848920 24956219 603051829 11001996264 2056876900 147 44730584 2071041152
======================
   8      32 sdc 1827938 12855 270807268 12848920 24956842 603051829 11002315240 2057020188 132 44731584 2071183976
======================
   8      32 sdc 1827938 12855 270807268 12848920 24957336 603051829 11002568168 2057136876 150 44732588 2071327488
======================
   8      32 sdc 1827938 12855 270807268 12848920 24957993 603051829 11002904552 2057307652 133 44733592 2071471508
======================
   8      32 sdc 1827938 12855 270807268 12848920 24958634 603051829 11003232744 2057450504 132 44734592 2071614120
======================
   8      32 sdc 1827938 12855 270807268 12848920 24959288 603051829 11003567592 2057594460 150 44735596 2071757940
======================
   8      32 sdc 1827938 12855 270807268 12848920 24959952 603051829 11003907560 2057737968 158 44736596 2071900608
======================
   8      32 sdc 1827938 12855 270807268 12848920 24960598 603051829 11004238312 2057880604 152 44737600 2072044364
======================
   8      32 sdc 1827938 12855 270807268 12848920 24961239 603051829 11004567016 2058023876 151 44738604 2072188028
======================
   8      32 sdc 1827938 12855 270807268 12848920 24961880 603051829 11004894696 2058167624 150 44739604 2072331360
======================
   8      32 sdc 1827939 12855 270807276 12849148 24962482 603051829 11005202920 2058302708 159 44740608 2072459304
======================
   8      32 sdc 1827939 12855 270807276 12849148 24963162 603051829 11005551080 2058439324 151 44741608 2072602652
======================
   8      32 sdc 1827939 12855 270807276 12849148 24963807 603051829 11005881320 2058582344 146 44742612 2072746336
======================
   8      32 sdc 1827939 12855 270807276 12849148 24964449 603051829 11006210024 2058725928 144 44743616 2072890024
======================
   8      32 sdc 1827939 12855 270807276 12849148 24965105 603051829 11006545896 2058870364 128 44744620 2073033400
======================
   8      32 sdc 1827939 12855 270807276 12849148 24965748 603051829 11006875112 2059012772 157 44745624 2073177028
======================
   8      32 sdc 1827939 12855 270807276 12849148 24966372 603051829 11007194600 2059155220 141 44746628 2073319888
======================
   8      32 sdc 1827939 12855 270807276 12849148 24967038 603051829 11007535592 2059300392 147 44747632 2073463732
======================
   8      32 sdc 1827939 12855 270807276 12849148 24967710 603051829 11007879656 2059444216 147 44748636 2073607304
======================
   8      32 sdc 1827939 12855 270807276 12849148 24968387 603051829 11008226280 2059587996 142 44749640 2073751060
======================
   8      32 sdc 1827939 12855 270807276 12849148 24969040 603051829 11008560616 2059730740 129 44750648 2073895004
======================
   8      32 sdc 1827939 12855 270807276 12849148 24969668 603051829 11008882152 2059874880 141 44751656 2074039392
======================
   8      32 sdc 1827940 12855 270807284 12849368 24970301 603051829 11009206248 2060002768 152 44752660 2074166200
======================
   8      32 sdc 1827940 12855 270807284 12849368 24970969 603051829 11009548264 2060144408 156 44753672 2074310896
======================
   8      32 sdc 1827940 12855 270807284 12849368 24971623 603051829 11009883112 2060290084 142 44754676 2074454612
======================
   8      32 sdc 1827940 12855 270807284 12849368 24972263 603051829 11010210792 2060434092 142 44755680 2074598320
======================
   8      32 sdc 1827940 12855 270807284 12849368 24972913 603051829 11010543592 2060578608 132 44756688 2074742492
======================
   8      32 sdc 1827940 12855 270807284 12849368 24973558 603051829 11010873832 2060722380 146 44757696 2074886420
======================
   8      32 sdc 1827940 12855 270807284 12849368 24974200 603051829 11011202536 2060865752 157 44758700 2075030000
======================
   8      32 sdc 1827940 12855 270807284 12849368 24974842 603051829 11011531240 2061008872 155 44759700 2075172628
======================
   8      32 sdc 1827940 12855 270807284 12849368 24975498 603051829 11011867112 2061153488 139 44760712 2075317080
======================
   8      32 sdc 1827940 12855 270807284 12849368 24976157 603051829 11012204520 2061296508 152 44761716 2075460752
======================
   8      32 sdc 1827940 12855 270807284 12849368 24976807 603051829 11012537320 2061440172 142 44762720 2075603928
======================
   8      32 sdc 1827940 12855 270807284 12849368 24977409 603051829 11012845544 2061574100 148 44763724 2075747708
======================
   8      32 sdc 1827941 12855 270807292 12849588 24978100 603051829 11013199336 2061711348 134 44764728 2075874904
======================
   8      32 sdc 1827941 12855 270807292 12849588 24978769 603051829 11013541864 2061853928 137 44765732 2076018528
======================
   8      32 sdc 1827941 12855 270807292 12849588 24979393 603051829 11013861352 2061997296 153 44766736 2076162020
======================
   8      32 sdc 1827941 12855 270807292 12849588 24980033 603051829 11014189032 2062142096 153 44767740 2076305636
======================
   8      32 sdc 1827941 12855 270807292 12849588 24980691 603051829 11014525928 2062284728 135 44768744 2076449520
======================
   8      32 sdc 1827941 12855 270807292 12849588 24981360 603051829 11014868456 2062428064 138 44769744 2076592764
======================
   8      32 sdc 1827941 12855 270807292 12849588 24982000 603051829 11015196136 2062571312 138 44770748 2076736236
======================
   8      32 sdc 1827941 12855 270807292 12849588 24982626 603051829 11015516648 2062715260 152 44771752 2076879712
======================
   8      32 sdc 1827941 12855 270807292 12849588 24983294 603051829 11015858664 2062860060 156 44772760 2077023720
======================
   8      32 sdc 1827941 12855 270807292 12849588 24983968 603051829 11016203752 2063003192 154 44773764 2077167224
======================
   8      32 sdc 1827941 12855 270807292 12849588 24984598 603051829 11016526312 2063143952 132 44774772 2077311040
======================
   8      32 sdc 1827941 12855 270807292 12849588 24985261 603051829 11016865768 2063290004 141 44775776 2077454012
======================
   8      32 sdc 1827942 12855 270807300 12849816 24985892 603051829 11017188840 2063414652 150 44776776 2077578408
======================
   8      32 sdc 1827942 12855 270807300 12849816 24986545 603051829 11017523176 2063557512 137 44777780 2077721932
======================
   8      32 sdc 1827942 12855 270807300 12849816 24987186 603051829 11017851368 2063700708 136 44778784 2077865392
======================
   8      32 sdc 1827942 12855 270807300 12849816 24987827 603051829 11018179560 2063844036 135 44779784 2078008392
======================
   8      32 sdc 1827942 12855 270807300 12849816 24988473 603051829 11018510312 2063988148 129 44780788 2078152032
======================
   8      32 sdc 1827942 12855 270807300 12849816 24989108 603051829 11018835432 2064128836 134 44781788 2078296284
======================
   8      32 sdc 1827942 12855 270807300 12849816 24989762 603051829 11019170280 2064273728 152 44782792 2078439868
======================
   8      32 sdc 1827942 12855 270807300 12849816 24990414 603051829 11019504104 2064419556 140 44783796 2078583828
======================
   8      32 sdc 1827942 12855 270807300 12849816 24991089 603051829 11019849704 2064563100 137 44784796 2078726904
======================
   8      32 sdc 1827942 12855 270807300 12849816 24991741 603051829 11020183528 2064706124 157 44785804 2078871024
======================
   8      32 sdc 1827942 12855 270807300 12849816 24992366 603051829 11020503528 2064849668 140 44786808 2079014724
======================
   8      32 sdc 1827942 12855 270807300 12849816 24993018 603051829 11020837352 2064994560 128 44787812 2079158256
======================
   8      32 sdc 1827943 12855 270807308 12850000 24993675 603051829 11021173736 2065121732 148 44788820 2079285848
======================
   8      32 sdc 1827943 12855 270807308 12850000 24994350 603051829 11021519336 2065264620 145 44789820 2079428440
======================
   8      32 sdc 1827943 12855 270807308 12850000 24995016 603051829 11021860328 2065406612 151 44790824 2079571792
======================
   8      32 sdc 1827943 12855 270807308 12850000 24995639 603051829 11022179304 2065549592 136 44791828 2079715064
======================
   8      32 sdc 1827943 12855 270807308 12850000 24996133 603051829 11022432232 2065695516 154 44792828 2079861732
======================
   8      32 sdc 1827943 12855 270807308 12850000 24996816 603051829 11022781928 2065841232 143 44793836 2080006092
======================
   8      32 sdc 1827943 12855 270807308 12850000 24997460 603051829 11023111656 2065984816 139 44794840 2080149300
======================
   8      32 sdc 1827943 12855 270807308 12850000 24998112 603051829 11023445480 2066128992 152 44795848 2080293372
======================
   8      32 sdc 1827943 12855 270807308 12850000 24998778 603051829 11023786472 2066272204 133 44796852 2080436736
======================
   8      32 sdc 1827943 12855 270807308 12850000 24999434 603051829 11024122344 2066415960 149 44797864 2080581056
======================
   8      32 sdc 1827943 12855 270807308 12850000 25000079 603051829 11024452584 2066559100 144 44798872 2080724224
======================
   8      32 sdc 1827943 12855 270807308 12850000 25000722 603051829 11024781800 2066702564 141 44799880 2080867928
======================
   8      32 sdc 1827944 12855 270807316 12850228 25001345 603051829 11025100776 2066826504 128 44800884 2080991196
======================
   8      32 sdc 1827944 12855 270807316 12850228 25002010 603051829 11025441256 2066969972 135 44801888 2081134824
======================
   8      32 sdc 1827944 12855 270807316 12850228 25002669 603051829 11025778664 2067113088 148 44802892 2081278612
======================
   8      32 sdc 1827944 12855 270807316 12850228 25003312 603051829 11026107880 2067256904 145 44803900 2081422884
======================
   8      32 sdc 1827944 12855 270807316 12850228 25003970 603051829 11026444776 2067402772 159 44804904 2081567296
======================
   8      32 sdc 1827944 12855 270807316 12850228 25004623 603051829 11026779112 2067545668 146 44805912 2081711672
======================
   8      32 sdc 1827944 12855 270807316 12850228 25005249 603051829 11027099624 2067689404 128 44806920 2081855340
======================
   8      32 sdc 1827944 12855 270807316 12850228 25005906 603051829 11027436008 2067834004 143 44807920 2081998668
======================
   8      32 sdc 1827944 12855 270807316 12850228 25006581 603051829 11027781608 2067977392 140 44808924 2082142272
======================
   8      32 sdc 1827944 12855 270807316 12850228 25007223 603051829 11028110824 2068115632 138 44809924 2082285304
======================
   8      32 sdc 1827944 12855 270807316 12850228 25007915 603051829 11028464616 2068262888 150 44810928 2082429072
======================
   8      32 sdc 1827944 12855 270807316 12850228 25008535 603051829 11028782056 2068405552 42 44811928 2082563552
======================
   8      32 sdc 1827945 12855 270807324 12850460 25009158 603051829 11029101032 2068537452 156 44812932 2082702176
======================
   8      32 sdc 1827945 12855 270807324 12850460 25009828 603051829 11029444072 2068680832 158 44813936 2082845872
======================
   8      32 sdc 1827945 12855 270807324 12850460 25010479 603051829 11029777896 2068823524 147 44814936 2082989228
======================
   8      32 sdc 1827945 12855 270807324 12850460 25011073 603051829 11030081512 2068956772 133 44815940 2083131384
======================
   8      32 sdc 1827945 12855 270807324 12850460 25011768 603051829 11030437352 2069105164 142 44816944 2083271112
======================
   8      32 sdc 1827945 12855 270807324 12850460 25012417 603051829 11030769640 2069248508 133 44817944 2083413900
======================
   8      32 sdc 1827945 12855 270807324 12850460 25013058 603051829 11031097832 2069391932 132 44818948 2083557632
======================
   8      32 sdc 1827945 12855 270807324 12850460 25013699 603051829 11031426024 2069535480 131 44819952 2083700984
======================
   8      32 sdc 1827945 12855 270807324 12850460 25014342 603051829 11031755240 2069678092 128 44820952 2083843808
======================
   8      32 sdc 1827945 12855 270807324 12850460 25015006 603051829 11032095208 2069822264 136 44821956 2083987468
======================
   8      32 sdc 1827945 12855 270807324 12850460 25015658 603051829 11032429032 2069963972 156 44822960 2084129884
======================
   8      32 sdc 1827946 12855 270807332 12850688 25016278 603051829 11032746472 2070100388 145 44823960 2084259072
======================
   8      32 sdc 1827946 12855 270807332 12850688 25016943 603051829 11033086952 2070237212 152 44824964 2084402352
======================
   8      32 sdc 1827946 12855 270807332 12850688 25017619 603051829 11033433064 2070380396 148 44825968 2084545688
======================
   8      32 sdc 1827946 12855 270807332 12850688 25018244 603051829 11033753064 2070522196 131 44826968 2084688080
======================
   8      32 sdc 1827946 12855 270807332 12850688 25018866 603051829 11034071528 2070665604 149 44827972 2084830772
======================
   8      32 sdc 1827946 12855 270807332 12850688 25019536 603051829 11034414568 2070808708 151 44828972 2084973420
======================
   8      32 sdc 1827946 12855 270807332 12850688 25020202 603051829 11034755560 2070951820 157 44829976 2085116548
======================
   8      32 sdc 1827946 12855 270807332 12850688 25020848 603051829 11035086312 2071093368 151 44830980 2085260012
======================
   8      32 sdc 1827946 12855 270807332 12850688 25021472 603051829 11035405800 2071236552 135 44831980 2085402716
======================
   8      32 sdc 1827946 12855 270807332 12850688 25022131 603051829 11035743208 2071380756 148 44832984 2085546040
======================
   8      32 sdc 1827946 12855 270807332 12850688 25022806 603051829 11036088808 2071524148 145 44833984 2085689288
======================
   8      32 sdc 1827946 12855 270807332 12850688 25023449 603051829 11036418024 2071666728 142 44834988 2085832528
======================
   8      32 sdc 1827947 12855 270807340 12850912 25024074 603051829 11036738024 2071795604 136 44835992 2085960804
======================
   8      32 sdc 1827947 12855 270807340 12850912 25024738 603051829 11037077992 2071938712 144 44836996 2086104428
======================
   8      32 sdc 1827947 12855 270807340 12850912 25025396 603051829 11037414888 2072082344 148 44838004 2086248452
======================
   8      32 sdc 1827947 12855 270807340 12850912 25026037 603051829 11037743080 2072225836 157 44839004 2086391600
======================
   8      32 sdc 1827947 12855 270807340 12850912 25026529 603051829 11037994984 2072370652 145 44840008 2086536872
======================
   8      32 sdc 1827947 12855 270807340 12850912 25027178 603051829 11038327272 2072514612 136 44841012 2086680064
======================
   8      32 sdc 1827947 12855 270807340 12850912 25027837 603051829 11038664680 2072657740 149 44842012 2086823296
======================
   8      32 sdc 1827947 12855 270807340 12850912 25028487 603051829 11038997480 2072800692 139 44843016 2086967064
======================
   8      32 sdc 1827947 12855 270807340 12850912 25029129 603051829 11039326184 2072944144 137 44844016 2087109924
======================
   8      32 sdc 1827947 12855 270807340 12850912 25029797 603051829 11039668200 2073087640 141 44845020 2087252892
======================
   8      32 sdc 1827947 12855 270807340 12850912 25030468 603051829 11040011752 2073230188 142 44846024 2087396392
======================
   8      32 sdc 1827947 12855 270807340 12850912 25031092 603051829 11040331240 2073373124 158 44847024 2087539168
======================
   8      32 sdc 1827948 12855 270807348 12851156 25031698 603051829 11040641512 2073499140 133 44848028 2087664860
======================
   8      32 sdc 1827948 12855 270807348 12851156 25032368 603051829 11040984552 2073642580 135 44849032 2087808292
======================
   8      32 sdc 1827948 12855 270807348 12851156 25033046 603051829 11041331688 2073786756 129 44850044 2087952032
======================
   8      32 sdc 1827948 12855 270807348 12851156 25033696 603051829 11041664488 2073924236 151 44851056 2088096620
======================
   8      32 sdc 1827948 12855 270807348 12851156 25034345 603051829 11041996776 2074074924 142 44852060 2088242032
======================
   8      32 sdc 1827948 12855 270807348 12851156 25035009 603051829 11042336744 2074219240 150 44853060 2088384524
======================
   8      32 sdc 1827948 12855 270807348 12851156 25035667 603051829 11042673640 2074358768 132 44854064 2088527552
======================
   8      32 sdc 1827948 12855 270807348 12851156 25036303 603051829 11042999272 2074499724 136 44855068 2088670588
======================
   8      32 sdc 1827948 12855 270807348 12851156 25036951 603051829 11043331048 2074645080 128 44856072 2088813572
======================
   8      32 sdc 1827948 12855 270807348 12851156 25037630 603051829 11043678696 2074790452 153 44857072 2088956012
======================
   8      32 sdc 1827948 12855 270807348 12851156 25038252 603051829 11043997160 2074925976 139 44858080 2089099712
======================
   8      32 sdc 1827948 12855 270807348 12851156 25038927 603051829 11044343272 2075075188 136 44859084 2089241768
======================
   8      32 sdc 1827949 12855 270807356 12851384 25039549 603051829 11044661224 2075201232 153 44860088 2089367776
======================
   8      32 sdc 1827949 12855 270807356 12851384 25040190 603051829 11044989416 2075344472 152 44861092 2089511280
======================
   8      32 sdc 1827949 12855 270807356 12851384 25040851 603051829 11045327848 2075488352 131 44862092 2089654256
======================
   8      32 sdc 1827949 12855 270807356 12851384 25041507 603051829 11045663720 2075631076 147 44863096 2089797828
======================
   8      32 sdc 1827949 12855 270807356 12851384 25042135 603051829 11045985256 2075775668 129 44864096 2089940952
======================
   8      32 sdc 1827949 12855 270807356 12851384 25042810 603051829 11046330856 2075918600 156 44865100 2090084104
======================
   8      32 sdc 1827949 12855 270807356 12851384 25043467 603051829 11046667240 2076060520 139 44866104 2090227792
======================
   8      32 sdc 1827949 12855 270807356 12851384 25044090 603051829 11046986216 2076203668 156 44867104 2090370644
======================
   8      32 sdc 1827949 12855 270807356 12851384 25044740 603051829 11047319016 2076348388 146 44868108 2090514360
======================
   8      32 sdc 1827949 12855 270807356 12851384 25045415 603051829 11047664616 2076491396 143 44869108 2090656348
======================
   8      32 sdc 1827949 12855 270807356 12851384 25046091 603051829 11048010728 2076633892 139 44870112 2090799572
======================
   8      32 sdc 1827949 12855 270807356 12851384 25046758 603051829 11048352232 2076776016 144 44871116 2090942988
======================
   8      32 sdc 1827950 12855 270807364 12851620 25047351 603051829 11048655848 2076899856 158 44872120 2091068400
======================
   8      32 sdc 1827950 12855 270807364 12851620 25047994 603051829 11048985064 2077045792 155 44873124 2091211984
======================
   8      32 sdc 1827950 12855 270807364 12851620 25048639 603051829 11049315304 2077182612 150 44874124 2091355184
======================
   8      32 sdc 1827950 12855 270807364 12851620 25049305 603051829 11049656296 2077328672 156 44875128 2091499432
======================
   8      32 sdc 1827950 12855 270807364 12851620 25049964 603051829 11049993704 2077476912 137 44876132 2091643284
======================
   8      32 sdc 1827950 12855 270807364 12851620 25050628 603051829 11050333672 2077620000 145 44877132 2091786148
======================
   8      32 sdc 1827950 12855 270807364 12851620 25051233 603051829 11050643432 2077753516 148 44878140 2091930500
======================
   8      32 sdc 1827950 12855 270807364 12851620 25051898 603051829 11050983912 2077902912 155 44879144 2092073708
======================
   8      32 sdc 1827950 12855 270807364 12851620 25052555 603051829 11051320296 2078050076 138 44880148 2092217160
======================
   8      32 sdc 1827950 12855 270807364 12851620 25053200 603051829 11051650536 2078193996 133 44881148 2092360176
======================
   8      32 sdc 1827950 12855 270807364 12851620 25053865 603051829 11051991016 2078337380 140 44882152 2092503584
======================
   8      32 sdc 1827950 12855 270807364 12851620 25054520 603051829 11052326376 2078480268 105 44883156 2092645820
======================
   8      32 sdc 1827951 12855 270807372 12852068 25054996 603051829 11052570088 2078579584 129 44884160 2092746864
======================
   8      32 sdc 1827951 12855 270807372 12852068 25055651 603051829 11052905448 2078724476 146 44885164 2092890988
======================
   8      32 sdc 1827951 12855 270807372 12852068 25056326 603051829 11053251048 2078867756 143 44886168 2093034576
======================
   8      32 sdc 1827951 12855 270807372 12852068 25056964 603051829 11053577704 2079009740 145 44887168 2093177396
======================
   8      32 sdc 1827951 12855 270807372 12852068 25057602 603051829 11053904360 2079154412 147 44888172 2093321132
======================
   8      32 sdc 1827951 12855 270807372 12852068 25058278 603051829 11054250472 2079297604 143 44889176 2093464356
======================
   8      32 sdc 1827951 12855 270807372 12852068 25058942 603051829 11054590440 2079438860 151 44890180 2093608024
======================
   8      32 sdc 1827951 12855 270807372 12852068 25059619 603051829 11054937064 2079583632 146 44891184 2093751564
======================
   8      32 sdc 1827951 12855 270807372 12852068 25060243 603051829 11055256552 2079727104 130 44892184 2093894432
======================
   8      32 sdc 1827951 12855 270807372 12852068 25060885 603051829 11055585256 2079871704 128 44893188 2094038104
======================
   8      32 sdc 1827951 12855 270807372 12852068 25061556 603051829 11055928808 2080015156 129 44894192 2094181460
======================
   8      32 sdc 1827951 12855 270807372 12852068 25062209 603051829 11056263144 2080157408 96 44895192 2094322700
======================
   8      32 sdc 1827952 12855 270807380 12852520 25062685 603051829 11056506856 2080256392 139 44896196 2094423948
======================
   8      32 sdc 1827952 12855 270807380 12852520 25063340 603051829 11056842216 2080400104 156 44897200 2094567516
======================
   8      32 sdc 1827952 12855 270807380 12852520 25064004 603051829 11057182184 2080543708 132 44898200 2094710632
======================
   8      32 sdc 1827952 12855 270807380 12852520 25064649 603051829 11057512424 2080686884 135 44899204 2094854408
======================
   8      32 sdc 1827952 12855 270807380 12852520 25065274 603051829 11057832424 2080829968 143 44900204 2094997724
======================
   8      32 sdc 1827952 12855 270807380 12852520 25065915 603051829 11058160616 2080973876 141 44901208 2095141716
======================
   8      32 sdc 1827952 12855 270807380 12852520 25066568 603051829 11058494952 2081117468 128 44902212 2095284520
======================
   8      32 sdc 1827952 12855 270807380 12852520 25067226 603051829 11058831848 2081260004 142 44903212 2095427912
======================
   8      32 sdc 1827952 12855 270807380 12852520 25067858 603051829 11059155432 2081401732 150 44904216 2095571488
======================
   8      32 sdc 1827952 12855 270807380 12852520 25068516 603051829 11059492328 2081548336 132 44905220 2095715212
======================
   8      32 sdc 1827952 12855 270807380 12852520 25069192 603051829 11059838440 2081692080 128 44906224 2095858748
======================
   8      32 sdc 1827952 12855 270807380 12852520 25069830 603051829 11060165096 2081836492 123 44907228 2096002260
======================
   8      32 sdc 1827953 12855 270807388 12852944 25070308 603051829 11060409832 2081941792 132 44908232 2096110468
======================
   8      32 sdc 1827953 12855 270807388 12852944 25070966 603051829 11060746728 2082086452 146 44909232 2096253608
======================
   8      32 sdc 1827953 12855 270807388 12852944 25071641 603051829 11061092328 2082229672 143 44910236 2096397220
======================
   8      32 sdc 1827953 12855 270807388 12852944 25072307 603051829 11061433320 2082371168 149 44911240 2096541056
======================
   8      32 sdc 1827953 12855 270807388 12852944 25072934 603051829 11061754344 2082517256 130 44912240 2096685460
======================
   8      32 sdc 1827953 12855 270807388 12852944 25073553 603051829 11062071272 2082657556 151 44913244 2096829816
======================
   8      32 sdc 1827953 12855 270807388 12852944 25074235 603051829 11062420456 2082805412 141 44914244 2096972928
======================
   8      32 sdc 1827953 12855 270807388 12852944 25074886 603051829 11062753768 2082948024 130 44915248 2097115984
======================
   8      32 sdc 1827953 12855 270807388 12852944 25075525 603051829 11063080936 2083091432 131 44916252 2097259508
======================
   8      32 sdc 1827953 12855 270807388 12852944 25076189 603051829 11063420904 2083235232 139 44917252 2097402596
======================
   8      32 sdc 1827953 12855 270807388 12852944 25076843 603051829 11063755752 2083378028 157 44918256 2097546068
======================
   8      32 sdc 1827953 12855 270807388 12852944 25077488 603051829 11064085992 2083522492 113 44919268 2097690296
======================
   8      32 sdc 1827953 12855 270807388 12852944 25077564 603051829 11064124904 2083539784 37 44920276 2097732132
======================
   8      32 sdc 1827954 12855 270807396 12854604 25078731 603051829 11064722408 2083642404 146 44921280 2097812432
======================
   8      32 sdc 1827954 12855 270807396 12854604 25079393 603051829 11065061352 2083786804 156 44922284 2097955640
======================
   8      32 sdc 1827954 12855 270807396 12854604 25080059 603051829 11065402344 2083930480 130 44923292 2098099580
======================
   8      32 sdc 1827954 12855 270807396 12854604 25080675 603051829 11065717736 2084070236 154 44924292 2098242968
======================
   8      32 sdc 1827954 12855 270807396 12854604 25081364 603051829 11066070504 2084217456 137 44925296 2098386604
======================
   8      32 sdc 1827954 12855 270807396 12854604 25082025 603051829 11066408936 2084359728 148 44926300 2098530112
======================
   8      32 sdc 1827954 12855 270807396 12854604 25082648 603051829 11066727912 2084502896 133 44927300 2098672980
======================
   8      32 sdc 1827954 12855 270807396 12854604 25083289 603051829 11067056104 2084647068 132 44928304 2098816484
======================
   8      32 sdc 1827954 12855 270807396 12854604 25083959 603051829 11067399144 2084790092 134 44929308 2098959704
======================
   8      32 sdc 1827954 12855 270807396 12854604 25084636 603051829 11067745768 2084934732 129 44930312 2099103544
======================
   8      32 sdc 1827955 12855 270807404 12854804 25085281 603051829 11068076008 2085072400 142 44931312 2099231396
======================
   8      32 sdc 1827955 12855 270807404 12854804 25085906 603051829 11068396008 2085204652 157 44932320 2099375096
======================
   8      32 sdc 1827955 12855 270807404 12854804 25086539 603051829 11068720104 2085348940 132 44933320 2099517956
======================
   8      32 sdc 1827955 12855 270807404 12854804 25087215 603051829 11069066216 2085492260 128 44934324 2099661064
======================
   8      32 sdc 1827955 12855 270807404 12854804 25087853 603051829 11069392872 2085631820 130 44935328 2099803568
======================
   8      32 sdc 1827955 12855 270807404 12854804 25088461 603051829 11069704168 2085767944 130 44936328 2099945500
======================
   8      32 sdc 1827955 12855 270807404 12854804 25089163 603051829 11070063592 2085916560 132 44937332 2100085740
======================
   8      32 sdc 1827955 12855 270807404 12854804 25089813 603051829 11070396392 2086059352 154 44938336 2100229112
======================
   8      32 sdc 1827955 12855 270807404 12854804 25090454 603051829 11070724584 2086202308 153 44939340 2100372376
======================
   8      32 sdc 1827955 12855 270807404 12854804 25091095 603051829 11071052776 2086345324 152 44940340 2100515080
======================
   8      32 sdc 1827955 12855 270807404 12854804 25091703 603051829 11071364072 2086481128 152 44941344 2100659000
======================
   8      32 sdc 1827955 12855 270807404 12854804 25092403 603051829 11071722472 2086633716 156 44942348 2100802808
======================
   8      32 sdc 1827956 12855 270807412 12855040 25093028 603051829 11072042472 2086761856 140 44943352 2100929640
======================
   8      32 sdc 1827956 12855 270807412 12855040 25093670 603051829 11072371176 2086902728 138 44944352 2101072752
======================
   8      32 sdc 1827956 12855 270807412 12855040 25094327 603051829 11072707560 2087046544 153 44945356 2101215920
======================
   8      32 sdc 1827956 12855 270807412 12855040 25095003 603051829 11073053672 2087190116 149 44946360 2101359704
======================
   8      32 sdc 1827956 12855 270807412 12855040 25095620 603051829 11073369576 2087331548 140 44947364 2101502564
======================
   8      32 sdc 1827956 12855 270807412 12855040 25096279 603051829 11073706984 2087476304 153 44948364 2101645496
======================
   8      32 sdc 1827956 12855 270807412 12855040 25096955 603051829 11074053096 2087619716 149 44949368 2101789176
======================
   8      32 sdc 1827956 12855 270807412 12855040 25097625 603051829 11074396136 2087763212 151 44950372 2101932760
======================
   8      32 sdc 1827956 12855 270807412 12855040 25098278 603051829 11074730472 2087905484 138 44951376 2102076532
======================
   8      32 sdc 1827956 12855 270807412 12855040 25098901 603051829 11075049448 2088048480 155 44952376 2102218616
======================
   8      32 sdc 1827956 12855 270807412 12855040 25099550 603051829 11075381736 2088192912 146 44953380 2102362436
======================
   8      32 sdc 1827956 12855 270807412 12855040 25100207 603051829 11075718120 2088332544 129 44954380 2102504920
======================
   8      32 sdc 1827957 12855 270807420 12855268 25100853 603051829 11076048872 2088461628 157 44955384 2102631888
======================
   8      32 sdc 1827957 12855 270807420 12855268 25101494 603051829 11076377064 2088604964 156 44956388 2102775632
======================
   8      32 sdc 1827957 12855 270807420 12855268 25102152 603051829 11076713960 2088749020 138 44957392 2102919040
======================
   8      32 sdc 1827957 12855 270807420 12855268 25102796 603051829 11077043688 2088891892 134 44958392 2103062172
======================
   8      32 sdc 1827957 12855 270807420 12855268 25103422 603051829 11077364200 2089035740 148 44959396 2103206148
======================
   8      32 sdc 1827957 12855 270807420 12855268 25104063 603051829 11077692392 2089179988 147 44960400 2103350408
======================
   8      32 sdc 1827957 12855 270807420 12855268 25104722 603051829 11078029800 2089323824 128 44961400 2103493408
======================
   8      32 sdc 1827957 12855 270807420 12855268 25105386 603051829 11078369768 2089466908 136 44962404 2103636908
======================
   8      32 sdc 1827957 12855 270807420 12855268 25106027 603051829 11078697960 2089609768 135 44963404 2103779824
======================
   8      32 sdc 1827957 12855 270807420 12855268 25106676 603051829 11079030248 2089753904 158 44964408 2103923160
======================
   8      32 sdc 1827957 12855 270807420 12855268 25107351 603051829 11079375848 2089898228 135 44965412 2104067240
======================
   8      32 sdc 1827957 12855 270807420 12855268 25107999 603051829 11079707624 2090039380 153 44966412 2104209896
======================
   8      32 sdc 1827958 12855 270807428 12855504 25108602 603051829 11080016360 2090162400 133 44967416 2104333372
======================
   8      32 sdc 1827958 12855 270807428 12855504 25109260 603051829 11080353256 2090306976 147 44968420 2104476788
======================
   8      32 sdc 1827958 12855 270807428 12855504 25109937 603051829 11080699880 2090450332 142 44969424 2104620116
======================
   8      32 sdc 1827958 12855 270807428 12855504 25110615 603051829 11081047016 2090593848 136 44970432 2104763712
======================
   8      32 sdc 1827958 12855 270807428 12855504 25111117 603051829 11081304040 2090737128 146 44971440 2104908528
======================
   8      32 sdc 1827958 12855 270807428 12855504 25111742 603051829 11081624040 2090880684 129 44972440 2105051136
======================
   8      32 sdc 1827958 12855 270807428 12855504 25112413 603051829 11081967592 2091024612 130 44973444 2105194060
======================
   8      32 sdc 1827958 12855 270807428 12855504 25113062 603051829 11082299880 2091167316 153 44974448 2105337908
======================
   8      32 sdc 1827958 12855 270807428 12855504 25113677 603051829 11082614760 2091304364 146 44975448 2105480656
======================
   8      32 sdc 1827958 12855 270807428 12855504 25114355 603051829 11082961896 2091454084 140 44976452 2105624148
======================
   8      32 sdc 1827958 12855 270807428 12855504 25115019 603051829 11083301864 2091597028 148 44977452 2105766844
======================
   8      32 sdc 1827958 12855 270807428 12855504 25115667 603051829 11083633640 2091739480 140 44978456 2105910040
======================
   8      32 sdc 1827959 12855 270807436 12855732 25116282 603051829 11083948520 2091863248 135 44979460 2106034160
======================
   8      32 sdc 1827959 12855 270807436 12855732 25116919 603051829 11084274664 2092006732 138 44980464 2106177720
======================
   8      32 sdc 1827959 12855 270807436 12855732 25117566 603051829 11084605928 2092150964 131 44981472 2106321260
======================
   8      32 sdc 1827959 12855 270807436 12855732 25118231 603051829 11084946408 2092294748 138 44982476 2106465104
======================
   8      32 sdc 1827959 12855 270807436 12855732 25118867 603051829 11085272040 2092437556 142 44983480 2106608500
======================
   8      32 sdc 1827959 12855 270807436 12855732 25119518 603051829 11085605352 2092582128 131 44984484 2106752112
======================
   8      32 sdc 1827959 12855 270807436 12855732 25120197 603051829 11085953000 2092726248 156 44985492 2106896296
======================
   8      32 sdc 1827959 12855 270807436 12855732 25120843 603051829 11086283752 2092868100 150 44986492 2107039172
======================
   8      32 sdc 1827959 12855 270807436 12855732 25121469 603051829 11086604264 2093012272 132 44987500 2107183548
======================
   8      32 sdc 1827959 12855 270807436 12855732 25122133 603051829 11086944232 2093157720 140 44988508 2107327916
======================
   8      32 sdc 1827959 12855 270807436 12855732 25122815 603051829 11087293416 2093302776 130 44989520 2107472676
======================
   8      32 sdc 1827959 12855 270807436 12855732 25123493 603051829 11087640552 2093446788 156 44990528 2107616960
======================
   8      32 sdc 1827960 12855 270807444 12855952 25124128 603051829 11087965672 2093576948 128 44991532 2107748468
======================
   8      32 sdc 1827960 12855 270807444 12855952 25124754 603051829 11088286184 2093721640 142 44992536 2107893160
======================
   8      32 sdc 1827960 12855 270807444 12855952 25125399 603051829 11088616424 2093865916 137 44993540 2108037108
======================
   8      32 sdc 1827960 12855 270807444 12855952 25126104 603051829 11088977384 2094009364 256 44994596 2108205492
======================
   8      32 sdc 1827960 12855 270807444 12855952 25126603 603051829 11089232872 2094163432 244 44995600 2108450636
======================
   8      32 sdc 1827960 12855 270807444 12855952 25127259 603051829 11089568744 2094321424 228 44996604 2108684240
======================
   8      32 sdc 1827960 12855 270807444 12855952 25127923 603051829 11089908712 2094484092 236 44997608 2108910284
======================
   8      32 sdc 1827960 12855 270807444 12855952 25128555 603051829 11090232296 2094654372 212 44998608 2109128480
======================
   8      32 sdc 1827960 12855 270807444 12855952 25129160 603051829 11090542056 2094831084 215 44999612 2109338356
======================
   8      32 sdc 1827960 12855 270807444 12855952 25129836 603051829 11090888168 2095026392 211 45000616 2109540576
======================
   8      32 sdc 1827960 12855 270807444 12855952 25130483 603051829 11091219432 2095431060 172 45001620 2109709856
======================
   8      32 sdc 1827960 12855 270807444 12855952 25131146 603051829 11091558888 2095629312 149 45002628 2109865656
======================
   8      32 sdc 1827961 12855 270807452 12856184 25131782 603051829 11091884520 2095819136 129 45003632 2109990136
======================
   8      32 sdc 1827961 12855 270807452 12856184 25132425 603051829 11092213736 2095962556 158 45004636 2110133416
======================
   8      32 sdc 1827961 12855 270807452 12856184 25133093 603051829 11092555752 2096107544 130 45005644 2110277828
======================
   8      32 sdc 1827961 12855 270807452 12856184 25133753 603051829 11092893672 2096246952 142 45006644 2110420676
======================
   8      32 sdc 1827961 12855 270807452 12856184 25134376 603051829 11093212648 2096392176 128 45007648 2110563772
======================
   8      32 sdc 1827961 12855 270807452 12856184 25135045 603051829 11093555176 2096536668 130 45008648 2110706648
======================
   8      32 sdc 1827961 12855 270807452 12856184 25135721 603051829 11093901288 2096680000 158 45009656 2110850496
======================
   8      32 sdc 1827961 12855 270807452 12856184 25136401 603051829 11094249448 2096823908 150 45010664 2110994364
======================
   8      32 sdc 1827961 12855 270807452 12856184 25137044 603051829 11094578664 2096965808 147 45011668 2111137768
======================
   8      32 sdc 1827961 12855 270807452 12856184 25137668 603051829 11094898152 2097109144 131 45012672 2111280916
======================
   8      32 sdc 1827961 12855 270807452 12856184 25138333 603051829 11095238632 2097253540 138 45013672 2111423704
======================
   8      32 sdc 1827961 12855 270807452 12856184 25139006 603051829 11095583208 2097396188 35 45014676 2111558000
======================
   8      32 sdc 1827962 12855 270807460 12856668 25139482 603052269 11095826408 2097488208 141 45015680 2111660328
======================
   8      32 sdc 1827962 12855 270807460 12856668 25140124 603052269 11096155112 2097631408 139 45016680 2111802896
======================
   8      32 sdc 1827962 12855 270807460 12856668 25140788 603052269 11096495080 2097774652 147 45017684 2111946088
======================
   8      32 sdc 1827962 12855 270807460 12856668 25141436 603052269 11096826856 2097914896 139 45018684 2112088604
======================
   8      32 sdc 1827962 12855 270807460 12856668 25142077 603052269 11097155048 2098060116 138 45019688 2112231792
======================
   8      32 sdc 1827962 12855 270807460 12856668 25142719 603052269 11097483752 2098202320 136 45020692 2112373884
======================
   8      32 sdc 1827962 12855 270807460 12856668 25143370 603052269 11097817064 2098345800 157 45021696 2112516860
======================
   8      32 sdc 1827962 12855 270807460 12856668 25144015 603052269 11098147304 2098487136 152 45022700 2112660156
======================
   8      32 sdc 1827962 12855 270807460 12856668 25144657 603052269 11098476008 2098631412 150 45023700 2112802892
======================
   8      32 sdc 1827962 12855 270807460 12856668 25145309 603052269 11098809832 2098775048 138 45024704 2112945988
======================
   8      32 sdc 1827962 12855 270807460 12856668 25145985 603052269 11099155944 2098918112 134 45025708 2113088980
======================
   8      32 sdc 1827962 12855 270807460 12856668 25146629 603052269 11099485672 2099059844 100 45026708 2113230212
======================
   8      32 sdc 1827963 12855 270807468 12857148 25147094 603052717 11099722400 2099142408 88 45027712 2113314476
======================
   8      32 sdc 1827963 12855 270807468 12857148 25147190 603052721 11099753320 2099168452 0 45027936 2113324568
======================
   8      32 sdc 1827963 12855 270807468 12857148 25147190 603052721 11099753320 2099168452 0 45027936 2113324568
======================
   8      32 sdc 1827963 12855 270807468 12857148 25147190 603052721 11099753320 2099168452 0 45027936 2113324568
======================
   8      32 sdc 1827963 12855 270807468 12857148 25147190 603052721 11099753320 2099168452 0 45027936 2113324568
======================
   8      32 sdc 1827963 12855 270807468 12857148 25147190 603052721 11099753320 2099168452 0 45027936 2113324568
started
======================
   8      32 sdc 1828204 12855 270809390 12861184 25147207 603052721 11099753384 2099168452 0 45027980 2113328604
======================
   8      32 sdc 1828209 12855 270809430 12861184 25147207 603052721 11099753384 2099168452 0 45027980 2113328604
======================
   8      32 sdc 1828209 12855 270809430 12861184 25147207 603052721 11099753384 2099168452 0 45027980 2113328604
======================
   8      32 sdc 1828209 12855 270809430 12861184 25147207 603052721 11099753384 2099168452 0 45027980 2113328604
======================
   8      32 sdc 1828209 12855 270809430 12861184 25147207 603052721 11099753384 2099168452 0 45027980 2113328604
======================
   8      32 sdc 1828209 12855 270809430 12861184 25147207 603052721 11099753384 2099168452 0 45027980 2113328604
======================
   8      32 sdc 1828209 12855 270809430 12861184 25147210 603052723 11099753424 2099168508 0 45028036 2113328660
======================
   8      32 sdc 1828209 12855 270809430 12861184 25147210 603052723 11099753424 2099168508 0 45028036 2113328660
