======================
   8      16 sdb 28563036 368937 2459191354 56801940 45287805 355317705 13362043960 1909046800 0 16857616 1965900188
======================
   8      16 sdb 28563036 368937 2459191354 56801940 45287805 355317705 13362043960 1909046800 0 16857616 1965900188
======================
   8      16 sdb 28563037 368937 2459191362 56801940 45287805 355317705 13362043960 1909046800 0 16857616 1965900188
======================
   8      16 sdb 28563037 368937 2459191362 56801940 45287805 355317705 13362043960 1909046800 0 16857616 1965900188
======================
   8      16 sdb 28563037 368937 2459191362 56801940 45287805 355317705 13362043960 1909046800 0 16857616 1965900188
======================
   8      16 sdb 28563037 368937 2459191362 56801940 45287805 355317705 13362043960 1909046800 0 16857616 1965900188
======================
   8      16 sdb 28563037 368937 2459191362 56801940 45287805 355317705 13362043960 1909046800 0 16857616 1965900188
======================
   8      16 sdb 28563519 368937 2459195218 56801972 45288814 355318655 13362543472 1909054480 0 16857724 1965907892
======================
   8      16 sdb 28563519 368937 2459195218 56801972 45288814 355318655 13362543472 1909054480 0 16857724 1965907892
======================
   8      16 sdb 28563525 368937 2459195266 56802028 45291096 355318655 13363711856 1909074604 147 16858364 1965986588
======================
   8      16 sdb 28563530 368937 2459195306 56802320 45293684 355318655 13365036912 1909244324 144 16859372 1966101716
======================
   8      16 sdb 28563533 368937 2459195330 56802504 45295426 355318655 13365928816 1909349952 109 16860376 1966226580
======================
   8      16 sdb 28563539 368937 2459195378 56802732 45297847 355318678 13367168048 1909518048 153 16861504 1966382428
======================
   8      16 sdb 28563542 368937 2459195402 56802752 45299363 355318678 13367944240 1909653428 140 16862528 1966531496
======================
   8      16 sdb 28563545 368937 2459195426 56802800 45300925 355318678 13368743984 1909775740 150 16863528 1966673932
======================
   8      16 sdb 28563550 368937 2459195466 56802904 45303154 355318678 13369885232 1909956324 139 16864532 1966814024
======================
   8      16 sdb 28563555 368937 2459195506 56803016 45305591 355318678 13371132976 1910092880 147 16865536 1966952392
======================
   8      16 sdb 28563559 368937 2459195538 56803140 45307534 355318678 13372127792 1910230860 145 16866536 1967089856
======================
   8      16 sdb 28563563 368937 2459195570 56803272 45309454 355318678 13373111344 1910367552 154 16867540 1967227408
======================
   8      16 sdb 28563567 368937 2459195602 56803428 45311373 355318678 13374093360 1910505188 133 16868544 1967363756
======================
   8      16 sdb 28563571 368937 2459195634 56803588 45313300 355318678 13375079984 1910636848 135 16869548 1967497084
======================
   8      16 sdb 28563575 368937 2459195666 56803784 45315224 355318678 13376065072 1910768748 153 16870552 1967629212
======================
   8      16 sdb 28563579 368937 2459195698 56804008 45317145 355318678 13377048624 1910899680 135 16871556 1967760256
======================
   8      16 sdb 28563582 368937 2459195722 56804192 45319042 355318678 13378019888 1911030992 46 16872556 1967889324
======================
   8      16 sdb 28563587 368937 2459195762 56804472 45320942 355318678 13378992688 1911152776 151 16873560 1968013912
======================
   8      16 sdb 28563591 368937 2459195794 56804764 45322862 355318678 13379975728 1911272996 128 16874564 1968134376
======================
   8      16 sdb 28563595 368937 2459195826 56805044 45324792 355318798 13380958800 1911393556 144 16875564 1968252856
======================
   8      16 sdb 28563598 368937 2459195850 56805272 45326717 355318798 13381944400 1911516392 63 16876568 1968376612
======================
   8      16 sdb 28563603 368937 2459195890 56805796 45328639 355318798 13382928464 1911606332 156 16877572 1968468748
======================
   8      16 sdb 28563607 368937 2459195922 56805824 45330562 355318798 13383913552 1911749648 153 16878576 1968612176
======================
   8      16 sdb 28563611 368937 2459195954 56805860 45332471 355318798 13384890448 1911892920 132 16879580 1968755568
======================
   8      16 sdb 28563615 368937 2459195986 56805928 45334375 355318821 13385864976 1912036356 154 16880584 1968899112
======================
   8      16 sdb 28563619 368937 2459196018 56806012 45336295 355318821 13386848016 1912176652 142 16881584 1969038976
======================
   8      16 sdb 28563623 368937 2459196050 56806120 45338211 355318821 13387829008 1912316332 149 16882588 1969179004
======================
   8      16 sdb 28563627 368937 2459196082 56806220 45340134 355318821 13388813584 1912455724 150 16883592 1969318396
======================
   8      16 sdb 28563630 368937 2459196106 56806324 45342058 355318821 13389798672 1912594360 83 16884600 1969456788
======================
   8      16 sdb 28563635 368937 2459196146 56806512 45343985 355318821 13390785296 1912727908 128 16885608 1969591424
======================
   8      16 sdb 28563639 368937 2459196178 56806720 45345886 355318821 13391758608 1912858868 142 16886612 1969722748
======================
   8      16 sdb 28563643 368937 2459196210 56806948 45347787 355318821 13392731920 1912992480 143 16887616 1969854564
======================
   8      16 sdb 28563646 368937 2459196234 56807068 45349709 355318821 13393715984 1913121920 112 16888620 1969981632
======================
   8      16 sdb 28563651 368937 2459196274 56807344 45351637 355318906 13394699768 1913235944 148 16889624 1970100672
======================
   8      16 sdb 28563655 368937 2459196306 56807620 45353561 355318906 13395684856 1913359132 148 16890628 1970224136
======================
   8      16 sdb 28563659 368937 2459196338 56807784 45355472 355318906 13396663288 1913492372 153 16891632 1970353092
======================
   8      16 sdb 28563662 368937 2459196362 56808016 45357397 355318906 13397648888 1913615236 112 16892632 1970480028
======================
   8      16 sdb 28563667 368937 2459196402 56808340 45359298 355318906 13398622200 1913731532 146 16893636 1970596828
======================
   8      16 sdb 28563671 368937 2459196434 56808592 45361220 355318944 13399603544 1913847320 154 16894640 1970712764
======================
   8      16 sdb 28563674 368937 2459196458 56808800 45363145 355318944 13400589144 1913972004 2 16895640 1970832780
======================
   8      16 sdb 28563678 368937 2459196490 56809096 45365062 355318944 13401570648 1914091016 133 16896636 1970956944
======================
   8      16 sdb 28563683 368937 2459196530 56809416 45366985 355318944 13402555736 1914206812 153 16897636 1971073256
======================
   8      16 sdb 28563687 368937 2459196562 56809720 45368904 355318944 13403537752 1914325948 140 16898640 1971192520
======================
   8      16 sdb 28563691 368937 2459196594 56810020 45370830 355318967 13404523040 1914445028 6 16899644 1971306832
======================
   8      16 sdb 28563694 368937 2459196618 56810240 45372737 355318984 13405498552 1914565092 142 16900644 1971432496
======================
   8      16 sdb 28563699 368937 2459196658 56810572 45374633 355318984 13406469304 1914678924 131 16901648 1971547240
======================
   8      16 sdb 28563703 368937 2459196690 56810772 45376552 355318984 13407451832 1914808496 155 16902648 1971674656
======================
   8      16 sdb 28563706 368937 2459196714 56810996 45378461 355318984 13408429752 1914932824 50 16903656 1971799240
======================
   8      16 sdb 28563710 368937 2459196746 56811288 45380390 355319007 13409416064 1915052188 148 16904660 1971920872
======================
   8      16 sdb 28563715 368937 2459196786 56811620 45382314 355319024 13410400280 1915168820 128 16905664 1972037856
======================
   8      16 sdb 28563719 368937 2459196818 56811908 45384239 355319024 13411385880 1915286004 149 16906668 1972154388
======================
   8      16 sdb 28563722 368937 2459196842 56812132 45386165 355319024 13412371992 1915410092 30 16907668 1972276592
======================
   8      16 sdb 28563726 368937 2459196874 56812436 45388092 355319024 13413358616 1915529696 128 16908672 1972399936
======================
   8      16 sdb 28563731 368937 2459196914 56812756 45389969 355319047 13414318816 1915644176 129 16909672 1972513916
======================
   8      16 sdb 28563735 368937 2459196946 56813052 45391861 355319064 13415287160 1915762036 139 16910676 1972632676
======================
   8      16 sdb 28563738 368937 2459196970 56813264 45393837 355319064 13416298360 1915886732 42 16911676 1972754980
======================
   8      16 sdb 28563742 368937 2459197002 56813552 45395763 355319064 13417284472 1916005728 141 16912680 1972877060
======================
   8      16 sdb 28563747 368937 2459197042 56813880 45397683 355319064 13418267512 1916120876 131 16913676 1972992052
======================
   8      16 sdb 28563751 368937 2459197074 56814128 45399606 355319102 13419249368 1916238164 142 16914680 1973108328
======================
   8      16 sdb 28563754 368937 2459197098 56814348 45401474 355319102 13420205784 1916357472 91 16915684 1973231320
======================
   8      16 sdb 28563758 368937 2459197130 56814684 45403440 355319102 13421212376 1916479924 140 16916684 1973352176
======================
   8      16 sdb 28563763 368937 2459197170 56815004 45405391 355319102 13422211288 1916597924 135 16917708 1973470396
======================
   8      16 sdb 28563767 368937 2459197202 56815300 45407381 355319125 13423230168 1916718800 136 16918744 1973591356
======================
   8      16 sdb 28563771 368937 2459197234 56815600 45409317 355319125 13424221088 1916834880 131 16919756 1973706252
======================
   8      16 sdb 28563774 368937 2459197258 56815832 45411243 355319142 13425205816 1916958308 54 16920760 1973829536
======================
   8      16 sdb 28563779 368937 2459197298 56816140 45413167 355319142 13426191416 1917072412 154 16921760 1973946100
======================
   8      16 sdb 28563783 368937 2459197330 56816452 45415090 355319142 13427175480 1917189684 153 16922760 1974063740
======================
   8      16 sdb 28563787 368937 2459197362 56816768 45416987 355319165 13428146424 1917309280 144 16923756 1974179640
======================
   8      16 sdb 28563790 368937 2459197386 56816996 45418886 355319165 13429118208 1917429820 93 16924756 1974303620
======================
   8      16 sdb 28563795 368937 2459197426 56817284 45420811 355319182 13430102936 1917547612 129 16925748 1974422152
======================
   8      16 sdb 28563799 368937 2459197458 56817596 45422725 355319182 13431082904 1917665660 137 16926752 1974540672
======================
   8      16 sdb 28563803 368937 2459197490 56817908 45424642 355319182 13432064408 1917788476 148 16927752 1974659572
======================
   8      16 sdb 28563806 368937 2459197514 56818132 45426570 355319205 13433051544 1917909848 92 16928760 1974784804
======================
   8      16 sdb 28563811 368937 2459197554 56818448 45428497 355319205 13434037344 1918024848 141 16929760 1974900404
======================
   8      16 sdb 28563815 368937 2459197586 56818728 45430393 355319222 13435006720 1918141472 131 16930760 1975016624
======================
   8      16 sdb 28563818 368937 2459197610 56818956 45432294 355319222 13435980032 1918265216 4 16931764 1975136604
======================
   8      16 sdb 28563822 368937 2459197642 56819256 45434217 355319222 13436964608 1918383556 129 16932768 1975260160
======================
   8      16 sdb 28563827 368937 2459197682 56819568 45436138 355319244 13437948160 1918498072 64 16933768 1975373520
======================
   8      16 sdb 28563831 368937 2459197714 56819868 45438002 355319259 13438900304 1918607064 134 16934768 1975486568
======================
   8      16 sdb 28563835 368937 2459197746 56820164 45439985 355319259 13439915600 1918734324 25 16935768 1975606556
======================
   8      16 sdb 28563838 368937 2459197770 56820396 45441906 355319259 13440899152 1918853768 125 16936772 1975731608
======================
   8      16 sdb 28563843 368937 2459197810 56820716 45443809 355319259 13441873488 1918967940 133 16937768 1975846124
======================
   8      16 sdb 28563847 368937 2459197842 56821024 45445710 355319282 13442846480 1919085560 139 16938764 1975962004
======================
   8      16 sdb 28563850 368937 2459197866 56821248 45447636 355319282 13443832088 1919208048 29 16939768 1976083280
======================
   8      16 sdb 28563854 368937 2459197898 56821412 45449560 355319299 13444816304 1919342500 144 16940772 1976221288
======================
   8      16 sdb 28563859 368937 2459197938 56821728 45451479 355319299 13445798832 1919457692 151 16941772 1976336296
======================
   8      16 sdb 28563863 368937 2459197970 56822020 45453403 355319299 13446783920 1919575664 141 16942772 1976453860
======================
   8      16 sdb 28563866 368937 2459197994 56822240 45455322 355319299 13447766448 1919699736 25 16943776 1976575688
======================
   8      16 sdb 28563870 368937 2459198026 56822540 45457221 355319323 13448737920 1919815692 134 16944772 1976695276
======================
   8      16 sdb 28563875 368937 2459198066 56822848 45459125 355319340 13449711392 1919929516 144 16945776 1976810044
======================
   8      16 sdb 28563879 368937 2459198098 56823160 45461047 355319340 13450695456 1920048592 138 16946776 1976927228
======================
   8      16 sdb 28563882 368937 2459198122 56823348 45462966 355319340 13451678496 1920173496 34 16947776 1977050980
======================
   8      16 sdb 28563886 368937 2459198154 56823656 45464891 355319340 13452663584 1920292412 136 16948784 1977173584
======================
   8      16 sdb 28563891 368937 2459198194 56823976 45466818 355319363 13453649384 1920406344 139 16949784 1977287256
======================
   8      16 sdb 28563895 368937 2459198226 56824276 45468738 355319380 13454631048 1920524696 132 16950788 1977405480
======================
   8      16 sdb 28563898 368937 2459198250 56824488 45470637 355319380 13455603336 1920645412 48 16951788 1977525256
======================
   8      16 sdb 28563902 368937 2459198282 56824800 45472554 355319380 13456584840 1920765316 130 16952788 1977646580
======================
   8      16 sdb 28563907 368937 2459198322 56824832 45474458 355319380 13457559688 1920907464 130 16953792 1977789796
======================
   8      16 sdb 28563911 368937 2459198354 56824872 45476381 355319402 13458543936 1921050156 128 16954796 1977932624
======================
   8      16 sdb 28563915 368937 2459198386 56824928 45478297 355319402 13459524928 1921192812 137 16955800 1978075600
======================
   8      16 sdb 28563918 368937 2459198410 56824992 45480220 355319402 13460510016 1921333692 133 16956808 1978217184
======================
   8      16 sdb 28563923 368937 2459198450 56825064 45482142 355319402 13461493568 1921472688 138 16957808 1978355928
======================
   8      16 sdb 28563927 368937 2459198482 56825196 45484063 355319402 13462477120 1921609980 155 16958816 1978493352
======================
   8      16 sdb 28563930 368937 2459198506 56825300 45485964 355319402 13463450944 1921746812 82 16959816 1978629280
======================
   8      16 sdb 28563934 368937 2459198538 56825456 45487871 355319402 13464426816 1921881884 128 16960820 1978765440
======================
   8      16 sdb 28563939 368937 2459198578 56825660 45489792 355319402 13465410368 1922012716 130 16961824 1978896604
======================
   8      16 sdb 28563943 368937 2459198610 56825864 45491712 355319402 13466393408 1922144656 136 16962824 1979026664
======================
   8      16 sdb 28563946 368937 2459198634 56826024 45493636 355319402 13467379008 1922274952 90 16963828 1979158452
======================
   8      16 sdb 28563950 368937 2459198666 56826272 45495559 355319402 13468363072 1922402072 140 16964832 1979286568
======================
   8      16 sdb 28563955 368937 2459198706 56826568 45497484 355319451 13469348056 1922519104 142 16965836 1979404004
======================
   8      16 sdb 28563959 368937 2459198738 56826736 45499389 355319508 13470320344 1922649660 129 16966840 1979530852
======================
   8      16 sdb 28563962 368937 2459198762 56826952 45501284 355319508 13471290584 1922770432 131 16967840 1979655408
======================
   8      16 sdb 28563966 368937 2459198794 56827240 45503203 355319508 13472273112 1922888504 141 16968840 1979774008
======================
   8      16 sdb 28563971 368937 2459198834 56827572 45505129 355319508 13473259224 1923004960 151 16969844 1979890420
======================
   8      16 sdb 28563975 368937 2459198866 56827796 45507050 355319530 13474241944 1923124924 6 16970848 1980005644
======================
   8      16 sdb 28563978 368937 2459198890 56828024 45508977 355319546 13475227688 1923244316 122 16971848 1980130192
======================
   8      16 sdb 28563982 368937 2459198922 56828324 45510898 355319546 13476211240 1923362716 130 16972852 1980249152
======================
   8      16 sdb 28563991 368938 2459199002 56828716 45512771 355319546 13477170216 1923481260 129 16973856 1980366364
======================
   8      16 sdb 28563994 368938 2459199026 56828936 45514697 355319546 13478156328 1923599640 34 16974856 1980483784
======================
   8      16 sdb 28563998 368938 2459199058 56829244 45516620 355319570 13479140088 1923712988 137 16975852 1980600352
======================
   8      16 sdb 28564002 368938 2459199090 56829548 45518544 355319570 13480125176 1923832448 133 16976852 1980720304
======================
   8      16 sdb 28564007 368938 2459199130 56829872 45520463 355319570 13481107704 1923949216 129 16977852 1980835496
======================
   8      16 sdb 28564010 368938 2459199154 56830104 45522383 355319570 13482090744 1924070620 30 16978856 1980955480
======================
   8      16 sdb 28564014 368938 2459199186 56830268 45524307 355319570 13483075832 1924191368 142 16979860 1981079816
======================
   8      16 sdb 28564018 368938 2459199218 56830580 45526216 355319593 13484052416 1924308308 145 16980860 1981197164
======================
   8      16 sdb 28564023 368938 2459199258 56830904 45528115 355319593 13485024704 1924424564 148 16981860 1981310952
======================
   8      16 sdb 28564026 368938 2459199282 56831124 45530033 355319593 13486006720 1924545044 62 16982864 1981432456
======================
   8      16 sdb 28564030 368938 2459199314 56831428 45531963 355319593 13486994880 1924664916 134 16983868 1981554392
======================
   8      16 sdb 28564034 368938 2459199346 56831728 45533722 355319663 13487889992 1924776332 0 16984780 1981660844
======================
   8      16 sdb 28564034 368938 2459199346 56831728 45533723 355319663 13487889992 1924776332 0 16984780 1981660844
======================
   8      16 sdb 28564034 368938 2459199346 56831728 45533723 355319663 13487889992 1924776332 0 16984780 1981660844
======================
   8      16 sdb 28564034 368938 2459199346 56831728 45533723 355319663 13487889992 1924776332 0 16984780 1981660844
======================
   8      16 sdb 28564034 368938 2459199346 56831728 45533723 355319663 13487889992 1924776332 0 16984780 1981660844
======================
   8      16 sdb 28564034 368938 2459199346 56831728 45533723 355319663 13487889992 1924776332 0 16984780 1981660844
started
======================
   8      16 sdb 28564035 368938 2459199354 56831732 45533723 355319663 13487889992 1924776332 0 16984784 1981660848
======================
   8      16 sdb 28564164 368938 2459230394 56832280 45533723 355319663 13487889992 1924776332 32 16984840 1981662516
======================
   8      16 sdb 28568405 368938 2460316090 56864908 45533723 355319663 13487889992 1924776332 31 16985840 1981694084
======================
   8      16 sdb 28572746 368938 2461427386 56896620 45533723 355319663 13487889992 1924776332 31 16986844 1981725820
======================
   8      16 sdb 28577085 368938 2462537914 56928272 45533723 355319663 13487889992 1924776332 32 16987848 1981757528
======================
   8      16 sdb 28581399 368938 2463642298 56960092 45533723 355319663 13487889992 1924776332 31 16988852 1981789260
======================
   8      16 sdb 28585755 368938 2464757434 56991996 45533723 355319663 13487889992 1924776332 32 16989864 1981821228
======================
   8      16 sdb 28590033 368938 2465852602 57023740 45533725 355319664 13487890016 1924776332 31 16990868 1981852980
======================
   8      16 sdb 28594378 368938 2466964922 57055524 45533725 355319664 13487890016 1924776332 32 16991872 1981884684
======================
   8      16 sdb 28598727 368938 2468078266 57087184 45533725 355319664 13487890016 1924776332 31 16992876 1981916336
======================
   8      16 sdb 28603076 368938 2469191610 57118888 45533725 355319664 13487890016 1924776332 31 16993880 1981948056
======================
   8      16 sdb 28607398 368938 2470298042 57150580 45533725 355319664 13487890016 1924776332 31 16994884 1981979768
======================
   8      16 sdb 28611729 368938 2471406778 57182220 45533725 355319664 13487890016 1924776332 31 16995888 1982011472
======================
   8      16 sdb 28616031 368938 2472508090 57213988 45533725 355319664 13487890016 1924776332 31 16996892 1982043220
======================
   8      16 sdb 28620322 368938 2473606586 57245724 45533725 355319664 13487890016 1924776332 31 16997896 1982074976
======================
   8      16 sdb 28624654 368938 2474715578 57277436 45533725 355319664 13487890016 1924776332 31 16998900 1982106688
======================
   8      16 sdb 28628995 368938 2475826874 57309116 45533725 355319664 13487890016 1924776332 32 16999900 1982138264
======================
   8      16 sdb 28633326 368938 2476935610 57340860 45533725 355319664 13487890016 1924776332 32 17000904 1982170004
======================
   8      16 sdb 28637655 368938 2478043834 57372528 45533725 355319664 13487890016 1924776332 32 17001908 1982201704
======================
   8      16 sdb 28641987 368938 2479152826 57404196 45533725 355319664 13487890016 1924776332 31 17002912 1982233412
======================
   8      16 sdb 28646282 368938 2480252346 57435812 45533725 355319664 13487890016 1924776332 32 17003912 1982264948
======================
   8      16 sdb 28650568 368938 2481349562 57467516 45533725 355319664 13487890016 1924776332 32 17004916 1982296684
======================
   8      16 sdb 28654895 368938 2482457274 57499208 45533725 355319664 13487890016 1924776332 32 17005920 1982328380
======================
   8      16 sdb 28659229 368938 2483566778 57530924 45533725 355319664 13487890016 1924776332 31 17006924 1982360120
======================
   8      16 sdb 28663556 368938 2484674490 57562572 45533725 355319664 13487890016 1924776332 32 17007928 1982391816
======================
   8      16 sdb 28667890 368938 2485783994 57594216 45533725 355319664 13487890016 1924776332 32 17008928 1982423364
======================
   8      16 sdb 28672213 368938 2486890682 57625940 45533725 355319664 13487890016 1924776332 31 17009932 1982455116
======================
   8      16 sdb 28676515 368938 2487991994 57657576 45533725 355319664 13487890016 1924776332 31 17010936 1982486776
======================
   8      16 sdb 28680802 368938 2489089466 57689204 45533725 355319664 13487890016 1924776332 32 17011936 1982518308
======================
   8      16 sdb 28685137 368938 2490199226 57720832 45533725 355319664 13487890016 1924776332 32 17012940 1982549972
======================
   8      16 sdb 28689448 368938 2491302842 57752576 45533725 355319664 13487890016 1924776332 31 17013944 1982581720
======================
   8      16 sdb 28693773 368938 2492410042 57784280 45533725 355319664 13487890016 1924776332 31 17014948 1982613440
======================
   8      16 sdb 28698128 368938 2493524922 57816032 45533725 355319664 13487890016 1924776332 31 17015956 1982645224
======================
   8      16 sdb 28702449 368938 2494631098 57847676 45533725 355319664 13487890016 1924776332 31 17016956 1982676776
======================
   8      16 sdb 28706756 368938 2495732922 57879408 45533725 355319664 13487890016 1924776332 32 17017960 1982708508
======================
   8      16 sdb 28711043 368938 2496830394 57911060 45533725 355319664 13487890016 1924776332 32 17018964 1982740200
======================
   8      16 sdb 28715383 368938 2497941434 57942748 45533725 355319664 13487890016 1924776332 31 17019968 1982771896
======================
   8      16 sdb 28719704 368938 2499047610 57974320 45533726 355319664 13487890024 1924776336 31 17020972 1982803516
======================
   8      16 sdb 28724040 368938 2500157626 58005916 45533726 355319664 13487890024 1924776336 32 17021972 1982835016
======================
   8      16 sdb 28728372 368938 2501266618 58037504 45533726 355319664 13487890024 1924776336 32 17022976 1982866652
======================
   8      16 sdb 28732716 368938 2502378682 58069148 45533726 355319664 13487890024 1924776336 32 17023980 1982898316
======================
   8      16 sdb 28736998 368938 2503474874 58100836 45533726 355319664 13487890024 1924776336 31 17024984 1982929980
======================
   8      16 sdb 28741278 368938 2504570554 58132456 45533726 355319664 13487890024 1924776336 31 17025988 1982961604
======================
   8      16 sdb 28745606 368938 2505678522 58164068 45533726 355319664 13487890024 1924776336 31 17026992 1982993268
======================
   8      16 sdb 28749932 368938 2506785978 58195648 45533726 355319664 13487890024 1924776336 31 17027992 1983024756
======================
   8      16 sdb 28754253 368938 2507892154 58227232 45533726 355319664 13487890024 1924776336 31 17028996 1983056356
======================
   8      16 sdb 28758575 368938 2508998586 58258800 45533726 355319664 13487890024 1924776336 31 17030000 1983087984
======================
   8      16 sdb 28762903 368938 2510106554 58290328 45533726 355319664 13487890024 1924776336 32 17031000 1983119444
======================
   8      16 sdb 28767192 368938 2511204538 58321904 45533726 355319664 13487890024 1924776336 32 17032004 1983151028
======================
   8      16 sdb 28771480 368938 2512302266 58353484 45533726 355319664 13487890024 1924776336 32 17033008 1983182668
======================
   8      16 sdb 28775805 368938 2513409466 58385016 45533726 355319664 13487890024 1924776336 31 17034008 1983214096
======================
   8      16 sdb 28780129 368938 2514516410 58416548 45533726 355319664 13487890024 1924776336 32 17035012 1983245656
======================
   8      16 sdb 28784460 368938 2515625146 58448072 45533726 355319664 13487890024 1924776336 31 17036016 1983277208
======================
   8      16 sdb 28788796 368938 2516735162 58479644 45533726 355319664 13487890024 1924776336 31 17037020 1983308832
======================
   8      16 sdb 28793132 368938 2517845178 58511088 45533726 355319664 13487890024 1924776336 32 17038020 1983340208
======================
   8      16 sdb 28797458 368938 2518952634 58542552 45533726 355319664 13487890024 1924776336 31 17039024 1983371740
======================
   8      16 sdb 28801804 368938 2520065210 58574132 45533726 355319664 13487890024 1924776336 32 17040024 1983403208
======================
   8      16 sdb 28806135 368938 2521173946 58605680 45533726 355319664 13487890024 1924776336 32 17041028 1983434796
======================
   8      16 sdb 28810452 368938 2522279098 58637204 45533726 355319664 13487890024 1924776336 32 17042032 1983466364
======================
   8      16 sdb 28814916 368938 2523421882 58669648 45533726 355319664 13487890024 1924776336 14 17043068 1983498808
======================
   8      16 sdb 28819351 368938 2524557242 58701720 45533726 355319664 13487890024 1924776336 32 17044096 1983530912
======================
   8      16 sdb 28823674 368938 2525663930 58733164 45533726 355319664 13487890024 1924776336 31 17045100 1983562400
======================
   8      16 sdb 28826691 368938 2526436282 58755164 45533726 355319664 13487890024 1924776336 0 17045800 1983584264
