======================
   8      16 sdb 31692069 514762 2866280938 63477716 58980457 381735689 15650989240 2235671332 0 20027408 2299210932
======================
   8      16 sdb 31692069 514762 2866280938 63477716 58980457 381735689 15650989240 2235671332 0 20027408 2299210932
======================
   8      16 sdb 31692070 514762 2866280946 63477720 58981026 381736693 15651240304 2235674048 0 20027448 2299213644
======================
   8      16 sdb 31692070 514762 2866280946 63477720 58981026 381736693 15651240304 2235674048 0 20027448 2299213644
======================
   8      16 sdb 31692075 514762 2866280986 63477760 58983459 381736693 15652485488 2235709248 128 20027788 2299253952
======================
   8      16 sdb 31692079 514762 2866281018 63478028 58985387 381736693 15653471600 2235823852 132 20028788 2299368716
======================
   8      16 sdb 31692084 514762 2866281058 63478308 58987267 381736693 15654433648 2235943064 138 20029792 2299486388
======================
   8      16 sdb 31692087 514762 2866281082 63478484 58989122 381736722 15655382624 2236062416 135 20030796 2299614084
======================
   8      16 sdb 31692091 514762 2866281114 63478716 58991054 381736722 15656370904 2236191488 129 20031796 2299735852
======================
   8      16 sdb 31692093 514762 2866281130 63478840 58992248 381736722 15656982120 2236281472 51 20032796 2299840000
======================
   8      16 sdb 31692098 514762 2866281170 63479468 58993724 381736737 15657735432 2236410988 132 20033800 2299958928
======================
   8      16 sdb 31692102 514762 2866281202 63479512 58995815 381736737 15658805512 2236554212 149 20034804 2300101528
======================
   8      16 sdb 31692105 514762 2866281226 63479544 58997597 381736764 15659717104 2236694052 133 20035808 2300243244
======================
   8      16 sdb 31692109 514762 2866281258 63479604 58999684 381736764 15660785136 2236840380 129 20036812 2300385740
======================
   8      16 sdb 31692115 514762 2866281306 63479704 59002327 381736764 15662138352 2236979388 130 20037812 2300524384
======================
   8      16 sdb 31692120 514762 2866281346 63479828 59004605 381736775 15663302360 2237117244 150 20038816 2300663300
======================
   8      16 sdb 31692123 514762 2866281370 63479928 59006513 381736775 15664279256 2237256044 144 20039820 2300802972
======================
   8      16 sdb 31692127 514762 2866281402 63480076 59008423 381736809 15665256944 2237390780 152 20040824 2300937904
======================
   8      16 sdb 31692132 514762 2866281442 63480348 59010280 381736809 15666207224 2237519460 155 20041828 2301065080
======================
   8      16 sdb 31692135 514762 2866281466 63480488 59012269 381736809 15667225592 2237654156 35 20042836 2301199336
======================
   8      16 sdb 31692139 514762 2866281498 63480700 59014195 381736809 15668211704 2237785824 141 20043840 2301334192
======================
   8      16 sdb 31692143 514762 2866281530 63480928 59016091 381736809 15669182456 2237912652 143 20044844 2301460824
======================
   8      16 sdb 31692148 514762 2866281570 63481208 59018050 381736859 15670182336 2238028224 143 20045848 2301576212
======================
   8      16 sdb 31692151 514762 2866281594 63481372 59019720 381736859 15671036872 2238156580 146 20046852 2301708740
======================
   8      16 sdb 31692155 514762 2866281626 63481396 59021623 381736859 15672011208 2238302172 128 20047856 2301851200
======================
   8      16 sdb 31692159 514762 2866281658 63481436 59023549 381736859 15672997320 2238444080 132 20048860 2301993312
======================
   8      16 sdb 31692163 514762 2866281690 63481520 59025107 381736859 15673795016 2238557608 154 20049864 2302136488
======================
   8      16 sdb 31692167 514762 2866281722 63481588 59027163 381736891 15674847440 2238729800 138 20050868 2302279164
======================
   8      16 sdb 31692171 514762 2866281754 63481696 59029101 381736926 15675833424 2238870080 150 20051872 2302419252
======================
   8      16 sdb 31692174 514762 2866281778 63481828 59030894 381736926 15676751440 2239007092 155 20052876 2302556904
======================
   8      16 sdb 31692178 514762 2866281810 63481992 59032723 381736926 15677687888 2239139952 67 20053880 2302688228
======================
   8      16 sdb 31692182 514762 2866281842 63482192 59034279 381736926 15678484560 2239260916 136 20054880 2302820664
======================
   8      16 sdb 31692185 514762 2866281866 63482248 59036312 381736957 15679525200 2239405920 47 20055884 2302953392
======================
   8      16 sdb 31692189 514762 2866281898 63482500 59038027 381736957 15680402776 2239533924 142 20056896 2303085092
======================
   8      16 sdb 31692192 514762 2866281922 63482660 59039912 381736957 15681367896 2239664544 48 20057896 2303213948
======================
   8      16 sdb 31692197 514762 2866281962 63482856 59041673 381736957 15682269528 2239795132 144 20058904 2303346492
======================
   8      16 sdb 31692201 514762 2866281994 63482880 59043594 381736957 15683253080 2239937836 140 20059904 2303488672
======================
   8      16 sdb 31692204 514762 2866282018 63482912 59045324 381737000 15684135152 2240078520 136 20060908 2303629476
======================
   8      16 sdb 31692208 514762 2866282050 63482980 59047229 381737000 15685110008 2240220420 133 20061912 2303771344
======================
   8      16 sdb 31692212 514762 2866282082 63483092 59048799 381737000 15685913848 2240332764 142 20062916 2303909864
======================
   8      16 sdb 31692216 514762 2866282114 63483176 59050871 381737000 15686974712 2240498120 141 20063920 2304049468
======================
   8      16 sdb 31692220 514762 2866282146 63483308 59052797 381737000 15687960824 2240636452 136 20064924 2304187276
======================
   8      16 sdb 31692223 514762 2866282170 63483396 59054477 381737045 15688816808 2240773372 128 20065928 2304324328
======================
   8      16 sdb 31692228 514762 2866282210 63483628 59056442 381737045 15689822888 2240902268 130 20066932 2304453500
======================
   8      16 sdb 31692231 514762 2866282234 63483772 59058363 381737045 15690806440 2241036252 63 20067936 2304586564
======================
   8      16 sdb 31692235 514762 2866282266 63483988 59060265 381737057 15691780264 2241167536 128 20068940 2304719700
======================
   8      16 sdb 31692238 514762 2866282290 63484248 59061575 381737057 15692447048 2241264580 149 20069944 2304850220
======================
   8      16 sdb 31692243 514762 2866282330 63484280 59063896 381737089 15693635152 2241440336 138 20070948 2304993040
======================
   8      16 sdb 31692247 514762 2866282362 63484320 59065820 381737089 15694619736 2241582372 135 20071952 2305136328
======================
   8      16 sdb 31692251 514762 2866282394 63484376 59067726 381737089 15695595608 2241725472 146 20072956 2305277880
======================
   8      16 sdb 31692255 514762 2866282426 63484460 59069671 381737089 15696591448 2241865896 140 20073960 2305418276
======================
   8      16 sdb 31692259 514762 2866282458 63484620 59071321 381737103 15697432832 2241999412 150 20074960 2305553052
======================
   8      16 sdb 31692262 514762 2866282482 63484716 59073109 381737134 15698348032 2242136864 103 20075964 2305689876
======================
   8      16 sdb 31692266 514762 2866282514 63484852 59074826 381737134 15699226632 2242275380 130 20076968 2305828460
======================
   8      16 sdb 31692269 514762 2866282538 63484972 59076682 381737134 15700176904 2242413760 131 20077972 2305966400
======================
   8      16 sdb 31692274 514762 2866282578 63485232 59078462 381737134 15701088264 2242543164 151 20078976 2306095292
======================
   8      16 sdb 31692278 514762 2866282610 63485456 59080382 381737134 15702071304 2242672928 156 20079980 2306225328
======================
   8      16 sdb 31692281 514762 2866282634 63485624 59082315 381737179 15703057328 2242801644 127 20080988 2306355868
======================
   8      16 sdb 31692285 514762 2866282666 63485868 59084240 381737179 15704042424 2242928308 145 20081992 2306483040
======================
   8      16 sdb 31692288 514762 2866282690 63486004 59085886 381737179 15704885176 2243055480 133 20082992 2306614556
======================
   8      16 sdb 31692293 514762 2866282730 63486072 59087810 381737179 15705870264 2243201684 131 20083996 2306755848
======================
   8      16 sdb 31692297 514762 2866282762 63486112 59089775 381737179 15706876344 2243341712 151 20085000 2306898532
======================
   8      16 sdb 31692301 514762 2866282794 63486180 59091700 381737212 15707861704 2243485184 131 20086004 2307039924
======================
   8      16 sdb 31692304 514762 2866282818 63486248 59093638 381737248 15708846688 2243625672 96 20087008 2307180152
======================
   8      16 sdb 31692309 514762 2866282858 63486480 59095284 381737248 15709689440 2243757972 129 20088012 2307313028
======================
   8      16 sdb 31692312 514762 2866282882 63486588 59097089 381737248 15710613600 2243895972 159 20089016 2307452224
======================
   8      16 sdb 31692316 514762 2866282914 63486740 59098917 381737248 15711549536 2244033564 146 20090020 2307588052
======================
   8      16 sdb 31692319 514762 2866282938 63486868 59100820 381737280 15712523120 2244167644 132 20091024 2307723276
======================
   8      16 sdb 31692324 514762 2866282978 63487116 59102739 381737280 15713505648 2244293536 155 20092028 2307849676
======================
   8      16 sdb 31692327 514762 2866283002 63487272 59104483 381737280 15714398576 2244419140 38 20093028 2307975580
======================
   8      16 sdb 31692331 514762 2866283034 63487432 59106389 381737280 15715374448 2244561968 156 20094032 2308117740
======================
   8      16 sdb 31692335 514762 2866283066 63487464 59108311 381737280 15716358512 2244703984 150 20095036 2308259864
======================
   8      16 sdb 31692340 514762 2866283106 63487552 59110240 381737330 15717344040 2244844856 130 20096040 2308400872
======================
   8      16 sdb 31692344 514762 2866283138 63487628 59112140 381737330 15718316336 2244987124 143 20097044 2308543180
======================
   8      16 sdb 31692347 514762 2866283162 63487696 59113843 381737330 15719188784 2245118908 122 20098048 2308684232
======================
   8      16 sdb 31692351 514762 2866283194 63487808 59115729 381737330 15720153904 2245267100 152 20099052 2308823592
======================
   8      16 sdb 31692355 514762 2866283226 63487952 59117644 381737330 15721134384 2245401404 142 20100056 2308958172
======================
   8      16 sdb 31692359 514762 2866283258 63488152 59119364 381737361 15722014768 2245532084 129 20101060 2309087764
======================
   8      16 sdb 31692362 514762 2866283282 63488288 59121224 381737375 15722963168 2245669200 146 20102064 2309224676
======================
   8      16 sdb 31692366 514762 2866283314 63488480 59123220 381737375 15723985120 2245800984 142 20103064 2309357860
======================
   8      16 sdb 31692370 514762 2866283346 63488732 59124922 381737375 15724856544 2245922544 45 20104064 2309477636
======================
   8      16 sdb 31692374 514762 2866283378 63488992 59126814 381737388 15725822328 2246048152 140 20105068 2309605560
======================
   8      16 sdb 31692378 514762 2866283410 63489196 59128537 381737420 15726704256 2246173400 132 20106072 2309731984
======================
   8      16 sdb 31692381 514762 2866283434 63489208 59130456 381737420 15727686784 2246316212 131 20107076 2309874184
======================
   8      16 sdb 31692386 514762 2866283474 63489280 59132244 381737420 15728601736 2246454964 148 20108080 2310014748
======================
   8      16 sdb 31692390 514762 2866283506 63489360 59134105 381737420 15729554568 2246597976 156 20109084 2310155792
======================
   8      16 sdb 31692393 514762 2866283530 63489420 59136030 381737435 15730537768 2246738828 155 20110088 2310296900
======================
   8      16 sdb 31692397 514762 2866283562 63489524 59137747 381737466 15731416616 2246877804 152 20111092 2310435572
======================
   8      16 sdb 31692400 514762 2866283586 63489620 59139627 381737466 15732378672 2247017972 134 20112096 2310575988
======================
   8      16 sdb 31692405 514762 2866283626 63489812 59141575 381737466 15733376048 2247146924 145 20113100 2310705636
======================
   8      16 sdb 31692408 514762 2866283650 63489952 59143283 381737466 15734250544 2247281672 131 20114100 2310843712
======================
   8      16 sdb 31692412 514762 2866283682 63490144 59145179 381737466 15735221296 2247419648 155 20115104 2310978260
======================
   8      16 sdb 31692416 514762 2866283714 63490352 59147105 381737514 15736204768 2247552396 133 20116108 2311110508
======================
   8      16 sdb 31692420 514762 2866283746 63490560 59149023 381737514 15737186784 2247676556 77 20117112 2311234696
======================
   8      16 sdb 31692424 514762 2866283778 63490804 59150878 381737514 15738136544 2247800692 134 20118116 2311361380
======================
   8      16 sdb 31692428 514762 2866283810 63491068 59152670 381737531 15739051160 2247923276 144 20119120 2311483612
======================
   8      16 sdb 31692431 514762 2866283834 63491076 59154568 381737531 15740022936 2248066696 131 20120124 2311626508
======================
   8      16 sdb 31692436 514762 2866283874 63491160 59156469 381737563 15740996000 2248207284 138 20121124 2311766788
======================
   8      16 sdb 31692439 514762 2866283898 63491200 59158060 381737563 15741810088 2248336612 146 20122128 2311909424
======================
   8      16 sdb 31692443 514762 2866283930 63491264 59160124 381737563 15742866856 2248490020 146 20123132 2312049952
======================
   8      16 sdb 31692447 514762 2866283962 63491360 59162048 381737563 15743851944 2248629976 153 20124136 2312190072
======================
   8      16 sdb 31692451 514762 2866283994 63491576 59163742 381737563 15744719272 2248760332 131 20125140 2312320504
======================
   8      16 sdb 31692455 514762 2866284026 63491720 59165671 381737607 15745703240 2248894588 156 20126140 2312454588
======================
   8      16 sdb 31692459 514762 2866284058 63491904 59167507 381737607 15746642768 2249027564 138 20127144 2312589108
======================
   8      16 sdb 31692462 514762 2866284082 63492040 59169392 381737607 15747607888 2249164240 138 20128148 2312724744
======================
   8      16 sdb 31692467 514762 2866284122 63492364 59171093 381737607 15748478800 2249285088 150 20129148 2312842056
======================
   8      16 sdb 31692470 514762 2866284146 63492536 59172942 381737607 15749425488 2249409068 148 20130152 2312974324
======================
   8      16 sdb 31692474 514762 2866284178 63492772 59174704 381737642 15750327408 2249522948 131 20131156 2313096976
======================
   8      16 sdb 31692477 514762 2866284202 63492912 59176684 381737653 15751337224 2249665444 74 20132156 2313225484
======================
   8      16 sdb 31692482 514762 2866284242 63493256 59178503 381737653 15752268552 2249781088 141 20133160 2313342668
======================
   8      16 sdb 31692486 514762 2866284274 63493284 59180265 381737653 15753170696 2249917364 135 20134168 2313484740
======================
   8      16 sdb 31692489 514762 2866284298 63493304 59182025 381737653 15754071816 2250064188 132 20135172 2313626820
======================
   8      16 sdb 31692492 514762 2866284322 63493336 59183547 381737686 15754850840 2250177684 149 20136176 2313769964
======================
   8      16 sdb 31692496 514762 2866284354 63493384 59185655 381737722 15755923368 2250348280 151 20137176 2313910580
======================
   8      16 sdb 31692501 514762 2866284394 63493528 59187470 381737722 15756852648 2250477844 143 20138180 2314047608
======================
   8      16 sdb 31692504 514762 2866284418 63493616 59189297 381737722 15757788072 2250624392 136 20139184 2314187172
======================
   8      16 sdb 31692508 514762 2866284450 63493756 59191222 381737722 15758773672 2250760388 136 20140188 2314323424
======================
   8      16 sdb 31692512 514762 2866284482 63493912 59193143 381737756 15759756992 2250896388 137 20141192 2314458524
======================
   8      16 sdb 31692516 514762 2866284514 63494104 59195043 381737756 15760729288 2251025016 149 20142192 2314588012
======================
   8      16 sdb 31692519 514762 2866284538 63494288 59196709 381737756 15761582280 2251157596 50 20143196 2314718664
======================
   8      16 sdb 31692523 514762 2866284570 63494508 59198633 381737756 15762567368 2251288888 143 20144200 2314852696
======================
   8      16 sdb 31692527 514762 2866284602 63494756 59200354 381737756 15763448520 2251419488 138 20145200 2314981172
======================
   8      16 sdb 31692531 514762 2866284634 63494980 59202281 381737806 15764432520 2251540556 133 20146204 2315104640
======================
   8      16 sdb 31692535 514762 2866284666 63495264 59204195 381737806 15765411984 2251662336 147 20147208 2315226824
======================
   8      16 sdb 31692539 514762 2866284698 63495416 59205912 381737806 15766291088 2251792524 137 20148216 2315357716
======================
   8      16 sdb 31692542 514762 2866284722 63495436 59207744 381737806 15767229072 2251936616 149 20149220 2315501336
======================
   8      16 sdb 31692547 514762 2866284762 63495516 59209553 381737806 15768155280 2252064952 131 20150224 2315641500
======================
   8      16 sdb 31692551 514762 2866284794 63495564 59211628 381737853 15769214528 2252212900 135 20151228 2315777264
======================
   8      16 sdb 31692554 514762 2866284818 63495628 59213555 381737853 15770201152 2252352784 130 20152232 2315917708
======================
   8      16 sdb 31692558 514762 2866284850 63495736 59215477 381737853 15771185216 2252492556 141 20153236 2316057736
======================
   8      16 sdb 31692563 514762 2866284890 63495908 59217404 381737870 15772169456 2252625812 146 20154240 2316191400
======================
   8      16 sdb 31692567 514762 2866284922 63496064 59219328 381737870 15773154544 2252762436 148 20155244 2316327948
======================
   8      16 sdb 31692570 514762 2866284946 63496184 59221227 381737903 15774126592 2252897208 128 20156248 2316463736
======================
   8      16 sdb 31692609 514762 2866285258 63496792 59223122 381737903 15775096328 2253039220 136 20157248 2316606932
======================
   8      16 sdb 31692614 514762 2866285298 63497108 59225046 381737903 15776081416 2253159048 149 20158252 2316724080
======================
   8      16 sdb 31692617 514762 2866285322 63497340 59226965 381737903 15777063944 2253281820 39 20159256 2316845832
======================
   8      16 sdb 31692621 514762 2866285354 63497640 59228660 381737903 15777931784 2253384744 145 20160260 2316968672
======================
   8      16 sdb 31692625 514762 2866285386 63497864 59230812 381737933 15779033352 2253523320 139 20161260 2317090808
======================
   8      16 sdb 31692630 514762 2866285426 63498200 59232731 381737933 15780015368 2253641156 155 20162264 2317207732
======================
   8      16 sdb 31692633 514762 2866285450 63498428 59234657 381737933 15781001480 2253764196 29 20163268 2317328780
======================
   8      16 sdb 31692637 514762 2866285482 63498728 59236576 381737933 15781984008 2253883444 134 20164268 2317451592
======================
   8      16 sdb 31692641 514762 2866285514 63499040 59238476 381737933 15782956808 2254003532 155 20165272 2317572152
======================
   8      16 sdb 31692646 514762 2866285554 63499328 59240403 381737960 15783942640 2254117836 136 20166272 2317684676
======================
   8      16 sdb 31692649 514762 2866285578 63499548 59242328 381737960 15784928240 2254239984 40 20167280 2317806224
======================
   8      16 sdb 31692651 514762 2866285594 63499700 59242931 381738034 15785227472 2254275448 0 20167584 2317839324
======================
   8      16 sdb 31692651 514762 2866285594 63499700 59242931 381738034 15785227472 2254275448 0 20167584 2317839324
======================
   8      16 sdb 31692651 514762 2866285594 63499700 59242931 381738034 15785227472 2254275448 0 20167584 2317839324
======================
   8      16 sdb 31692651 514762 2866285594 63499700 59242931 381738034 15785227472 2254275448 0 20167584 2317839324
======================
   8      16 sdb 31692651 514762 2866285594 63499700 59242931 381738034 15785227472 2254275448 0 20167584 2317839324
started
======================
   8      16 sdb 31692651 514762 2866285594 63499700 59242931 381738034 15785227472 2254275448 0 20167584 2317839324
======================
   8      16 sdb 31693152 514830 2866394362 63501544 59242931 381738034 15785227472 2254275448 42 20167708 2317843224
======================
   8      16 sdb 31696910 514914 2867372602 63528964 59242931 381738034 15785227472 2254275448 33 20168716 2317876532
======================
   8      16 sdb 31700623 514975 2868338746 63561632 59242931 381738034 15785227472 2254275448 33 20169720 2317909164
======================
   8      16 sdb 31704321 515034 2869300538 63594144 59242931 381738034 15785227472 2254275448 33 20170724 2317941848
======================
   8      16 sdb 31707977 515093 2870251578 63626928 59242931 381738034 15785227472 2254275448 32 20171732 2317974708
======================
   8      16 sdb 31711658 515152 2871208762 63659648 59242931 381738034 15785227472 2254275448 33 20172732 2318007324
======================
   8      16 sdb 31715338 515211 2872165442 63692180 59242933 381738037 15785227512 2254275448 33 20173736 2318040052
======================
   8      16 sdb 31719079 515271 2873138498 63725524 59242933 381738037 15785227512 2254275448 33 20174752 2318073192
======================
   8      16 sdb 31722796 515330 2874105154 63757984 59242933 381738037 15785227512 2254275448 33 20175756 2318105884
======================
   8      16 sdb 31726514 515390 2875072066 63790960 59242933 381738037 15785227512 2254275448 33 20176756 2318138516
======================
   8      16 sdb 31730229 515449 2876038210 63823452 59242933 381738037 15785227512 2254275448 32 20177760 2318171248
======================
   8      16 sdb 31733883 515508 2876988738 63856012 59242933 381738037 15785227512 2254275448 32 20178764 2318203940
======================
   8      16 sdb 31737537 515567 2877939266 63889076 59242933 381738037 15785227512 2254275448 31 20179764 2318236556
======================
   8      16 sdb 31741230 515626 2878899778 63921548 59242933 381738037 15785227512 2254275448 33 20180768 2318269256
======================
   8      16 sdb 31744936 515685 2879863106 63954176 59242933 381738037 15785227512 2254275448 32 20181768 2318301924
======================
   8      16 sdb 31748665 515744 2880832834 63986692 59242933 381738037 15785227512 2254275448 33 20182772 2318334652
======================
   8      16 sdb 31752347 515804 2881786434 64019772 59242933 381738037 15785227512 2254275448 33 20183772 2318367284
======================
   8      16 sdb 31756029 515863 2882741314 64052804 59242933 381738037 15785227512 2254275448 33 20184776 2318400488
======================
   8      16 sdb 31759661 515922 2883685442 64085364 59242933 381738037 15785227512 2254275448 33 20185780 2318433236
======================
   8      16 sdb 31763308 515981 2884634178 64118044 59242933 381738037 15785227512 2254275448 33 20186780 2318465856
======================
   8      16 sdb 31767032 516041 2885602626 64151000 59242933 381738037 15785227512 2254275448 33 20187784 2318498596
======================
   8      16 sdb 31770753 516100 2886570306 64183540 59242933 381738037 15785227512 2254275448 32 20188788 2318531344
======================
   8      16 sdb 31774480 516159 2887539522 64216144 59242933 381738037 15785227512 2254275448 33 20189796 2318564236
======================
   8      16 sdb 31778188 516219 2888504130 64249172 59242933 381738037 15785227512 2254275448 33 20190800 2318596980
======================
   8      16 sdb 31781912 516278 2889472578 64281700 59242933 381738037 15785227512 2254275448 32 20191800 2318629584
======================
   8      16 sdb 31785569 516337 2890423618 64314300 59242933 381738037 15785227512 2254275448 33 20192804 2318662316
======================
   8      16 sdb 31789223 516396 2891374146 64347020 59242933 381738037 15785227512 2254275448 33 20193808 2318695072
======================
   8      16 sdb 31792948 516456 2892343106 64380036 59242933 381738037 15785227512 2254275448 32 20194812 2318727800
======================
   8      16 sdb 31796671 516515 2893311298 64412684 59242933 381738037 15785227512 2254275448 33 20195812 2318760444
======================
   8      16 sdb 31800393 516574 2894278978 64445176 59242933 381738037 15785227512 2254275448 33 20196816 2318793176
======================
   8      16 sdb 31804087 516634 2895240002 64478180 59242933 381738037 15785227512 2254275448 33 20197820 2318825904
======================
   8      16 sdb 31807817 516693 2896208962 64510692 59242933 381738037 15785227512 2254275448 33 20198824 2318858680
======================
   8      16 sdb 31811508 516752 2897165634 64543392 59242933 381738037 15785227512 2254275448 35 20199832 2318892144
======================
   8      16 sdb 31815157 516811 2898112834 64577784 59242933 381738037 15785227512 2254275448 34 20200836 2318926312
======================
   8      16 sdb 31818877 516870 2899078722 64611064 59242933 381738037 15785227512 2254275448 32 20201840 2318959200
======================
   8      16 sdb 31822618 516930 2900051778 64644084 59242933 381738037 15785227512 2254275448 33 20202844 2318991932
======================
   8      16 sdb 31826338 516989 2901019202 64676680 59242933 381738037 15785227512 2254275448 33 20203844 2319024580
======================
   8      16 sdb 31830071 517048 2901989698 64709320 59242933 381738037 15785227512 2254275448 33 20204848 2319057364
======================
   8      16 sdb 31833768 517108 2902951490 64742404 59242933 381738037 15785227512 2254275448 33 20205852 2319090124
======================
   8      16 sdb 31837429 517167 2903903810 64775048 59242933 381738037 15785227512 2254275448 33 20206856 2319122884
======================
   8      16 sdb 31841094 517225 2904856642 64807268 59242933 381738037 15785227512 2254275448 33 20207856 2319155512
======================
   8      16 sdb 31844746 517283 2905806146 64839700 59242934 381738039 15785227536 2254275448 33 20208860 2319188240
======================
   8      16 sdb 31848476 517342 2906775874 64872848 59242934 381738039 15785227536 2254275448 32 20209864 2319220984
======================
   8      16 sdb 31852185 517402 2907740738 64905936 59242934 381738039 15785227536 2254275448 32 20210868 2319253740
======================
   8      16 sdb 31855925 517461 2908713026 64939124 59242934 381738039 15785227536 2254275448 33 20211872 2319287040
======================
   8      16 sdb 31859644 517521 2909680194 64971636 59242934 381738039 15785227536 2254275448 32 20212872 2319319656
======================
   8      16 sdb 31863356 517580 2910645570 65004580 59242934 381738039 15785227536 2254275448 33 20213876 2319352388
======================
   8      16 sdb 31866996 517639 2911590978 65037196 59242934 381738039 15785227536 2254275448 34 20214880 2319385408
======================
   8      16 sdb 31870732 517698 2912560194 65070324 59242934 381738039 15785227536 2254275448 33 20215884 2319418400
======================
   8      16 sdb 31874367 517757 2913504066 65102908 59242934 381738039 15785227536 2254275448 33 20216884 2319450972
======================
   8      16 sdb 31878069 517817 2914465346 65136044 59242934 381738039 15785227536 2254275448 32 20217888 2319483760
======================
   8      16 sdb 31881789 517876 2915432258 65168648 59242934 381738039 15785227536 2254275448 32 20218892 2319516536
======================
   8      16 sdb 31885507 517935 2916399170 65201144 59242934 381738039 15785227536 2254275448 33 20219892 2319549148
======================
   8      16 sdb 31889206 517995 2917361474 65234184 59242934 381738039 15785227536 2254275448 32 20220896 2319581860
======================
   8      16 sdb 31892938 518054 2918331970 65266708 59242934 381738039 15785227536 2254275448 32 20221900 2319614584
======================
   8      16 sdb 31896635 518113 2919293506 65299244 59242934 381738039 15785227536 2254275448 32 20222900 2319647164
======================
   8      16 sdb 31900275 518172 2920240450 65332004 59242934 381738039 15785227536 2254275448 33 20223904 2319679904
======================
   8      16 sdb 31903992 518231 2921207106 65364452 59242934 381738039 15785227536 2254275448 33 20224904 2319712500
======================
   8      16 sdb 31907705 518291 2922172738 65397592 59242934 381738039 15785227536 2254275448 33 20225908 2319745268
======================
   8      16 sdb 31911429 518350 2923140930 65430608 59242934 381738039 15785227536 2254275448 32 20226912 2319778496
======================
   8      16 sdb 31915149 518409 2924108354 65463108 59242934 381738039 15785227536 2254275448 32 20227912 2319811088
======================
   8      16 sdb 31917769 518450 2924797506 65494420 59242934 381738039 15785227536 2254275448 0 20228628 2319834088
