======================
   8      16 sdb 28960557 368939 2594464514 61960440 45779653 355321627 13613736168 1940489408 0 17234228 2002502792
======================
   8      16 sdb 28960557 368939 2594464514 61960440 45779653 355321627 13613736168 1940489408 0 17234228 2002502792
======================
   8      16 sdb 28960558 368939 2594464522 61960444 45779653 355321627 13613736168 1940489408 0 17234232 2002502796
======================
   8      16 sdb 28960558 368939 2594464522 61960444 45779653 355321627 13613736168 1940489408 0 17234232 2002502796
======================
   8      16 sdb 28960558 368939 2594464522 61960444 45779653 355321627 13613736168 1940489408 0 17234232 2002502796
======================
   8      16 sdb 28961039 368939 2594468370 61960464 45779653 355321627 13613736168 1940489408 0 17234248 2002502812
======================
   8      16 sdb 28961039 368939 2594468370 61960464 45779653 355321627 13613736168 1940489408 0 17234248 2002502812
======================
   8      16 sdb 28961047 368939 2594468434 61960524 45783073 355322127 13615486672 1940520708 78 17234644 2002538260
======================
   8      16 sdb 28961051 368939 2594468466 61960800 45785005 355322587 13616458872 1940639964 154 17235644 2002659084
======================
   8      16 sdb 28961055 368939 2594468498 61961100 45786902 355322587 13617430648 1940760112 139 17236644 2002779020
======================
   8      16 sdb 28961058 368939 2594468522 61961576 45788358 355322587 13618176120 1940870116 155 17237644 2002886764
======================
   8      16 sdb 28961061 368939 2594468546 61961604 45789511 355322587 13618765944 1941010356 155 17238648 2003030000
======================
   8      16 sdb 28961066 368939 2594468586 61961644 45792085 355322610 13620083512 1941154628 136 17239652 2003172952
======================
   8      16 sdb 28961071 368939 2594468626 61961684 45794511 355322610 13621325624 1941296152 139 17240656 2003314712
======================
   8      16 sdb 28961074 368939 2594468650 61961740 45796171 355322610 13622175544 1941438980 139 17241660 2003457444
======================
   8      16 sdb 28961078 368939 2594468682 61961932 45797508 355322610 13622860088 1941563908 148 17242664 2003592512
======================
   8      16 sdb 28961081 368939 2594468706 61961972 45799081 355322610 13623665464 1941716852 143 17243664 2003736264
======================
   8      16 sdb 28961085 368939 2594468738 61962024 45801287 355322610 13624794936 1941858924 149 17244668 2003877348
======================
   8      16 sdb 28961090 368939 2594468778 61962120 45803876 355322610 13626120504 1941999636 130 17245672 2004018120
======================
   8      16 sdb 28961095 368939 2594468818 61962220 45806077 355322610 13627247416 1942136588 150 17246676 2004156876
======================
   8      16 sdb 28961099 368939 2594468850 61962316 45807999 355322610 13628231480 1942275892 131 17247680 2004296420
======================
   8      16 sdb 28961103 368939 2594468882 61962436 45809926 355322610 13629218104 1942416424 151 17248684 2004437012
======================
   8      16 sdb 28961106 368939 2594468906 61962540 45811778 355322610 13630166328 1942551232 87 17249688 2004574508
======================
   8      16 sdb 28961111 368939 2594468946 61962812 45813752 355322670 13631174976 1942681976 157 17250692 2004703164
======================
   8      16 sdb 28961115 368939 2594468978 61962992 45815644 355322670 13632143680 1942815128 150 17251692 2004836188
======================
   8      16 sdb 28961119 368939 2594469010 61963204 45817566 355322670 13633127744 1942946360 133 17252696 2004966856
======================
   8      16 sdb 28961122 368939 2594469034 61963372 45819488 355322670 13634111808 1943078092 62 17253700 2005097812
======================
   8      16 sdb 28961127 368939 2594469074 61963644 45821410 355322707 13635094152 1943200524 144 17254704 2005222284
======================
   8      16 sdb 28961131 368939 2594469106 61963940 45823337 355322731 13636080976 1943320816 153 17255708 2005342880
======================
   8      16 sdb 28961135 368939 2594469138 61964220 45825262 355322731 13637065560 1943442436 140 17256712 2005463808
======================
   8      16 sdb 28961138 368939 2594469162 61964452 45827168 355322748 13638040056 1943568084 71 17257716 2005589872
======================
   8      16 sdb 28961143 368939 2594469202 61964724 45829047 355322748 13639002104 1943687472 153 17258716 2005710712
======================
   8      16 sdb 28961147 368939 2594469234 61965016 45831014 355322748 13640009208 1943806448 138 17259720 2005830356
======================
   8      16 sdb 28961151 368939 2594469266 61965320 45832937 355322771 13640992960 1943925980 137 17260720 2005947752
======================
   8      16 sdb 28961154 368939 2594469290 61965556 45834861 355322788 13641977176 1944048960 62 17261724 2006071376
======================
   8      16 sdb 28961159 368939 2594469330 61965872 45836786 355322788 13642962776 1944163344 130 17262724 2006187760
======================
   8      16 sdb 28961163 368939 2594469362 61966176 45838661 355322788 13643922776 1944279064 143 17263728 2006307380
======================
   8      16 sdb 28961167 368939 2594469394 61966464 45840615 355322788 13644923224 1944404320 141 17264728 2006427516
======================
   8      16 sdb 28961170 368939 2594469418 61966688 45842514 355322810 13645894680 1944527344 91 17265732 2006552012
======================
   8      16 sdb 28961175 368939 2594469458 61967008 45844437 355322827 13646878896 1944642112 132 17266732 2006667708
======================
   8      16 sdb 28961179 368939 2594469490 61967316 45846363 355322827 13647864496 1944761700 155 17267736 2006787312
======================
   8      16 sdb 28961183 368939 2594469522 61967620 45848287 355322827 13648849584 1944884072 153 17268740 2006907448
======================
   8      16 sdb 28961186 368939 2594469546 61967836 45850212 355322827 13649835184 1945006768 75 17269744 2007032008
======================
   8      16 sdb 28961191 368939 2594469586 61968152 45852137 355322866 13650818576 1945115824 145 17270744 2007142532
======================
   8      16 sdb 28961195 368939 2594469618 61968464 45854035 355322866 13651790352 1945233748 138 17271748 2007260808
======================
   8      16 sdb 28961199 368939 2594469650 61968764 45855962 355322866 13652776976 1945356164 132 17272752 2007380392
======================
   8      16 sdb 28961202 368939 2594469674 61968992 45857887 355322866 13653762576 1945478004 85 17273752 2007504732
======================
   8      16 sdb 28961207 368939 2594469714 61969352 45859797 355322866 13654740496 1945589024 137 17274752 2007616248
======================
   8      16 sdb 28961211 368939 2594469746 61969644 45861739 355322906 13655733104 1945702136 149 17275756 2007729976
======================
   8      16 sdb 28961215 368939 2594469778 61969948 45863665 355322906 13656719216 1945823628 144 17276760 2007849728
======================
   8      16 sdb 28961218 368939 2594469802 61970176 45865587 355322906 13657703280 1945946232 69 17277764 2007973456
======================
   8      16 sdb 28961223 368939 2594469842 61970516 45867492 355322906 13658678640 1946059628 155 17278764 2008088500
======================
   8      16 sdb 28961227 368939 2594469874 61970816 45869392 355322906 13659651440 1946178264 146 17279768 2008207620
======================
   8      16 sdb 28961231 368939 2594469906 61970972 45871317 355322944 13660635328 1946311512 143 17280768 2008337080
======================
   8      16 sdb 28961234 368939 2594469930 61971200 45873241 355322944 13661620416 1946432428 99 17281772 2008461600
======================
   8      16 sdb 28961239 368939 2594469970 61971560 45875133 355322944 13662589120 1946546356 139 17282776 2008576212
======================
   8      16 sdb 28961243 368939 2594470002 61971852 45877088 355322944 13663590080 1946665296 136 17283780 2008695948
======================
   8      16 sdb 28961247 368939 2594470034 61972156 45879014 355322944 13664576192 1946787928 128 17284776 2008815232
======================
   8      16 sdb 28961250 368939 2594470058 61972384 45880926 355322969 13665554328 1946907032 96 17285780 2008937128
======================
   8      16 sdb 28961255 368939 2594470098 61972740 45882784 355322988 13666504768 1947019892 146 17286784 2009050288
======================
   8      16 sdb 28961259 368939 2594470130 61973028 45884750 355322988 13667511360 1947138240 156 17287788 2009169432
======================
   8      16 sdb 28961263 368939 2594470162 61973312 45886672 355322988 13668495424 1947259976 111 17288792 2009286732
======================
   8      16 sdb 28961266 368939 2594470186 61973536 45888598 355322988 13669481536 1947378416 106 17289796 2009409968
======================
   8      16 sdb 28961271 368939 2594470226 61973808 45890521 355323011 13670465288 1947490320 150 17290796 2009522552
======================
   8      16 sdb 28961275 368939 2594470258 61974100 45892451 355323026 13671451552 1947608648 141 17291800 2009641272
======================
   8      16 sdb 28961279 368939 2594470290 61974384 45894354 355323026 13672425888 1947732608 131 17292804 2009760604
======================
   8      16 sdb 28961282 368939 2594470314 61974608 45896251 355323026 13673397152 1947853100 139 17293808 2009886272
======================
   8      16 sdb 28961287 368939 2594470354 61974940 45898171 355323026 13674380192 1947966512 149 17294804 2009999460
======================
   8      16 sdb 28961291 368939 2594470386 61975244 45900100 355323049 13675367016 1948080400 133 17295804 2010113320
======================
   8      16 sdb 28961294 368939 2594470410 61975508 45901816 355323066 13676244736 1948189268 149 17296804 2010236236
======================
   8      16 sdb 28961298 368939 2594470442 61975612 45903941 355323066 13677332736 1948335356 133 17297808 2010368772
======================
   8      16 sdb 28961303 368939 2594470482 61975936 45905869 355323066 13678319872 1948448996 135 17298812 2010483268
======================
   8      16 sdb 28961307 368939 2594470514 61976228 45907773 355323066 13679294720 1948566616 151 17299816 2010601700
======================
   8      16 sdb 28961310 368939 2594470538 61976444 45909700 355323089 13680280520 1948689200 8 17300816 2010719208
======================
   8      16 sdb 28961314 368939 2594470570 61976744 45911609 355323106 13681257056 1948807048 140 17301816 2010842296
======================
   8      16 sdb 28961319 368939 2594470610 61977064 45913530 355323106 13682240608 1948919780 145 17302816 2010955224
======================
   8      16 sdb 28961324 368939 2594470650 61977368 45915455 355323106 13683226208 1949037960 151 17303816 2011072268
======================
   8      16 sdb 28961327 368939 2594470674 61977620 45917184 355323106 13684111456 1949158004 153 17304820 2011193816
======================
   8      16 sdb 28961331 368939 2594470706 61977924 45919110 355323129 13685097256 1949271204 137 17305824 2011307372
======================
   8      16 sdb 28961335 368939 2594470738 61978228 45921033 355323144 13686079424 1949390776 133 17306828 2011424432
======================
   8      16 sdb 28961338 368939 2594470762 61978448 45922932 355323144 13687051712 1949512448 96 17307828 2011548356
======================
   8      16 sdb 28961343 368939 2594470802 61978780 45924786 355323144 13688000960 1949626232 140 17308832 2011662540
======================
   8      16 sdb 28961347 368939 2594470834 61979084 45926737 355323144 13688999872 1949745876 141 17309836 2011782632
======================
   8      16 sdb 28961351 368939 2594470866 61979384 45928664 355323167 13689985672 1949867432 13 17310836 2011899724
======================
   8      16 sdb 28961354 368939 2594470890 61979636 45930532 355323184 13690941216 1949983376 133 17311840 2012021596
======================
   8      16 sdb 28961359 368939 2594470930 61979960 45932513 355323184 13691955488 1950096804 132 17312844 2012134752
======================
   8      16 sdb 28961363 368939 2594470962 61980252 45934439 355323184 13692941600 1950214956 155 17313848 2012253252
======================
   8      16 sdb 28961367 368939 2594470994 61980560 45936365 355323184 13693927712 1950338560 146 17314852 2012372676
======================
   8      16 sdb 28961370 368939 2594471018 61980796 45938269 355323206 13694901728 1950457960 125 17315856 2012496768
======================
   8      16 sdb 28961375 368939 2594471058 61981160 45940134 355323223 13695855736 1950570836 129 17316860 2012609740
======================
   8      16 sdb 28961379 368939 2594471090 61981444 45942096 355323223 13696860280 1950689292 150 17317864 2012728620
======================
   8      16 sdb 28961382 368939 2594471114 61981676 45944018 355323223 13697844344 1950813324 10 17318864 2012848524
======================
   8      16 sdb 28961386 368939 2594471146 61981972 45945944 355323223 13698830456 1950932932 132 17319864 2012973152
======================
   8      16 sdb 28961391 368939 2594471186 61982300 45947869 355323246 13699815232 1951042752 140 17320868 2013083384
======================
   8      16 sdb 28961395 368939 2594471218 61982608 45949794 355323261 13700798936 1951162120 138 17321864 2013202528
======================
   8      16 sdb 28961398 368939 2594471242 61982832 45951655 355323261 13701751768 1951286440 59 17322868 2013325400
======================
   8      16 sdb 28961402 368939 2594471274 61983124 45953604 355323261 13702749656 1951405416 138 17323872 2013446556
======================
   8      16 sdb 28961407 368939 2594471314 61983432 45955504 355323261 13703722456 1951520192 145 17324876 2013561344
======================
   8      16 sdb 28961411 368939 2594471346 61983732 45957450 355323286 13704718000 1951634844 133 17325880 2013676132
======================
   8      16 sdb 28961414 368939 2594471370 61983964 45959378 355323304 13705703768 1951759516 21 17326880 2013797600
======================
   8      16 sdb 28961418 368939 2594471402 61984260 45961305 355323304 13706690392 1951878132 142 17327880 2013920088
======================
   8      16 sdb 28961423 368939 2594471442 61984596 45963225 355323304 13707673432 1951991116 141 17328884 2014033464
======================
   8      16 sdb 28961427 368939 2594471474 61984896 45965092 355323304 13708629336 1952113668 142 17329888 2014154068
======================
   8      16 sdb 28961430 368939 2594471498 61985120 45967031 355323326 13709621784 1952236580 50 17330892 2014277516
======================
   8      16 sdb 28961434 368939 2594471530 61985424 45968956 355323343 13710606000 1952354332 155 17331896 2014397768
======================
   8      16 sdb 28961439 368939 2594471570 61985744 45970881 355323343 13711591600 1952468836 148 17332900 2014512656
======================
   8      16 sdb 28961443 368939 2594471602 61986044 45972809 355323343 13712578736 1952589480 140 17333900 2014632684
======================
   8      16 sdb 28961446 368939 2594471626 61986268 45974523 355323343 13713456304 1952698468 153 17334904 2014759396
======================
   8      16 sdb 28961450 368939 2594471658 61986436 45976655 355323366 13714547064 1952835496 148 17335904 2014879992
======================
   8      16 sdb 28961455 368939 2594471698 61986760 45978556 355323382 13715518992 1952949488 147 17336904 2014993824
======================
   8      16 sdb 28961459 368939 2594471730 61987072 45980462 355323382 13716495376 1953069124 139 17337904 2015112060
======================
   8      16 sdb 28961462 368939 2594471754 61987316 45982366 355323382 13717469712 1953191428 82 17338908 2015235528
======================
   8      16 sdb 28961466 368939 2594471786 61987616 45984293 355323382 13718456336 1953310092 149 17339908 2015355432
======================
   8      16 sdb 28961471 368939 2594471826 61987896 45986176 355323405 13719419608 1953424524 153 17340908 2015469920
======================
   8      16 sdb 28961475 368939 2594471858 61988192 45988120 355323421 13720413552 1953547476 135 17341908 2015589964
======================
   8      16 sdb 28961478 368939 2594471882 61988420 45990070 355323421 13721411952 1953669028 63 17342912 2015713652
======================
   8      16 sdb 28961482 368939 2594471914 61988708 45991996 355323421 13722398064 1953787448 131 17343912 2015834096
======================
   8      16 sdb 28961487 368939 2594471954 61989028 45993920 355323421 13723383152 1953902044 132 17344916 2015949000
======================
   8      16 sdb 28961491 368939 2594471986 61989336 45995820 355323443 13724355120 1954023736 154 17345920 2016068564
======================
   8      16 sdb 28961494 368939 2594472010 61989564 45997495 355323460 13725211848 1954129556 140 17346920 2016193416
======================
   8      16 sdb 28961498 368939 2594472042 61989824 45999646 355323460 13726313160 1954266432 133 17347924 2016313900
======================
   8      16 sdb 28961503 368939 2594472082 61990152 46001566 355323460 13727296200 1954380812 133 17348928 2016428780
======================
   8      16 sdb 28961507 368939 2594472114 61990456 46003491 355323460 13728281800 1954503124 128 17349928 2016548504
======================
   8      16 sdb 28961514 368940 2594472178 61990784 46005419 355323483 13729268112 1954620432 80 17350932 2016668048
======================
   8      16 sdb 28961518 368940 2594472210 61991092 46007344 355323483 13730253712 1954739968 148 17351932 2016789144
======================
   8      16 sdb 28961523 368940 2594472250 61991436 46009241 355323483 13731224976 1954853024 139 17352932 2016901984
======================
   8      16 sdb 28961527 368940 2594472282 61991756 46011143 355323483 13732198800 1954976180 156 17353936 2017020780
======================
   8      16 sdb 28961530 368940 2594472306 61991988 46013070 355323483 13733185424 1955097396 109 17354940 2017146704
======================
   8      16 sdb 28961534 368940 2594472338 61992324 46014955 355323506 13734149720 1955209940 156 17355944 2017259492
======================
   8      16 sdb 28961539 368940 2594472378 61992644 46016923 355323506 13735157336 1955324044 146 17356940 2017374520
======================
   8      16 sdb 28961543 368940 2594472410 61992936 46018847 355323506 13736142424 1955446592 134 17357944 2017493932
======================
   8      16 sdb 28961546 368940 2594472434 61993168 46020770 355323506 13737127000 1955569056 91 17358944 2017619420
======================
   8      16 sdb 28961550 368940 2594472466 61993472 46022681 355323506 13738105432 1955688772 140 17359948 2017740180
======================
   8      16 sdb 28961555 368940 2594472506 61993852 46024518 355323529 13739045152 1955798580 131 17360952 2017848344
======================
   8      16 sdb 28961557 368940 2594472522 61993992 46025580 355323592 13739582328 1955859872 0 17361460 2017906300
======================
   8      16 sdb 28961557 368940 2594472522 61993992 46025580 355323592 13739582328 1955859872 0 17361460 2017906300
======================
   8      16 sdb 28961557 368940 2594472522 61993992 46025580 355323592 13739582328 1955859872 0 17361460 2017906300
======================
   8      16 sdb 28961557 368940 2594472522 61993992 46025580 355323592 13739582328 1955859872 0 17361460 2017906300
======================
   8      16 sdb 28961557 368940 2594472522 61993992 46025580 355323592 13739582328 1955859872 0 17361460 2017906300
started
======================
   8      16 sdb 28961557 368940 2594472522 61993992 46025580 355323592 13739582328 1955859872 0 17361460 2017906300
======================
   8      16 sdb 28961566 368940 2594472594 61993992 46025580 355323592 13739582328 1955859872 0 17361460 2017906300
======================
   8      16 sdb 28961566 368940 2594472594 61993992 46025580 355323592 13739582328 1955859872 0 17361460 2017906300
======================
   8      16 sdb 28961566 368940 2594472594 61993992 46025580 355323592 13739582328 1955859872 0 17361460 2017906300
======================
   8      16 sdb 28961566 368940 2594472594 61993992 46025580 355323592 13739582328 1955859872 0 17361460 2017906300
======================
   8      16 sdb 28961566 368940 2594472594 61993992 46043176 355323592 13739730784 1955897600 130 17361744 2017944264
======================
   8      16 sdb 28961566 368940 2594472594 61993992 46079762 355323593 13740042664 1956038960 152 17362748 2018085440
======================
   8      16 sdb 28961566 368940 2594472594 61993992 46116537 355323593 13740358936 1956180968 149 17363752 2018227292
======================
   8      16 sdb 28961566 368940 2594472594 61993992 46154544 355323593 13740689272 1956323500 158 17364756 2018369896
======================
   8      16 sdb 28961566 368940 2594472594 61993992 46193258 355323593 13741030536 1956463708 152 17365760 2018509924
======================
   8      16 sdb 28961566 368940 2594472594 61993992 46230812 355323593 13741365208 1956599352 159 17366768 2018651724
======================
   8      16 sdb 28961566 368940 2594472594 61993992 46271253 355323594 13741728456 1956745212 147 17367768 2018791292
======================
   8      16 sdb 28961566 368940 2594472594 61993992 46312547 355323594 13742101240 1956886840 136 17368776 2018932888
======================
   8      16 sdb 28961566 368940 2594472594 61993992 46354088 355323595 13742476792 1957028128 135 17369784 2019074432
======================
   8      16 sdb 28961566 368940 2594472594 61993992 46395218 355323595 13742849600 1957169028 128 17370788 2019215012
======================
   8      16 sdb 28961566 368940 2594472594 61993992 46432387 355323595 13743188200 1957309272 128 17371792 2019355072
======================
   8      16 sdb 28961566 368940 2594472594 61993992 46474499 355323596 13743574352 1957449380 138 17372800 2019495424
======================
   8      16 sdb 28961566 368940 2594472594 61993992 46516735 355323596 13743961728 1957589772 154 17373804 2019635712
======================
   8      16 sdb 28961566 368940 2594472594 61993992 46559086 355323596 13744352720 1957730176 141 17374808 2019776420
======================
   8      16 sdb 28961566 368940 2594472594 61993992 46594132 355323596 13744676128 1957873280 135 17375808 2019918912
======================
   8      16 sdb 28961566 368940 2594472594 61993992 46636799 355323597 13745070928 1958013168 136 17376812 2020059032
======================
   8      16 sdb 28961566 368940 2594472594 61993992 46679071 355323598 13745463752 1958153384 135 17377816 2020199312
======================
   8      16 sdb 28961566 368940 2594472594 61993992 46721520 355323598 13745859456 1958294460 153 17378816 2020339904
======================
   8      16 sdb 28961566 368940 2594472594 61993992 46761392 355323599 13746231200 1958433832 131 17379820 2020479360
======================
   8      16 sdb 28961566 368940 2594472594 61993992 46804304 355323600 13746633864 1958572944 135 17380824 2020618676
======================
   8      16 sdb 28961566 368940 2594472594 61993992 46847552 355323601 13747039152 1958712624 131 17381824 2020757884
======================
   8      16 sdb 28961566 368940 2594472594 61993992 46891409 355323602 13747453024 1958853340 141 17382828 2020898720
======================
   8      16 sdb 28961566 368940 2594472594 61993992 46931874 355323602 13747836240 1958994860 132 17383832 2021040408
======================
   8      16 sdb 28961566 368940 2594472594 61993992 46975325 355323603 13748247400 1959135124 153 17384832 2021180232
======================
   8      16 sdb 28961566 368940 2594472594 61993992 47019004 355323603 13748662896 1959274048 128 17385836 2021319236
======================
   8      16 sdb 28961566 368940 2594472594 61993992 47062937 355323604 13749082552 1959413408 134 17386840 2021458716
======================
   8      16 sdb 28961566 368940 2594472594 61993992 47103967 355323605 13749475560 1959551972 116 17387840 2021596952
======================
   8      16 sdb 28961566 368940 2594472594 61993992 47147993 355323606 13749898952 1959691604 127 17388844 2021736644
======================
   8      16 sdb 28961566 368940 2594472594 61993992 47192829 355323606 13750330856 1959830172 135 17389848 2021875460
======================
   8      16 sdb 28961566 368940 2594472594 61993992 47237836 355323606 13750766488 1959969984 126 17390848 2022014872
======================
   8      16 sdb 28961566 368940 2594472594 61993992 47278411 355323606 13751159560 1960111704 156 17391852 2022156588
======================
   8      16 sdb 28961566 368940 2594472594 61993992 47323075 355323609 13751596248 1960249068 159 17392856 2022294140
======================
   8      16 sdb 28961566 368940 2594472594 61993992 47368567 355323610 13752039488 1960388672 152 17393860 2022433760
======================
   8      16 sdb 28961566 368940 2594472594 61993992 47411312 355323612 13752458120 1960526252 149 17394864 2022573928
======================
   8      16 sdb 28961566 368940 2594472594 61993992 47454837 355323612 13752886392 1960666124 141 17395864 2022710576
======================
   8      16 sdb 28961566 368940 2594472594 61993992 47500568 355323612 13753338232 1960804296 131 17396868 2022848828
======================
   8      16 sdb 28961566 368940 2594472594 61993992 47546505 355323613 13753794656 1960942376 137 17397872 2022986892
======================
   8      16 sdb 28961566 368940 2594472594 61993992 47588272 355323613 13754210848 1961080888 155 17398880 2023125616
======================
   8      16 sdb 28961566 368940 2594472594 61993992 47633994 355323613 13754667144 1961218228 143 17399884 2023264120
======================
   8      16 sdb 28961566 368940 2594472594 61993992 47679288 355323614 13755119408 1961357232 137 17400888 2023401888
======================
   8      16 sdb 28961566 368940 2594472594 61993992 47725361 355323614 13755583264 1961495196 147 17401888 2023539300
======================
   8      16 sdb 28961566 368940 2594472594 61993992 47767549 355323616 13756011032 1961633092 134 17402892 2023677072
======================
   8      16 sdb 28961566 368940 2594472594 61993992 47813695 355323616 13756479640 1961771532 147 17403896 2023815476
======================
   8      16 sdb 28961566 368940 2594472594 61993992 47860408 355323616 13756955616 1961911020 151 17404908 2023955460
======================
   8      16 sdb 28961566 368940 2594472594 61993992 47903395 355323616 13757396264 1962050536 129 17405916 2024094712
======================
   8      16 sdb 28961566 368940 2594472594 61993992 47947935 355323617 13757842904 1962190252 132 17406924 2024234236
======================
   8      16 sdb 28961566 368940 2594472594 61993992 47991930 355323619 13758272392 1962328964 141 17407928 2024372560
======================
   8      16 sdb 28961566 368940 2594472594 61993992 48037117 355323620 13758713744 1962467124 154 17408932 2024510724
======================
   8      16 sdb 28961566 368940 2594472594 61993992 48078501 355323620 13759117424 1962605088 151 17409936 2024648768
======================
   8      16 sdb 28961566 368940 2594472594 61993992 48123788 355323620 13759558304 1962744172 141 17410940 2024787748
======================
   8      16 sdb 28961566 368940 2594472594 61993992 48168768 355323622 13759994648 1962883368 148 17411944 2024927136
======================
   8      16 sdb 28961566 368940 2594472594 61993992 48209715 355323623 13760391536 1963021444 141 17412944 2025064692
======================
   8      16 sdb 28961566 368940 2594472594 61993992 48253783 355323624 13760815856 1963159204 158 17413948 2025202624
======================
   8      16 sdb 28961566 368940 2594472594 61993992 48297826 355323624 13761239512 1963298948 136 17414952 2025342592
======================
   8      16 sdb 28961566 368940 2594472594 61993992 48341517 355323625 13761658152 1963437604 141 17415952 2025480816
======================
   8      16 sdb 28961566 368940 2594472594 61993992 48381672 355323625 13762041008 1963577048 130 17416956 2025620552
======================
   8      16 sdb 28961566 368940 2594472594 61993992 48426083 355323626 13762463264 1963716268 115 17417956 2025759216
======================
   8      16 sdb 28961566 368940 2594472594 61993992 48470196 355323626 13762883504 1963854688 132 17418960 2025898024
