======================
   8      16 sdb 22754089 368933 2269508434 52651524 42784242 355296469 12081814816 1737329612 0 15233280 1789939736
======================
   8      16 sdb 22754089 368933 2269508434 52651524 42784242 355296469 12081814816 1737329612 0 15233280 1789939736
======================
   8      16 sdb 22754094 368933 2269508474 52651524 42784242 355296469 12081814816 1737329612 0 15233280 1789939736
======================
   8      16 sdb 22754094 368933 2269508474 52651524 42784242 355296469 12081814816 1737329612 0 15233280 1789939736
======================
   8      16 sdb 22754094 368933 2269508474 52651524 42784242 355296469 12081814816 1737329612 0 15233280 1789939736
======================
   8      16 sdb 22754094 368933 2269508474 52651524 42784242 355296469 12081814816 1737329612 0 15233280 1789939736
======================
   8      16 sdb 22754094 368933 2269508474 52651524 42784254 355296480 12081814992 1737329612 0 15233280 1789939736
======================
   8      16 sdb 22754094 368933 2269508474 52651524 42784254 355296480 12081814992 1737329612 0 15233280 1789939736
started
======================
   8      16 sdb 22754094 368933 2269508474 52651524 42784254 355296480 12081814992 1737329612 0 15233280 1789939736
======================
   8      16 sdb 22754094 368933 2269508474 52651524 42784254 355296480 12081814992 1737329612 0 15233280 1789939736
======================
   8      16 sdb 22754094 368933 2269508474 52651524 42784254 355296480 12081814992 1737329612 0 15233280 1789939736
======================
   8      16 sdb 22754101 368933 2269508530 52651524 42784254 355296480 12081814992 1737329612 0 15233280 1789939736
======================
   8      16 sdb 22754101 368933 2269508530 52651524 42784254 355296480 12081814992 1737329612 0 15233280 1789939736
======================
   8      16 sdb 22754101 368933 2269508530 52651524 42784254 355296480 12081814992 1737329612 0 15233280 1789939736
======================
   8      16 sdb 22754101 368933 2269508530 52651524 42784254 355296480 12081814992 1737329612 0 15233280 1789939736
======================
   8      16 sdb 22754102 368933 2269508538 52651524 42785738 355296480 12082574800 1737343772 124 15233400 1789954392
======================
   8      16 sdb 22754103 368933 2269508546 52651544 42787136 355296497 12083289704 1737367592 0 15233624 1789977716
======================
   8      16 sdb 22754103 368933 2269508546 52651544 42789870 355296504 12084686552 1737493896 146 15234568 1790109124
======================
   8      16 sdb 22754104 368933 2269508554 52651624 42791763 355296504 12085655256 1737628776 147 15235576 1790244656
======================
   8      16 sdb 22754104 368933 2269508554 52651624 42793677 355296504 12086635224 1737769372 153 15236580 1790385320
======================
   8      16 sdb 22754104 368933 2269508554 52651624 42795568 355296504 12087603416 1737911084 150 15237584 1790527012
======================
   8      16 sdb 22754104 368933 2269508554 52651624 42797480 355296528 12088582048 1738052340 132 15238588 1790663112
======================
   8      16 sdb 22754105 368933 2269508562 52651700 42799447 355296528 12089588648 1738181364 145 15239588 1790796896
======================
   8      16 sdb 22754105 368933 2269508562 52651700 42801365 355296546 12090569800 1738321796 147 15240592 1790937440
======================
   8      16 sdb 22754105 368933 2269508562 52651700 42803289 355296546 12091554888 1738463204 143 15241596 1791078992
======================
   8      16 sdb 22754105 368933 2269508562 52651700 42805210 355296546 12092538440 1738604704 142 15242596 1791220120
======================
   8      16 sdb 22754106 368933 2269508570 52651780 42807038 355296569 12093474376 1738733968 14 15243600 1791345812
======================
   8      16 sdb 22754106 368933 2269508570 52651780 42809000 355296569 12094478600 1738854300 153 15244600 1791469604
======================
   8      16 sdb 22754106 368933 2269508570 52651780 42810902 355296569 12095452424 1738995888 139 15245604 1791611320
======================
   8      16 sdb 22754106 368933 2269508570 52651780 42812819 355296569 12096433928 1739136596 142 15246608 1791752248
======================
   8      16 sdb 22754107 368933 2269508578 52651808 42814796 355296569 12097446152 1739281276 151 15247640 1791896616
======================
   8      16 sdb 22754107 368933 2269508578 52651808 42816715 355296569 12098429192 1739421596 152 15248644 1792037232
======================
   8      16 sdb 22754107 368933 2269508578 52651808 42818627 355296569 12099407624 1739561900 128 15249644 1792177056
======================
   8      16 sdb 22754107 368933 2269508578 52651808 42820553 355296569 12100393736 1739702432 154 15250648 1792317760
======================
   8      16 sdb 22754108 368933 2269508586 52651856 42822469 355296569 12101374728 1739841460 136 15251652 1792457280
======================
   8      16 sdb 22754108 368933 2269508586 52651856 42824369 355296569 12102347528 1739983484 156 15252652 1792599464
======================
   8      16 sdb 22754108 368933 2269508586 52651856 42826290 355296569 12103331080 1740126304 154 15253656 1792741876
======================
   8      16 sdb 22754108 368933 2269508586 52651856 42828170 355296569 12104293640 1740268620 131 15254660 1792884680
======================
   8      16 sdb 22754109 368933 2269508594 52651924 42830129 355296569 12105296648 1740406068 129 15255660 1793021396
======================
   8      16 sdb 22754109 368933 2269508594 52651924 42832051 355296569 12106280712 1740547584 129 15256664 1793163096
======================
   8      16 sdb 22754109 368933 2269508594 52651924 42833973 355296569 12107264776 1740688972 135 15257668 1793304660
======================
   8      16 sdb 22754109 368933 2269508594 52651924 42835867 355296569 12108235016 1740830532 151 15258672 1793446592
======================
   8      16 sdb 22754110 368933 2269508602 52652008 42837772 355296632 12109208352 1740964656 145 15259672 1793580252
======================
   8      16 sdb 22754110 368933 2269508602 52652008 42839696 355296704 12110190488 1741096360 151 15260672 1793712176
======================
   8      16 sdb 22754110 368933 2269508602 52652008 42841605 355296704 12111167896 1741237048 134 15261676 1793853600
======================
   8      16 sdb 22754110 368933 2269508602 52652008 42843534 355296704 12112155544 1741379684 145 15262676 1793995120
======================
   8      16 sdb 22754111 368933 2269508610 52652088 42845453 355296704 12113138072 1741514220 139 15263680 1794130196
======================
   8      16 sdb 22754111 368933 2269508610 52652088 42847373 355296726 12114120784 1741649104 145 15264684 1794265176
======================
   8      16 sdb 22754111 368933 2269508610 52652088 42849271 355296726 12115092560 1741790508 135 15265684 1794406152
======================
   8      16 sdb 22754111 368933 2269508610 52652088 42851168 355296726 12116063824 1741931404 142 15266688 1794547388
======================
   8      16 sdb 22754112 368933 2269508618 52652172 42853092 355296726 12117048408 1742066368 151 15267692 1794682492
======================
   8      16 sdb 22754112 368933 2269508618 52652172 42855005 355296743 12118026992 1742208628 142 15268692 1794824228
======================
   8      16 sdb 22754112 368933 2269508618 52652172 42856923 355296765 12119008680 1742344648 143 15269696 1794960412
======================
   8      16 sdb 22754112 368933 2269508618 52652172 42858840 355296765 12119990184 1742484924 146 15270700 1795100836
======================
   8      16 sdb 22754113 368933 2269508626 52652256 42860750 355296765 12120967600 1742618872 145 15271700 1795234744
======================
   8      16 sdb 22754113 368933 2269508626 52652256 42862666 355296781 12121947712 1742761660 149 15272704 1795377464
======================
   8      16 sdb 22754113 368933 2269508626 52652256 42864571 355296781 12122923072 1742904604 132 15273708 1795520620
======================
   8      16 sdb 22754113 368933 2269508626 52652256 42866363 355296804 12123840256 1743033088 147 15274708 1795656848
======================
   8      16 sdb 22754114 368933 2269508634 52652328 42868405 355296804 12124885256 1743175564 143 15275712 1795790808
======================
   8      16 sdb 22754114 368933 2269508634 52652328 42870342 355296821 12125876128 1743318388 139 15276720 1795934384
======================
   8      16 sdb 22754114 368933 2269508634 52652328 42872264 355296821 12126860192 1743460712 155 15277724 1796076600
======================
   8      16 sdb 22754114 368933 2269508634 52652328 42874193 355296821 12127847840 1743603160 147 15278728 1796218864
======================
   8      16 sdb 22754115 368933 2269508642 52652416 42876090 355296844 12128818784 1743737960 143 15279732 1796353820
======================
   8      16 sdb 22754115 368933 2269508642 52652416 42877987 355296844 12129790048 1743880100 134 15280736 1796496092
======================
   8      16 sdb 22754115 368933 2269508642 52652416 42879905 355296844 12130772064 1744020672 136 15281740 1796636496
======================
   8      16 sdb 22754115 368933 2269508642 52652416 42881829 355296844 12131757152 1744162720 132 15282748 1796778752
======================
   8      16 sdb 22754116 368933 2269508650 52652500 42883754 355296844 12132742248 1744297288 153 15283752 1796913196
======================
   8      16 sdb 22754116 368933 2269508650 52652500 42885624 355296883 12133697984 1744430524 155 15284756 1797049060
======================
   8      16 sdb 22754116 368933 2269508650 52652500 42887611 355296883 12134715328 1744576004 152 15285764 1797192048
======================
   8      16 sdb 22754116 368933 2269508650 52652500 42889511 355296883 12135688128 1744718084 140 15286768 1797334664
======================
   8      16 sdb 22754117 368933 2269508658 52652584 42891398 355296883 12136653768 1744851444 133 15287772 1797470012
======================
   8      16 sdb 22754117 368933 2269508658 52652584 42893332 355296899 12137643096 1744995872 151 15288776 1797611832
======================
   8      16 sdb 22754117 368933 2269508658 52652584 42895016 355296922 12138504984 1745114192 147 15289780 1797748544
======================
   8      16 sdb 22754117 368933 2269508658 52652584 42897162 355296922 12139603736 1745275228 149 15290784 1797891052
