======================
   8      16 sdb 28962572 368940 2594480642 62024348 49493357 355325690 13943179384 1988304996 0 17608436 2050378500
======================
   8      16 sdb 28962572 368940 2594480642 62024348 49493357 355325690 13943179384 1988304996 0 17608436 2050378500
======================
   8      16 sdb 28962572 368940 2594480642 62024348 49493359 355325691 13943179408 1988304996 0 17608436 2050378500
======================
   8      16 sdb 28962572 368940 2594480642 62024348 49493359 355325691 13943179408 1988304996 0 17608436 2050378500
======================
   8      16 sdb 28962572 368940 2594480642 62024348 49493359 355325691 13943179408 1988304996 0 17608436 2050378500
======================
   8      16 sdb 28962572 368940 2594480642 62024348 49493359 355325691 13943179408 1988304996 0 17608436 2050378500
======================
   8      16 sdb 28962572 368940 2594480642 62024348 49493359 355325691 13943179408 1988304996 0 17608436 2050378500
======================
   8      16 sdb 28962572 368940 2594480642 62024348 49493359 355325691 13943179408 1988304996 0 17608436 2050378500
======================
   8      16 sdb 28962572 368940 2594480642 62024348 49493359 355325691 13943179408 1988304996 0 17608436 2050378500
======================
   8      16 sdb 28963055 368940 2594484506 62024420 49493361 355325694 13943179448 1988304996 0 17608508 2050378572
======================
   8      16 sdb 28963055 368940 2594484506 62024420 49493361 355325694 13943179448 1988304996 0 17608508 2050378572
======================
   8      16 sdb 28963055 368940 2594484506 62024420 49493361 355325694 13943179448 1988304996 0 17608508 2050378572
======================
   8      16 sdb 28963059 368940 2594484538 62024568 49495676 355325694 13944364224 1988358432 129 17609036 2050436036
======================
   8      16 sdb 28963064 368940 2594484578 62024828 49498353 355325694 13945734848 1988478820 34 17610036 2050554324
======================
   8      16 sdb 28963070 368940 2594484626 62025120 49500672 355326203 13946921208 1988595948 138 17611036 2050674956
======================
   8      16 sdb 28963074 368940 2594484658 62025408 49502604 355326672 13947893480 1988718404 133 17612032 2050796224
======================
   8      16 sdb 28963076 368940 2594484674 62025564 49504036 355326672 13948626664 1988811500 34 17613032 2050896892
======================
   8      16 sdb 28963082 368940 2594484722 62026088 49506459 355326672 13949867240 1988937016 138 17614036 2051017572
======================
   8      16 sdb 28963086 368940 2594484754 62026128 49508380 355326672 13950851304 1989080148 137 17615040 2051160832
======================
   8      16 sdb 28963090 368940 2594484786 62026172 49510307 355326695 13951837096 1989223288 131 17616044 2051303952
======================
   8      16 sdb 28963093 368940 2594484810 62026220 49512050 355326695 13952729512 1989366828 140 17617048 2051447628
======================
   8      16 sdb 28963098 368940 2594484850 62026352 49513904 355326695 13953678760 1989504980 148 17618048 2051584952
======================
   8      16 sdb 28963102 368940 2594484882 62026480 49515850 355326695 13954675112 1989643304 137 17619052 2051723148
======================
   8      16 sdb 28963105 368940 2594484906 62026576 49517773 355326695 13955659688 1989781388 122 17620056 2051862088
======================
   8      16 sdb 28963109 368940 2594484938 62026720 49519690 355326695 13956641192 1989919144 150 17621060 2051999828
======================
   8      16 sdb 28963114 368940 2594484978 62026904 49521622 355326695 13957630376 1990053188 147 17622064 2052134496
======================
   8      16 sdb 28963118 368940 2594485010 62027116 49523545 355326695 13958614952 1990187016 137 17623068 2052266692
======================
   8      16 sdb 28963121 368940 2594485034 62027276 49525472 355326695 13959601576 1990318196 103 17624072 2052399352
======================
   8      16 sdb 28963125 368940 2594485066 62027504 49527373 355326695 13960574888 1990446616 157 17625076 2052528588
======================
   8      16 sdb 28963130 368940 2594485106 62027768 49529233 355326739 13961526552 1990573564 133 17626080 2052652352
======================
   8      16 sdb 28963134 368940 2594485138 62028048 49531206 355326793 13962534136 1990694188 80 17627084 2052772176
======================
   8      16 sdb 28963137 368940 2594485162 62028264 49533133 355326793 13963520760 1990815156 130 17628088 2052897892
======================
   8      16 sdb 28963141 368940 2594485194 62028568 49535056 355326793 13964505336 1990935008 136 17629092 2053018216
======================
   8      16 sdb 28963146 368940 2594485234 62028888 49536982 355326793 13965491448 1991052100 133 17630092 2053134400
======================
   8      16 sdb 28963150 368940 2594485266 62029188 49538902 355326816 13966474488 1991173816 25 17631092 2053252156
======================
   8      16 sdb 28963153 368940 2594485290 62029420 49540793 355326833 13967441496 1991290780 138 17632092 2053374088
======================
   8      16 sdb 28963157 368940 2594485322 62029732 49542706 355326833 13968420440 1991409112 139 17633092 2053493492
======================
   8      16 sdb 28963162 368940 2594485362 62030040 49544631 355326833 13969406040 1991527188 147 17634092 2053609472
======================
   8      16 sdb 28963165 368940 2594485386 62030284 49546556 355326833 13970391640 1991646256 23 17635096 2053727148
======================
   8      16 sdb 28963169 368940 2594485418 62030576 49548465 355326855 13971369560 1991765872 98 17636100 2053850020
======================
   8      16 sdb 28963173 368940 2594485450 62030764 49550365 355326871 13972340648 1991884820 138 17637096 2053969396
======================
   8      16 sdb 28963178 368940 2594485490 62031072 49552335 355326871 13973348776 1992002520 144 17638100 2054086704
======================
   8      16 sdb 28963181 368940 2594485514 62031300 49554232 355326871 13974320040 1992123792 31 17639096 2054206476
======================
   8      16 sdb 28963185 368940 2594485546 62031612 49556132 355326871 13975292840 1992241004 128 17640100 2054328236
======================
   8      16 sdb 28963189 368940 2594485578 62031908 49558057 355326894 13976278440 1992361952 78 17641100 2054446912
======================
   8      16 sdb 28963192 368940 2594485602 62032128 49559671 355326911 13977103984 1992458064 139 17642104 2054565740
======================
   8      16 sdb 28963197 368940 2594485642 62032300 49561889 355326911 13978239240 1992603248 58 17643108 2054687920
======================
   8      16 sdb 28963201 368940 2594485674 62032608 49563816 355326911 13979225352 1992723084 128 17644108 2054809836
======================
   8      16 sdb 28963205 368940 2594485706 62032904 49565741 355326911 13980210952 1992842056 152 17645108 2054929340
======================
   8      16 sdb 28963210 368940 2594485746 62033228 49567664 355326935 13981195216 1992962056 148 17646112 2055047292
======================
   8      16 sdb 28963213 368940 2594485770 62033480 49569526 355326952 13982146680 1993077672 106 17647116 2055168772
======================
   8      16 sdb 28963217 368940 2594485802 62033812 49571496 355326952 13983155320 1993201856 130 17648120 2055289996
======================
   8      16 sdb 28963220 368940 2594485826 62034040 49573075 355326952 13983963768 1993334388 128 17649116 2055417788
======================
   8      16 sdb 28963226 368940 2594485874 62034352 49575318 355326952 13985112184 1993448152 145 17650120 2055531876
======================
   8      16 sdb 28963229 368940 2594485898 62034604 49577243 355326974 13986097784 1993565156 70 17651124 2055652360
======================
   8      16 sdb 28963233 368940 2594485930 62034900 49579173 355326991 13987084240 1993684068 139 17652124 2055772896
======================
   8      16 sdb 28963237 368940 2594485962 62035184 49581064 355326991 13988052432 1993803540 134 17653124 2055892352
======================
   8      16 sdb 28963242 368940 2594486002 62035500 49583018 355326991 13989052880 1993924208 131 17654124 2056010596
======================
   8      16 sdb 28963245 368940 2594486026 62035736 49584934 355326991 13990033872 1994043104 62 17655120 2056131216
======================
   8      16 sdb 28963248 368940 2594486050 62035964 49586266 355326991 13990715856 1994123780 159 17656120 2056262748
======================
   8      16 sdb 28963253 368940 2594486090 62036168 49588750 355327027 13991985936 1994294284 143 17657124 2056384224
======================
   8      16 sdb 28963256 368940 2594486114 62036628 49590489 355327027 13992876304 1994399580 143 17658128 2056487016
======================
   8      16 sdb 28963262 368940 2594486162 62036676 49592615 355327027 13993964816 1994539612 128 17659132 2056630132
======================
   8      16 sdb 28963265 368940 2594486186 62036700 49594182 355327027 13994767120 1994654068 129 17660136 2056770204
======================
   8      16 sdb 28963269 368940 2594486218 62036724 49596476 355327027 13995941648 1994819172 135 17661140 2056906344
======================
   8      16 sdb 28963274 368940 2594486258 62036824 49598380 355327052 13996916192 1994953880 142 17662144 2057044892
======================
   8      16 sdb 28963278 368940 2594486290 62036944 49600283 355327052 13997890528 1995092636 140 17663148 2057183476
======================
   8      16 sdb 28963281 368940 2594486314 62037028 49602207 355327052 13998876128 1995230088 131 17664148 2057321104
======================
   8      16 sdb 28963285 368940 2594486346 62037164 49604135 355327052 13999862752 1995367508 128 17665152 2057458532
======================
   8      16 sdb 28963290 368940 2594486386 62037292 49606007 355327052 14000821728 1995510124 113 17666156 2057596420
======================
   8      16 sdb 28963293 368940 2594486410 62037436 49607975 355327052 14001828832 1995638960 66 17667160 2057729000
======================
   8      16 sdb 28963297 368940 2594486442 62037628 49609901 355327052 14002814944 1995769560 130 17668164 2057861208
======================
   8      16 sdb 28963301 368940 2594486474 62037848 49611804 355327052 14003789280 1995898648 146 17669168 2057990596
======================
   8      16 sdb 28963306 368940 2594486514 62038104 49613703 355327090 14004761064 1996027684 3 17670172 2058114604
======================
   8      16 sdb 28963309 368940 2594486538 62038308 49615633 355327140 14005746400 1996145880 96 17671176 2058237868
======================
   8      16 sdb 28963313 368940 2594486570 62038552 49617560 355327140 14006733024 1996266648 129 17672176 2058359356
======================
   8      16 sdb 28963317 368940 2594486602 62038848 49619479 355327140 14007716064 1996386240 129 17673180 2058479552
======================
   8      16 sdb 28963322 368940 2594486642 62039168 49621402 355327140 14008700128 1996507604 90 17674180 2058595680
======================
   8      16 sdb 28963325 368940 2594486666 62039396 49623325 355327140 14009684704 1996624960 84 17675184 2058717424
======================
   8      16 sdb 28963329 368940 2594486698 62039696 49625234 355327181 14010659920 1996741724 145 17676188 2058835352
======================
   8      16 sdb 28963333 368940 2594486730 62039988 49627136 355327181 14011633744 1996860352 128 17677192 2058954032
======================
   8      16 sdb 28963337 368940 2594486762 62040296 49629045 355327181 14012611152 1996983580 1 17678196 2059072600
======================
   8      16 sdb 28963341 368940 2594486794 62040540 49630991 355327181 14013607504 1997099256 103 17679200 2059193324
======================
   8      16 sdb 28963345 368940 2594486826 62040836 49632913 355327181 14014591568 1997217724 144 17680204 2059312504
======================
   8      16 sdb 28963349 368940 2594486858 62041072 49634840 355327219 14015576480 1997334776 140 17681204 2059429740
======================
   8      16 sdb 28963352 368940 2594486882 62041300 49636557 355327219 14016455584 1997460288 150 17682208 2059555296
======================
   8      16 sdb 28963357 368940 2594486922 62041620 49638480 355327219 14017440160 1997574960 147 17683208 2059670916
======================
   8      16 sdb 28963361 368940 2594486954 62041920 49640383 355327219 14018414496 1997694384 133 17684212 2059789832
======================
   8      16 sdb 28963364 368940 2594486978 62042140 49642309 355327219 14019400608 1997818096 53 17685212 2059912100
======================
   8      16 sdb 28963368 368940 2594487010 62042440 49644233 355327259 14020384872 1997935232 156 17686212 2060031712
======================
   8      16 sdb 28963373 368940 2594487050 62042752 49646131 355327259 14021355776 1998051012 138 17687212 2060146944
======================
   8      16 sdb 28963377 368940 2594487082 62043056 49648082 355327259 14022354688 1998169780 149 17688216 2060265476
======================
   8      16 sdb 28963380 368940 2594487106 62043288 49650003 355327259 14023338240 1998293680 43 17689220 2060388232
======================
   8      16 sdb 28963384 368940 2594487138 62043588 49651925 355327259 14024322304 1998412256 147 17690220 2060509812
======================
   8      16 sdb 28963389 368940 2594487178 62043916 49653826 355327298 14025294784 1998527128 136 17691224 2060625256
======================
   8      16 sdb 28963393 368940 2594487210 62044248 49655731 355327298 14026268768 1998645552 153 17692224 2060740732
======================
   8      16 sdb 28963396 368940 2594487234 62044480 49657654 355327298 14027253344 1998767688 77 17693224 2060864644
======================
   8      16 sdb 28963400 368940 2594487266 62044780 49659581 355327298 14028239968 1998887244 143 17694224 2060985736
======================
   8      16 sdb 28963405 368940 2594487306 62045096 49661505 355327320 14029225056 1999001188 130 17695224 2061099848
======================
   8      16 sdb 28963409 368940 2594487338 62045408 49663427 355327336 14030208800 1999116708 139 17696228 2061214156
======================
   8      16 sdb 28963412 368940 2594487362 62045664 49665335 355327336 14031184304 1999240720 80 17697232 2061338904
======================
   8      16 sdb 28963416 368940 2594487394 62045964 49667258 355327336 14032168880 1999359060 148 17698236 2061458880
======================
   8      16 sdb 28963421 368940 2594487434 62046292 49669156 355327336 14033140656 1999473520 141 17699236 2061573844
======================
   8      16 sdb 28963425 368940 2594487466 62046584 49671057 355327361 14034113968 1999598384 22 17700236 2061693540
======================
   8      16 sdb 28963428 368940 2594487490 62046804 49673010 355327379 14035113096 1999717116 90 17701240 2061816764
======================
   8      16 sdb 28963432 368940 2594487522 62047108 49674937 355327379 14036098352 1999836620 157 17702244 2061937268
======================
   8      16 sdb 28963437 368940 2594487562 62047424 49676854 355327379 14037079856 1999951680 128 17703248 2062052808
======================
   8      16 sdb 28963441 368940 2594487594 62047732 49678774 355327379 14038062896 2000073936 141 17704252 2062172660
======================
   8      16 sdb 28963444 368940 2594487618 62047960 49680678 355327379 14039037744 2000196360 102 17705252 2062297460
======================
   8      16 sdb 28963448 368940 2594487650 62048268 49682580 355327419 14040010744 2000313860 141 17706256 2062415540
======================
   8      16 sdb 28963453 368940 2594487690 62048584 49684506 355327419 14040995984 2000427716 128 17707260 2062529760
======================
   8      16 sdb 28963457 368940 2594487722 62048904 49686415 355327419 14041973392 2000552800 0 17708264 2062650128
======================
   8      16 sdb 28963460 368940 2594487746 62049136 49688353 355327419 14042965648 2000671700 111 17709268 2062774008
======================
   8      16 sdb 28963464 368940 2594487778 62049396 49690248 355327419 14043935888 2000791244 152 17710272 2062893940
======================
   8      16 sdb 28963468 368940 2594487810 62049596 49691656 355327442 14044655960 2000869568 132 17711276 2063009336
======================
   8      16 sdb 28963472 368940 2594487842 62049824 49694098 355327458 14045904880 2001027456 3 17712276 2063125884
======================
   8      16 sdb 28963476 368940 2594487874 62050132 49696008 355327458 14046882800 2001146416 129 17713280 2063250188
======================
   8      16 sdb 28963480 368940 2594487906 62050432 49697931 355327458 14047867888 2001264996 137 17714280 2063368792
======================
   8      16 sdb 28963485 368940 2594487946 62050756 49699881 355327458 14048865776 2001379892 129 17715300 2063484464
======================
   8      16 sdb 28963488 368940 2594487970 62050984 49701749 355327481 14049821368 2001497836 34 17716300 2063600224
======================
   8      16 sdb 28963492 368940 2594488002 62051308 49703732 355327497 14050835280 2001617772 102 17717304 2063722068
======================
   8      16 sdb 28963496 368940 2594488034 62051604 49705657 355327497 14051820880 2001736652 139 17718304 2063841716
======================
   8      16 sdb 28963501 368940 2594488074 62051936 49707559 355327497 14052794704 2001850376 146 17719304 2063955704
======================
   8      16 sdb 28963504 368940 2594488098 62052168 49709457 355327497 14053766480 2001975420 9 17720308 2064076504
======================
   8      16 sdb 28963508 368940 2594488130 62052468 49711384 355327537 14054752280 2002091952 134 17721308 2064197892
======================
   8      16 sdb 28963512 368940 2594488162 62052752 49713311 355327537 14055738032 2002211196 137 17722312 2064317504
======================
   8      16 sdb 28963517 368940 2594488202 62053092 49715228 355327537 14056720048 2002323620 151 17723316 2064430328
======================
   8      16 sdb 28963521 368940 2594488234 62053380 49717152 355327537 14057704624 2002447200 29 17724316 2064548972
======================
   8      16 sdb 28963528 368941 2594488298 62053736 49719036 355327537 14058669744 2002563412 145 17725320 2064673720
======================
   8      16 sdb 28963532 368941 2594488330 62054024 49720993 355327560 14059670392 2002685740 146 17726320 2064792928
======================
   8      16 sdb 28963536 368941 2594488362 62054268 49722271 355327560 14060324728 2002764940 159 17727320 2064918420
======================
   8      16 sdb 28963540 368941 2594488394 62054492 49724793 355327560 14061615992 2002932740 39 17728324 2065037976
======================
   8      16 sdb 28963544 368941 2594488426 62054788 49726720 355327560 14062602616 2003051580 144 17729324 2065159660
======================
   8      16 sdb 28963548 368941 2594488458 62055076 49728642 355327582 14063586680 2003169420 126 17730328 2065277688
======================
   8      16 sdb 28963553 368941 2594488498 62055400 49730564 355327582 14064569912 2003278332 145 17731328 2065386152
======================
   8      16 sdb 28963556 368941 2594488522 62055616 49732440 355327582 14065530424 2003402208 74 17732328 2065509784
======================
   8      16 sdb 28963560 368941 2594488554 62055916 49734413 355327582 14066540600 2003522856 148 17733332 2065632152
======================
   8      16 sdb 28963564 368941 2594488586 62056216 49736315 355327582 14067514424 2003642164 142 17734332 2065751872
======================
   8      16 sdb 28963569 368941 2594488626 62056556 49738212 355327605 14068485688 2003755996 30 17735336 2065861576
======================
   8      16 sdb 28963571 368941 2594488642 62056708 49739281 355327664 14069025592 2003816384 0 17735884 2065921276
======================
   8      16 sdb 28963571 368941 2594488642 62056708 49739281 355327664 14069025592 2003816384 0 17735884 2065921276
======================
   8      16 sdb 28963571 368941 2594488642 62056708 49739281 355327664 14069025592 2003816384 0 17735884 2065921276
======================
   8      16 sdb 28963571 368941 2594488642 62056708 49739281 355327664 14069025592 2003816384 0 17735884 2065921276
======================
   8      16 sdb 28963571 368941 2594488642 62056708 49739281 355327664 14069025592 2003816384 0 17735884 2065921276
started
======================
   8      16 sdb 28963571 368941 2594488642 62056708 49739281 355327664 14069025592 2003816384 0 17735884 2065921276
======================
   8      16 sdb 28963580 368941 2594488714 62056712 49739281 355327664 14069025592 2003816384 0 17735888 2065921280
======================
   8      16 sdb 28963580 368941 2594488714 62056712 49739281 355327664 14069025592 2003816384 0 17735888 2065921280
======================
   8      16 sdb 28963580 368941 2594488714 62056712 49739281 355327664 14069025592 2003816384 0 17735888 2065921280
======================
   8      16 sdb 28963580 368941 2594488714 62056712 49746800 355327664 14071065400 2003902632 143 17736636 2066010132
======================
   8      16 sdb 28963580 368941 2594488714 62056712 49749993 355327665 14071945784 2004041756 147 17737640 2066152016
======================
   8      16 sdb 28963580 368941 2594488714 62056712 49753234 355327666 14072864080 2004186452 140 17738644 2066294192
======================
   8      16 sdb 28963580 368941 2594488714 62056712 49756330 355327666 14073746000 2004327944 148 17739648 2066435524
======================
   8      16 sdb 28963580 368941 2594488714 62056712 49759781 355327666 14074731344 2004469624 153 17740652 2066577244
======================
   8      16 sdb 28963580 368941 2594488714 62056712 49762789 355327666 14075612752 2004610928 148 17741656 2066718732
======================
   8      16 sdb 28963580 368941 2594488714 62056712 49766163 355327666 14076602704 2004753464 139 17742660 2066860992
======================
   8      16 sdb 28963580 368941 2594488714 62056712 49769197 355327668 14077497704 2004896772 151 17743664 2067004068
======================
   8      16 sdb 28963580 368941 2594488714 62056712 49772211 355327668 14078385512 2005038912 145 17744668 2067146492
======================
   8      16 sdb 28963580 368941 2594488714 62056712 49775527 355327668 14079375720 2005180816 157 17745672 2067288764
======================
   8      16 sdb 28963580 368941 2594488714 62056712 49778542 355327668 14080268904 2005324464 150 17746676 2067432176
======================
   8      16 sdb 28963580 368941 2594488714 62056712 49781776 355327668 14081242728 2005466468 150 17747680 2067574536
======================
   8      16 sdb 28963580 368941 2594488714 62056712 49784720 355327670 14082131328 2005610408 152 17748688 2067718624
======================
   8      16 sdb 28963580 368941 2594488714 62056712 49787714 355327671 14083027072 2005752060 135 17749692 2067860652
======================
   8      16 sdb 28963580 368941 2594488714 62056712 49790951 355327671 14084012416 2005894868 129 17750696 2068003360
======================
   8      16 sdb 28963580 368941 2594488714 62056712 49793981 355327671 14084910720 2006038652 139 17751700 2068147052
======================
   8      16 sdb 28963580 368941 2594488714 62056712 49797296 355327671 14085898624 2006181360 152 17752704 2068289720
======================
   8      16 sdb 28963580 368941 2594488714 62056712 49800283 355327672 14086791832 2006323680 144 17753704 2068432072
======================
   8      16 sdb 28963580 368941 2594488714 62056712 49803394 355327672 14087722392 2006463060 137 17754708 2068575032
======================
   8      16 sdb 28963580 368941 2594488714 62056712 49806489 355327673 14088645504 2006610012 146 17755712 2068718020
======================
   8      16 sdb 28963580 368941 2594488714 62056712 49809235 355327674 14089472896 2006750604 152 17756716 2068860420
======================
   8      16 sdb 28963580 368941 2594488714 62056712 49812082 355327676 14090325888 2006894648 153 17757720 2069002916
======================
   8      16 sdb 28963580 368941 2594488714 62056712 49815004 355327679 14091212952 2007037448 145 17758724 2069145864
======================
   8      16 sdb 28963580 368941 2594488714 62056712 49818251 355327681 14092198296 2007179536 130 17759724 2069287612
======================
   8      16 sdb 28963580 368941 2594488714 62056712 49821227 355327683 14093088920 2007322628 130 17760728 2069430640
======================
   8      16 sdb 28963580 368941 2594488714 62056712 49824265 355327685 14094000792 2007456928 132 17761732 2069571548
======================
   8      16 sdb 28963580 368941 2594488714 62056712 49827397 355327687 14094935448 2007605676 136 17762732 2069713532
======================
   8      16 sdb 28963580 368941 2594488714 62056712 49830330 355327690 14095815088 2007747920 149 17763736 2069856080
======================
   8      16 sdb 28963580 368941 2594488714 62056712 49833617 355327692 14096802224 2007890276 154 17764740 2069998580
======================
   8      16 sdb 28963580 368941 2594488714 62056712 49836597 355327694 14097698224 2008033916 154 17765740 2070141892
======================
   8      16 sdb 28963580 368941 2594488714 62056712 49839883 355327696 14098685360 2008176532 132 17766744 2070284408
======================
   8      16 sdb 28963580 368941 2594488714 62056712 49842038 355327697 14099329456 2008319520 153 17767748 2070427824
======================
   8      16 sdb 28963580 368941 2594488714 62056712 49845205 355327700 14100277448 2008457432 156 17768752 2070570576
======================
   8      16 sdb 28963580 368941 2594488714 62056712 49848165 355327702 14101169352 2008604396 140 17769756 2070712632
======================
   8      16 sdb 28963580 368941 2594488714 62056712 49851107 355327704 14102046664 2008746708 142 17770756 2070855168
======================
   8      16 sdb 28963580 368941 2594488714 62056712 49854418 355327705 14103031496 2008890004 159 17771760 2070997948
======================
   8      16 sdb 28963580 368941 2594488714 62056712 49857384 355327707 14103920072 2009031764 137 17772764 2071140236
======================
   8      16 sdb 28963580 368941 2594488714 62056712 49860658 355327710 14104908512 2009174532 129 17773764 2071282352
======================
   8      16 sdb 28963580 368941 2594488714 62056712 49863602 355327711 14105790688 2009317508 129 17774768 2071425576
======================
   8      16 sdb 28963580 368941 2594488714 62056712 49866547 355327713 14106672608 2009460220 128 17775772 2071568584
======================
   8      16 sdb 28963580 368941 2594488714 62056712 49869731 355327715 14107636448 2009602916 144 17776776 2071710788
======================
   8      16 sdb 28963580 368941 2594488714 62056712 49872648 355327717 14108513248 2009744560 139 17777780 2071852780
======================
   8      16 sdb 28963580 368941 2594488714 62056712 49875924 355327720 14109499896 2009887020 129 17778784 2071994956
======================
   8      16 sdb 28963580 368941 2594488714 62056712 49878808 355327722 14110366456 2010029776 157 17779788 2072137884
======================
   8      16 sdb 28963580 368941 2594488714 62056712 49881946 355327723 14111306512 2010166284 155 17780788 2072279968
======================
   8      16 sdb 28963580 368941 2594488714 62056712 49884974 355327723 14112218384 2010315464 135 17781792 2072423168
======================
   8      16 sdb 28963580 368941 2594488714 62056712 49887895 355327723 14113090832 2010458300 142 17782796 2072566024
======================
   8      16 sdb 28963580 368941 2594488714 62056712 49891124 355327724 14114055720 2010600836 131 17783800 2072708740
======================
   8      16 sdb 28963580 368941 2594488714 62056712 49894025 355327724 14114919208 2010743052 142 17784804 2072850980
======================
   8      16 sdb 28963580 368941 2594488714 62056712 49897300 355327724 14115905320 2010885280 131 17785808 2072993372
======================
   8      16 sdb 28963580 368941 2594488714 62056712 49900142 355327725 14116763688 2011028780 137 17786812 2073136644
======================
   8      16 sdb 28963580 368941 2594488714 62056712 49903163 355327725 14117667368 2011170696 155 17787816 2073278940
======================
   8      16 sdb 28963580 368941 2594488714 62056712 49906343 355327726 14118625088 2011313024 146 17788816 2073420820
======================
   8      16 sdb 28963580 368941 2594488714 62056712 49909223 355327726 14119493952 2011456308 146 17789820 2073564356
======================
   8      16 sdb 28963580 368941 2594488714 62056712 49912458 355327727 14120464192 2011598896 143 17790824 2073706856
======================
   8      16 sdb 28963580 368941 2594488714 62056712 49915260 355327727 14121312832 2011741232 157 17791828 2073849472
======================
   8      16 sdb 28963580 368941 2594488714 62056712 49918550 355327727 14122297664 2011883220 131 17792832 2073991816
======================
   8      16 sdb 28963580 368941 2594488714 62056712 49921426 355327728 14123159128 2012025844 137 17793836 2074133744
======================
   8      16 sdb 28963580 368941 2594488714 62056712 49924409 355327729 14124047192 2012167764 130 17794840 2074275628
