======================
   8      32 sdc 435 0 9538 43260 131081 7766303 63179056 45633356 0 283296 45677036
======================
   8      32 sdc 435 0 9538 43260 131081 7766303 63179056 45633356 0 283296 45677036
======================
   8      32 sdc 438 0 9562 43296 131081 7766303 63179056 45633356 0 283332 45677072
======================
   8      32 sdc 439 0 9570 43308 131081 7766303 63179056 45633356 0 283344 45677084
======================
   8      32 sdc 439 0 9570 43308 131081 7766303 63179056 45633356 0 283344 45677084
======================
   8      32 sdc 439 0 9570 43308 131081 7766303 63179056 45633356 0 283344 45677084
======================
   8      32 sdc 439 0 9570 43308 131081 7766303 63179056 45633356 0 283344 45677084
======================
   8      32 sdc 439 0 9570 43308 131229 7775460 63253496 45633912 0 283380 45677640
======================
   8      32 sdc 439 0 9570 43308 131229 7775460 63253496 45633912 0 283380 45677640
======================
   8      32 sdc 439 0 9570 43308 131229 7775460 63253496 45633912 0 283380 45677640
======================
   8      32 sdc 439 0 9570 43308 131324 7780965 63296280 45633948 4 283388 45677672
======================
   8      32 sdc 439 0 9570 43308 131557 7794227 63406256 45634212 0 283496 45677936
======================
   8      32 sdc 439 0 9570 43308 131738 7806171 63498720 45647880 9 283860 45694864
======================
   8      32 sdc 439 0 9570 43308 131748 7806171 63503336 45651720 0 283960 45695444
======================
   8      32 sdc 439 0 9570 43308 131748 7806171 63503336 45651720 0 283960 45695444
======================
   8      32 sdc 439 0 9570 43308 131748 7806171 63503336 45651720 0 283960 45695444
======================
   8      32 sdc 439 0 9570 43308 132595 7865706 63922120 45694008 129 284632 45747244
======================
   8      32 sdc 439 0 9570 43308 133454 7929864 64361712 45787392 288 285636 45934296
======================
   8      32 sdc 439 0 9570 43308 135014 8012826 65116880 45955992 131 286636 46005904
======================
   8      32 sdc 439 0 9570 43308 135511 8035871 65371040 46012488 0 287072 46056200
======================
   8      32 sdc 439 0 9570 43308 135511 8035871 65371040 46012488 0 287072 46056200
======================
   8      32 sdc 439 0 9570 43308 135511 8035871 65371040 46012488 0 287072 46056200
======================
   8      32 sdc 439 0 9570 43308 135778 8052573 65506792 46012652 0 287192 46056364
======================
   8      32 sdc 439 0 9570 43308 135778 8052573 65506792 46012652 0 287192 46056364
======================
   8      32 sdc 439 0 9570 43308 135778 8052573 65506792 46012652 0 287192 46056364
======================
   8      32 sdc 439 0 9570 43308 135778 8052573 65506792 46012652 0 287192 46056364
======================
   8      32 sdc 439 0 9570 43308 135778 8052573 65506792 46012652 0 287192 46056364
======================
   8      32 sdc 439 0 9570 43308 135990 8065841 65614632 46012748 0 287252 46056452
======================
   8      32 sdc 439 0 9570 43308 135990 8065841 65614632 46012748 0 287252 46056452
======================
   8      32 sdc 439 0 9570 43308 136166 8076171 65698680 46013004 0 287356 46056708
======================
   8      32 sdc 439 0 9570 43308 136166 8076171 65698680 46013004 0 287356 46056708
======================
   8      32 sdc 439 0 9570 43308 136166 8076171 65698680 46013004 0 287356 46056708
======================
   8      32 sdc 439 0 9570 43308 136372 8089083 65803624 46013088 0 287400 46056788
======================
   8      32 sdc 439 0 9570 43308 136372 8089083 65803624 46013088 0 287400 46056788
======================
   8      32 sdc 439 0 9570 43308 136446 8093465 65838864 46013200 2 287440 46056900
======================
   8      32 sdc 439 0 9570 43308 138373 8212426 66806080 46014912 1 288444 46058596
======================
   8      32 sdc 439 0 9570 43308 139016 8262286 67134952 46100960 150 289448 46168524
======================
   8      32 sdc 439 0 9570 43308 139429 8296238 67346216 46242788 276 290452 46367536
======================
   8      32 sdc 439 0 9570 43308 139876 8321287 67575080 46508132 227 291456 46639944
======================
   8      32 sdc 439 0 9570 43308 140303 8343274 67793000 46719408 150 292460 46787632
======================
   8      32 sdc 439 0 9570 43308 140700 8367025 67996264 46858304 130 293460 46926252
======================
   8      32 sdc 439 0 9570 43308 141120 8394115 68211304 46999556 140 294464 47065144
======================
   8      32 sdc 439 0 9570 43308 141542 8428242 68427368 47120296 261 295468 47266192
======================
   8      32 sdc 439 0 9570 43308 141830 8438952 68573664 47313136 144 296472 47431780
======================
   8      32 sdc 439 0 9570 43308 142440 8476374 68885984 47502948 128 297476 47569740
======================
   8      32 sdc 439 0 9570 43308 142897 8505778 69119144 47648100 140 298480 47712964
======================
   8      32 sdc 439 0 9570 43308 143294 8530087 69322408 47784040 129 299484 47852228
======================
   8      32 sdc 439 0 9570 43308 143680 8555439 69519856 47920288 145 300484 47988508
======================
   8      32 sdc 439 0 9570 43308 144079 8579573 69724128 48062136 130 301488 48129152
======================
   8      32 sdc 439 0 9570 43308 144532 8608325 69954800 48200780 135 302492 48265592
======================
   8      32 sdc 439 0 9570 43308 144982 8636801 70185200 48338528 137 303496 48403692
======================
   8      32 sdc 439 0 9570 43308 145432 8665781 70415600 48474208 147 304500 48539280
======================
   8      32 sdc 439 0 9570 43308 145858 8692063 70633536 48609576 139 305504 48676332
======================
   8      32 sdc 439 0 9570 43308 146278 8717703 70847808 48747108 128 306508 48815216
======================
   8      32 sdc 439 0 9570 43308 146675 8743027 71051072 48885652 133 307508 48953356
======================
   8      32 sdc 439 0 9570 43308 147103 8769901 71269992 49026492 131 308512 49089352
======================
   8      32 sdc 439 0 9570 43308 147554 8798566 71500904 49158416 135 309516 49223496
======================
   8      32 sdc 439 0 9570 43308 147957 8824061 71707240 49291792 137 310520 49360060
======================
   8      32 sdc 439 0 9570 43308 148382 8850673 71923880 49431420 136 311524 49496572
======================
   8      32 sdc 439 0 9570 43308 148817 8877626 72146600 49569096 129 312528 49634780
======================
   8      32 sdc 439 0 9570 43308 149218 8902889 72351824 49704892 129 313532 49772872
======================
   8      32 sdc 439 0 9570 43308 149616 8932171 72555600 49844036 196 314536 49941984
======================
   8      32 sdc 439 0 9570 43308 150056 8963606 72770232 50055288 281 315540 50196236
======================
   8      32 sdc 439 0 9570 43308 150491 8985500 72977720 50333852 246 316544 50474516
======================
   8      32 sdc 439 0 9570 43308 150738 8985500 73089888 50490296 0 317068 50533868
======================
   8      32 sdc 439 0 9570 43308 150738 8985500 73089888 50490296 0 317068 50533868
======================
   8      32 sdc 439 0 9570 43308 150739 8985500 73089888 50490296 0 317068 50533868
======================
   8      32 sdc 439 0 9570 43308 150739 8985500 73089888 50490296 0 317068 50533868
======================
   8      32 sdc 674 0 11444 53256 150766 8985500 73089992 50490296 1 317256 50543908
======================
   8      32 sdc 674 0 11444 53256 150766 8985500 73089992 50490296 1 318260 50544912
======================
   8      32 sdc 674 0 11444 53256 150766 8985500 73089992 50490296 1 319264 50545916
======================
   8      32 sdc 675 0 11452 55512 150766 8985500 73089992 50490296 1 320268 50546920
started
======================
   8      32 sdc 712 0 11748 56628 150768 8985500 73090000 50490296 0 320536 50547188
======================
   8      32 sdc 1422 591 22036 57468 150768 8985500 73090000 50490296 1 320988 50548032
======================
   8      32 sdc 2384 1796 39940 59320 150768 8985500 73090000 50490296 1 321964 50549884
======================
   8      32 sdc 2990 2781 52924 62036 150768 8985500 73090000 50490296 1 322936 50552628
======================
   8      32 sdc 3608 3796 65980 63940 150768 8985500 73090000 50490296 1 323904 50554516
======================
   8      32 sdc 4098 4998 80060 65444 150768 8985500 73090000 50490296 1 324872 50556024
======================
   8      32 sdc 4717 5944 92820 66720 150775 8985796 73092424 50490296 1 325832 50557292
======================
   8      32 sdc 5236 6999 105684 68188 150775 8985796 73092424 50490296 21 326800 50558760
======================
   8      32 sdc 5780 7960 117716 69916 150775 8985796 73092424 50490296 1 327752 50560492
======================
   8      32 sdc 6382 8848 129828 71404 150775 8985796 73092424 50490296 1 328728 50561984
======================
   8      32 sdc 6813 9574 139516 72372 150775 8985796 73092424 50490296 1 329696 50562952
======================
   8      32 sdc 7397 10478 151644 75836 150781 8986071 73094672 50490296 1 330672 50566412
======================
   8      32 sdc 7951 11162 161708 77648 150781 8986071 73094672 50490296 1 331652 50568224
======================
   8      32 sdc 8476 12097 173620 79000 150781 8986071 73094672 50490296 1 332640 50569580
======================
   8      32 sdc 9070 12899 184988 80168 150781 8986071 73094672 50490296 1 333592 50570748
======================
   8      32 sdc 9565 13645 195084 81328 150781 8986071 73094672 50490296 31 334584 50572152
======================
   8      32 sdc 10107 14445 206020 82668 150788 8986405 73097400 50490332 1 335552 50573284
======================
   8      32 sdc 10689 15015 215380 83996 150788 8986405 73097400 50490332 1 336536 50574620
======================
   8      32 sdc 11200 15593 224220 86132 150788 8986405 73097400 50490332 1 337532 50576744
======================
   8      32 sdc 11796 16262 234516 89048 150788 8986405 73097400 50490332 1 338504 50579664
======================
   8      32 sdc 12298 16835 243260 91000 150788 8986405 73097400 50490332 1 339496 50581616
======================
   8      32 sdc 12805 17345 251524 91988 150795 8986769 73100368 50490356 1 340480 50582624
======================
   8      32 sdc 13370 17874 260396 93796 150795 8986769 73100368 50490356 1 341440 50584436
======================
   8      32 sdc 13917 18575 270556 94776 150795 8986769 73100368 50490356 1 342416 50585416
======================
   8      32 sdc 14385 19127 278844 95812 150795 8986769 73100368 50490356 1 343380 50586460
======================
   8      32 sdc 14833 19771 287732 96896 150795 8986769 73100368 50490356 1 344368 50587536
======================
   8      32 sdc 15295 20199 294956 98124 150802 8987142 73103408 50490404 1 345348 50588824
======================
   8      32 sdc 15724 20825 303556 99108 152292 8987204 73115792 50584528 87 346344 50689040
======================
   8      32 sdc 16216 21367 311956 100428 152378 8987204 73116512 50599792 1 347304 50700512
======================
   8      32 sdc 16638 21782 318764 101492 152378 8987204 73116512 50599792 1 348248 50701576
======================
   8      32 sdc 17069 22177 325452 102940 152378 8987204 73116512 50599792 1 349204 50703028
======================
   8      32 sdc 17542 22474 331692 104320 152386 8987621 73119912 50599848 0 350168 50704460
======================
   8      32 sdc 17942 22751 337180 106044 152386 8987621 73119912 50599848 1 351128 50706196
======================
   8      32 sdc 18373 22962 342364 107032 152386 8987621 73119912 50599848 1 352084 50707176
======================
   8      32 sdc 18765 23402 348876 108344 152386 8987621 73119912 50599848 1 353040 50708488
======================
   8      32 sdc 18903 23641 352196 109384 152386 8987621 73119912 50599848 1 354036 50709552
======================
   8      32 sdc 19009 23670 353284 110372 152393 8987968 73122744 50599888 1 355032 50710596
======================
   8      32 sdc 19171 23787 355540 111480 152393 8987968 73122744 50599888 1 356032 50711680
======================
   8      32 sdc 19526 24083 360828 112468 152393 8987968 73122744 50599888 1 357004 50712652
======================
   8      32 sdc 19965 24438 367028 113844 152393 8987968 73122744 50599888 1 357972 50714032
======================
   8      32 sdc 20366 24685 372516 114880 152393 8987968 73122744 50599888 1 358948 50715064
======================
   8      32 sdc 20716 24948 377484 115840 152400 8988324 73125648 50599936 1 359916 50716084
======================
   8      32 sdc 21101 25241 382748 116908 152400 8988324 73125648 50599936 1 360888 50717144
======================
   8      32 sdc 21432 25449 387356 117884 153480 8988366 73134624 50668368 1 361876 50786552
======================
   8      32 sdc 21770 25654 391748 119328 153480 8988366 73134624 50668368 1 362844 50788000
======================
   8      32 sdc 22180 25898 397028 120264 153480 8988366 73134624 50668368 1 363780 50788936
======================
   8      32 sdc 22544 25999 400772 121224 153489 8988833 73138432 50668432 1 364740 50789960
======================
   8      32 sdc 22850 26322 405884 122184 153489 8988833 73138432 50668432 0 365696 50790920
======================
   8      32 sdc 23205 26527 410172 123108 153489 8988833 73138432 50668432 1 366624 50791848
======================
   8      32 sdc 23590 26615 414212 124436 153489 8988833 73138432 50668432 1 367596 50793172
======================
   8      32 sdc 23629 26615 414524 124736 153489 8988833 73138432 50668432 1 368588 50794164
======================
   8      32 sdc 23670 26615 414852 126208 153497 8989211 73141520 50668432 1 369592 50795168
======================
   8      32 sdc 23944 26752 418172 127788 153497 8989211 73141520 50668432 1 370592 50796528
======================
   8      32 sdc 24261 26781 420948 128776 153497 8989211 73141520 50668432 1 371580 50797516
======================
   8      32 sdc 24592 26927 424804 129764 153976 8989218 73145400 50762136 129 372584 50932276
======================
   8      32 sdc 24892 27045 428164 130740 154333 8989223 73148304 50861700 0 373576 50992744
======================
   8      32 sdc 25213 27134 431468 131772 154342 8989701 73152200 50861700 1 374552 50993776
======================
   8      32 sdc 25470 27194 434020 132744 154342 8989701 73152200 50861700 1 375536 50994760
======================
   8      32 sdc 25750 27253 436740 133716 154342 8989701 73152200 50861700 1 376496 50995720
======================
   8      32 sdc 26010 27282 439060 134696 154342 8989701 73152200 50861700 1 377472 50996696
======================
   8      32 sdc 26133 27311 440284 135560 154342 8989701 73152200 50861700 1 378468 50997692
======================
   8      32 sdc 26138 27311 440324 136284 154342 8989701 73152200 50861700 0 379060 50998284
