======================
   8      32 sdc 1784200 12601 263069352 12209376 22111323 548658458 9629548536 1310707128 0 39541028 1323993456
======================
   8      32 sdc 1784200 12601 263069352 12209376 22111323 548658458 9629548536 1310707128 0 39541028 1323993456
======================
   8      32 sdc 1784203 12601 263069376 12209424 22111323 548658458 9629548536 1310707128 0 39541076 1323993504
======================
   8      32 sdc 1784203 12601 263069376 12209424 22111323 548658458 9629548536 1310707128 0 39541076 1323993504
======================
   8      32 sdc 1784204 12601 263069384 12209444 22112424 548658458 9630112248 1310746292 147 39541772 1324082140
======================
   8      32 sdc 1784204 12601 263069384 12209444 22112542 548658458 9630172664 1310821492 157 39542844 1324245072
======================
   8      32 sdc 1784204 12601 263069384 12209444 22112795 548658458 9630302200 1310991012 128 39543848 1324381728
======================
   8      32 sdc 1784204 12601 263069384 12209444 22113194 548658478 9630505640 1311218988 147 39544852 1324525152
======================
   8      32 sdc 1784204 12601 263069384 12209444 22113194 548658478 9630505640 1311218988 147 39545944 1324685676
======================
   8      32 sdc 1784204 12601 263069384 12209444 22113768 548658478 9630799528 1311492096 149 39546948 1324831172
======================
   8      32 sdc 1784204 12601 263069384 12209444 22114370 548658478 9631107752 1311652816 155 39547952 1324975964
======================
   8      32 sdc 1784204 12601 263069384 12209444 22114803 548658478 9631329448 1311779504 138 39549072 1325141696
======================
   8      32 sdc 1784204 12601 263069384 12209444 22115253 548658478 9631559848 1311922176 136 39550076 1325281944
======================
   8      32 sdc 1784204 12601 263069384 12209444 22116163 548658478 9632025768 1312096984 154 39551080 1325421416
======================
   8      32 sdc 1784204 12601 263069384 12209444 22116973 548658478 9632440488 1312231404 144 39552080 1325564580
======================
   8      32 sdc 1784204 12601 263069384 12209444 22117607 548658478 9632765096 1312374228 150 39553084 1325708028
======================
   8      32 sdc 1784204 12601 263069384 12209444 22118259 548658478 9633098920 1312519104 138 39554088 1325851960
======================
   8      32 sdc 1784204 12601 263069384 12209444 22118785 548658478 9633368232 1312632820 61 39555096 1325973636
======================
   8      32 sdc 1784205 12601 263069392 12209824 22119429 548658478 9633697960 1312782068 155 39556100 1326115732
======================
   8      32 sdc 1784205 12601 263069392 12209824 22120071 548658478 9634026664 1312925728 153 39557104 1326259392
======================
   8      32 sdc 1784205 12601 263069392 12209824 22120706 548658478 9634351784 1313067928 158 39558108 1326403248
======================
   8      32 sdc 1784205 12601 263069392 12209824 22121346 548658478 9634679464 1313211188 156 39559112 1326546948
======================
   8      32 sdc 1784205 12601 263069392 12209824 22122000 548658478 9635014312 1313356872 144 39560116 1326690836
======================
   8      32 sdc 1784205 12601 263069392 12209824 22122642 548658478 9635343016 1313500540 142 39561120 1326834540
======================
   8      32 sdc 1784205 12601 263069392 12209824 22123298 548658478 9635678888 1313644852 158 39562120 1326977268
======================
   8      32 sdc 1784205 12601 263069392 12209824 22123968 548658478 9636021928 1313787172 128 39563124 1327120760
======================
   8      32 sdc 1784205 12601 263069392 12209824 22124613 548658478 9636352168 1313932932 155 39564128 1327266848
======================
   8      32 sdc 1784205 12601 263069392 12209824 22125238 548658478 9636672168 1314076652 138 39565132 1327410712
======================
   8      32 sdc 1784205 12601 263069392 12209824 22125877 548658478 9636999336 1314221692 139 39566140 1327554588
======================
   8      32 sdc 1784205 12601 263069392 12209824 22126401 548658478 9637267624 1314333176 61 39567148 1327675032
======================
   8      32 sdc 1784206 12601 263069400 12210252 22127064 548658478 9637607080 1314479364 156 39568152 1327812724
======================
   8      32 sdc 1784206 12601 263069400 12210252 22127723 548658478 9637944488 1314621244 137 39569152 1327956124
======================
   8      32 sdc 1784206 12601 263069400 12210252 22128347 548658478 9638263976 1314764200 153 39570156 1328099184
======================
   8      32 sdc 1784206 12601 263069400 12210252 22128984 548658478 9638590120 1314907208 156 39571160 1328242380
======================
   8      32 sdc 1784206 12601 263069400 12210252 22129643 548658478 9638927528 1315051340 137 39572164 1328385888
======================
   8      32 sdc 1784206 12601 263069400 12210252 22130283 548658478 9639255208 1315194308 137 39573168 1328529316
======================
   8      32 sdc 1784206 12601 263069400 12210252 22130929 548658478 9639585960 1315336212 131 39574172 1328672480
======================
   8      32 sdc 1784206 12601 263069400 12210252 22131602 548658478 9639930536 1315481460 130 39575176 1328815412
======================
   8      32 sdc 1784206 12601 263069400 12210252 22132245 548658478 9640259752 1315624132 136 39576180 1328958732
======================
   8      32 sdc 1784206 12601 263069400 12210252 22132887 548658478 9640588456 1315767372 157 39577184 1329102132
======================
   8      32 sdc 1784206 12601 263069400 12210252 22133529 548658478 9640917160 1315910620 155 39578184 1329244820
======================
   8      32 sdc 1784206 12601 263069400 12210252 22134122 548658478 9641220776 1316041924 20 39579188 1329366232
======================
   8      32 sdc 1784207 12601 263069408 12210696 22134666 548658478 9641499304 1316154120 147 39580192 1329489228
======================
   8      32 sdc 1784207 12601 263069408 12210696 22135324 548658478 9641836200 1316298004 141 39581196 1329633304
======================
   8      32 sdc 1784207 12601 263069408 12210696 22135966 548658478 9642164904 1316441660 139 39582200 1329776980
======================
   8      32 sdc 1784207 12601 263069408 12210696 22136609 548658478 9642494120 1316583152 136 39583204 1329921084
======================
   8      32 sdc 1784207 12601 263069408 12210696 22137255 548658478 9642824872 1316728948 130 39584208 1330064648
======================
   8      32 sdc 1784207 12601 263069408 12210696 22137879 548658478 9643144360 1316872376 146 39585212 1330208448
======================
   8      32 sdc 1784207 12601 263069408 12210696 22138542 548658478 9643483816 1317017504 155 39586216 1330351844
======================
   8      32 sdc 1784207 12601 263069408 12210696 22139217 548658478 9643829416 1317160760 152 39587216 1330494912
======================
   8      32 sdc 1784207 12601 263069408 12210696 22139886 548658478 9644171944 1317304000 155 39588220 1330638596
======================
   8      32 sdc 1784207 12601 263069408 12210696 22140539 548658478 9644506280 1317446864 142 39589224 1330782376
======================
   8      32 sdc 1784207 12601 263069408 12210696 22141163 548658478 9644825768 1317590476 158 39590228 1330925780
======================
   8      32 sdc 1784207 12601 263069408 12210696 22141758 548658478 9645130408 1317724504 32 39591232 1331052032
======================
   8      32 sdc 1784208 12601 263069416 12211132 22142316 548658478 9645416616 1317839732 145 39592236 1331174772
======================
   8      32 sdc 1784208 12601 263069416 12211132 22142973 548658478 9645752488 1317980544 128 39593312 1331325428
======================
   8      32 sdc 1784208 12601 263069416 12211132 22143615 548658478 9646081192 1318124024 158 39594312 1331468476
======================
   8      32 sdc 1784208 12601 263069416 12211132 22144259 548658478 9646410920 1318265112 154 39595316 1331612912
======================
   8      32 sdc 1784208 12601 263069416 12211132 22144902 548658478 9646740136 1318411804 151 39596320 1331756476
======================
   8      32 sdc 1784208 12601 263069416 12211132 22145544 548658478 9647068840 1318554328 149 39597324 1331899104
======================
   8      32 sdc 1784208 12601 263069416 12211132 22146185 548658478 9647397032 1318697916 148 39598328 1332043036
======================
   8      32 sdc 1784208 12601 263069416 12211132 22146832 548658478 9647728296 1318842780 141 39599332 1332187084
======================
   8      32 sdc 1784208 12601 263069416 12211132 22147496 548658478 9648068264 1318986320 149 39600336 1332330720
======================
   8      32 sdc 1784208 12601 263069416 12211132 22148153 548658478 9648404648 1319129852 132 39601340 1332474472
======================
   8      32 sdc 1784208 12601 263069416 12211132 22148790 548658478 9648730792 1319272824 135 39602344 1332617560
======================
   8      32 sdc 1784208 12601 263069416 12211132 22149426 548658478 9649056424 1319413280 44 39603348 1332751388
======================
   8      32 sdc 1784209 12601 263069424 12211572 22149948 548658478 9649323688 1319526764 149 39604352 1332871276
======================
   8      32 sdc 1784209 12601 263069424 12211572 22150587 548658478 9649650856 1319668868 150 39605356 1333014824
======================
   8      32 sdc 1784209 12601 263069424 12211572 22151223 548658478 9649976488 1319813932 154 39606360 1333158416
======================
   8      32 sdc 1784209 12601 263069424 12211572 22151899 548658478 9650322600 1319957392 150 39607364 1333302028
======================
   8      32 sdc 1784209 12601 263069424 12211572 22152556 548658478 9650658984 1320099576 133 39608368 1333444808
======================
   8      32 sdc 1784209 12601 263069424 12211572 22153201 548658478 9650989224 1320242224 128 39609368 1333587396
======================
   8      32 sdc 1784209 12601 263069424 12211572 22153825 548658478 9651308712 1320385604 144 39610372 1333731156
======================
   8      32 sdc 1784209 12601 263069424 12211572 22154491 548658478 9651649704 1320530344 150 39611376 1333874708
======================
   8      32 sdc 1784209 12601 263069424 12211572 22155164 548658478 9651994280 1320673432 149 39612380 1334018332
======================
   8      32 sdc 1784209 12601 263069424 12211572 22155802 548658478 9652320936 1320816312 151 39613384 1334162528
======================
   8      32 sdc 1784209 12601 263069424 12211572 22156450 548658478 9652652712 1320961424 143 39614388 1334306372
======================
   8      32 sdc 1784209 12601 263069424 12211572 22157093 548658478 9652981928 1321100016 25 39615392 1334435008
======================
   8      32 sdc 1784210 12601 263069432 12211788 22157739 548658478 9653312680 1321231532 133 39616392 1334576756
======================
   8      32 sdc 1784210 12601 263069432 12211788 22158380 548658478 9653640872 1321376000 132 39617396 1334721392
======================
   8      32 sdc 1784210 12601 263069432 12211788 22159020 548658478 9653968552 1321519280 132 39618400 1334865152
======================
   8      32 sdc 1784210 12601 263069432 12211788 22159653 548658478 9654292648 1321662048 139 39619404 1335009056
======================
   8      32 sdc 1784210 12601 263069432 12211788 22160313 548658478 9654630568 1321806880 151 39620404 1335152180
======================
   8      32 sdc 1784210 12601 263069432 12211788 22160956 548658478 9654959784 1321950532 148 39621408 1335295704
======================
   8      32 sdc 1784210 12601 263069432 12211788 22161611 548658478 9655295144 1322095004 133 39622412 1335439380
======================
   8      32 sdc 1784210 12601 263069432 12211788 22162279 548658478 9655637160 1322237892 137 39623416 1335583292
======================
   8      32 sdc 1784210 12601 263069432 12211788 22162922 548658478 9655966376 1322380952 134 39624420 1335726404
======================
   8      32 sdc 1784210 12601 263069432 12211788 22163547 548658478 9656286376 1322524092 149 39625424 1335870028
======================
   8      32 sdc 1784210 12601 263069432 12211788 22164214 548658478 9656627880 1322669076 154 39626428 1336013484
======================
   8      32 sdc 1784210 12601 263069432 12211788 22164773 548658478 9656914088 1322787628 25 39627432 1336126240
======================
   8      32 sdc 1784210 12601 263069432 12211788 22164773 548658478 9656914088 1322787628 25 39628436 1336151340
======================
   8      32 sdc 1784211 12601 263069440 12213604 22166046 548658478 9657565864 1322891360 132 39629440 1336239192
======================
   8      32 sdc 1784211 12601 263069440 12213604 22166670 548658478 9657885352 1323034680 148 39630440 1336381992
======================
   8      32 sdc 1784211 12601 263069440 12213604 22167305 548658478 9658210472 1323178172 153 39631444 1336525344
======================
   8      32 sdc 1784211 12601 263069440 12213604 22167963 548658478 9658547368 1323321756 135 39632448 1336668912
======================
   8      32 sdc 1784211 12601 263069440 12213604 22168603 548658478 9658875048 1323464988 135 39633452 1336812620
======================
   8      32 sdc 1784211 12601 263069440 12213604 22169261 548658478 9659211944 1323609664 149 39634456 1336956392
======================
   8      32 sdc 1784211 12601 263069440 12213604 22169925 548658478 9659551912 1323753456 157 39635460 1337100104
======================
   8      32 sdc 1784211 12601 263069440 12213604 22170573 548658478 9659883688 1323897748 149 39636464 1337244672
======================
   8      32 sdc 1784211 12601 263069440 12213604 22171216 548658478 9660212904 1324041412 146 39637472 1337388856
======================
   8      32 sdc 1784211 12601 263069440 12213604 22171857 548658478 9660541096 1324184932 145 39638480 1337533248
======================
   8      32 sdc 1784211 12601 263069440 12213604 22172393 548658478 9660815528 1324306188 53 39639484 1337655792
======================
   8      32 sdc 1784212 12601 263069448 12214012 22173010 548658478 9661131432 1324446088 130 39640500 1337793048
======================
   8      32 sdc 1784212 12601 263069448 12214012 22173659 548658478 9661463720 1324589700 153 39641504 1337937560
======================
   8      32 sdc 1784212 12601 263069448 12214012 22174300 548658478 9661791912 1324733096 152 39642504 1338080552
======================
   8      32 sdc 1784212 12601 263069448 12214012 22174951 548658478 9662125224 1324876100 141 39643508 1338223940
======================
   8      32 sdc 1784212 12601 263069448 12214012 22175600 548658478 9662457512 1325018968 132 39644512 1338367208
======================
   8      32 sdc 1784212 12601 263069448 12214012 22176224 548658478 9662777000 1325161976 148 39645512 1338510040
======================
   8      32 sdc 1784212 12601 263069448 12214012 22176881 548658478 9663113384 1325306816 131 39646516 1338653468
======================
   8      32 sdc 1784212 12601 263069448 12214012 22177551 548658478 9663456424 1325450264 133 39647520 1338797124
======================
   8      32 sdc 1784212 12601 263069448 12214012 22178225 548658478 9663801512 1325593088 131 39648520 1338939772
======================
   8      32 sdc 1784212 12601 263069448 12214012 22178886 548658478 9664139944 1325734792 142 39649524 1339083144
======================
   8      32 sdc 1784212 12601 263069448 12214012 22179511 548658478 9664459944 1325878432 157 39650532 1339226808
======================
   8      32 sdc 1784212 12601 263069448 12214012 22180106 548658478 9664764584 1326011792 20 39651536 1339349488
======================
   8      32 sdc 1784213 12601 263069456 12214456 22180659 548658478 9665047720 1326121376 130 39652540 1339469356
======================
   8      32 sdc 1784213 12601 263069456 12214456 22181312 548658478 9665382056 1326263456 149 39653540 1339612364
======================
   8      32 sdc 1784213 12601 263069456 12214456 22181955 548658478 9665711272 1326406992 146 39654544 1339755868
======================
   8      32 sdc 1784213 12601 263069456 12214456 22182596 548658478 9666039464 1326547772 145 39655548 1339899616
======================
   8      32 sdc 1784213 12601 263069456 12214456 22183247 548658478 9666372776 1326694392 134 39656552 1340043148
======================
   8      32 sdc 1784213 12601 263069456 12214456 22183889 548658478 9666701480 1326837960 132 39657556 1340186732
======================
   8      32 sdc 1784213 12601 263069456 12214456 22184524 548658478 9667026600 1326979632 137 39658556 1340329516
======================
   8      32 sdc 1784213 12601 263069456 12214456 22185173 548658478 9667358888 1327125168 128 39659560 1340473372
======================
   8      32 sdc 1784213 12601 263069456 12214456 22185832 548658478 9667696296 1327268624 141 39660564 1340616936
======================
   8      32 sdc 1784213 12601 263069456 12214456 22186485 548658478 9668030632 1327411888 128 39661568 1340760424
======================
   8      32 sdc 1784213 12601 263069456 12214456 22187126 548658478 9668358824 1327555176 159 39662568 1340903432
======================
   8      32 sdc 1784213 12601 263069456 12214456 22187778 548658478 9668692648 1327697568 28 39663572 1341035832
======================
   8      32 sdc 1784214 12601 263069464 12214680 22188437 548658478 9669030056 1327824000 132 39664576 1341172132
======================
   8      32 sdc 1784214 12601 263069464 12214680 22189076 548658478 9669357224 1327966460 133 39665580 1341315688
======================
   8      32 sdc 1784214 12601 263069464 12214680 22189699 548658478 9669676200 1328109544 150 39666580 1341458720
======================
   8      32 sdc 1784214 12601 263069464 12214680 22190273 548658478 9669970088 1328234208 152 39667584 1341603584
======================
   8      32 sdc 1784214 12601 263069464 12214680 22190875 548658478 9670278312 1328397392 158 39668588 1341746496
======================
   8      32 sdc 1784214 12601 263069464 12214680 22191554 548658478 9670625960 1328541540 151 39669592 1341890216
======================
   8      32 sdc 1784214 12601 263069464 12214680 22192178 548658478 9670945448 1328684456 135 39670596 1342033880
======================
   8      32 sdc 1784214 12601 263069464 12214680 22192812 548658478 9671270056 1328829180 141 39671600 1342177684
======================
   8      32 sdc 1784214 12601 263069464 12214680 22193488 548658478 9671616168 1328972740 137 39672604 1342321008
======================
   8      32 sdc 1784214 12601 263069464 12214680 22194142 548658478 9671951016 1329113328 155 39673608 1342463808
======================
   8      32 sdc 1784214 12601 263069464 12214680 22194790 548658478 9672282792 1329258148 147 39674608 1342606884
======================
   8      32 sdc 1784214 12601 263069464 12214680 22195442 548658478 9672616616 1329402512 44 39675612 1342743384
======================
   8      32 sdc 1784215 12601 263069472 12214908 22196079 548658478 9672942760 1329526236 140 39676616 1342874748
======================
   8      32 sdc 1784215 12601 263069472 12214908 22196724 548658478 9673273000 1329669312 135 39677620 1343018328
======================
   8      32 sdc 1784215 12601 263069472 12214908 22197360 548658478 9673598632 1329810984 139 39678628 1343162084
======================
   8      32 sdc 1784215 12601 263069472 12214908 22197953 548658478 9673902248 1329943676 154 39679632 1343306504
======================
   8      32 sdc 1784215 12601 263069472 12214908 22198518 548658478 9674191528 1330102260 133 39680632 1343451148
======================
   8      32 sdc 1784215 12601 263069472 12214908 22199181 548658478 9674530984 1330245360 142 39681636 1343594876
======================
   8      32 sdc 1784215 12601 263069472 12214908 22199823 548658478 9674859688 1330388656 140 39682640 1343738296
======================
   8      32 sdc 1784215 12601 263069472 12214908 22200452 548658478 9675181736 1330531436 151 39683644 1343881628
======================
   8      32 sdc 1784215 12601 263069472 12214908 22201133 548658478 9675530408 1330675832 142 39684648 1344024928
======================
   8      32 sdc 1784215 12601 263069472 12214908 22201781 548658478 9675862184 1330817928 134 39685648 1344167648
======================
   8      32 sdc 1784215 12601 263069472 12214908 22202406 548658478 9676182184 1330961440 149 39686656 1344311808
======================
   8      32 sdc 1784215 12601 263069472 12214908 22203065 548658478 9676519592 1331106204 101 39687656 1344453496
======================
   8      32 sdc 1784216 12601 263069480 12215136 22203707 548658478 9676848296 1331229104 131 39688660 1344578356
======================
   8      32 sdc 1784216 12601 263069480 12215136 22204384 548658478 9677194920 1331374964 158 39689664 1344723284
======================
   8      32 sdc 1784216 12601 263069480 12215136 22205044 548658478 9677532840 1331517092 138 39690668 1344867456
======================
   8      32 sdc 1784216 12601 263069480 12215136 22205633 548658478 9677834408 1331652724 157 39691672 1345012012
======================
   8      32 sdc 1784216 12601 263069480 12215136 22206198 548658478 9678123688 1331809180 136 39692676 1345158140
======================
   8      32 sdc 1784216 12601 263069480 12215136 22206856 548658478 9678460584 1331950416 150 39693680 1345302000
======================
   8      32 sdc 1784216 12601 263069480 12215136 22207504 548658478 9678792360 1332095592 142 39694680 1345445344
======================
   8      32 sdc 1784216 12601 263069480 12215136 22208155 548658478 9679125672 1332239792 131 39695688 1345589752
======================
   8      32 sdc 1784216 12601 263069480 12215136 22208817 548658478 9679464616 1332383588 141 39696688 1345732788
======================
   8      32 sdc 1784216 12601 263069480 12215136 22209459 548658478 9679793320 1332526532 139 39697692 1345876492
======================
   8      32 sdc 1784216 12601 263069480 12215136 22210100 548658478 9680121512 1332670164 138 39698696 1346020372
======================
   8      32 sdc 1784216 12601 263069480 12215136 22210740 548658478 9680449192 1332813452 106 39699700 1346162872
======================
   8      32 sdc 1784217 12601 263069488 12215404 22211361 548658478 9680767144 1332944116 136 39700704 1346293928
======================
   8      32 sdc 1784217 12601 263069488 12215404 22212025 548658478 9681107112 1333087536 144 39701708 1346437392
======================
   8      32 sdc 1784217 12601 263069488 12215404 22212683 548658478 9681444008 1333230840 158 39702712 1346580824
======================
   8      32 sdc 1784217 12601 263069488 12215404 22213313 548658478 9681766568 1333371664 136 39703940 1346754916
======================
   8      32 sdc 1784217 12601 263069488 12215404 22214014 548658478 9682125480 1333552860 139 39704972 1346902480
======================
   8      32 sdc 1784217 12601 263069488 12215404 22214661 548658478 9682456744 1333695980 132 39705980 1347046396
======================
   8      32 sdc 1784217 12601 263069488 12215404 22215200 548658478 9682732712 1333819740 137 39706992 1347190188
======================
   8      32 sdc 1784217 12601 263069488 12215404 22215956 548658478 9683119784 1333983100 149 39707996 1347332360
======================
   8      32 sdc 1784217 12601 263069488 12215404 22216633 548658478 9683466408 1334126780 144 39709000 1347475996
======================
   8      32 sdc 1784217 12601 263069488 12215404 22217330 548658478 9683823272 1334274668 151 39710036 1347624176
======================
   8      32 sdc 1784217 12601 263069488 12215404 22218000 548658478 9684166312 1334421412 153 39711072 1347772140
======================
   8      32 sdc 1784218 12601 263069496 12215636 22218586 548658478 9684466344 1334550320 145 39712088 1347900760
======================
   8      32 sdc 1784218 12601 263069496 12215636 22219269 548658478 9684816040 1334694512 134 39713092 1348044200
======================
   8      32 sdc 1784218 12601 263069496 12215636 22219945 548658478 9685162152 1334837840 130 39714092 1348186908
======================
   8      32 sdc 1784218 12601 263069496 12215636 22220588 548658478 9685491368 1334980264 159 39715096 1348330420
======================
   8      32 sdc 1784218 12601 263069496 12215636 22221080 548658478 9685743272 1335110680 147 39716100 1348472960
======================
   8      32 sdc 1784218 12601 263069496 12215636 22221737 548658478 9686079656 1335264660 130 39717100 1348615308
======================
   8      32 sdc 1784218 12601 263069496 12215636 22222381 548658478 9686409384 1335406820 158 39718104 1348757260
======================
   8      32 sdc 1784218 12601 263069496 12215636 22223018 548658478 9686735528 1335550448 129 39719108 1348900692
======================
   8      32 sdc 1784218 12601 263069496 12215636 22223660 548658478 9687064232 1335693728 129 39720112 1349044000
======================
   8      32 sdc 1784218 12601 263069496 12215636 22224308 548658478 9687396008 1335837308 151 39721112 1349186984
======================
   8      32 sdc 1784218 12601 263069496 12215636 22224972 548658478 9687735976 1335980712 145 39722116 1349330216
======================
   8      32 sdc 1784218 12601 263069496 12215636 22225629 548658478 9688072360 1336123712 142 39723128 1349474496
======================
   8      32 sdc 1784219 12601 263069504 12215868 22226253 548658478 9688391848 1336256640 129 39724136 1349602312
======================
   8      32 sdc 1784219 12601 263069504 12215868 22226921 548658478 9688733864 1336396572 133 39725140 1349746160
======================
   8      32 sdc 1784219 12601 263069504 12215868 22227592 548658478 9689077416 1336540160 134 39726144 1349889792
======================
   8      32 sdc 1784219 12601 263069504 12215868 22228216 548658478 9689396904 1336682060 150 39727148 1350033076
======================
   8      32 sdc 1784219 12601 263069504 12215868 22228673 548658478 9689630888 1336787240 141 39728152 1350176260
======================
   8      32 sdc 1784219 12601 263069504 12215868 22229378 548658478 9689991848 1336969340 140 39729156 1350319864
======================
   8      32 sdc 1784219 12601 263069504 12215868 22230048 548658478 9690334888 1337113248 142 39730156 1350462968
======================
   8      32 sdc 1784219 12601 263069504 12215868 22230703 548658478 9690670248 1337255560 142 39731160 1350606328
======================
   8      32 sdc 1784219 12601 263069504 12215868 22231327 548658478 9690989736 1337398852 143 39732164 1350750076
======================
   8      32 sdc 1784219 12601 263069504 12215868 22231978 548658478 9691323048 1337543144 132 39733164 1350892564
======================
   8      32 sdc 1784219 12601 263069504 12215868 22232647 548658478 9691665576 1337686020 135 39734168 1351036004
======================
   8      32 sdc 1784219 12601 263069504 12215868 22233295 548658478 9691997352 1337829680 150 39735172 1351180348
======================
   8      32 sdc 1784219 12601 263069504 12215868 22233828 548658478 9692270248 1337948708 26 39736172 1351292904
======================
   8      32 sdc 1784219 12601 263069504 12215868 22233828 548658478 9692270248 1337948708 26 39737176 1351319008
======================
   8      32 sdc 1784220 12601 263069512 12217468 22235221 548658478 9692983464 1338080012 146 39738176 1351432312
======================
   8      32 sdc 1784220 12601 263069512 12217468 22235863 548658478 9693312168 1338223528 144 39739180 1351575784
======================
   8      32 sdc 1784220 12601 263069512 12217468 22236459 548658478 9693617320 1338359176 156 39740184 1351719780
======================
   8      32 sdc 1784220 12601 263069512 12217468 22237146 548658478 9693969064 1338511964 141 39741188 1351863484
======================
   8      32 sdc 1784220 12601 263069512 12217468 22237811 548658478 9694309544 1338655496 148 39742196 1352007652
======================
   8      32 sdc 1784220 12601 263069512 12217468 22238464 548658478 9694643880 1338798980 135 39743200 1352151044
======================
   8      32 sdc 1784220 12601 263069512 12217468 22239105 548658478 9694972072 1338942296 134 39744204 1352294480
======================
   8      32 sdc 1784220 12601 263069512 12217468 22239777 548658478 9695316136 1339086928 134 39745208 1352438132
======================
   8      32 sdc 1784220 12601 263069512 12217468 22240446 548658478 9695658664 1339229180 137 39746216 1352582192
======================
   8      32 sdc 1784220 12601 263069512 12217468 22241070 548658478 9695978152 1339372324 153 39747216 1352725228
======================
   8      32 sdc 1784221 12601 263069520 12217680 22241684 548658478 9696292520 1339503344 147 39748220 1352855512
======================
   8      32 sdc 1784221 12601 263069520 12217680 22242360 548658478 9696638632 1339646852 143 39749224 1352999248
======================
   8      32 sdc 1784221 12601 263069520 12217680 22243036 548658478 9696984744 1339790340 139 39750228 1353142592
======================
   8      32 sdc 1784221 12601 263069520 12217680 22243712 548658478 9697330856 1339933572 135 39751232 1353285936
======================
   8      32 sdc 1784221 12601 263069520 12217680 22244329 548658478 9697646760 1340075968 148 39752236 1353429144
======================
   8      32 sdc 1784221 12601 263069520 12217680 22244996 548658478 9697988264 1340220884 131 39753240 1353572956
======================
   8      32 sdc 1784221 12601 263069520 12217680 22245662 548658478 9698329256 1340363360 137 39754244 1353716504
======================
   8      32 sdc 1784221 12601 263069520 12217680 22246298 548658478 9698654888 1340506152 141 39755244 1353859180
======================
   8      32 sdc 1784221 12601 263069520 12217680 22246946 548658478 9698986664 1340650136 133 39756248 1354002632
======================
   8      32 sdc 1784221 12601 263069520 12217680 22247610 548658478 9699326632 1340793976 141 39757248 1354146536
======================
   8      32 sdc 1784221 12601 263069520 12217680 22248262 548658478 9699660456 1340937196 129 39758252 1354289896
======================
   8      32 sdc 1784221 12601 263069520 12217680 22248910 548658478 9699992232 1341082688 153 39759264 1354435480
======================
   8      32 sdc 1784222 12601 263069528 12217912 22249534 548658478 9700311720 1341211720 141 39760272 1354564836
======================
   8      32 sdc 1784222 12601 263069528 12217912 22250176 548658478 9700640424 1341355480 139 39761280 1354709128
======================
   8      32 sdc 1784222 12601 263069528 12217912 22250833 548658478 9700976808 1341499428 154 39762280 1354852080
======================
   8      32 sdc 1784222 12601 263069528 12217912 22251495 548658478 9701315752 1341642520 132 39763284 1354995288
======================
   8      32 sdc 1784222 12601 263069528 12217912 22252124 548658478 9701637800 1341785604 143 39764288 1355138316
======================
   8      32 sdc 1784222 12601 263069528 12217912 22252801 548658478 9701984424 1341929152 138 39765292 1355281612
======================
   8      32 sdc 1784222 12601 263069528 12217912 22253458 548658478 9702320808 1342071880 153 39766300 1355425548
======================
   8      32 sdc 1784222 12601 263069528 12217912 22254082 548658478 9702640296 1342215236 137 39767304 1355569148
======================
   8      32 sdc 1784222 12601 263069528 12217912 22254733 548658478 9702973608 1342359496 158 39768304 1355711804
======================
   8      32 sdc 1784222 12601 263069528 12217912 22255405 548658478 9703317672 1342504284 141 39769308 1355857452
======================
   8      32 sdc 1784222 12601 263069528 12217912 22256082 548658478 9703664296 1342648676 136 39770312 1356000756
======================
   8      32 sdc 1784222 12601 263069528 12217912 22256746 548658478 9704004264 1342790432 144 39771316 1356144228
======================
   8      32 sdc 1784223 12601 263069536 12218144 22257350 548658478 9704313512 1342914628 148 39772320 1356268528
======================
   8      32 sdc 1784223 12601 263069536 12218144 22258010 548658478 9704651432 1343063452 128 39773352 1356415832
======================
   8      32 sdc 1784223 12601 263069536 12218144 22258689 548658478 9704999080 1343207432 153 39774360 1356560056
======================
   8      32 sdc 1784223 12601 263069536 12218144 22259342 548658478 9705333416 1343349668 140 39775372 1356703412
======================
   8      32 sdc 1784223 12601 263069536 12218144 22259977 548658478 9705658536 1343492576 145 39776372 1356846376
======================
   8      32 sdc 1784223 12601 263069536 12218144 22260640 548658478 9705997992 1343636772 154 39777376 1356989576
======================
   8      32 sdc 1784223 12601 263069536 12218144 22261255 548658478 9706312872 1343772816 147 39778380 1357133388
======================
   8      32 sdc 1784223 12601 263069536 12218144 22261927 548658478 9706656936 1343923392 147 39779384 1357277012
======================
   8      32 sdc 1784223 12601 263069536 12218144 22262568 548658478 9706985128 1344066492 146 39780384 1357419928
======================
   8      32 sdc 1784223 12601 263069536 12218144 22263216 548658478 9707316904 1344210392 138 39781388 1357563220
======================
   8      32 sdc 1784223 12601 263069536 12218144 22263879 548658478 9707656360 1344353388 147 39782388 1357705968
======================
   8      32 sdc 1784223 12601 263069536 12218144 22264528 548658478 9707988648 1344496212 46 39783396 1357842324
======================
   8      32 sdc 1784224 12601 263069544 12218448 22265143 548658478 9708303528 1344613636 147 39784396 1357967176
======================
   8      32 sdc 1784224 12601 263069544 12218448 22265807 548658478 9708643496 1344757700 155 39785400 1358110336
======================
   8      32 sdc 1784224 12601 263069544 12218448 22266482 548658478 9708989096 1344900912 152 39786404 1358254032
======================
   8      32 sdc 1784224 12601 263069544 12218448 22267094 548658478 9709302440 1345040600 148 39787404 1358396832
======================
   8      32 sdc 1784224 12601 263069544 12218448 22267763 548658478 9709644968 1345187372 151 39788408 1358540404
======================
   8      32 sdc 1784224 12601 263069544 12218448 22268438 548658478 9709990568 1345330520 148 39789408 1358683384
======================
   8      32 sdc 1784224 12601 263069544 12218448 22269108 548658478 9710333608 1345475796 150 39790412 1358828648
======================
   8      32 sdc 1784224 12601 263069544 12218448 22269750 548658478 9710662312 1345617480 148 39791412 1358971600
======================
   8      32 sdc 1784224 12601 263069544 12218448 22270374 548658478 9710981800 1345761000 132 39792416 1359115160
======================
   8      32 sdc 1784224 12601 263069544 12218448 22271032 548658478 9711318696 1345905500 146 39793420 1359258620
======================
   8      32 sdc 1784224 12601 263069544 12218448 22271708 548658478 9711664808 1346049052 142 39794424 1359402280
======================
   8      32 sdc 1784225 12601 263069552 12218672 22272331 548658478 9711983784 1346178276 154 39795428 1359530560
======================
   8      32 sdc 1784225 12601 263069552 12218672 22272977 548658478 9712314536 1346321564 153 39796432 1359674796
======================
   8      32 sdc 1784225 12601 263069552 12218672 22273634 548658478 9712650920 1346464048 136 39797436 1359817920
======================
   8      32 sdc 1784225 12601 263069552 12218672 22274283 548658478 9712983208 1346606744 130 39798436 1359960460
======================
   8      32 sdc 1784225 12601 263069552 12218672 22274912 548658478 9713305256 1346750104 138 39799440 1360103956
======================
   8      32 sdc 1784225 12601 263069552 12218672 22275552 548658478 9713632936 1346893096 138 39800444 1360247384
======================
   8      32 sdc 1784225 12601 263069552 12218672 22276206 548658478 9713967784 1347037032 156 39801444 1360390104
======================
   8      32 sdc 1784225 12601 263069552 12218672 22276869 548658478 9714307240 1347180340 133 39802448 1360533724
======================
   8      32 sdc 1784225 12601 263069552 12218672 22277516 548658478 9714638504 1347322948 158 39803448 1360676552
======================
   8      32 sdc 1784225 12601 263069552 12218672 22278140 548658478 9714957992 1347466056 142 39804452 1360820384
======================
   8      32 sdc 1784225 12601 263069552 12218672 22278816 548658478 9715304104 1347610580 138 39805452 1360963368
======================
   8      32 sdc 1784225 12601 263069552 12218672 22279477 548658478 9715642536 1347752460 149 39806456 1361106964
======================
   8      32 sdc 1784226 12601 263069560 12218888 22280091 548658478 9715956904 1347881580 144 39807460 1361236356
======================
   8      32 sdc 1784226 12601 263069560 12218888 22280735 548658478 9716286632 1348026160 140 39808464 1361379568
======================
   8      32 sdc 1784226 12601 263069560 12218888 22281410 548658478 9716632232 1348169248 137 39809464 1361522512
======================
   8      32 sdc 1784226 12601 263069560 12218888 22282085 548658478 9716977832 1348312316 134 39810468 1361665892
======================
   8      32 sdc 1784226 12601 263069560 12218888 22282719 548658478 9717302440 1348455068 140 39811472 1361809476
======================
   8      32 sdc 1784226 12601 263069560 12218888 22283346 548658478 9717623464 1348599572 153 39812476 1361953060
======================
   8      32 sdc 1784226 12601 263069560 12218888 22284019 548658478 9717968040 1348743952 152 39813484 1362097140
======================
   8      32 sdc 1784226 12601 263069560 12218888 22284675 548658478 9718303912 1348886288 136 39814488 1362240732
======================
   8      32 sdc 1784226 12601 263069560 12218888 22285314 548658478 9718631080 1349029596 137 39815488 1362383640
======================
   8      32 sdc 1784226 12601 263069560 12218888 22285972 548658478 9718967976 1349172356 151 39816492 1362526176
======================
   8      32 sdc 1784226 12601 263069560 12218888 22286632 548658478 9719305896 1349315104 131 39817492 1362668704
======================
   8      32 sdc 1784226 12601 263069560 12218888 22287274 548658478 9719634600 1349458432 129 39818496 1362812216
======================
   8      32 sdc 1784226 12601 263069560 12218888 22287519 548658478 9719760040 1349513376 31 39819500 1362876820
======================
   8      32 sdc 1784226 12601 263069560 12218888 22287519 548658478 9719760040 1349513376 31 39820504 1362907944
======================
   8      32 sdc 1784227 12601 263069568 12220756 22289036 548658478 9720536744 1349688484 150 39821512 1363044084
======================
   8      32 sdc 1784227 12601 263069568 12220756 22289700 548658478 9720877224 1349831240 158 39822516 1363186788
======================
   8      32 sdc 1784227 12601 263069568 12220756 22290342 548658478 9721205416 1349973956 156 39823520 1363330036
======================
   8      32 sdc 1784227 12601 263069568 12220756 22291002 548658478 9721543336 1350118164 136 39824520 1363473200
======================
   8      32 sdc 1784227 12601 263069568 12220756 22291677 548658478 9721888936 1350261472 133 39825524 1363616672
======================
   8      32 sdc 1784227 12601 263069568 12220756 22292310 548658478 9722213032 1350403536 140 39826528 1363760216
======================
   8      32 sdc 1784227 12601 263069568 12220756 22292942 548658478 9722536616 1350549128 148 39827544 1363905868
======================
   8      32 sdc 1784227 12601 263069568 12220756 22293613 548658478 9722880168 1350694140 149 39828548 1364049268
======================
   8      32 sdc 1784227 12601 263069568 12220756 22294292 548658478 9723227816 1350838160 142 39829556 1364193380
======================
   8      32 sdc 1784227 12601 263069568 12220756 22294968 548658478 9723573928 1350981544 138 39830560 1364336912
======================
   8      32 sdc 1784228 12601 263069576 12220952 22295589 548658478 9723891880 1351112576 146 39831564 1364469652
======================
   8      32 sdc 1784228 12601 263069576 12220952 22296202 548658478 9724205736 1351253468 141 39832568 1364613072
======================
   8      32 sdc 1784228 12601 263069576 12220952 22296861 548658478 9724543144 1351397984 154 39833572 1364756372
======================
   8      32 sdc 1784228 12601 263069576 12220952 22297550 548658478 9724895912 1351545032 137 39834580 1364900824
======================
   8      32 sdc 1784228 12601 263069576 12220952 22298037 548658478 9725145256 1351689804 130 39835584 1365046040
======================
   8      32 sdc 1784228 12601 263069576 12220952 22298692 548658478 9725480616 1351833628 147 39836584 1365188968
======================
   8      32 sdc 1784228 12601 263069576 12220952 22299356 548658478 9725820584 1351976924 155 39837588 1365332208
======================
   8      32 sdc 1784228 12601 263069576 12220952 22299996 548658478 9726148776 1352119508 155 39838592 1365475792
======================
   8      32 sdc 1784228 12601 263069576 12220952 22300638 548658478 9726476968 1352263684 153 39839592 1365619528
======================
   8      32 sdc 1784228 12601 263069576 12220952 22301280 548658478 9726805672 1352407168 151 39840596 1365763160
======================
   8      32 sdc 1784228 12601 263069576 12220952 22301932 548658478 9727139496 1352551376 139 39841600 1365906792
======================
   8      32 sdc 1784228 12601 263069576 12220952 22302590 548658478 9727476392 1352694580 153 39842604 1366050356
======================
   8      32 sdc 1784229 12601 263069584 12221196 22303207 548658478 9727792296 1352816580 147 39843608 1366173416
======================
   8      32 sdc 1784229 12601 263069584 12221196 22303830 548658478 9728111272 1352955940 132 39844608 1366316044
======================
   8      32 sdc 1784229 12601 263069584 12221196 22304517 548658478 9728463016 1353103508 149 39845612 1366459432
======================
   8      32 sdc 1784229 12601 263069584 12221196 22305188 548658478 9728806568 1353246044 150 39846616 1366602776
======================
   8      32 sdc 1784229 12601 263069584 12221196 22305800 548658478 9729119912 1353389800 146 39847616 1366745968
======================
   8      32 sdc 1784229 12601 263069584 12221196 22306470 548658478 9729462952 1353533924 148 39848620 1366889372
======================
   8      32 sdc 1784229 12601 263069584 12221196 22307145 548658478 9729808552 1353676964 145 39849624 1367032856
======================
   8      32 sdc 1784229 12601 263069584 12221196 22307820 548658478 9730154152 1353820740 142 39850624 1367176256
======================
   8      32 sdc 1784229 12601 263069584 12221196 22308460 548658478 9730481832 1353962852 142 39851628 1367319732
======================
   8      32 sdc 1784229 12601 263069584 12221196 22309083 548658478 9730800808 1354105968 138 39852628 1367462292
======================
   8      32 sdc 1784229 12601 263069584 12221196 22309750 548658478 9731142312 1354250500 132 39853632 1367606000
======================
   8      32 sdc 1784229 12601 263069584 12221196 22310422 548658478 9731486376 1354393264 132 39854636 1367749404
======================
   8      32 sdc 1784230 12601 263069592 12221424 22311009 548658478 9731786920 1354510312 152 39855636 1367874348
======================
   8      32 sdc 1784230 12601 263069592 12221424 22311684 548658478 9732132520 1354662636 149 39856640 1368018844
======================
   8      32 sdc 1784230 12601 263069592 12221424 22312348 548658478 9732472488 1354806064 157 39857644 1368162048
======================
   8      32 sdc 1784230 12601 263069592 12221424 22312991 548658478 9732801704 1354949072 154 39858648 1368305436
======================
   8      32 sdc 1784230 12601 263069592 12221424 22313616 548658478 9733121704 1355092388 137 39859652 1368449164
======================
   8      32 sdc 1784230 12601 263069592 12221424 22314261 548658478 9733451944 1355236116 132 39860652 1368591964
======================
   8      32 sdc 1784230 12601 263069592 12221424 22314925 548658478 9733791912 1355378444 140 39861656 1368734580
======================
   8      32 sdc 1784230 12601 263069592 12221424 22315580 548658478 9734127272 1355521528 157 39862660 1368878236
======================
   8      32 sdc 1784230 12601 263069592 12221424 22316222 548658478 9734455976 1355664604 155 39863660 1369020744
======================
   8      32 sdc 1784230 12601 263069592 12221424 22316878 548658478 9734791848 1355807144 139 39864668 1369164824
======================
   8      32 sdc 1784230 12601 263069592 12221424 22317562 548658478 9735142056 1355952412 133 39865672 1369308180
======================
   8      32 sdc 1784230 12601 263069592 12221424 22318190 548658478 9735463592 1356094348 80 39866672 1369448220
======================
   8      32 sdc 1784231 12601 263069600 12221664 22318789 548658478 9735770280 1356218036 148 39867676 1369575280
======================
   8      32 sdc 1784231 12601 263069600 12221664 22319465 548658478 9736116392 1356362612 144 39868680 1369718476
======================
   8      32 sdc 1784231 12601 263069600 12221664 22320124 548658478 9736453800 1356503412 157 39869684 1369862096
======================
   8      32 sdc 1784231 12601 263069600 12221664 22320737 548658478 9736767656 1356636196 152 39870732 1370014764
======================
   8      32 sdc 1784231 12601 263069600 12221664 22321282 548658478 9737046696 1356794932 151 39871736 1370159524
======================
   8      32 sdc 1784231 12601 263069600 12221664 22321924 548658478 9737375400 1356939448 149 39872740 1370303084
======================
   8      32 sdc 1784231 12601 263069600 12221664 22322599 548658478 9737721000 1357082796 146 39873740 1370445808
======================
   8      32 sdc 1784231 12601 263069600 12221664 22323252 548658478 9738055848 1357225012 133 39874744 1370589224
======================
   8      32 sdc 1784231 12601 263069600 12221664 22323894 548658478 9738384040 1357368272 131 39875748 1370732436
======================
   8      32 sdc 1784231 12601 263069600 12221664 22324550 548658478 9738719912 1357511876 147 39876748 1370875188
======================
   8      32 sdc 1784231 12601 263069600 12221664 22325200 548658478 9739052712 1357653576 137 39877752 1371018816
======================
   8      32 sdc 1784231 12601 263069600 12221664 22325850 548658478 9739385512 1357798580 100 39878760 1371161228
======================
   8      32 sdc 1784232 12601 263069608 12221892 22326472 548658478 9739703976 1357922548 147 39879764 1371287060
======================
   8      32 sdc 1784232 12601 263069608 12221892 22327117 548658478 9740034216 1358066748 142 39880772 1371431252
======================
   8      32 sdc 1784232 12601 263069608 12221892 22327769 548658478 9740368040 1358211064 130 39881776 1371574708
======================
   8      32 sdc 1784232 12601 263069608 12221892 22328417 548658478 9740699816 1358350784 154 39882776 1371717748
======================
   8      32 sdc 1784232 12601 263069608 12221892 22329060 548658478 9741029032 1358498560 151 39883780 1371862724
======================
   8      32 sdc 1784232 12601 263069608 12221892 22329718 548658478 9741365928 1358641648 133 39884784 1372005572
======================
   8      32 sdc 1784232 12601 263069608 12221892 22330394 548658478 9741712040 1358785448 129 39885792 1372149376
======================
   8      32 sdc 1784232 12601 263069608 12221892 22331024 548658478 9742034600 1358922264 139 39886796 1372287312
======================
   8      32 sdc 1784232 12601 263069608 12221892 22331652 548658478 9742356136 1359066432 151 39887796 1372430424
======================
   8      32 sdc 1784232 12601 263069608 12221892 22332332 548658478 9742704808 1359211408 143 39888808 1372575252
======================
   8      32 sdc 1784232 12601 263069608 12221892 22333009 548658478 9743050920 1359355040 138 39889812 1372718844
======================
   8      32 sdc 1784232 12601 263069608 12221892 22333616 548658478 9743361704 1359483844 14 39890816 1372836508
======================
   8      32 sdc 1784232 12601 263069608 12221892 22333616 548658478 9743361704 1359483844 14 39891820 1372850564
======================
   8      32 sdc 1784233 12601 263069616 12223548 22334916 548658478 9744027304 1359577544 147 39892824 1372944352
======================
   8      32 sdc 1784233 12601 263069616 12223548 22335583 548658478 9744368808 1359722208 152 39893824 1373087180
======================
   8      32 sdc 1784233 12601 263069616 12223548 22336243 548658478 9744706728 1359856392 226 39894828 1373260880
======================
   8      32 sdc 1784233 12601 263069616 12223548 22336887 548658478 9745036456 1360009612 213 39895832 1373490448
======================
   8      32 sdc 1784233 12601 263069616 12223548 22337551 548658478 9745376424 1360166532 221 39896832 1373710596
======================
   8      32 sdc 1784233 12601 263069616 12223548 22338208 548658478 9745712808 1360333544 204 39897836 1373924656
======================
   8      32 sdc 1784233 12601 263069616 12223548 22338702 548658478 9745965736 1360511700 190 39898840 1374134340
======================
   8      32 sdc 1784233 12601 263069616 12223548 22339338 548658478 9746291368 1360695640 194 39899844 1374331772
======================
   8      32 sdc 1784233 12601 263069616 12223548 22339974 548658478 9746617000 1360892776 198 39900844 1374520772
======================
   8      32 sdc 1784233 12601 263069616 12223548 22340630 548658478 9746952872 1361091512 182 39901848 1374700792
======================
   8      32 sdc 1784233 12601 263069616 12223548 22341283 548658478 9747287208 1361287248 27 39902852 1374855472
======================
   8      32 sdc 1784234 12601 263069624 12223804 22341923 548658478 9747614888 1361515780 161 39903856 1375013836
======================
   8      32 sdc 1784234 12601 263069624 12223804 22342565 548658478 9747943592 1361748120 159 39904856 1375166304
======================
   8      32 sdc 1784234 12601 263069624 12223804 22343208 548658478 9748272808 1361939092 156 39905860 1375311968
======================
   8      32 sdc 1784234 12601 263069624 12223804 22343881 548658478 9748617384 1362090420 130 39906860 1375456648
======================
   8      32 sdc 1784234 12601 263069624 12223804 22344516 548658478 9748942504 1362234324 135 39907864 1375599708
======================
   8      32 sdc 1784234 12601 263069624 12223804 22345192 548658478 9749288616 1362377760 131 39908868 1375743096
======================
   8      32 sdc 1784234 12601 263069624 12223804 22345867 548658478 9749634216 1362520856 128 39909868 1375885836
======================
   8      32 sdc 1784234 12601 263069624 12223804 22346543 548658478 9749980328 1362664112 156 39910872 1376029312
======================
   8      32 sdc 1784234 12601 263069624 12223804 22347172 548658478 9750302376 1362806124 135 39911876 1376172904
======================
   8      32 sdc 1784234 12601 263069624 12223804 22347797 548658478 9750622376 1362949768 150 39912876 1376315876
======================
   8      32 sdc 1784234 12601 263069624 12223804 22348468 548658478 9750965928 1363093864 151 39913880 1376459000
======================
   8      32 sdc 1784234 12601 263069624 12223804 22348990 548658478 9751232688 1363204124 1 39914884 1376554732
======================
   8      32 sdc 1784235 12601 263069632 12224288 22349616 548658952 9751552960 1363325396 154 39915888 1376692140
======================
   8      32 sdc 1784235 12601 263069632 12224288 22350258 548658952 9751881664 1363469388 152 39916888 1376835144
======================
   8      32 sdc 1784235 12601 263069632 12224288 22350922 548658952 9752221632 1363612712 128 39917892 1376978668
======================
   8      32 sdc 1784235 12601 263069632 12224288 22351558 548658952 9752547264 1363755352 132 39918896 1377122152
======================
   8      32 sdc 1784235 12601 263069632 12224288 22352199 548658952 9752875456 1363898556 131 39919896 1377265016
======================
   8      32 sdc 1784235 12601 263069632 12224288 22352841 548658952 9753204160 1364042120 129 39920900 1377408592
======================
   8      32 sdc 1784235 12601 263069632 12224288 22353492 548658952 9753537472 1364185800 150 39921904 1377552252
======================
   8      32 sdc 1784235 12601 263069632 12224288 22354142 548658952 9753870272 1364328488 140 39922904 1377695080
======================
   8      32 sdc 1784235 12601 263069632 12224288 22354785 548658952 9754199488 1364472276 137 39923912 1377839224
======================
   8      32 sdc 1784235 12601 263069632 12224288 22355445 548658952 9754537920 1364616192 149 39924912 1377982224
======================
   8      32 sdc 1784235 12601 263069632 12224288 22356121 548658952 9754883520 1364759688 145 39925916 1378125800
======================
   8      32 sdc 1784236 12601 263069640 12224588 22356728 548658972 9755192952 1364885688 147 39926916 1378239592
======================
   8      32 sdc 1784236 12601 263069640 12224588 22357150 548659435 9755385992 1364970972 0 39927708 1378321876
======================
   8      32 sdc 1784236 12601 263069640 12224588 22357150 548659435 9755385992 1364970972 0 39927708 1378321876
======================
   8      32 sdc 1784236 12601 263069640 12224588 22357150 548659435 9755385992 1364970972 0 39927708 1378321876
======================
   8      32 sdc 1784236 12601 263069640 12224588 22357150 548659435 9755385992 1364970972 0 39927708 1378321876
======================
   8      32 sdc 1784236 12601 263069640 12224588 22357150 548659435 9755385992 1364970972 0 39927708 1378321876
======================
   8      32 sdc 1784236 12601 263069640 12224588 22357150 548659435 9755385992 1364970972 0 39927708 1378321876
======================
   8      32 sdc 1784472 12601 263071522 12231076 22357163 548659435 9755386040 1364970972 1 39928656 1378329252
started
======================
   8      32 sdc 1784477 12601 263071562 12232100 22357165 548659435 9755386048 1364971040 0 39928860 1378329456
======================
   8      32 sdc 1784516 12601 263073778 12232312 22357165 548659435 9755386048 1364971040 1 39929072 1378329668
======================
   8      32 sdc 1784676 12601 263084210 12233304 22357165 548659435 9755386048 1364971040 1 39930064 1378330660
======================
   8      32 sdc 1784814 12601 263093058 12234300 22357165 548659435 9755386048 1364971040 1 39931064 1378331660
======================
   8      32 sdc 1784962 12601 263102578 12235276 22357165 548659435 9755386048 1364971040 1 39932036 1378332632
======================
   8      32 sdc 1785110 12601 263112050 12236272 22357165 548659435 9755386048 1364971040 1 39933032 1378333628
======================
   8      32 sdc 1785246 12601 263120754 12237268 22357165 548659435 9755386048 1364971040 1 39934028 1378334624
======================
   8      32 sdc 1785389 12601 263129906 12238236 22357168 548659437 9755386088 1364971040 1 39934992 1378335588
======================
   8      32 sdc 1785529 12601 263138866 12239224 22357168 548659437 9755386088 1364971040 1 39935976 1378336572
======================
   8      32 sdc 1785676 12601 263148346 12240212 22357168 548659437 9755386088 1364971040 1 39936964 1378337560
======================
   8      32 sdc 1785819 12601 263157498 12241188 22357168 548659437 9755386088 1364971040 1 39937944 1378338540
======================
   8      32 sdc 1785958 12601 263166434 12242172 22357168 548659437 9755386088 1364971040 1 39938928 1378339524
======================
   8      32 sdc 1786091 12601 263175026 12243168 22357168 548659437 9755386088 1364971040 1 39939924 1378340520
======================
   8      32 sdc 1786233 12601 263184114 12244160 22357168 548659437 9755386088 1364971040 1 39940920 1378341516
======================
   8      32 sdc 1786333 12601 263190514 12245160 22357168 548659437 9755386088 1364971040 0 39941912 1378342508
======================
   8      32 sdc 1786482 12601 263200050 12246148 22357168 548659437 9755386088 1364971040 1 39942900 1378343496
======================
   8      32 sdc 1786632 12601 263209650 12247132 22357168 548659437 9755386088 1364971040 1 39943888 1378344484
======================
   8      32 sdc 1786779 12601 263219058 12248116 22357168 548659437 9755386088 1364971040 1 39944872 1378345468
======================
   8      32 sdc 1786935 12601 263229042 12249108 22357168 548659437 9755386088 1364971040 1 39945860 1378346456
======================
   8      32 sdc 1787075 12601 263238002 12250084 22357168 548659437 9755386088 1364971040 1 39946836 1378347432
======================
   8      32 sdc 1787226 12601 263247666 12251072 22357168 548659437 9755386088 1364971040 0 39947820 1378348416
======================
   8      32 sdc 1787374 12601 263257138 12252040 22357168 548659437 9755386088 1364971040 1 39948788 1378349384
======================
   8      32 sdc 1787517 12601 263266418 12253020 22357168 548659437 9755386088 1364971040 1 39949776 1378350372
======================
   8      32 sdc 1787657 12601 263275378 12254004 22357168 548659437 9755386088 1364971040 1 39950756 1378351352
======================
   8      32 sdc 1787805 12601 263284850 12254992 22357168 548659437 9755386088 1364971040 1 39951740 1378352336
======================
   8      32 sdc 1787940 12601 263293490 12255968 22357168 548659437 9755386088 1364971040 1 39952724 1378353320
======================
   8      32 sdc 1788090 12601 263303090 12256924 22357168 548659437 9755386088 1364971040 1 39953680 1378354276
======================
   8      32 sdc 1788239 12601 263312626 12257896 22357168 548659437 9755386088 1364971040 1 39954648 1378355244
======================
   8      32 sdc 1788389 12601 263322226 12258864 22357168 548659437 9755386088 1364971040 1 39955616 1378356212
======================
   8      32 sdc 1788525 12601 263330930 12259836 22357168 548659437 9755386088 1364971040 1 39956588 1378357184
======================
   8      32 sdc 1788669 12601 263340146 12260828 22357168 548659437 9755386088 1364971040 1 39957576 1378358172
======================
   8      32 sdc 1788813 12601 263349362 12261808 22357168 548659437 9755386088 1364971040 1 39958556 1378359152
======================
   8      32 sdc 1788964 12601 263359026 12262792 22357168 548659437 9755386088 1364971040 1 39959544 1378360140
======================
   8      32 sdc 1789108 12601 263368242 12263788 22357168 548659437 9755386088 1364971040 1 39960540 1378361136
======================
   8      32 sdc 1789252 12601 263377458 12264776 22357168 548659437 9755386088 1364971040 1 39961524 1378362120
======================
   8      32 sdc 1789407 12601 263387378 12265740 22357168 548659437 9755386088 1364971040 1 39962492 1378363088
======================
   8      32 sdc 1789548 12601 263396402 12266716 22357168 548659437 9755386088 1364971040 1 39963468 1378364064
======================
   8      32 sdc 1789697 12601 263405938 12267692 22357170 548659437 9755386104 1364971040 1 39964444 1378365040
======================
   8      32 sdc 1789848 12601 263415602 12268676 22357170 548659437 9755386104 1364971040 1 39965424 1378366020
======================
   8      32 sdc 1789995 12601 263425010 12269656 22357170 548659437 9755386104 1364971040 1 39966412 1378367008
======================
   8      32 sdc 1790147 12601 263434738 12270656 22357170 548659437 9755386104 1364971040 1 39967408 1378368004
======================
   8      32 sdc 1790298 12601 263444402 12271640 22357170 548659437 9755386104 1364971040 1 39968392 1378368988
======================
   8      32 sdc 1790435 12601 263453170 12272624 22357170 548659437 9755386104 1364971040 1 39969376 1378369972
======================
   8      32 sdc 1790581 12601 263462514 12273608 22357170 548659437 9755386104 1364971040 1 39970356 1378370952
======================
   8      32 sdc 1790684 12601 263469106 12274592 22357170 548659437 9755386104 1364971040 1 39971344 1378371940
======================
   8      32 sdc 1790823 12601 263478002 12275564 22357170 548659437 9755386104 1364971040 1 39972316 1378372912
======================
   8      32 sdc 1790970 12601 263487410 12276552 22357170 548659437 9755386104 1364971040 1 39973304 1378373900
======================
   8      32 sdc 1791125 12601 263497330 12277516 22357170 548659437 9755386104 1364971040 1 39974264 1378374860
======================
   8      32 sdc 1791272 12601 263506738 12278492 22357170 548659437 9755386104 1364971040 1 39975244 1378375840
======================
   8      32 sdc 1791417 12601 263516018 12279484 22357170 548659437 9755386104 1364971040 1 39976236 1378376832
======================
   8      32 sdc 1791566 12601 263525554 12280456 22357170 548659437 9755386104 1364971040 1 39977208 1378377804
======================
   8      32 sdc 1791711 12601 263534834 12281420 22357170 548659437 9755386104 1364971040 1 39978172 1378378768
======================
   8      32 sdc 1791859 12601 263544306 12282420 22357170 548659437 9755386104 1364971040 1 39979176 1378379772
======================
   8      32 sdc 1792004 12601 263553586 12283408 22357170 548659437 9755386104 1364971040 1 39980156 1378380752
======================
   8      32 sdc 1792150 12601 263562930 12284392 22357170 548659437 9755386104 1364971040 1 39981144 1378381740
======================
   8      32 sdc 1792299 12601 263572466 12285372 22357170 548659437 9755386104 1364971040 1 39982124 1378382720
======================
   8      32 sdc 1792444 12601 263581746 12286352 22357170 548659437 9755386104 1364971040 1 39983108 1378383704
======================
   8      32 sdc 1792588 12601 263590962 12287348 22357170 548659437 9755386104 1364971040 1 39984100 1378384696
======================
   8      32 sdc 1792731 12601 263600114 12288332 22357170 548659437 9755386104 1364971040 1 39985084 1378385680
======================
   8      32 sdc 1792872 12601 263609138 12289312 22357170 548659437 9755386104 1364971040 1 39986064 1378386660
======================
   8      32 sdc 1793018 12601 263618482 12290300 22357170 548659437 9755386104 1364971040 1 39987052 1378387648
======================
   8      32 sdc 1793162 12601 263627698 12291268 22357170 548659437 9755386104 1364971040 1 39988016 1378388612
