======================
   8      16 sdb 22633598 368933 2208114402 48758820 42521859 355294133 11947576504 1718397156 0 15036060 1767113996
======================
   8      16 sdb 22633598 368933 2208114402 48758820 42521859 355294133 11947576504 1718397156 0 15036060 1767113996
======================
   8      16 sdb 22633708 368933 2208115282 48758824 42521859 355294133 11947576504 1718397156 0 15036064 1767114000
======================
   8      16 sdb 22633964 368933 2208117330 48758824 42521859 355294133 11947576504 1718397156 0 15036064 1767114000
======================
   8      16 sdb 22634113 368933 2208118522 48758824 42521859 355294133 11947576504 1718397156 0 15036064 1767114000
======================
   8      16 sdb 22634113 368933 2208118522 48758824 42521859 355294133 11947576504 1718397156 0 15036064 1767114000
======================
   8      16 sdb 22634113 368933 2208118522 48758824 42524874 355294133 11949120184 1718434976 150 15036444 1767156900
======================
   8      16 sdb 22634114 368933 2208118530 48758868 42526949 355294671 11950181848 1718572744 141 15037448 1767294864
======================
   8      16 sdb 22634114 368933 2208118530 48758868 42528859 355294671 11951159768 1718714496 151 15038452 1767437632
======================
   8      16 sdb 22634114 368933 2208118530 48758868 42530344 355295163 11951902856 1718854532 138 15039456 1767575532
======================
   8      16 sdb 22634114 368933 2208118530 48758868 42531962 355295163 11952730768 1719000624 152 15040460 1767721560
======================
   8      16 sdb 22634115 368933 2208118538 48758920 42534073 355295163 11953811600 1719139844 146 15041460 1767860468
======================
   8      16 sdb 22634115 368933 2208118538 48758920 42536557 355295191 11955083128 1719278728 142 15042464 1768000716
======================
   8      16 sdb 22634116 368933 2208118546 48758976 42537707 355295191 11955671928 1719415096 132 15043468 1768142228
======================
   8      16 sdb 22634116 368933 2208118546 48758976 42539406 355295191 11956541312 1719560792 130 15044472 1768285612
======================
   8      16 sdb 22634116 368933 2208118546 48758976 42541705 355295191 11957718912 1719707364 135 15045480 1768428040
======================
   8      16 sdb 22634116 368933 2208118546 48758976 42544196 355295191 11958993792 1719848000 140 15046484 1768569776
======================
   8      16 sdb 22634117 368933 2208118554 48759056 42546140 355295237 11959987472 1719978384 151 15047488 1768700668
======================
   8      16 sdb 22634117 368933 2208118554 48759056 42548054 355295237 11960966936 1720121232 137 15048492 1768843504
======================
   8      16 sdb 22634117 368933 2208118554 48759056 42549976 355295237 11961951000 1720263840 156 15049496 1768986280
======================
   8      16 sdb 22634117 368933 2208118554 48759056 42551896 355295237 11962934040 1720406248 156 15050500 1769128736
======================
   8      16 sdb 22634118 368933 2208118562 48759136 42553788 355295237 11963902744 1720542168 157 15051500 1769264172
======================
   8      16 sdb 22634118 368933 2208118562 48759136 42555693 355295283 11964874440 1720678820 132 15052504 1769400812
======================
   8      16 sdb 22634118 368933 2208118562 48759136 42557611 355295283 11965856456 1720821120 134 15053508 1769543452
======================
   8      16 sdb 22634118 368933 2208118562 48759136 42559524 355295283 11966835912 1720963804 141 15054512 1769686452
======================
   8      16 sdb 22634119 368933 2208118570 48759220 42561445 355295283 11967819464 1721099016 136 15055516 1769821664
======================
   8      16 sdb 22634119 368933 2208118570 48759220 42563362 355295283 11968800968 1721241224 139 15056520 1769963876
======================
   8      16 sdb 22634119 368933 2208118570 48759220 42565123 355295330 11969699448 1721365836 133 15057520 1770099592
======================
   8      16 sdb 22634119 368933 2208118570 48759220 42567200 355295330 11970762368 1721519504 137 15058524 1770241864
======================
   8      16 sdb 22634120 368933 2208118578 48759304 42569105 355295330 11971737728 1721654548 151 15059528 1770377308
======================
   8      16 sdb 22634120 368933 2208118578 48759304 42571033 355295330 11972724864 1721797796 143 15060532 1770520448
======================
   8      16 sdb 22634120 368933 2208118578 48759304 42572948 355295330 11973705344 1721940408 148 15061532 1770662684
======================
   8      16 sdb 22634120 368933 2208118578 48759304 42574868 355295363 11974687640 1722077748 149 15062536 1770800092
======================
   8      16 sdb 22634121 368933 2208118586 48759392 42576799 355295400 11975670056 1722208268 149 15063540 1770931156
======================
   8      16 sdb 22634121 368933 2208118586 48759392 42578725 355295400 11976656168 1722350604 143 15064544 1771073648
======================
   8      16 sdb 22634121 368933 2208118586 48759392 42580621 355295400 11977626920 1722493320 135 15065548 1771216228
======================
   8      16 sdb 22634121 368933 2208118586 48759392 42582521 355295400 11978599720 1722635768 155 15066552 1771358888
======================
   8      16 sdb 22634122 368933 2208118594 48759480 42584445 355295430 11979584544 1722764976 129 15067556 1771488096
======================
   8      16 sdb 22634122 368933 2208118594 48759480 42586368 355295430 11980568616 1722906812 128 15068560 1771629932
======================
   8      16 sdb 22634122 368933 2208118594 48759480 42588293 355295430 11981554216 1723048876 154 15069564 1771772100
======================
   8      16 sdb 22634122 368933 2208118594 48759480 42590165 355295430 11982512680 1723189396 138 15070564 1771913140
======================
   8      16 sdb 22634123 368933 2208118602 48759548 42592145 355295442 11983523512 1723325544 152 15071568 1772048412
======================
   8      16 sdb 22634123 368933 2208118602 48759548 42594039 355295477 11984492512 1723462880 138 15072572 1772185796
======================
   8      16 sdb 22634123 368933 2208118602 48759548 42595887 355295477 11985438688 1723603192 146 15073576 1772328116
======================
   8      16 sdb 22634123 368933 2208118602 48759548 42597850 355295477 11986443744 1723747548 135 15074580 1772470584
======================
   8      16 sdb 22634124 368933 2208118610 48759636 42599766 355295477 11987424736 1723882236 136 15075584 1772605332
======================
   8      16 sdb 22634124 368933 2208118610 48759636 42601692 355295477 11988410848 1724024744 130 15076588 1772747852
======================
   8      16 sdb 22634124 368933 2208118610 48759636 42603617 355295526 11989393312 1724161708 134 15077592 1772884776
======================
   8      16 sdb 22634124 368933 2208118610 48759636 42605540 355295526 11990377384 1724304452 132 15078596 1773027688
======================
   8      16 sdb 22634125 368933 2208118618 48759720 42607434 355295526 11991347112 1724440240 156 15079600 1773163432
======================
   8      16 sdb 22634125 368933 2208118618 48759720 42609338 355295526 11992321960 1724581992 140 15080604 1773305904
======================
   8      16 sdb 22634125 368933 2208118618 48759720 42611255 355295526 11993303464 1724724764 143 15081608 1773448280
======================
   8      16 sdb 22634125 368933 2208118618 48759720 42613187 355295573 11994288992 1724862124 136 15082612 1773585496
======================
   8      16 sdb 22634126 368933 2208118626 48759800 42615110 355295573 11995273568 1724997668 141 15083616 1773721228
======================
   8      16 sdb 22634126 368933 2208118626 48759800 42617032 355295573 11996257632 1725140376 139 15084616 1773863388
======================
   8      16 sdb 22634126 368933 2208118626 48759800 42618955 355295587 11997239800 1725282928 136 15085620 1774006028
======================
   8      16 sdb 22634126 368933 2208118626 48759800 42620878 355295587 11998224376 1725425080 133 15086624 1774148192
======================
   8      16 sdb 22634127 368933 2208118634 48759876 42622780 355295621 11999197968 1725553540 135 15087624 1774276852
======================
   8      16 sdb 22634127 368933 2208118634 48759876 42624675 355295621 12000167704 1725696516 129 15088628 1774419796
======================
   8      16 sdb 22634127 368933 2208118634 48759876 42626594 355295621 12001150232 1725837152 130 15089632 1774560484
======================
   8      16 sdb 22634127 368933 2208118634 48759876 42628520 355295621 12002136344 1725979484 156 15090636 1774702948
======================
   8      16 sdb 22634128 368933 2208118642 48759964 42630447 355295639 12003120592 1726114800 142 15091640 1774838496
======================
   8      16 sdb 22634128 368933 2208118642 48759964 42632368 355295670 12004103888 1726252144 152 15092644 1774976116
======================
   8      16 sdb 22634128 368933 2208118642 48759964 42634296 355295670 12005090520 1726394980 144 15093648 1775118784
======================
   8      16 sdb 22634128 368933 2208118642 48759964 42636189 355295670 12006059736 1726537744 139 15094652 1775261216
======================
   8      16 sdb 22634129 368933 2208118650 48760052 42638088 355295670 12007032024 1726672864 153 15095656 1775396340
======================
   8      16 sdb 22634129 368933 2208118650 48760052 42639985 355295670 12008003288 1726814936 144 15096660 1775538872
======================
   8      16 sdb 22634129 368933 2208118650 48760052 42641915 355295718 12008989816 1726952332 144 15097664 1775676304
======================
   8      16 sdb 22634129 368933 2208118650 48760052 42643835 355295718 12009972352 1727094984 145 15098668 1775819116
======================
   8      16 sdb 22634130 368933 2208118658 48760140 42645757 355295718 12010956416 1727230380 139 15099672 1775954536
======================
   8      16 sdb 22634130 368933 2208118658 48760140 42647679 355295718 12011940480 1727372364 137 15100676 1776096744
======================
   8      16 sdb 22634130 368933 2208118658 48760140 42649601 355295718 12012924544 1727515064 135 15101676 1776238772
======================
   8      16 sdb 22634130 368933 2208118658 48760140 42651503 355295787 12013897616 1727652132 40 15102680 1776373324
======================
   8      16 sdb 22634131 368933 2208118666 48760224 42653438 355295787 12014883592 1727782420 144 15103684 1776506404
======================
   8      16 sdb 22634131 368933 2208118666 48760224 42655359 355295787 12015867144 1727924108 143 15104688 1776648048
======================
   8      16 sdb 22634131 368933 2208118666 48760224 42657275 355295787 12016848136 1728065708 147 15105692 1776789964
======================
   8      16 sdb 22634131 368933 2208118666 48760224 42659198 355295787 12017832712 1728207732 144 15106692 1776931448
======================
   8      16 sdb 22634132 368933 2208118674 48760300 42661123 355295820 12018817568 1728342396 142 15107696 1777066244
======================
   8      16 sdb 22634132 368933 2208118674 48760300 42663044 355295820 12019801120 1728484948 149 15108700 1777208872
======================
   8      16 sdb 22634132 368933 2208118674 48760300 42664891 355295820 12020746784 1728624824 135 15109704 1777351576
======================
   8      16 sdb 22634132 368933 2208118674 48760300 42666848 355295820 12021748768 1728769884 130 15110708 1777493952
======================
   8      16 sdb 22634133 368933 2208118682 48760384 42668778 355295837 12022735048 1728905304 138 15111708 1777629508
======================
   8      16 sdb 22634133 368933 2208118682 48760384 42670690 355295869 12023713744 1729040856 134 15112712 1777765240
======================
   8      16 sdb 22634133 368933 2208118682 48760384 42672611 355295869 12024696792 1729183600 134 15113716 1777907976
======================
   8      16 sdb 22634133 368933 2208118682 48760384 42674535 355295869 12025681880 1729326356 130 15114716 1778050172
======================
   8      16 sdb 22634134 368933 2208118690 48760472 42676458 355295869 12026666456 1729461412 146 15115720 1778185452
======================
   8      16 sdb 22634134 368933 2208118690 48760472 42678360 355295885 12027637888 1729603768 132 15116724 1778328376
======================
   8      16 sdb 22634134 368933 2208118690 48760472 42680240 355295915 12028600184 1729741868 151 15117728 1778466392
======================
   8      16 sdb 22634134 368933 2208118690 48760472 42682176 355295915 12029590912 1729884708 136 15118732 1778609332
======================
   8      16 sdb 22634135 368933 2208118698 48760564 42684093 355295915 12030572416 1730019648 135 15119736 1778744496
======================
   8      16 sdb 22634135 368933 2208118698 48760564 42686007 355295915 12031552384 1730161912 141 15120740 1778886900
======================
   8      16 sdb 22634135 368933 2208118698 48760564 42687928 355295915 12032535936 1730304064 140 15121744 1779029020
======================
   8      16 sdb 22634135 368933 2208118698 48760564 42689781 355295966 12033483568 1730435696 145 15122748 1779165792
======================
   8      16 sdb 22634136 368933 2208118706 48760640 42691753 355295966 12034492728 1730576152 128 15123748 1779300632
======================
   8      16 sdb 22634136 368933 2208118706 48760640 42693653 355295966 12035465528 1730718084 148 15124752 1779442712
======================
   8      16 sdb 22634136 368933 2208118706 48760640 42695567 355295966 12036445496 1730859760 154 15125756 1779584296
======================
   8      16 sdb 22634136 368933 2208118706 48760640 42697488 355295966 12037429048 1731001432 153 15126760 1779726080
======================
   8      16 sdb 22634137 368933 2208118714 48760684 42699397 355295995 12038405680 1731132228 132 15127764 1779856992
======================
   8      16 sdb 22634137 368933 2208118714 48760684 42701321 355296033 12039387040 1731269888 149 15128768 1779994468
======================
   8      16 sdb 22634137 368933 2208118714 48760684 42703229 355296033 12040363936 1731412064 129 15129772 1780137216
======================
   8      16 sdb 22634137 368933 2208118714 48760684 42705139 355296033 12041341856 1731554040 139 15130772 1780279460
======================
   8      16 sdb 22634138 368933 2208118722 48760772 42707033 355296033 12042311584 1731690272 137 15131776 1780415052
======================
   8      16 sdb 22634138 368933 2208118722 48760772 42708939 355296065 12043286704 1731827316 145 15132780 1780552116
======================
   8      16 sdb 22634138 368933 2208118722 48760772 42710793 355296065 12044235952 1731966912 147 15133784 1780694716
======================
   8      16 sdb 22634138 368933 2208118722 48760772 42712761 355296065 12045243568 1732112764 131 15134788 1780837604
======================
   8      16 sdb 22634139 368933 2208118730 48760864 42714665 355296065 12046218416 1732247316 133 15135792 1780972900
======================
   8      16 sdb 22634139 368933 2208118730 48760864 42716589 355296065 12047203504 1732390824 129 15136796 1781115676
======================
   8      16 sdb 22634139 368933 2208118730 48760864 42718512 355296115 12048185960 1732527768 148 15137800 1781253072
======================
   8      16 sdb 22634139 368933 2208118730 48760864 42720406 355296115 12049155184 1732670448 143 15138800 1781395152
======================
   8      16 sdb 22634140 368933 2208118738 48760948 42722305 355296115 12050127472 1732806208 152 15139808 1781531416
======================
   8      16 sdb 22634140 368933 2208118738 48760948 42724221 355296115 12051108464 1732948240 157 15140812 1781673436
======================
   8      16 sdb 22634140 368933 2208118738 48760948 42726141 355296115 12052091504 1733090884 156 15141812 1781815488
======================
   8      16 sdb 22634140 368933 2208118738 48760948 42728069 355296165 12053076016 1733228396 157 15142816 1781953096
======================
   8      16 sdb 22634141 368933 2208118746 48761036 42729988 355296165 12054058544 1733364744 150 15143820 1782089620
======================
   8      16 sdb 22634141 368933 2208118746 48761036 42731902 355296165 12055038512 1733508116 156 15144824 1782232688
======================
   8      16 sdb 22634141 368933 2208118746 48761036 42733819 355296181 12056018128 1733650284 131 15145828 1782375316
======================
   8      16 sdb 22634141 368933 2208118746 48761036 42735728 355296181 12056995536 1733793076 138 15146832 1782518188
======================
   8      16 sdb 22634142 368933 2208118754 48761120 42737649 355296213 12057978336 1733923624 144 15147836 1782648924
======================
   8      16 sdb 22634142 368933 2208118754 48761120 42739566 355296213 12058959840 1734066340 147 15148836 1782791144
======================
   8      16 sdb 22634142 368933 2208118754 48761120 42741493 355296213 12059946464 1734209064 140 15149844 1782934328
======================
   8      16 sdb 22634142 368933 2208118754 48761120 42743410 355296213 12060927968 1734351964 143 15150844 1783076836
======================
   8      16 sdb 22634143 368933 2208118762 48761200 42745335 355296230 12061911688 1734487416 145 15151848 1783212328
======================
   8      16 sdb 22634143 368933 2208118762 48761200 42747228 355296262 12062880152 1734625072 151 15152852 1783349912
======================
   8      16 sdb 22634143 368933 2208118762 48761200 42749128 355296262 12063852952 1734767964 139 15153856 1783492868
======================
   8      16 sdb 22634143 368933 2208118762 48761200 42751037 355296262 12064830360 1734910848 150 15154860 1783635692
======================
   8      16 sdb 22634144 368933 2208118770 48761316 42752954 355296262 12065811864 1735043616 145 15155864 1783768396
======================
   8      16 sdb 22634144 368933 2208118770 48761316 42754866 355296262 12066790808 1735185788 153 15156868 1783910996
======================
   8      16 sdb 22634144 368933 2208118770 48761316 42756797 355296310 12067776840 1735323888 151 15157872 1784048936
======================
   8      16 sdb 22634144 368933 2208118770 48761316 42758720 355296310 12068760912 1735466852 149 15158876 1784192060
======================
   8      16 sdb 22634145 368933 2208118778 48761408 42760616 355296310 12069731664 1735602456 139 15159880 1784327784
======================
   8      16 sdb 22634145 368933 2208118778 48761408 42762470 355296310 12070680912 1735740904 141 15160884 1784469824
======================
   8      16 sdb 22634147 368933 2208118794 48761504 42764442 355296310 12071690576 1735886720 154 15161888 1784615404
======================
   8      16 sdb 22634147 368933 2208118794 48761504 42766370 355296340 12072676944 1736027232 149 15162892 1784752572
======================
   8      16 sdb 22634148 368933 2208118802 48761584 42768292 355296340 12073661008 1736163736 142 15163896 1784889236
======================
   8      16 sdb 22634148 368933 2208118802 48761584 42770213 355296340 12074644560 1736306304 141 15164900 1785031944
======================
   8      16 sdb 22634148 368933 2208118802 48761584 42772136 355296340 12075629136 1736448764 138 15165904 1785174304
======================
   8      16 sdb 22634148 368933 2208118802 48761584 42774038 355296340 12076602960 1736591024 156 15166904 1785316192
======================
   8      16 sdb 22634149 368933 2208118810 48761668 42775927 355296365 12077569320 1736720792 146 15167908 1785446224
======================
   8      16 sdb 22634149 368933 2208118810 48761668 42777855 355296365 12078556456 1736863792 149 15168912 1785588936
======================
   8      16 sdb 22634149 368933 2208118810 48761668 42779772 355296365 12079537960 1737006020 152 15169916 1785731424
======================
   8      16 sdb 22634149 368933 2208118810 48761668 42781697 355296365 12080523560 1737148320 147 15170920 1785873852
======================
   8      16 sdb 22634150 368933 2208118818 48761744 42783617 355296365 12081506600 1737284236 145 15171920 1786009880
======================
   8      16 sdb 22634150 368933 2208118818 48761744 42784239 355296464 12081814752 1737329612 0 15172236 1786049808
======================
   8      16 sdb 22634150 368933 2208118818 48761744 42784239 355296464 12081814752 1737329612 0 15172236 1786049808
======================
   8      16 sdb 22634150 368933 2208118818 48761744 42784239 355296464 12081814752 1737329612 0 15172236 1786049808
======================
   8      16 sdb 22634150 368933 2208118818 48761744 42784239 355296464 12081814752 1737329612 0 15172236 1786049808
======================
   8      16 sdb 22634150 368933 2208118818 48761744 42784239 355296464 12081814752 1737329612 0 15172236 1786049808
started
======================
   8      16 sdb 22634150 368933 2208118818 48761744 42784239 355296464 12081814752 1737329612 0 15172236 1786049808
======================
   8      16 sdb 22634249 368933 2208150858 48761808 42784239 355296464 12081814752 1737329612 33 15172268 1786050864
======================
   8      16 sdb 22636250 368933 2209175370 48808996 42784239 355296464 12081814752 1737329612 64 15173268 1786113256
======================
   8      16 sdb 22638228 368933 2210188106 48872408 42784239 355296464 12081814752 1737329612 64 15174272 1786177300
======================
   8      16 sdb 22640188 368933 2211191626 48936456 42784239 355296464 12081814752 1737329612 64 15175276 1786241360
======================
   8      16 sdb 22642141 368933 2212191562 49000160 42784239 355296464 12081814752 1737329612 64 15176276 1786305152
======================
   8      16 sdb 22644087 368933 2213187914 49064804 42784239 355296464 12081814752 1737329612 64 15177280 1786369220
======================
   8      16 sdb 22646051 368933 2214192978 49127964 42784241 355296467 12081814792 1737329612 64 15178284 1786433272
======================
   8      16 sdb 22648030 368933 2215206226 49192916 42784241 355296467 12081814792 1737329612 64 15179284 1786497048
======================
   8      16 sdb 22649997 368933 2216213330 49256604 42784241 355296467 12081814792 1737329612 64 15180288 1786561088
======================
   8      16 sdb 22651975 368933 2217226066 49320336 42784241 355296467 12081814792 1737329612 63 15181292 1786625120
======================
   8      16 sdb 22653953 368933 2218238802 49383844 42784241 355296467 12081814792 1737329612 64 15182292 1786688876
======================
   8      16 sdb 22655900 368933 2219235666 49448656 42784241 355296467 12081814792 1737329612 63 15183296 1786752868
======================
   8      16 sdb 22657839 368933 2220228434 49512388 42784241 355296467 12081814792 1737329612 64 15184296 1786816652
======================
   8      16 sdb 22659813 368933 2221239122 49576276 42784241 355296467 12081814792 1737329612 63 15185300 1786880756
======================
   8      16 sdb 22661790 368933 2222251346 49640052 42784241 355296467 12081814792 1737329612 64 15186304 1786944800
======================
   8      16 sdb 22663779 368933 2223269714 49703652 42784241 355296467 12081814792 1737329612 64 15187308 1787008820
======================
   8      16 sdb 22665760 368933 2224283986 49767564 42784241 355296467 12081814792 1737329612 64 15188312 1787072892
======================
   8      16 sdb 22667751 368933 2225303378 49832260 42784241 355296467 12081814792 1737329612 64 15189316 1787136920
======================
   8      16 sdb 22669691 368933 2226296658 49895312 42784241 355296467 12081814792 1737329612 64 15190316 1787200696
======================
   8      16 sdb 22671634 368933 2227291474 49959748 42784241 355296467 12081814792 1737329612 64 15191320 1787264740
======================
   8      16 sdb 22673614 368933 2228305234 50023424 42784241 355296467 12081814792 1737329612 64 15192324 1787328744
======================
   8      16 sdb 22675596 368933 2229320018 50087296 42784241 355296467 12081814792 1737329612 64 15193324 1787392552
======================
   8      16 sdb 22677570 368933 2230330706 50152052 42784241 355296467 12081814792 1737329612 64 15194328 1787456612
======================
   8      16 sdb 22679550 368933 2231344466 50215820 42784241 355296467 12081814792 1737329612 64 15195332 1787520664
======================
   8      16 sdb 22681530 368933 2232358226 50279548 42784241 355296467 12081814792 1737329612 63 15196332 1787584432
======================
   8      16 sdb 22683477 368933 2233355090 50343844 42784241 355296467 12081814792 1737329612 64 15197336 1787648496
======================
   8      16 sdb 22685426 368933 2234352978 50407032 42784241 355296467 12081814792 1737329612 64 15198336 1787712288
======================
   8      16 sdb 22687410 368933 2235368786 50471040 42784241 355296467 12081814792 1737329612 63 15199340 1787776340
======================
   8      16 sdb 22689377 368933 2236375890 50535676 42784241 355296467 12081814792 1737329612 64 15200344 1787840388
======================
   8      16 sdb 22691362 368933 2237392210 50599484 42784241 355296467 12081814792 1737329612 64 15201344 1787904136
======================
   8      16 sdb 22693335 368933 2238402386 50663120 42784241 355296467 12081814792 1737329612 64 15202348 1787968172
======================
   8      16 sdb 22695320 368933 2239418706 50726944 42784241 355296467 12081814792 1737329612 64 15203352 1788032228
======================
   8      16 sdb 22697269 368933 2240416594 50790800 42784241 355296467 12081814792 1737329612 63 15204352 1788095972
======================
   8      16 sdb 22699223 368933 2241417042 50855108 42784241 355296467 12081814792 1737329612 63 15205356 1788160092
======================
   8      16 sdb 22701194 368933 2242426194 50919160 42784241 355296467 12081814792 1737329612 63 15206356 1788223856
======================
   8      16 sdb 22703172 368933 2243438930 50982984 42784241 355296467 12081814792 1737329612 64 15207360 1788287872
======================
   8      16 sdb 22705158 368933 2244455762 51046924 42784242 355296469 12081814816 1737329612 64 15208364 1788351916
======================
   8      16 sdb 22707137 368933 2245469010 51111152 42784242 355296469 12081814816 1737329612 64 15209364 1788415712
======================
   8      16 sdb 22709105 368933 2246476626 51174888 42784242 355296469 12081814816 1737329612 64 15210368 1788479752
======================
   8      16 sdb 22711047 368933 2247470930 51237732 42784242 355296469 12081814816 1737329612 64 15211372 1788543756
======================
   8      16 sdb 22713008 368933 2248474962 51303032 42784242 355296469 12081814816 1737329612 64 15212372 1788607476
======================
   8      16 sdb 22714987 368933 2249488210 51366704 42784242 355296469 12081814816 1737329612 64 15213376 1788671536
======================
   8      16 sdb 22716972 368933 2250504530 51430464 42784242 355296469 12081814816 1737329612 64 15214376 1788735304
======================
   8      16 sdb 22718953 368933 2251518802 51494220 42784242 355296469 12081814816 1737329612 64 15215380 1788799364
======================
   8      16 sdb 22720933 368933 2252532562 51557932 42784242 355296469 12081814816 1737329612 64 15216380 1788863128
======================
   8      16 sdb 22722890 368933 2253534546 51621772 42784242 355296469 12081814816 1737329612 64 15217384 1788927124
======================
   8      16 sdb 22724849 368933 2254537554 51685604 42784242 355296469 12081814816 1737329612 64 15218384 1788990868
======================
   8      16 sdb 22726792 368933 2255532370 51749620 42784242 355296469 12081814816 1737329612 64 15219388 1789054892
======================
   8      16 sdb 22728787 368933 2256553810 51813980 42784242 355296469 12081814816 1737329612 63 15220392 1789118928
======================
   8      16 sdb 22730755 368933 2257561426 51877584 42784242 355296469 12081814816 1737329612 64 15221392 1789182712
======================
   8      16 sdb 22732731 368933 2258573138 51941360 42784242 355296469 12081814816 1737329612 63 15222396 1789246704
======================
   8      16 sdb 22734710 368933 2259586386 52006176 42784242 355296469 12081814816 1737329612 64 15223396 1789310480
======================
   8      16 sdb 22736686 368933 2260598098 52069896 42784242 355296469 12081814816 1737329612 63 15224400 1789374508
======================
   8      16 sdb 22738650 368933 2261603666 52133616 42784242 355296469 12081814816 1737329612 64 15225400 1789438300
======================
   8      16 sdb 22740597 368933 2262600530 52197840 42784242 355296469 12081814816 1737329612 63 15226404 1789502356
======================
   8      16 sdb 22742543 368933 2263596882 52261408 42784242 355296469 12081814816 1737329612 64 15227404 1789566128
======================
   8      16 sdb 22744522 368933 2264610130 52325100 42784242 355296469 12081814816 1737329612 64 15228408 1789630132
======================
   8      16 sdb 22746503 368933 2265624402 52388776 42784242 355296469 12081814816 1737329612 64 15229408 1789693912
======================
   8      16 sdb 22748472 368933 2266632530 52453512 42784242 355296469 12081814816 1737329612 63 15230412 1789757896
======================
   8      16 sdb 22750449 368933 2267644754 52517316 42784242 355296469 12081814816 1737329612 64 15231416 1789821964
======================
   8      16 sdb 22752422 368933 2268654930 52581056 42784242 355296469 12081814816 1737329612 64 15232416 1789885728
======================
   8      16 sdb 22754089 368933 2269508434 52651524 42784242 355296469 12081814816 1737329612 0 15233280 1789939736
