======================
   8      32 sdc 2920944 31572 394191416 33678712 42809266 919538770 17127687736 1587431204 0 72138576 1623358696
======================
   8      32 sdc 2920944 31572 394191416 33678712 42809266 919538770 17127687736 1587431204 0 72138576 1623358696
======================
   8      32 sdc 2920947 31572 394191440 33678732 42809266 919538770 17127687736 1587431204 0 72138596 1623358716
======================
   8      32 sdc 2920947 31572 394191440 33678732 42809266 919538770 17127687736 1587431204 0 72138596 1623358716
======================
   8      32 sdc 2920948 31572 394191448 33678768 42810471 919538770 17128304696 1587481380 154 72139292 1623444684
======================
   8      32 sdc 2920948 31572 394191448 33678768 42810735 919538770 17128439864 1587621760 146 72140296 1623588848
======================
   8      32 sdc 2920948 31572 394191448 33678768 42810970 919538770 17128560184 1587764284 135 72141304 1623734560
======================
   8      32 sdc 2920948 31572 394191448 33678768 42811105 919538770 17128629304 1587846900 129 72142308 1623866788
======================
   8      32 sdc 2920948 31572 394191448 33678768 42811412 919538793 17128785664 1588069492 143 72143312 1624007136
======================
   8      32 sdc 2920948 31572 394191448 33678768 42811467 919538793 17128813824 1588077040 152 72144316 1624159212
======================
   8      32 sdc 2920948 31572 394191448 33678768 42811467 919538793 17128813824 1588077040 152 72145344 1624315468
======================
   8      32 sdc 2920948 31572 394191448 33678768 42811903 919538793 17129037056 1588516812 132 72146348 1624461124
======================
   8      32 sdc 2920948 31572 394191448 33678768 42812958 919538793 17129577216 1588668464 133 72147352 1624603228
======================
   8      32 sdc 2920948 31572 394191448 33678768 42814342 919538793 17130285824 1588810572 157 72148356 1624745588
======================
   8      32 sdc 2920948 31572 394191448 33678768 42815099 919538793 17130673408 1588944800 136 72149360 1624888888
======================
   8      32 sdc 2920948 31572 394191448 33678768 42815739 919538793 17131001600 1589088700 136 72150372 1625033184
======================
   8      32 sdc 2920948 31572 394191448 33678768 42816407 919538793 17131343104 1589233176 140 72151376 1625176632
======================
   8      32 sdc 2920949 31572 394191456 33678928 42817050 919538793 17131672320 1589367772 146 72152380 1625311748
======================
   8      32 sdc 2920949 31572 394191456 33678928 42817687 919538793 17131998464 1589509988 130 72153384 1625454108
======================
   8      32 sdc 2920949 31572 394191456 33678928 42818329 919538793 17132327168 1589653556 128 72154388 1625597548
======================
   8      32 sdc 2920949 31572 394191456 33678928 42818969 919538793 17132654848 1589796500 128 72155392 1625740960
======================
   8      32 sdc 2920949 31572 394191456 33678928 42819617 919538793 17132986624 1589940548 152 72156396 1625884400
======================
   8      32 sdc 2920949 31572 394191456 33678928 42820263 919538793 17133317376 1590083468 146 72157400 1626027996
======================
   8      32 sdc 2920949 31572 394191456 33678928 42820907 919538793 17133647104 1590228072 142 72158404 1626172248
======================
   8      32 sdc 2920949 31572 394191456 33678928 42821578 919538793 17133990656 1590372312 143 72159408 1626315832
======================
   8      32 sdc 2920949 31572 394191456 33678928 42822235 919538793 17134327040 1590514328 158 72160412 1626459476
======================
   8      32 sdc 2920949 31572 394191456 33678928 42822861 919538793 17134647552 1590658144 140 72161416 1626603316
======================
   8      32 sdc 2920949 31572 394191456 33678928 42823488 919538793 17134968576 1590802588 153 72162420 1626746400
======================
   8      32 sdc 2920949 31572 394191456 33678928 42824165 919538793 17135315200 1590946152 148 72163424 1626889868
======================
   8      32 sdc 2920950 31572 394191464 33678960 42824820 919538793 17135650560 1591080832 150 72164428 1627024872
======================
   8      32 sdc 2920950 31572 394191464 33678960 42825486 919538793 17135991552 1591222604 156 72165428 1627167320
======================
   8      32 sdc 2920950 31572 394191464 33678960 42826112 919538793 17136312064 1591365792 138 72166432 1627310380
======================
   8      32 sdc 2920950 31572 394191464 33678960 42826747 919538793 17136637184 1591510300 143 72167436 1627453740
======================
   8      32 sdc 2920950 31572 394191464 33678960 42827400 919538793 17136971520 1591653360 130 72168440 1627597296
======================
   8      32 sdc 2920950 31572 394191464 33678960 42828042 919538793 17137300224 1591800016 128 72169488 1627750660
======================
   8      32 sdc 2920950 31572 394191464 33678960 42828693 919538793 17137633536 1591942844 149 72170492 1627894024
======================
   8      32 sdc 2920950 31572 394191464 33678960 42829360 919538793 17137975040 1592086820 154 72171496 1628037296
======================
   8      32 sdc 2920950 31572 394191464 33678960 42830008 919538793 17138306816 1592229588 146 72172500 1628180712
======================
   8      32 sdc 2920950 31572 394191464 33678960 42830650 919538793 17138635520 1592372904 144 72173504 1628323944
======================
   8      32 sdc 2920950 31572 394191464 33678960 42831292 919538793 17138964224 1592515104 142 72174508 1628466088
======================
   8      32 sdc 2920950 31572 394191464 33678960 42831935 919538793 17139293440 1592658308 139 72175512 1628609680
======================
   8      32 sdc 2920951 31572 394191472 33679440 42832443 919538844 17139546384 1592747288 154 72176516 1628698344
======================
   8      32 sdc 2920951 31572 394191472 33679440 42833105 919538844 17139885328 1592890300 132 72177520 1628841828
======================
   8      32 sdc 2920951 31572 394191472 33679440 42833747 919538844 17140214032 1593033888 130 72178524 1628985448
======================
   8      32 sdc 2920951 31572 394191472 33679440 42834401 919538844 17140548880 1593178172 148 72179528 1629129172
======================
   8      32 sdc 2920951 31572 394191472 33679440 42835035 919538844 17140873488 1593318944 154 72180532 1629272248
======================
   8      32 sdc 2920951 31572 394191472 33679440 42835663 919538844 17141195024 1593463248 134 72181532 1629414984
======================
   8      32 sdc 2920951 31572 394191472 33679440 42836317 919538844 17141529872 1593607804 152 72182536 1629558316
======================
   8      32 sdc 2920951 31572 394191472 33679440 42836993 919538844 17141875984 1593754504 148 72183540 1629705184
======================
   8      32 sdc 2920951 31572 394191472 33679440 42837670 919538844 17142222608 1593898172 143 72184544 1629848724
======================
   8      32 sdc 2920951 31572 394191472 33679440 42838329 919538844 17142560016 1594039336 156 72185548 1629992168
======================
   8      32 sdc 2920951 31572 394191472 33679440 42838958 919538844 17142882064 1594183996 135 72186552 1630135824
======================
   8      32 sdc 2920951 31572 394191472 33679440 42839601 919538844 17143211280 1594328520 132 72187556 1630279280
======================
   8      32 sdc 2920952 31572 394191480 33679664 42840249 919538844 17143543056 1594456180 155 72188560 1630407304
======================
   8      32 sdc 2920952 31572 394191480 33679664 42840904 919538844 17143878416 1594599080 140 72189564 1630551124
======================
   8      32 sdc 2920952 31572 394191480 33679664 42841542 919538844 17144205072 1594741632 142 72190568 1630694592
======================
   8      32 sdc 2920952 31572 394191480 33679664 42842192 919538844 17144537872 1594884832 132 72191576 1630839144
======================
   8      32 sdc 2920952 31572 394191480 33679664 42842839 919538844 17144869136 1595030304 157 72192580 1630982712
======================
   8      32 sdc 2920952 31572 394191480 33679664 42843481 919538844 17145197840 1595173888 155 72193584 1631126372
======================
   8      32 sdc 2920952 31572 394191480 33679664 42844124 919538844 17145527056 1595316652 152 72194588 1631269028
======================
   8      32 sdc 2920952 31572 394191480 33679664 42844765 919538844 17145855248 1595459100 151 72195592 1631412368
======================
   8      32 sdc 2920952 31572 394191480 33679664 42845430 919538844 17146195728 1595604008 158 72196596 1631555944
======================
   8      32 sdc 2920952 31572 394191480 33679664 42846085 919538844 17146531088 1595747224 143 72197600 1631699792
======================
   8      32 sdc 2920952 31572 394191480 33679664 42846727 919538844 17146859792 1595890728 141 72198604 1631843352
======================
   8      32 sdc 2920952 31572 394191480 33679664 42847392 919538844 17147200272 1596035332 36 72199608 1631978404
======================
   8      32 sdc 2920953 31572 394191488 33679884 42848039 919538844 17147531536 1596161232 142 72200612 1632114148
======================
   8      32 sdc 2920953 31572 394191488 33679884 42848668 919538844 17147853584 1596304220 153 72201612 1632257080
======================
   8      32 sdc 2920953 31572 394191488 33679884 42849319 919538844 17148186896 1596448884 142 72202616 1632400768
======================
   8      32 sdc 2920953 31572 394191488 33679884 42849973 919538844 17148521744 1596592696 128 72203620 1632544376
======================
   8      32 sdc 2920953 31572 394191488 33679884 42850644 919538844 17148865296 1596736324 129 72204624 1632687996
======================
   8      32 sdc 2920953 31572 394191488 33679884 42851265 919538844 17149183248 1596877376 148 72205628 1632832004
======================
   8      32 sdc 2920953 31572 394191488 33679884 42851901 919538844 17149508880 1597024656 152 72206632 1632976732
======================
   8      32 sdc 2920953 31572 394191488 33679884 42852578 919538844 17149855504 1597168668 147 72207636 1633120408
======================
   8      32 sdc 2920953 31572 394191488 33679884 42853240 919538844 17150194448 1597311340 157 72208640 1633263860
======================
   8      32 sdc 2920953 31572 394191488 33679884 42853877 919538844 17150520592 1597453744 128 72209644 1633407160
======================
   8      32 sdc 2920953 31572 394191488 33679884 42854527 919538844 17150853392 1597597252 150 72210648 1633550980
======================
   8      32 sdc 2920954 31572 394191496 33680108 42855169 919538844 17151182096 1597724904 153 72211652 1633676564
======================
   8      32 sdc 2920954 31572 394191496 33680108 42855810 919538844 17151510800 1597866652 152 72212656 1633819780
======================
   8      32 sdc 2920954 31572 394191496 33680108 42856452 919538844 17151838992 1598009460 150 72213660 1633962672
======================
   8      32 sdc 2920954 31572 394191496 33680108 42857094 919538844 17152167696 1598152636 148 72214664 1634105928
======================
   8      32 sdc 2920954 31572 394191496 33680108 42857727 919538844 17152491792 1598295860 155 72215668 1634249584
======================
   8      32 sdc 2920954 31572 394191496 33680108 42858243 919538844 17152755984 1598440016 151 72216672 1634392992
======================
   8      32 sdc 2920954 31572 394191496 33680108 42858882 919538844 17153083152 1598583732 152 72217680 1634536888
======================
   8      32 sdc 2920954 31572 394191496 33680108 42859545 919538844 17153422608 1598730140 129 72218700 1634682376
======================
   8      32 sdc 2920954 31572 394191496 33680108 42860221 919538844 17153768720 1598873268 157 72219704 1634825560
======================
   8      32 sdc 2920954 31572 394191496 33680108 42860858 919538844 17154094864 1599015332 128 72220708 1634968800
======================
   8      32 sdc 2920954 31572 394191496 33680108 42861475 919538844 17154410768 1599156676 151 72221708 1635111732
======================
   8      32 sdc 2920954 31572 394191496 33680108 42862152 919538844 17154757392 1599305072 146 72222712 1635257412
======================
   8      32 sdc 2920955 31572 394191504 33680328 42862806 919538844 17155092240 1599435832 139 72223716 1635382496
======================
   8      32 sdc 2920955 31572 394191504 33680328 42863476 919538844 17155435280 1599573148 141 72224720 1635525916
======================
   8      32 sdc 2920955 31572 394191504 33680328 42864124 919538844 17155767056 1599715248 133 72225724 1635669480
======================
   8      32 sdc 2920955 31572 394191504 33680328 42864748 919538844 17156086544 1599858616 149 72226724 1635812572
======================
   8      32 sdc 2920955 31572 394191504 33680328 42865397 919538844 17156418832 1600008844 140 72227732 1635961540
======================
   8      32 sdc 2920955 31572 394191504 33680328 42866049 919538844 17156752656 1600151968 128 72228736 1636105236
======================
   8      32 sdc 2920955 31572 394191504 33680328 42866692 919538844 17157081872 1600295508 157 72229740 1636248680
======================
   8      32 sdc 2920955 31572 394191504 33680328 42867355 919538844 17157421328 1600439380 134 72230744 1636392084
======================
   8      32 sdc 2920955 31572 394191504 33680328 42868017 919538844 17157760272 1600582312 144 72231748 1636535332
======================
   8      32 sdc 2920955 31572 394191504 33680328 42868659 919538844 17158088976 1600725408 142 72232752 1636678860
======================
   8      32 sdc 2920955 31572 394191504 33680328 42869301 919538844 17158417680 1600868296 140 72233756 1636821732
======================
   8      32 sdc 2920955 31572 394191504 33680328 42869942 919538844 17158745872 1601011380 139 72234760 1636965144
======================
   8      32 sdc 2920956 31572 394191512 33680764 42870430 919538844 17158995728 1601117716 133 72235760 1637060988
======================
   8      32 sdc 2920956 31572 394191512 33680764 42871085 919538844 17159331088 1601243716 150 72236768 1637199820
======================
   8      32 sdc 2920956 31572 394191512 33680764 42871737 919538844 17159664912 1601389408 138 72237772 1637343952
======================
   8      32 sdc 2920956 31572 394191512 33680764 42872378 919538844 17159993104 1601533080 137 72238776 1637487908
======================
   8      32 sdc 2920956 31572 394191512 33680764 42873033 919538844 17160328464 1601677516 154 72239780 1637631548
======================
   8      32 sdc 2920956 31572 394191512 33680764 42873663 919538844 17160651024 1601819844 132 72240780 1637774596
======================
   8      32 sdc 2920956 31572 394191512 33680764 42874287 919538844 17160970512 1601963308 148 72241784 1637918292
======================
   8      32 sdc 2920956 31572 394191512 33680764 42874959 919538844 17161314576 1602108944 148 72242788 1638062796
======================
   8      32 sdc 2920956 31572 394191512 33680764 42875631 919538844 17161658640 1602252084 148 72243792 1638206876
======================
   8      32 sdc 2920956 31572 394191512 33680764 42876311 919538844 17162006800 1602396836 140 72244796 1638350828
======================
   8      32 sdc 2920956 31572 394191512 33680764 42876956 919538844 17162337040 1602535732 135 72245796 1638490520
======================
   8      32 sdc 2920956 31572 394191512 33680764 42877580 919538844 17162656528 1602679524 151 72246800 1638634560
======================
   8      32 sdc 2920957 31572 394191520 33680980 42878219 919538844 17162983696 1602811928 153 72247804 1638765928
======================
   8      32 sdc 2920957 31572 394191520 33680980 42878891 919538844 17163327760 1602954632 153 72248804 1638909072
======================
   8      32 sdc 2920957 31572 394191520 33680980 42879536 919538844 17163658000 1603098856 148 72249808 1639053640
======================
   8      32 sdc 2920957 31572 394191520 33680980 42880179 919538844 17163987216 1603242176 145 72250808 1639196788
======================
   8      32 sdc 2920957 31572 394191520 33680980 42880826 919538844 17164318480 1603385548 138 72251812 1639340308
======================
   8      32 sdc 2920957 31572 394191520 33680980 42881467 919538844 17164646672 1603529096 137 72252816 1639484112
======================
   8      32 sdc 2920957 31572 394191520 33680980 42882104 919538844 17164972816 1603672860 140 72253820 1639627900
======================
   8      32 sdc 2920957 31572 394191520 33680980 42882743 919538844 17165299984 1603817064 141 72254820 1639772288
======================
   8      32 sdc 2920957 31572 394191520 33680980 42883425 919538844 17165649168 1603967444 131 72255860 1639920868
======================
   8      32 sdc 2920957 31572 394191520 33680980 42884089 919538844 17165989136 1604110516 139 72256864 1640064640
======================
   8      32 sdc 2920957 31572 394191520 33680980 42884734 919538844 17166319376 1604253480 134 72257868 1640208340
======================
   8      32 sdc 2920957 31572 394191520 33680980 42885377 919538844 17166648592 1604397456 131 72258872 1640352020
======================
   8      32 sdc 2920957 31572 394191520 33680980 42885721 919538844 17166824720 1604470992 43 72259876 1640438888
======================
   8      32 sdc 2920958 31572 394191528 33682152 42886546 919538844 17167247120 1604574852 135 72260876 1640530196
======================
   8      32 sdc 2920958 31572 394191528 33682152 42887170 919538844 17167566608 1604717548 151 72261880 1640673828
======================
   8      32 sdc 2920958 31572 394191528 33682152 42887804 919538844 17167891216 1604862152 157 72262884 1640817200
======================
   8      32 sdc 2920958 31572 394191528 33682152 42888468 919538844 17168231184 1605005604 133 72263888 1640960772
======================
   8      32 sdc 2920958 31572 394191528 33682152 42889144 919538844 17168577296 1605148944 129 72264888 1641103556
======================
   8      32 sdc 2920958 31572 394191528 33682152 42889795 919538844 17168910608 1605291400 150 72265904 1641247712
======================
   8      32 sdc 2920958 31572 394191528 33682152 42890419 919538844 17169230096 1605434664 134 72266908 1641391032
======================
   8      32 sdc 2920958 31572 394191528 33682152 42891078 919538844 17169567504 1605579640 147 72267912 1641534768
======================
   8      32 sdc 2920958 31572 394191528 33682152 42891750 919538844 17169911568 1605723508 147 72268920 1641679088
======================
   8      32 sdc 2920958 31572 394191528 33682152 42892392 919538844 17170240272 1605866516 145 72269924 1641822524
======================
   8      32 sdc 2920958 31572 394191528 33682152 42893039 919538844 17170571536 1606009172 138 72270928 1641964628
======================
   8      32 sdc 2920959 31572 394191536 33682340 42893682 919538844 17170900752 1606140008 134 72271928 1642095188
======================
   8      32 sdc 2920959 31572 394191536 33682340 42894336 919538844 17171235600 1606282936 152 72272932 1642238864
======================
   8      32 sdc 2920959 31572 394191536 33682340 42894978 919538844 17171564304 1606426448 150 72273936 1642382424
======================
   8      32 sdc 2920959 31572 394191536 33682340 42895620 919538844 17171893008 1606569816 148 72274940 1642525728
======================
   8      32 sdc 2920959 31572 394191536 33682340 42896260 919538844 17172220688 1606713920 148 72275944 1642669704
======================
   8      32 sdc 2920959 31572 394191536 33682340 42896923 919538844 17172560144 1606857828 157 72276944 1642812956
======================
   8      32 sdc 2920959 31572 394191536 33682340 42897556 919538844 17172884240 1606997544 132 72277948 1642955980
======================
   8      32 sdc 2920959 31572 394191536 33682340 42898212 919538844 17173220112 1607143496 148 72278952 1643099284
======================
   8      32 sdc 2920959 31572 394191536 33682340 42898888 919538844 17173566224 1607287316 144 72279956 1643242848
======================
   8      32 sdc 2920959 31572 394191536 33682340 42899530 919538844 17173894928 1607426088 142 72280956 1643385844
======================
   8      32 sdc 2920959 31572 394191536 33682340 42900169 919538844 17174222096 1607573832 143 72281960 1643530096
======================
   8      32 sdc 2920959 31572 394191536 33682340 42900813 919538844 17174551824 1607717552 139 72282964 1643673412
======================
   8      32 sdc 2920960 31572 394191544 33682560 42901461 919538844 17174883600 1607844160 131 72283968 1643799544
======================
   8      32 sdc 2920960 31572 394191544 33682560 42902136 919538844 17175229200 1607987364 128 72284968 1643942412
======================
   8      32 sdc 2920960 31572 394191544 33682560 42902806 919538844 17175572240 1608129672 130 72285972 1644086024
======================
   8      32 sdc 2920960 31572 394191544 33682560 42903430 919538844 17175891728 1608272396 146 72286976 1644229180
======================
   8      32 sdc 2920960 31572 394191544 33682560 42904082 919538844 17176225552 1608416820 134 72287976 1644372012
======================
   8      32 sdc 2920960 31572 394191544 33682560 42904746 919538844 17176565520 1608558972 142 72288980 1644515412
======================
   8      32 sdc 2920960 31572 394191544 33682560 42905387 919538844 17176893712 1608702104 141 72289980 1644658148
======================
   8      32 sdc 2920960 31572 394191544 33682560 42906041 919538844 17177228560 1608845696 130 72290984 1644801048
======================
   8      32 sdc 2920960 31572 394191544 33682560 42906701 919538844 17177566480 1608989596 139 72291988 1644945012
======================
   8      32 sdc 2920960 31572 394191544 33682560 42907348 919538844 17177897744 1609129064 133 72292992 1645085152
======================
   8      32 sdc 2920960 31572 394191544 33682560 42907989 919538844 17178225936 1609272156 132 72293996 1645228500
======================
   8      32 sdc 2920960 31572 394191544 33682560 42908632 919538844 17178555152 1609415812 129 72295000 1645371812
======================
   8      32 sdc 2920961 31572 394191552 33682996 42909120 919538844 17178805008 1609516148 153 72296004 1645472664
======================
   8      32 sdc 2920961 31572 394191552 33682996 42909782 919538844 17179143952 1609659808 131 72297008 1645615928
======================
   8      32 sdc 2920961 31572 394191552 33682996 42910437 919538844 17179479312 1609803004 148 72298008 1645759476
======================
   8      32 sdc 2920961 31572 394191552 33682996 42911079 919538844 17179808016 1609946272 146 72299012 1645902964
======================
   8      32 sdc 2920961 31572 394191552 33682996 42911731 919538844 17180141840 1610090612 134 72300016 1646046480
======================
   8      32 sdc 2920961 31572 394191552 33682996 42912386 919538844 17180477200 1610232480 151 72301016 1646189260
======================
   8      32 sdc 2920961 31572 394191552 33682996 42913011 919538844 17180797200 1610375848 134 72302024 1646333140
======================
   8      32 sdc 2920961 31572 394191552 33682996 42913663 919538844 17181131024 1610520440 154 72303024 1646475900
======================
   8      32 sdc 2920961 31572 394191552 33682996 42914339 919538844 17181477136 1610664968 150 72304028 1646620784
======================
   8      32 sdc 2920961 31572 394191552 33682996 42915009 919538844 17181820176 1610808104 152 72305032 1646763948
======================
   8      32 sdc 2920961 31572 394191552 33682996 42915669 919538844 17182158096 1610950084 132 72306036 1646907304
======================
   8      32 sdc 2920961 31572 394191552 33682996 42916295 919538844 17182478608 1611093748 146 72307040 1647050992
======================
   8      32 sdc 2920962 31572 394191560 33683456 42916764 919538844 17182718736 1611193264 157 72308048 1647150120
======================
   8      32 sdc 2920962 31572 394191560 33683456 42917441 919538844 17183065360 1611336636 152 72309052 1647293016
======================
   8      32 sdc 2920962 31572 394191560 33683456 42918104 919538844 17183404816 1611479048 129 72310052 1647435580
======================
   8      32 sdc 2920962 31572 394191560 33683456 42918744 919538844 17183732496 1611622152 129 72311056 1647579288
======================
   8      32 sdc 2920962 31572 394191560 33683456 42919384 919538844 17184060176 1611772012 129 72312060 1647728532
======================
   8      32 sdc 2920962 31572 394191560 33683456 42920036 919538844 17184394000 1611914708 149 72313064 1647872116
======================
   8      32 sdc 2920962 31572 394191560 33683456 42920680 919538844 17184723728 1612058452 145 72314068 1648015508
======================
   8      32 sdc 2920962 31572 394191560 33683456 42921322 919538844 17185052432 1612201684 143 72315072 1648158792
======================
   8      32 sdc 2920962 31572 394191560 33683456 42921969 919538844 17185383696 1612346344 136 72316084 1648303056
======================
   8      32 sdc 2920962 31572 394191560 33683456 42922633 919538844 17185723664 1612489860 144 72317088 1648446628
======================
   8      32 sdc 2920962 31572 394191560 33683456 42923293 919538844 17186061584 1612632228 156 72318092 1648589332
======================
   8      32 sdc 2920962 31572 394191560 33683456 42923935 919538844 17186390288 1612774916 154 72319092 1648731424
======================
   8      32 sdc 2920963 31572 394191568 33683888 42924426 919538844 17186641680 1612876008 146 72320096 1648833024
======================
   8      32 sdc 2920963 31572 394191568 33683888 42925102 919538844 17186987792 1613019416 142 72321100 1648976216
======================
   8      32 sdc 2920963 31572 394191568 33683888 42925754 919538844 17187321616 1613161324 130 72322100 1649118996
======================
   8      32 sdc 2920963 31572 394191568 33683888 42926378 919538844 17187641104 1613310568 146 72323104 1649268676
======================
   8      32 sdc 2920963 31572 394191568 33683888 42927026 919538844 17187972880 1613455584 138 72324108 1649412484
======================
   8      32 sdc 2920963 31572 394191568 33683888 42927692 919538844 17188313872 1613598476 144 72325112 1649556244
======================
   8      32 sdc 2920963 31572 394191568 33683888 42928361 919538844 17188656400 1613742472 147 72326112 1649699236
======================
   8      32 sdc 2920963 31572 394191568 33683888 42928985 919538844 17188975888 1613885088 131 72327116 1649842772
======================
   8      32 sdc 2920963 31572 394191568 33683888 42929617 919538844 17189299472 1614029384 139 72328120 1649986284
======================
   8      32 sdc 2920963 31572 394191568 33683888 42930293 919538844 17189645584 1614175740 135 72329124 1650132604
======================
   8      32 sdc 2920963 31572 394191568 33683888 42930947 919538844 17189980432 1614317080 153 72330124 1650275764
======================
   8      32 sdc 2920963 31572 394191568 33683888 42931594 919538844 17190311696 1614462036 146 72331128 1650419468
======================
   8      32 sdc 2920963 31572 394191568 33683888 42931792 919538844 17190413072 1614506036 20 72332132 1650465612
======================
   8      32 sdc 2920964 31572 394191576 33685488 42932881 919538844 17190970640 1614564468 129 72333132 1650517900
======================
   8      32 sdc 2920964 31572 394191576 33685488 42933528 919538844 17191301904 1614702424 154 72334136 1650661092
======================
   8      32 sdc 2920964 31572 394191576 33685488 42934167 919538844 17191629072 1614846168 155 72335144 1650804868
======================
   8      32 sdc 2920964 31572 394191576 33685488 42934798 919538844 17191952144 1614990276 132 72336148 1650949100
======================
   8      32 sdc 2920964 31572 394191576 33685488 42935462 919538844 17192292112 1615133536 140 72337152 1651092212
======================
   8      32 sdc 2920964 31572 394191576 33685488 42936121 919538844 17192629520 1615277788 153 72338152 1651236376
======================
   8      32 sdc 2920964 31572 394191576 33685488 42936762 919538844 17192957712 1615421308 152 72339156 1651380284
======================
   8      32 sdc 2920964 31572 394191576 33685488 42937420 919538844 17193294608 1615565268 134 72340160 1651523476
======================
   8      32 sdc 2920964 31572 394191576 33685488 42938092 919538844 17193638672 1615708608 134 72341164 1651666504
======================
   8      32 sdc 2920964 31572 394191576 33685488 42938723 919538844 17193961744 1615850004 143 72342168 1651809604
======================
   8      32 sdc 2920964 31572 394191576 33685488 42939347 919538844 17194281232 1615993364 128 72343172 1651952768
======================
   8      32 sdc 2920965 31572 394191584 33685988 42939993 919538844 17194611984 1616100576 134 72344172 1652059284
======================
   8      32 sdc 2920965 31572 394191584 33685988 42940669 919538844 17194958096 1616244304 130 72345176 1652203092
======================
   8      32 sdc 2920965 31572 394191584 33685988 42941345 919538844 17195304208 1616387724 158 72346180 1652346400
======================
   8      32 sdc 2920965 31572 394191584 33685988 42941885 919538844 17195580688 1616504532 130 72347184 1652487532
======================
   8      32 sdc 2920965 31572 394191584 33685988 42942492 919538844 17195891472 1616671164 131 72348184 1652629716
======================
   8      32 sdc 2920965 31572 394191584 33685988 42943167 919538844 17196237072 1616814196 128 72349188 1652772912
======================
   8      32 sdc 2920965 31572 394191584 33685988 42943824 919538844 17196573456 1616956268 143 72350188 1652915672
======================
   8      32 sdc 2920965 31572 394191584 33685988 42944466 919538844 17196902160 1617100832 141 72351192 1653061440
======================
   8      32 sdc 2920965 31572 394191584 33685988 42945125 919538844 17197239568 1617244884 154 72352196 1653204920
======================
   8      32 sdc 2920965 31572 394191584 33685988 42945789 919538844 17197579536 1617388392 130 72353200 1653348412
======================
   8      32 sdc 2920965 31572 394191584 33685988 42946431 919538844 17197908240 1617531268 128 72354204 1653491956
======================
   8      32 sdc 2920965 31572 394191584 33685988 42947057 919538844 17198228752 1617672952 115 72355204 1653632720
======================
   8      32 sdc 2920966 31572 394191592 33686272 42947677 919538844 17198546192 1617796212 153 72356208 1653757104
======================
   8      32 sdc 2920966 31572 394191592 33686272 42948326 919538844 17198878480 1617940012 144 72357212 1653900696
======================
   8      32 sdc 2920966 31572 394191592 33686272 42948990 919538844 17199218448 1618083764 152 72358212 1654043816
======================
   8      32 sdc 2920966 31572 394191592 33686272 42949625 919538844 17199543568 1618224384 157 72359216 1654187520
======================
   8      32 sdc 2920966 31572 394191592 33686272 42950284 919538844 17199880976 1618371144 138 72360216 1654331092
======================
   8      32 sdc 2920966 31572 394191592 33686272 42950958 919538844 17200226064 1618514028 136 72361220 1654474440
======================
   8      32 sdc 2920966 31572 394191592 33686272 42951592 919538844 17200550672 1618661468 143 72362224 1654623208
======================
   8      32 sdc 2920966 31572 394191592 33686272 42952216 919538844 17200870160 1618805336 159 72363228 1654766872
======================
   8      32 sdc 2920966 31572 394191592 33686272 42952890 919538844 17201215248 1618950020 157 72364228 1654909764
======================
   8      32 sdc 2920966 31572 394191592 33686272 42953566 919538844 17201561360 1619093572 153 72365232 1655053612
======================
   8      32 sdc 2920966 31572 394191592 33686272 42954237 919538844 17201904912 1619236068 154 72366236 1655197404
======================
   8      32 sdc 2920967 31572 394191600 33686508 42954858 919538844 17202222864 1619374248 140 72367236 1655324068
======================
   8      32 sdc 2920967 31572 394191600 33686508 42955482 919538844 17202542352 1619506864 156 72368240 1655468476
======================
   8      32 sdc 2920967 31572 394191600 33686508 42956143 919538844 17202880784 1619651756 135 72369244 1655612356
======================
   8      32 sdc 2920967 31572 394191600 33686508 42956813 919538844 17203223824 1619795272 137 72370244 1655755568
======================
   8      32 sdc 2920967 31572 394191600 33686508 42957431 919538844 17203540240 1619936792 159 72371248 1655899388
======================
   8      32 sdc 2920967 31572 394191600 33686508 42958103 919538844 17203884304 1620082332 159 72372252 1656042680
======================
   8      32 sdc 2920967 31572 394191600 33686508 42958763 919538844 17204222224 1620225732 139 72373256 1656186996
======================
   8      32 sdc 2920967 31572 394191600 33686508 42959404 919538844 17204550416 1620369296 138 72374260 1656330788
======================
   8      32 sdc 2920967 31572 394191600 33686508 42960046 919538844 17204879120 1620512792 136 72375264 1656474176
======================
   8      32 sdc 2920967 31572 394191600 33686508 42960681 919538844 17205204240 1620654156 141 72376264 1656616584
======================
   8      32 sdc 2920967 31572 394191600 33686508 42961338 919538844 17205540624 1620799684 156 72377268 1656760072
======================
   8      32 sdc 2920967 31572 394191600 33686508 42961995 919538844 17205877008 1620943708 139 72378272 1656904792
======================
   8      32 sdc 2920968 31572 394191608 33686732 42962620 919538844 17206197008 1621071004 155 72379272 1657030660
======================
   8      32 sdc 2920968 31572 394191608 33686732 42963262 919538844 17206525712 1621213048 153 72380276 1657174236
======================
   8      32 sdc 2920968 31572 394191608 33686732 42963932 919538844 17206868752 1621355964 155 72381280 1657317796
======================
   8      32 sdc 2920968 31572 394191608 33686732 42964597 919538844 17207209232 1621499108 130 72382280 1657460632
======================
   8      32 sdc 2920968 31572 394191608 33686732 42965219 919538844 17207527696 1621643856 148 72383284 1657604568
======================
   8      32 sdc 2920968 31572 394191608 33686732 42965895 919538844 17207873808 1621786320 144 72384288 1657747060
======================
   8      32 sdc 2920968 31572 394191608 33686732 42966565 919538844 17208216848 1621929024 146 72385292 1657890588
======================
   8      32 sdc 2920968 31572 394191608 33686732 42967237 919538844 17208560912 1622072256 146 72386296 1658034124
======================
   8      32 sdc 2920968 31572 394191608 33686732 42967870 919538844 17208885008 1622215276 153 72387296 1658177016
======================
   8      32 sdc 2920968 31572 394191608 33686732 42968495 919538844 17209205008 1622358900 136 72388300 1658320600
======================
   8      32 sdc 2920968 31572 394191608 33686732 42969172 919538844 17209551632 1622503732 131 72389304 1658464244
======================
   8      32 sdc 2920968 31572 394191608 33686732 42969843 919538844 17209895184 1622647556 132 72390316 1658608824
======================
   8      32 sdc 2920969 31572 394191616 33686960 42970450 919538844 17210205968 1622772004 132 72391320 1658735248
======================
   8      32 sdc 2920969 31572 394191616 33686960 42971105 919538844 17210541328 1622916256 149 72392324 1658879124
======================
   8      32 sdc 2920969 31572 394191616 33686960 42971776 919538844 17210884880 1623061216 150 72393328 1659022668
======================
   8      32 sdc 2920969 31572 394191616 33686960 42972424 919538844 17211216656 1623204188 142 72394328 1659165732
======================
   8      32 sdc 2920969 31572 394191616 33686960 42973049 919538844 17211536656 1623348836 157 72395332 1659310256
======================
   8      32 sdc 2920969 31572 394191616 33686960 42973683 919538844 17211861264 1623490748 131 72396336 1659453880
======================
   8      32 sdc 2920969 31572 394191616 33686960 42974352 919538844 17212203792 1623636124 134 72397336 1659596956
======================
   8      32 sdc 2920969 31572 394191616 33686960 42975014 919538844 17212542736 1623779116 144 72398340 1659740668
======================
   8      32 sdc 2920969 31572 394191616 33686960 42975655 919538844 17212870928 1623922060 143 72399344 1659883836
======================
   8      32 sdc 2920969 31572 394191616 33686960 42976299 919538844 17213200656 1624065672 139 72400348 1660026660
======================
   8      32 sdc 2920969 31572 394191616 33686960 42976968 919538844 17213543184 1624207524 142 72401352 1660170152
======================
   8      32 sdc 2920969 31572 394191616 33686960 42977616 919538844 17213874960 1624351188 134 72402352 1660312992
======================
   8      32 sdc 2920970 31572 394191624 33687384 42978100 919538844 17214122768 1624454572 130 72403356 1660416800
======================
   8      32 sdc 2920970 31572 394191624 33687384 42978754 919538844 17214457616 1624598948 148 72404360 1660560396
======================
   8      32 sdc 2920970 31572 394191624 33687384 42979434 919538844 17214805776 1624743208 140 72405368 1660704560
======================
   8      32 sdc 2920970 31572 394191624 33687384 42980104 919538844 17215148816 1624886296 142 72406372 1660847716
======================
   8      32 sdc 2920970 31572 394191624 33687384 42980720 919538844 17215464208 1625028916 134 72407376 1660991596
======================
   8      32 sdc 2920970 31572 394191624 33687384 42981357 919538844 17215790352 1625173652 137 72408376 1661134624
======================
   8      32 sdc 2920970 31572 394191624 33687384 42982029 919538844 17216134416 1625313992 140 72409380 1661275900
======================
   8      32 sdc 2920970 31572 394191624 33687384 42982682 919538844 17216468752 1625457168 137 72410384 1661419152
======================
   8      32 sdc 2920970 31572 394191624 33687384 42983314 919538844 17216792336 1625598764 135 72411384 1661562072
======================
   8      32 sdc 2920970 31572 394191624 33687384 42983985 919538844 17217135888 1625744300 136 72412388 1661705448
======================
   8      32 sdc 2920970 31572 394191624 33687384 42984636 919538844 17217469200 1625885396 157 72413392 1661847632
======================
   8      32 sdc 2920970 31572 394191624 33687384 42985277 919538844 17217797392 1626028664 156 72414396 1661991200
======================
   8      32 sdc 2920971 31572 394191632 33687748 42985761 919538844 17218045200 1626135220 136 72415396 1662097952
======================
   8      32 sdc 2920971 31572 394191632 33687748 42986396 919538844 17218370320 1626277000 141 72416400 1662241300
======================
   8      32 sdc 2920971 31572 394191632 33687748 42987055 919538844 17218707728 1626422388 154 72417404 1662384896
======================
   8      32 sdc 2920971 31572 394191632 33687748 42987720 919538844 17219048208 1626566048 129 72418408 1662528488
======================
   8      32 sdc 2920971 31572 394191632 33687748 42988356 919538844 17219373840 1626702488 133 72419412 1662665708
======================
   8      32 sdc 2920971 31572 394191632 33687748 42989017 919538844 17219712272 1626846440 144 72420412 1662808724
======================
   8      32 sdc 2920971 31572 394191632 33687748 42989682 919538844 17220052752 1626988760 151 72421416 1662952308
======================
   8      32 sdc 2920971 31572 394191632 33687748 42990311 919538844 17220374800 1627132428 130 72422420 1663095880
======================
   8      32 sdc 2920971 31572 394191632 33687748 42990944 919538844 17220698896 1627277104 137 72423424 1663239400
======================
   8      32 sdc 2920971 31572 394191632 33687748 42991619 919538844 17221044496 1627420140 134 72424424 1663382100
======================
   8      32 sdc 2920971 31572 394191632 33687748 42992295 919538844 17221390608 1627563620 130 72425428 1663525524
======================
   8      32 sdc 2920971 31572 394191632 33687748 42992965 919538844 17221733648 1627704512 132 72426432 1663667720
======================
   8      32 sdc 2920972 31572 394191640 33688036 42993578 919538844 17222047504 1627835236 134 72427436 1663799000
======================
   8      32 sdc 2920972 31572 394191640 33688036 42994201 919538844 17222366480 1627978168 151 72428436 1663941768
======================
   8      32 sdc 2920972 31572 394191640 33688036 42994874 919538844 17222711056 1628122992 150 72429440 1664085344
======================
   8      32 sdc 2920972 31572 394191640 33688036 42995542 919538844 17223053072 1628265348 154 72430444 1664228388
======================
   8      32 sdc 2920972 31572 394191640 33688036 42996023 919538844 17223299344 1628408188 153 72431448 1664372824
======================
   8      32 sdc 2920972 31572 394191640 33688036 42996693 919538844 17223642384 1628554292 155 72432448 1664516476
======================
   8      32 sdc 2920972 31572 394191640 33688036 42997352 919538844 17223979792 1628697180 136 72433452 1664660272
======================
   8      32 sdc 2920972 31572 394191640 33688036 42997994 919538844 17224308496 1628840840 134 72434456 1664804048
======================
   8      32 sdc 2920972 31572 394191640 33688036 42998640 919538844 17224639248 1628985688 128 72435468 1664948704
======================
   8      32 sdc 2920972 31572 394191640 33688036 42999288 919538844 17224971024 1629130032 152 72436480 1665093368
======================
   8      32 sdc 2920972 31572 394191640 33688036 42999946 919538844 17225307920 1629274348 134 72437484 1665236756
======================
   8      32 sdc 2920972 31572 394191640 33688036 43000610 919538844 17225647888 1629419132 142 72438488 1665381804
======================
   8      32 sdc 2920973 31572 394191648 33688280 43001228 919538844 17225964304 1629545400 136 72439492 1665509040
======================
   8      32 sdc 2920973 31572 394191648 33688280 43001863 919538844 17226289424 1629687336 141 72440496 1665652588
======================
   8      32 sdc 2920973 31572 394191648 33688280 43002542 919538844 17226637072 1629833064 134 72441500 1665796080
======================
   8      32 sdc 2920973 31572 394191648 33688280 43003202 919538844 17226974992 1629975580 146 72442504 1665939384
======================
   8      32 sdc 2920973 31572 394191648 33688280 43003825 919538844 17227293968 1630121600 131 72443508 1666084352
======================
   8      32 sdc 2920973 31572 394191648 33688280 43004501 919538844 17227640080 1630265836 142 72444508 1666227972
======================
   8      32 sdc 2920973 31572 394191648 33688280 43005168 919538844 17227981584 1630407328 132 72445512 1666371580
======================
   8      32 sdc 2920973 31572 394191648 33688280 43005853 919538844 17228332304 1630552532 151 72446516 1666515224
======================
   8      32 sdc 2920973 31572 394191648 33688280 43006481 919538844 17228653840 1630694872 131 72447520 1666658716
======================
   8      32 sdc 2920973 31572 394191648 33688280 43007103 919538844 17228972304 1630838172 149 72448524 1666802064
======================
   8      32 sdc 2920973 31572 394191648 33688280 43007774 919538844 17229315856 1630981244 150 72449528 1666944768
======================
   8      32 sdc 2920973 31572 394191648 33688280 43008430 919538844 17229651728 1631123004 118 72450532 1667087504
======================
   8      32 sdc 2920974 31572 394191656 33688508 43009059 919538844 17229973776 1631251804 145 72451536 1667215808
======================
   8      32 sdc 2920974 31572 394191656 33688508 43009706 919538844 17230305552 1631395388 138 72452536 1667358600
======================
   8      32 sdc 2920974 31572 394191656 33688508 43010366 919538844 17230642960 1631539996 150 72453540 1667503632
======================
   8      32 sdc 2920974 31572 394191656 33688508 43010991 919538844 17230962960 1631681032 133 72454544 1667647376
======================
   8      32 sdc 2920974 31572 394191656 33688508 43011625 919538844 17231287568 1631825068 139 72455544 1667790200
======================
   8      32 sdc 2920974 31572 394191656 33688508 43012283 919538844 17231624464 1631970996 153 72456548 1667933900
======================
   8      32 sdc 2920974 31572 394191656 33688508 43012947 919538844 17231964432 1632114496 129 72457552 1668077552
======================
   8      32 sdc 2920974 31572 394191656 33688508 43013597 919538844 17232297232 1632256064 151 72458556 1668220072
======================
   8      32 sdc 2920974 31572 394191656 33688508 43014239 919538844 17232625936 1632399600 149 72459560 1668363668
======================
   8      32 sdc 2920974 31572 394191656 33688508 43014901 919538844 17232964880 1632542360 159 72460560 1668506724
======================
   8      32 sdc 2920974 31572 394191656 33688508 43015578 919538844 17233312016 1632686328 154 72461564 1668650268
======================
   8      32 sdc 2920974 31572 394191656 33688508 43016201 919538844 17233630480 1632829248 27 72462568 1668782612
======================
   8      32 sdc 2920975 31572 394191664 33688744 43016826 919538844 17233950480 1632958792 155 72463584 1668921904
======================
   8      32 sdc 2920975 31572 394191664 33688744 43017499 919538844 17234295056 1633099940 154 72464588 1669062604
======================
   8      32 sdc 2920975 31572 394191664 33688744 43018171 919538844 17234639120 1633244304 154 72465600 1669207696
======================
   8      32 sdc 2920975 31572 394191664 33688744 43018822 919538844 17234972432 1633387268 143 72466608 1669351856
======================
   8      32 sdc 2920975 31572 394191664 33688744 43019449 919538844 17235293456 1633531332 156 72467616 1669495708
======================
   8      32 sdc 2920975 31572 394191664 33688744 43020116 919538844 17235634960 1633676324 129 72468620 1669639296
======================
   8      32 sdc 2920975 31572 394191664 33688744 43020788 919538844 17235979024 1633819028 129 72469624 1669782748
======================
   8      32 sdc 2920975 31572 394191664 33688744 43021429 919538844 17236307216 1633960624 128 72470624 1669923880
======================
   8      32 sdc 2920975 31572 394191664 33688744 43022078 919538844 17236639504 1634104220 151 72471628 1670067576
======================
   8      32 sdc 2920975 31572 394191664 33688744 43022741 919538844 17236978960 1634248584 128 72472636 1670211512
======================
   8      32 sdc 2920975 31572 394191664 33688744 43023393 919538844 17237312784 1634391300 148 72473640 1670355272
======================
   8      32 sdc 2920976 31572 394191672 33688972 43024014 919538844 17237630736 1634518216 138 72474644 1670481888
======================
   8      32 sdc 2920976 31572 394191672 33688972 43024657 919538844 17237959952 1634661068 135 72475652 1670625540
======================
   8      32 sdc 2920976 31572 394191672 33688972 43025299 919538844 17238288656 1634801360 133 72476652 1670765296
======================
   8      32 sdc 2920976 31572 394191672 33688972 43025961 919538844 17238627600 1634945232 143 72477656 1670908876
======================
   8      32 sdc 2920976 31572 394191672 33688972 43026467 919538844 17238886672 1635090268 149 72478660 1671054696
======================
   8      32 sdc 2920976 31572 394191672 33688972 43027103 919538844 17239212304 1635233500 153 72479660 1671197420
======================
   8      32 sdc 2920976 31572 394191672 33688972 43027775 919538844 17239556368 1635377444 153 72480664 1671340780
======================
   8      32 sdc 2920976 31572 394191672 33688972 43028441 919538844 17239897360 1635519548 138 72481668 1671483968
======================
   8      32 sdc 2920976 31572 394191672 33688972 43029064 919538844 17240216336 1635662324 144 72482668 1671626804
======================
   8      32 sdc 2920976 31572 394191672 33688972 43029707 919538844 17240545552 1635806640 141 72483676 1671770252
======================
   8      32 sdc 2920976 31572 394191672 33688972 43030391 919538844 17240895760 1635952692 129 72484692 1671916092
======================
   8      32 sdc 2920976 31572 394191672 33688972 43031064 919538844 17241240336 1636096660 128 72485696 1672059544
======================
   8      32 sdc 2920977 31572 394191680 33689200 43031714 919538844 17241573136 1636222992 154 72486704 1672186648
======================
   8      32 sdc 2920977 31572 394191680 33689200 43032341 919538844 17241894160 1636365352 135 72487708 1672330000
======================
   8      32 sdc 2920977 31572 394191680 33689200 43032971 919538844 17242216720 1636509704 145 72488712 1672473588
======================
   8      32 sdc 2920977 31572 394191680 33689200 43033647 919538844 17242562832 1636653248 141 72489716 1672616900
======================
   8      32 sdc 2920977 31572 394191680 33689200 43034165 919538844 17242828048 1636791920 221 72490720 1672824032
======================
   8      32 sdc 2920977 31572 394191680 33689200 43034810 919538844 17243158288 1636962800 216 72491720 1673032512
======================
   8      32 sdc 2920977 31572 394191680 33689200 43035474 919538844 17243498256 1637122384 192 72492728 1673232500
======================
   8      32 sdc 2920977 31572 394191680 33689200 43036129 919538844 17243833616 1637291664 177 72493732 1673423844
======================
   8      32 sdc 2920977 31572 394191680 33689200 43036772 919538844 17244162832 1637462780 173 72494772 1673608916
======================
   8      32 sdc 2920977 31572 394191680 33689200 43037421 919538844 17244495120 1637650992 164 72495788 1673787468
======================
   8      32 sdc 2920977 31572 394191680 33689200 43038063 919538844 17244823824 1637863620 162 72496792 1673954592
======================
   8      32 sdc 2920977 31572 394191680 33689200 43038726 919538844 17245163280 1638059040 139 72497796 1674112344
======================
   8      32 sdc 2920978 31572 394191688 33689460 43039372 919538844 17245494032 1638274252 135 72498800 1674241076
======================
   8      32 sdc 2920978 31572 394191688 33689460 43040008 919538844 17245819664 1638416228 131 72499804 1674384992
======================
   8      32 sdc 2920978 31572 394191688 33689460 43040655 919538844 17246150928 1638560828 156 72500808 1674528768
======================
   8      32 sdc 2920978 31572 394191688 33689460 43041330 919538844 17246496528 1638704004 153 72501808 1674671784
======================
   8      32 sdc 2920978 31572 394191688 33689460 43041827 919538844 17246750992 1638848956 136 72502812 1674817996
======================
   8      32 sdc 2920978 31572 394191688 33689460 43042467 919538844 17247078672 1638993612 136 72503816 1674961464
======================
   8      32 sdc 2920978 31572 394191688 33689460 43043143 919538844 17247424784 1639137124 132 72504820 1675105024
======================
   8      32 sdc 2920978 31572 394191688 33689460 43043818 919538844 17247770384 1639280404 129 72505824 1675248392
======================
   8      32 sdc 2920978 31572 394191688 33689460 43044494 919538844 17248116496 1639423916 157 72506828 1675392136
======================
   8      32 sdc 2920978 31572 394191688 33689460 43045120 919538844 17248437008 1639566464 139 72507828 1675535532
======================
   8      32 sdc 2920978 31572 394191688 33689460 43045750 919538844 17248759568 1639710968 149 72508832 1675679068
======================
   8      32 sdc 2920978 31572 394191688 33689460 43046425 919538844 17249105168 1639854564 146 72509836 1675822796
======================
   8      32 sdc 2920979 31572 394191696 33689724 43047068 919539275 17249433880 1639975928 147 72510840 1675944084
======================
   8      32 sdc 2920979 31572 394191696 33689724 43047710 919539275 17249762504 1640118456 145 72511844 1676087684
======================
   8      32 sdc 2920979 31572 394191696 33689724 43048365 919539275 17250097864 1640262664 130 72512848 1676231040
======================
   8      32 sdc 2920979 31572 394191696 33689724 43049024 919539275 17250435272 1640405212 143 72513852 1676374552
======================
   8      32 sdc 2920979 31572 394191696 33689724 43049654 919539275 17250757832 1640548924 153 72514856 1676518264
======================
   8      32 sdc 2920979 31572 394191696 33689724 43050280 919539275 17251078344 1640690596 135 72515856 1676661208
======================
   8      32 sdc 2920979 31572 394191696 33689724 43050921 919539275 17251406536 1640835536 134 72516860 1676804664
======================
   8      32 sdc 2920979 31572 394191696 33689724 43051585 919539275 17251746504 1640979496 142 72517864 1676948180
======================
   8      32 sdc 2920979 31572 394191696 33689724 43052229 919539275 17252076232 1641122540 138 72518868 1677091856
======================
   8      32 sdc 2920979 31572 394191696 33689724 43052871 919539275 17252404936 1641266112 136 72519872 1677235344
======================
   8      32 sdc 2920979 31572 394191696 33689724 43053542 919539275 17252748488 1641410184 137 72520872 1677378340
======================
   8      32 sdc 2920979 31572 394191696 33689724 43054204 919539275 17253087432 1641553592 147 72521876 1677523084
======================
   8      32 sdc 2920980 31572 394191704 33690020 43054810 919539295 17253396352 1641668116 152 72522880 1677638108
======================
   8      32 sdc 2920980 31572 394191704 33690020 43055099 919539751 17253525272 1641734600 0 72523428 1677687904
======================
   8      32 sdc 2920980 31572 394191704 33690020 43055099 919539751 17253525272 1641734600 0 72523428 1677687904
======================
   8      32 sdc 2920980 31572 394191704 33690020 43055099 919539751 17253525272 1641734600 0 72523428 1677687904
======================
   8      32 sdc 2920980 31572 394191704 33690020 43055099 919539751 17253525272 1641734600 0 72523428 1677687904
======================
   8      32 sdc 2920980 31572 394191704 33690020 43055099 919539751 17253525272 1641734600 0 72523428 1677687904
======================
   8      32 sdc 2921218 31572 394193602 33692516 43055115 919539751 17253525336 1641734604 0 72523468 1677690404
started
======================
   8      32 sdc 2921221 31572 394193626 33692516 43055116 919539751 17253525336 1641734604 0 72523468 1677690404
======================
   8      32 sdc 2921226 31572 394193666 33692516 43055116 919539751 17253525336 1641734604 0 72523468 1677690404
======================
   8      32 sdc 2921226 31572 394193666 33692516 43055116 919539751 17253525336 1641734604 0 72523468 1677690404
======================
   8      32 sdc 2921226 31572 394193666 33692516 43055116 919539751 17253525336 1641734604 0 72523468 1677690404
======================
   8      32 sdc 2921226 31572 394193666 33692516 43055116 919539751 17253525336 1641734604 0 72523468 1677690404
======================
   8      32 sdc 2921226 31572 394193666 33692516 43055116 919539751 17253525336 1641734604 0 72523468 1677690404
======================
   8      32 sdc 2921226 31572 394193666 33692516 43055119 919539753 17253525376 1641734604 0 72523468 1677690404
======================
   8      32 sdc 2921226 31572 394193666 33692516 43055119 919539753 17253525376 1641734604 0 72523468 1677690404
======================
   8      32 sdc 2921226 31572 394193666 33692516 43055119 919539753 17253525376 1641734604 0 72523468 1677690404
======================
   8      32 sdc 2921226 31572 394193666 33692516 43057557 919539753 17254180744 1641737812 0 72523576 1677693596
======================
   8      32 sdc 2921226 31572 394193666 33692516 43060040 919539753 17254857864 1641755712 155 72524032 1677737844
======================
   8      32 sdc 2921226 31572 394193666 33692516 43060231 919539754 17254910088 1641857068 157 72525036 1677882028
======================
   8      32 sdc 2921226 31572 394193666 33692516 43060437 919539754 17254965408 1642035768 144 72526040 1678022732
======================
   8      32 sdc 2921226 31572 394193666 33692516 43060709 919539754 17255040160 1642177892 128 72527044 1678168328
======================
   8      32 sdc 2921226 31572 394193666 33692516 43061010 919539754 17255121568 1642319100 147 72528048 1678312484
======================
   8      32 sdc 2921226 31572 394193666 33692516 43061259 919539754 17255191968 1642468228 154 72529052 1678461784
======================
   8      32 sdc 2921226 31572 394193666 33692516 43061449 919539755 17255242424 1642619348 158 72530056 1678605560
======================
   8      32 sdc 2921226 31572 394193666 33692516 43061644 919539755 17255297464 1642732332 155 72531060 1678748704
======================
   8      32 sdc 2921226 31572 394193666 33692516 43061937 919539755 17255380408 1642901020 150 72532064 1678893232
======================
   8      32 sdc 2921226 31572 394193666 33692516 43062225 919539755 17255462328 1643051460 150 72533068 1679037460
======================
   8      32 sdc 2921226 31572 394193666 33692516 43062494 919539755 17255538360 1643193440 137 72534072 1679179100
======================
   8      32 sdc 2921226 31572 394193666 33692516 43062794 919539756 17255623376 1643338324 159 72535076 1679321736
======================
   8      32 sdc 2921226 31572 394193666 33692516 43063073 919539756 17255704272 1643469160 136 72536076 1679464108
======================
   8      32 sdc 2921226 31572 394193666 33692516 43063352 919539756 17255782608 1643613076 145 72537080 1679608228
======================
   8      32 sdc 2921226 31572 394193666 33692516 43063586 919539756 17255849424 1643753024 135 72538084 1679752244
======================
   8      32 sdc 2921226 31572 394193666 33692516 43063803 919539756 17255913168 1643879308 142 72539088 1679896020
======================
   8      32 sdc 2921226 31572 394193666 33692516 43064089 919539757 17255991528 1644044752 146 72540088 1680041128
======================
   8      32 sdc 2921226 31572 394193666 33692516 43064347 919539757 17256063720 1644177056 144 72541092 1680183584
======================
   8      32 sdc 2921226 31572 394193666 33692516 43064582 919539757 17256132072 1644312508 133 72542096 1680324276
======================
   8      32 sdc 2921226 31572 394193666 33692516 43064843 919539757 17256206568 1644471812 128 72543100 1680467748
======================
   8      32 sdc 2921226 31572 394193666 33692516 43065098 919539757 17256280040 1644618020 129 72544104 1680611568
======================
   8      32 sdc 2921226 31572 394193666 33692516 43065299 919539758 17256336640 1644756132 154 72545104 1680755476
======================
   8      32 sdc 2921226 31572 394193666 33692516 43065541 919539758 17256406272 1644893796 136 72546108 1680898616
======================
   8      32 sdc 2921226 31572 394193666 33692516 43065781 919539759 17256476672 1645044612 152 72547112 1681041960
======================
   8      32 sdc 2921226 31572 394193666 33692516 43066025 919539759 17256547328 1645187504 132 72548120 1681186912
======================
   8      32 sdc 2921226 31572 394193666 33692516 43066262 919539759 17256615168 1645330264 151 72549124 1681331456
======================
   8      32 sdc 2921226 31572 394193666 33692516 43066522 919539760 17256686360 1645484852 149 72550264 1681497268
======================
   8      32 sdc 2921226 31572 394193666 33692516 43066779 919539760 17256759832 1645616948 148 72551264 1681641244
======================
   8      32 sdc 2921226 31572 394193666 33692516 43067011 919539760 17256827416 1645768516 140 72552268 1681782204
======================
   8      32 sdc 2921226 31572 394193666 33692516 43067265 919539760 17256901144 1645904972 142 72553272 1681926164
======================
   8      32 sdc 2921226 31572 394193666 33692516 43067460 919539760 17256957464 1646033140 139 72554272 1682070124
======================
   8      32 sdc 2921226 31572 394193666 33692516 43067734 919539762 17257036080 1646197004 155 72555276 1682214764
======================
   8      32 sdc 2921226 31572 394193666 33692516 43067976 919539763 17257106480 1646337864 137 72556280 1682359172
======================
   8      32 sdc 2921226 31572 394193666 33692516 43068116 919539763 17257145136 1646443624 157 72557284 1682497400
======================
   8      32 sdc 2921226 31572 394193666 33692516 43068403 919539763 17257227568 1646620736 158 72558412 1682662888
======================
   8      32 sdc 2921226 31572 394193666 33692516 43068670 919539763 17257303088 1646774488 147 72559424 1682807896
======================
   8      32 sdc 2921226 31572 394193666 33692516 43068894 919539764 17257365576 1646896468 149 72560428 1682951440
======================
   8      32 sdc 2921226 31572 394193666 33692516 43069002 919539764 17257399112 1647001544 137 72561432 1683095780
======================
   8      32 sdc 2921226 31572 394193666 33692516 43069132 919539764 17257435976 1647177128 135 72562436 1683238512
======================
   8      32 sdc 2921226 31572 394193666 33692516 43069337 919539764 17257495880 1647336504 154 72563440 1683380172
======================
   8      32 sdc 2921226 31572 394193666 33692516 43069616 919539764 17257574216 1647489328 131 72564440 1683525048
======================
   8      32 sdc 2921226 31572 394193666 33692516 43069760 919539765 17257615456 1647597640 149 72565444 1683668184
======================
   8      32 sdc 2921226 31572 394193666 33692516 43070054 919539765 17257699936 1647776264 143 72566448 1683811652
======================
   8      32 sdc 2921226 31572 394193666 33692516 43070323 919539766 17257778784 1647919104 130 72567452 1683950032
======================
   8      32 sdc 2921226 31572 394193666 33692516 43070605 919539766 17257859424 1648053492 136 72568468 1684095744
======================
   8      32 sdc 2921226 31572 394193666 33692516 43070794 919539766 17257913952 1648184024 139 72569472 1684237212
======================
   8      32 sdc 2921226 31572 394193666 33692516 43071052 919539768 17257987960 1648349388 139 72570472 1684380116
======================
   8      32 sdc 2921226 31572 394193666 33692516 43071299 919539768 17258059384 1648490680 148 72571476 1684524480
======================
   8      32 sdc 2921226 31572 394193666 33692516 43071546 919539768 17258129272 1648634104 157 72572480 1684667828
======================
   8      32 sdc 2921226 31572 394193666 33692516 43071788 919539768 17258200440 1648776100 139 72573528 1684819264
======================
   8      32 sdc 2921226 31572 394193666 33692516 43072061 919539768 17258279032 1648927396 154 72574544 1684964576
======================
   8      32 sdc 2921226 31572 394193666 33692516 43072361 919539770 17258364304 1649081864 144 72575560 1685110668
======================
   8      32 sdc 2921226 31572 394193666 33692516 43072580 919539770 17258427024 1649230444 149 72576588 1685259520
