======================
   8      16 sdb 23470863 368935 2315558970 52852892 44550038 355311809 12984505584 1861086176 0 16295772 1913996972
======================
   8      16 sdb 23470863 368935 2315558970 52852892 44550038 355311809 12984505584 1861086176 0 16295772 1913996972
======================
   8      16 sdb 23470864 368935 2315558978 52852892 44550038 355311809 12984505584 1861086176 0 16295772 1913996972
======================
   8      16 sdb 23470864 368935 2315558978 52852892 44550038 355311809 12984505584 1861086176 0 16295772 1913996972
======================
   8      16 sdb 23471348 368935 2315562850 52852916 44550038 355311809 12984505584 1861086176 0 16295796 1913996996
======================
   8      16 sdb 23471349 368935 2315562858 52852920 44550818 355311809 12984904944 1861090180 84 16295864 1914001452
======================
   8      16 sdb 23471357 368935 2315562922 52853108 44554056 355311809 12986562800 1861149236 153 16296484 1914062744
======================
   8      16 sdb 23471360 368935 2315562946 52853352 44555955 355312313 12987534080 1861272300 110 16297488 1914189180
======================
   8      16 sdb 23471364 368935 2315562978 52853656 44557885 355312780 12988506320 1861391464 138 16298488 1914308644
======================
   8      16 sdb 23471369 368935 2315563018 52853976 44559605 355312780 12989386960 1861498540 150 16299492 1914429916
======================
   8      16 sdb 23471372 368935 2315563042 52853992 44561132 355312780 12990168784 1861658588 155 16300496 1914574648
======================
   8      16 sdb 23471375 368935 2315563066 52854016 44562744 355312780 12990994128 1861772792 143 16301508 1914719768
======================
   8      16 sdb 23471378 368935 2315563090 52854072 44564576 355312802 12991931784 1861945040 137 16302516 1914863536
======================
   8      16 sdb 23471382 368935 2315563122 52854160 44566278 355312802 12992803208 1862085604 139 16303520 1915003736
======================
   8      16 sdb 23471386 368935 2315563154 52854272 44568214 355312802 12993794440 1862224360 152 16304524 1915141632
======================
   8      16 sdb 23471391 368935 2315563194 52854428 44570466 355312802 12994947464 1862357224 135 16305528 1915277240
======================
   8      16 sdb 23471396 368935 2315563234 52854556 44573139 355312802 12996316040 1862496596 141 16306528 1915413544
======================
   8      16 sdb 23471401 368935 2315563274 52854768 44575175 355312826 12997357656 1862624200 152 16307532 1915543224
======================
   8      16 sdb 23471405 368935 2315563306 52854956 44577100 355312841 12998341864 1862760016 136 16308536 1915677604
======================
   8      16 sdb 23471408 368935 2315563330 52855108 44579024 355312841 12999326952 1862892092 126 16309536 1915811116
======================
   8      16 sdb 23471412 368935 2315563362 52855324 44580943 355312841 13000309480 1863019540 136 16310540 1915939196
======================
   8      16 sdb 23471417 368935 2315563402 52855552 44582824 355312841 13001272048 1863147652 153 16311544 1916065860
======================
   8      16 sdb 23471421 368935 2315563434 52855828 44584770 355312881 13002267208 1863272312 111 16312548 1916188444
======================
   8      16 sdb 23471424 368935 2315563458 52856040 44586633 355312881 13003220560 1863396288 148 16313552 1916316288
======================
   8      16 sdb 23471428 368935 2315563490 52856324 44588597 355312898 13004225256 1863515728 137 16314552 1916436416
======================
   8      16 sdb 23471433 368935 2315563530 52856640 44590523 355312898 13005211368 1863632016 147 16315556 1916552048
======================
   8      16 sdb 23471436 368935 2315563554 52856876 44592447 355312898 13006196456 1863753972 22 16316560 1916671332
======================
   8      16 sdb 23471440 368935 2315563586 52857172 44594370 355312921 13007180208 1863868064 129 16317560 1916789140
======================
   8      16 sdb 23471444 368935 2315563618 52857472 44596297 355312937 13008165448 1863986680 155 16318564 1916908448
======================
   8      16 sdb 23471449 368935 2315563658 52857668 44598197 355312937 13009138248 1864108420 130 16319568 1917028976
======================
   8      16 sdb 23471452 368935 2315563682 52857900 44600093 355312937 13010109000 1864229640 62 16320568 1917150564
======================
   8      16 sdb 23471456 368935 2315563714 52858232 44601992 355312937 13011081288 1864346580 145 16321572 1917268912
======================
   8      16 sdb 23471460 368935 2315563746 52858552 44603910 355312960 13012062480 1864459608 135 16322572 1917381988
======================
   8      16 sdb 23471465 368935 2315563786 52858864 44605866 355312977 13013063080 1864576740 144 16323572 1917497892
======================
   8      16 sdb 23471468 368935 2315563810 52859092 44607787 355312977 13014046632 1864698116 51 16324576 1917619436
======================
   8      16 sdb 23471472 368935 2315563842 52859396 44609712 355312977 13015032232 1864818008 151 16325580 1917741908
======================
   8      16 sdb 23471476 368935 2315563874 52859696 44611613 355312977 13016005544 1864936792 139 16326584 1917861048
======================
   8      16 sdb 23471480 368935 2315563906 52859940 44613407 355312999 13016923240 1865051552 65 16327580 1917977968
======================
   8      16 sdb 23471485 368935 2315563946 52860124 44615392 355313016 13017938688 1865195076 135 16328580 1918116300
======================
   8      16 sdb 23471488 368935 2315563970 52860144 44617366 355313016 13018949376 1865334276 142 16329584 1918258700
======================
   8      16 sdb 23471492 368935 2315564002 52860192 44619260 355313016 13019919104 1865477792 133 16330588 1918401920
======================
   8      16 sdb 23471497 368935 2315564042 52860296 44621213 355313016 13020919040 1865618556 146 16331592 1918543264
======================
   8      16 sdb 23471501 368935 2315564074 52860400 44623134 355313039 13021902272 1865758696 156 16332596 1918683324
======================
   8      16 sdb 23471504 368935 2315564098 52860480 44624705 355313039 13022706624 1865874552 140 16333600 1918823036
======================
   8      16 sdb 23471508 368935 2315564130 52860568 44626953 355313039 13023857600 1866033756 135 16334600 1918958540
======================
   8      16 sdb 23471513 368935 2315564170 52860772 44628880 355313039 13024843720 1866164952 141 16335604 1919089108
======================
   8      16 sdb 23471516 368935 2315564194 52860912 44630807 355313055 13025828960 1866299252 80 16336608 1919223492
======================
   8      16 sdb 23471520 368935 2315564226 52861104 44632729 355313078 13026812704 1866430180 128 16337612 1919355948
======================
   8      16 sdb 23471524 368935 2315564258 52861324 44634485 355313078 13027711776 1866550096 157 16338616 1919487016
======================
   8      16 sdb 23471529 368935 2315564298 52861580 44636582 355313078 13028784936 1866686824 155 16339620 1919611644
======================
   8      16 sdb 23471532 368935 2315564322 52861784 44638169 355313095 13029596608 1866788976 139 16340620 1919737420
======================
   8      16 sdb 23471536 368935 2315564354 52862008 44640384 355313095 13030730688 1866935396 149 16341624 1919861792
======================
   8      16 sdb 23471540 368935 2315564386 52862312 44642288 355313118 13031704712 1867053640 136 16342628 1919980336
======================
   8      16 sdb 23471544 368935 2315564418 52862548 44644206 355313135 13032685856 1867174300 1 16343628 1920095960
======================
   8      16 sdb 23471548 368935 2315564450 52862848 44646135 355313135 13033673504 1867290956 120 16344632 1920218140
======================
   8      16 sdb 23471552 368935 2315564482 52863148 44648060 355313135 13034659104 1867410384 146 16345632 1920337564
======================
   8      16 sdb 23471556 368935 2315564514 52863288 44649986 355313135 13035645216 1867550156 147 16346636 1920477692
======================
   8      16 sdb 23471560 368935 2315564546 52863320 44651640 355313157 13036491736 1867672264 144 16347640 1920620368
======================
   8      16 sdb 23471565 368935 2315564586 52863380 44654107 355313157 13037754840 1867856208 149 16348796 1920783628
======================
   8      16 sdb 23471569 368935 2315564618 52863452 44656016 355313157 13038732248 1867998160 147 16349800 1920925880
======================
   8      16 sdb 23471573 368935 2315564650 52863544 44657942 355313157 13039718360 1868139304 148 16350804 1921066532
======================
   8      16 sdb 23471577 368935 2315564682 52863676 44659863 355313157 13040701912 1868273808 130 16351808 1921201788
======================
   8      16 sdb 23471581 368935 2315564714 52863820 44661789 355313157 13041688024 1868411516 136 16352812 1921339532
======================
   8      16 sdb 23471585 368935 2315564746 52863976 44663715 355313157 13042674136 1868547784 138 16353816 1921475980
======================
   8      16 sdb 23471588 368935 2315564770 52864104 44665602 355313157 13043640280 1868683592 110 16354820 1921611384
======================
   8      16 sdb 23471593 368935 2315564810 52864352 44667532 355313191 13044627704 1868809052 141 16355824 1921737500
======================
   8      16 sdb 23471597 368935 2315564842 52864576 44669449 355313208 13045607832 1868938976 137 16356824 1921867656
======================
   8      16 sdb 23471601 368935 2315564874 52864808 44671375 355313208 13046593944 1869066148 130 16357828 1921991896
======================
   8      16 sdb 23471604 368935 2315564898 52865000 44673297 355313208 13047578008 1869191340 100 16358836 1922120572
======================
   8      16 sdb 23471609 368935 2315564938 52865300 44675225 355313236 13048563856 1869306956 151 16359840 1922236880
======================
   8      16 sdb 23471613 368935 2315564970 52865588 44677135 355313258 13049541448 1869426384 144 16360844 1922356280
======================
   8      16 sdb 23471617 368935 2315565002 52865880 44679080 355313275 13050535912 1869547316 147 16361848 1922475108
======================
   8      16 sdb 23471620 368935 2315565026 52866104 44681001 355313275 13051519464 1869668428 83 16362848 1922598600
======================
   8      16 sdb 23471625 368935 2315565066 52866428 44682925 355313275 13052504552 1869784040 135 16363848 1922715024
======================
   8      16 sdb 23471629 368935 2315565098 52866724 44684825 355313275 13053477352 1869901464 141 16364852 1922832872
======================
   8      16 sdb 23471632 368935 2315565122 52866956 44686715 355313298 13054444208 1870021656 3 16365856 1922948332
======================
   8      16 sdb 23471636 368935 2315565154 52867248 44688677 355313314 13055447368 1870140632 92 16366856 1923071976
======================
   8      16 sdb 23471641 368935 2315565194 52867580 44690603 355313314 13056433480 1870255924 148 16367860 1923188316
======================
   8      16 sdb 23471645 368935 2315565226 52867864 44692523 355313314 13057416520 1870373232 128 16368856 1923305836
======================
   8      16 sdb 23471649 368935 2315565258 52868160 44694424 355313314 13058389832 1870496060 147 16369860 1923425104
======================
   8      16 sdb 23471652 368935 2315565282 52868388 44696359 355313337 13059379728 1870610952 92 16370860 1923543156
======================
   8      16 sdb 23471657 368935 2315565322 52868716 44698230 355313354 13060336808 1870726972 137 16371860 1923659784
======================
   8      16 sdb 23471661 368935 2315565354 52869008 44700182 355313354 13061336232 1870844932 153 16372864 1923778552
======================
   8      16 sdb 23471665 368935 2315565386 52869300 44702108 355313354 13062322344 1870967864 146 16373864 1923897900
======================
   8      16 sdb 23471668 368935 2315565410 52869528 44704034 355313354 13063308456 1871088140 99 16374868 1924021968
======================
   8      16 sdb 23471673 368935 2315565450 52869848 44705961 355313377 13064294256 1871202288 130 16375872 1924136856
======================
   8      16 sdb 23471677 368935 2315565482 52870160 44707883 355313394 13065277448 1871319804 136 16376872 1924254380
======================
   8      16 sdb 23471680 368935 2315565506 52870384 44709746 355313394 13066231304 1871444176 23 16377872 1924375348
======================
   8      16 sdb 23471684 368935 2315565538 52870680 44711684 355313394 13067223560 1871564296 133 16378876 1924499532
======================
   8      16 sdb 23471689 368935 2315565578 52871000 44713610 355313394 13068209672 1871679844 154 16379876 1924615292
======================
   8      16 sdb 23471693 368935 2315565610 52871296 44715535 355313417 13069194448 1871797464 136 16380880 1924733144
======================
   8      16 sdb 23471697 368935 2315565642 52871624 44717430 355313434 13070163312 1871909220 154 16381884 1924845304
======================
   8      16 sdb 23471701 368935 2315565674 52871636 44719387 355313434 13071165296 1872051104 146 16382884 1924987280
======================
   8      16 sdb 23471705 368935 2315565706 52871684 44721313 355313434 13072151408 1872193808 140 16383888 1925130024
======================
   8      16 sdb 23471709 368935 2315565738 52871744 44723212 355313434 13073123696 1872336248 138 16384892 1925273148
======================
   8      16 sdb 23471713 368935 2315565770 52871816 44725115 355313457 13074097712 1872476956 129 16385896 1925413880
======================
   8      16 sdb 23471716 368935 2315565794 52871888 44727042 355313457 13075084336 1872617184 109 16386900 1925554116
======================
   8      16 sdb 23471721 368935 2315565834 52872036 44728967 355313457 13076069936 1872751744 128 16387904 1925689164
======================
   8      16 sdb 23471725 368935 2315565866 52872180 44730887 355313457 13077052976 1872888376 139 16388904 1925825432
======================
   8      16 sdb 23471729 368935 2315565898 52872336 44732812 355313457 13078038576 1873025332 138 16389908 1925962312
======================
   8      16 sdb 23471732 368935 2315565922 52872468 44734736 355313457 13079023664 1873160576 95 16390912 1926097516
======================
   8      16 sdb 23471737 368935 2315565962 52872720 44736639 355313484 13079997208 1873286780 152 16391916 1926224632
======================
   8      16 sdb 23471741 368935 2315565994 52872944 44738504 355313500 13080950704 1873417228 139 16392920 1926354644
======================
   8      16 sdb 23471745 368935 2315566026 52873168 44740471 355313500 13081957808 1873548264 157 16393924 1926482032
======================
   8      16 sdb 23471748 368935 2315566050 52873368 44742398 355313500 13082943928 1873671936 119 16394928 1926610476
======================
   8      16 sdb 23471753 368935 2315566090 52873672 44744322 355313521 13083928176 1873789328 138 16395928 1926728288
======================
   8      16 sdb 23471757 368935 2315566122 52873968 44746244 355313544 13084911416 1873907272 134 16396928 1926846092
======================
   8      16 sdb 23471760 368935 2315566146 52874196 44748075 355313561 13085847512 1874025008 81 16397932 1926967280
======================
   8      16 sdb 23471764 368935 2315566178 52874368 44750051 355313561 13086859224 1874163908 153 16398936 1927102912
======================
   8      16 sdb 23471769 368935 2315566218 52874420 44751977 355313561 13087845336 1874306496 146 16399940 1927246140
======================
   8      16 sdb 23471773 368935 2315566250 52874476 44753900 355313561 13088829912 1874449460 143 16400944 1927389164
======================
   8      16 sdb 23471777 368935 2315566282 52874552 44755826 355313583 13089815696 1874591408 128 16401948 1927530752
======================
   8      16 sdb 23471780 368935 2315566306 52874620 44757751 355313583 13090801296 1874731480 134 16402948 1927670944
======================
   8      16 sdb 23471785 368935 2315566346 52874768 44759676 355313583 13091786896 1874865956 148 16403952 1927805664
======================
   8      16 sdb 23471789 368935 2315566378 52874928 44761600 355313583 13092771984 1875000992 130 16404956 1927940964
======================
   8      16 sdb 23471793 368935 2315566410 52875084 44763522 355313583 13093756048 1875138820 134 16405960 1928077220
======================
   8      16 sdb 23471796 368935 2315566434 52875212 44765425 355313583 13094730384 1875272964 135 16406964 1928213284
======================
   8      16 sdb 23471801 368935 2315566474 52875448 44767355 355313610 13095717752 1875398564 135 16407968 1928339020
======================
   8      16 sdb 23471805 368935 2315566506 52875668 44769268 355313626 13096696328 1875530276 135 16408972 1928470516
======================
   8      16 sdb 23471809 368935 2315566538 52875904 44771207 355313626 13097689096 1875658052 130 16409976 1928596316
======================
   8      16 sdb 23471812 368935 2315566562 52876096 44773133 355313626 13098675208 1875783828 116 16410980 1928725128
======================
   8      16 sdb 23471820 368935 2315566626 52876452 44775024 355313626 13099642896 1875908656 176 16411984 1928851868
======================
   8      16 sdb 23471824 368935 2315566658 52876736 44776980 355313650 13100643552 1876025960 143 16412984 1928968056
======================
   8      16 sdb 23471827 368935 2315566682 52876964 44778882 355313650 13101617376 1876151800 2 16413984 1929088704
======================
   8      16 sdb 23471831 368935 2315566714 52877224 44780763 355313650 13102580448 1876271148 154 16414988 1929212904
======================
   8      16 sdb 23471836 368935 2315566754 52877524 44782694 355313650 13103569120 1876386620 153 16415988 1929328616
======================
   8      16 sdb 23471840 368935 2315566786 52877820 44784633 355313650 13104561888 1876504624 148 16416992 1929447168
======================
   8      16 sdb 23471843 368935 2315566810 52877980 44786556 355313672 13105545632 1876627576 10 16417988 1929566048
======================
   8      16 sdb 23471847 368935 2315566842 52878280 44788481 355313672 13106531232 1876747320 133 16418988 1929690684
======================
   8      16 sdb 23471852 368935 2315566882 52878600 44790393 355313672 13107510176 1876862280 135 16419996 1929806504
======================
   8      16 sdb 23471856 368935 2315566914 52878924 44792260 355313672 13108466080 1876980444 140 16420996 1929922728
======================
   8      16 sdb 23471859 368935 2315566938 52879156 44794213 355313672 13109466016 1877103748 33 16422000 1930045416
======================
   8      16 sdb 23471863 368935 2315566970 52879456 44795957 355313774 13110351688 1877202600 0 16422900 1930142292
======================
   8      16 sdb 23471863 368935 2315566970 52879456 44795958 355313774 13110351688 1877202600 0 16422900 1930142292
======================
   8      16 sdb 23471863 368935 2315566970 52879456 44795958 355313774 13110351688 1877202600 0 16422900 1930142292
======================
   8      16 sdb 23471863 368935 2315566970 52879456 44795958 355313774 13110351688 1877202600 0 16422900 1930142292
======================
   8      16 sdb 23471863 368935 2315566970 52879456 44795958 355313774 13110351688 1877202600 0 16422900 1930142292
======================
   8      16 sdb 23471863 368935 2315566970 52879456 44795958 355313774 13110351688 1877202600 0 16422900 1930142292
started
======================
   8      16 sdb 23471864 368935 2315566978 52879456 44795958 355313774 13110351688 1877202600 0 16422900 1930142292
======================
   8      16 sdb 23472298 368935 2315787170 52879892 44795958 355313774 13110351688 1877202600 1 16423156 1930142728
======================
   8      16 sdb 23473845 368935 2316579234 52881420 44795958 355313774 13110351688 1877202600 2 16424120 1930144256
======================
   8      16 sdb 23475386 368935 2317368226 52882976 44795958 355313774 13110351688 1877202600 2 16425084 1930145812
======================
   8      16 sdb 23476922 368935 2318154658 52884532 44795958 355313774 13110351688 1877202600 2 16426064 1930147368
======================
   8      16 sdb 23478499 368935 2318962082 52886132 44795958 355313774 13110351688 1877202600 2 16427040 1930148972
======================
   8      16 sdb 23480074 368935 2319768482 52887732 44795958 355313774 13110351688 1877202600 2 16427996 1930150572
======================
   8      16 sdb 23481603 368935 2320551330 52889300 44795960 355313775 13110351712 1877202600 2 16428968 1930152140
======================
   8      16 sdb 23483132 368935 2321334178 52890900 44795960 355313775 13110351712 1877202600 2 16429924 1930153736
======================
   8      16 sdb 23484708 368935 2322141090 52892500 44795960 355313775 13110351712 1877202600 2 16430904 1930155336
======================
   8      16 sdb 23486262 368935 2322936738 52894160 44795960 355313775 13110351712 1877202600 2 16431892 1930156996
======================
   8      16 sdb 23487826 368935 2323737506 52895720 44795960 355313775 13110351712 1877202600 2 16432860 1930158556
======================
   8      16 sdb 23489392 368935 2324539298 52897292 44795960 355313775 13110351712 1877202600 2 16433844 1930160128
======================
   8      16 sdb 23490990 368935 2325357474 52898924 44795960 355313775 13110351712 1877202600 1 16434832 1930161760
======================
   8      16 sdb 23492561 368935 2326161826 52900468 44795960 355313775 13110351712 1877202600 2 16435772 1930163304
======================
   8      16 sdb 23494091 368935 2326945186 52902032 44795960 355313775 13110351712 1877202600 0 16436720 1930164868
======================
   8      16 sdb 23495674 368935 2327755682 52903592 44795960 355313775 13110351712 1877202600 2 16437692 1930166424
======================
   8      16 sdb 23497244 368935 2328559522 52905188 44795960 355313775 13110351712 1877202600 2 16438648 1930168012
======================
   8      16 sdb 23498809 368935 2329360802 52906828 44795960 355313775 13110351712 1877202600 2 16439628 1930169648
======================
   8      16 sdb 23500392 368935 2330171810 52908480 44795960 355313775 13110351712 1877202600 2 16440584 1930171308
======================
   8      16 sdb 23501918 368935 2330952610 52910040 44795960 355313775 13110351712 1877202600 1 16441520 1930172860
======================
   8      16 sdb 23503436 368935 2331729826 52911656 44795960 355313775 13110351712 1877202600 1 16442460 1930174476
======================
   8      16 sdb 23504992 368935 2332526498 52913240 44795960 355313775 13110351712 1877202600 2 16443420 1930176060
======================
   8      16 sdb 23506571 368935 2333334946 52914792 44795960 355313775 13110351712 1877202600 2 16444376 1930177612
======================
   8      16 sdb 23508137 368935 2334136738 52916352 44795960 355313775 13110351712 1877202600 2 16445340 1930179168
======================
   8      16 sdb 23509725 368935 2334949794 52917924 44795960 355313775 13110351712 1877202600 2 16446308 1930180736
======================
   8      16 sdb 23511266 368935 2335738786 52919456 44795960 355313775 13110351712 1877202600 2 16447268 1930182268
======================
   8      16 sdb 23512833 368935 2336541090 52920984 44795960 355313775 13110351712 1877202600 2 16448228 1930183796
======================
   8      16 sdb 23514343 368935 2337314210 52922516 44795960 355313775 13110351712 1877202600 0 16449188 1930185324
======================
   8      16 sdb 23515907 368935 2338114978 52924164 44795960 355313775 13110351712 1877202600 1 16450168 1930186972
======================
   8      16 sdb 23517484 368935 2338922402 52925676 44795960 355313775 13110351712 1877202600 2 16451140 1930188488
======================
   8      16 sdb 23519069 368935 2339733922 52927232 44795960 355313775 13110351712 1877202600 2 16452092 1930190040
======================
   8      16 sdb 23520638 368935 2340537250 52928820 44795960 355313775 13110351712 1877202600 0 16453076 1930191624
======================
   8      16 sdb 23522174 368935 2341323682 52930348 44795960 355313775 13110351712 1877202600 2 16454032 1930193152
======================
   8      16 sdb 23523719 368935 2342114722 52931952 44795960 355313775 13110351712 1877202600 1 16455000 1930194768
======================
   8      16 sdb 23525245 368935 2342896034 52933524 44795960 355313775 13110351712 1877202600 2 16455968 1930196344
======================
   8      16 sdb 23526765 368935 2343674274 52935180 44795960 355313775 13110351712 1877202600 2 16456944 1930197992
======================
   8      16 sdb 23528295 368935 2344457634 52936696 44795961 355313775 13110351720 1877202600 1 16457892 1930199508
======================
   8      16 sdb 23529810 368935 2345233314 52938204 44795961 355313775 13110351720 1877202600 1 16458844 1930201020
======================
   8      16 sdb 23531366 368935 2346029986 52939820 44795961 355313775 13110351720 1877202600 2 16459816 1930202632
======================
   8      16 sdb 23532878 368935 2346804130 52941332 44795961 355313775 13110351720 1877202600 1 16460752 1930204144
======================
   8      16 sdb 23534429 368935 2347598242 52942924 44795961 355313775 13110351720 1877202600 1 16461732 1930205736
======================
   8      16 sdb 23535932 368935 2348367778 52944384 44795961 355313775 13110351720 1877202600 2 16462680 1930207196
======================
   8      16 sdb 23537418 368935 2349128610 52945932 44795961 355313775 13110351720 1877202600 2 16463632 1930208744
======================
   8      16 sdb 23538947 368935 2349911458 52947424 44795961 355313775 13110351720 1877202600 2 16464580 1930210236
======================
   8      16 sdb 23540447 368935 2350679458 52948908 44795961 355313775 13110351720 1877202600 2 16465516 1930211720
======================
   8      16 sdb 23541993 368935 2351471010 52950400 44795961 355313775 13110351720 1877202600 3 16466456 1930213212
======================
   8      16 sdb 23543543 368935 2352264610 52951944 44795961 355313775 13110351720 1877202600 1 16467408 1930214756
======================
   8      16 sdb 23545097 368935 2353060258 52953456 44795961 355313775 13110351720 1877202600 2 16468372 1930216268
======================
   8      16 sdb 23546653 368935 2353856930 52954952 44795961 355313775 13110351720 1877202600 2 16469308 1930217760
======================
   8      16 sdb 23548174 368935 2354635682 52956500 44795961 355313775 13110351720 1877202600 1 16470264 1930219308
======================
   8      16 sdb 23549690 368935 2355411874 52958000 44795961 355313775 13110351720 1877202600 2 16471224 1930220808
======================
   8      16 sdb 23551233 368935 2356201890 52959464 44795961 355313775 13110351720 1877202600 2 16472164 1930222272
======================
   8      16 sdb 23552769 368935 2356988322 52961004 44795961 355313775 13110351720 1877202600 0 16473112 1930223812
======================
   8      16 sdb 23554292 368935 2357768098 52962508 44795961 355313775 13110351720 1877202600 0 16474052 1930225316
======================
   8      16 sdb 23555842 368935 2358561698 52964036 44795961 355313775 13110351720 1877202600 2 16475008 1930226844
======================
   8      16 sdb 23557363 368935 2359340450 52965548 44795961 355313775 13110351720 1877202600 1 16475976 1930228356
======================
   8      16 sdb 23558889 368935 2360121762 52967060 44795961 355313775 13110351720 1877202600 2 16476936 1930229868
======================
   8      16 sdb 23560398 368935 2360894370 52968600 44795961 355313775 13110351720 1877202600 2 16477900 1930231412
======================
   8      16 sdb 23561915 368935 2361671074 52970108 44795961 355313775 13110351720 1877202600 2 16478836 1930232924
======================
   8      16 sdb 23563448 368935 2362455970 52971600 44795961 355313775 13110351720 1877202600 2 16479776 1930234416
======================
   8      16 sdb 23564985 368935 2363242914 52973112 44795961 355313775 13110351720 1877202600 2 16480732 1930235932
======================
   8      16 sdb 23565813 368935 2363666850 52973960 44795961 355313775 13110351720 1877202600 0 16481236 1930236772
