======================
   8      16 sdb 28966597 368942 2594512858 62144060 53765761 355333744 14614550384 2085944868 0 18361212 2148149008
======================
   8      16 sdb 28966597 368942 2594512858 62144060 53765761 355333744 14614550384 2085944868 0 18361212 2148149008
======================
   8      16 sdb 28966597 368942 2594512858 62144060 53765761 355333744 14614550384 2085944868 0 18361212 2148149008
======================
   8      16 sdb 28966597 368942 2594512858 62144060 53765761 355333744 14614550384 2085944868 0 18361212 2148149008
======================
   8      16 sdb 28966597 368942 2594512858 62144060 53765763 355333745 14614550408 2085944868 0 18361212 2148149008
======================
   8      16 sdb 28966598 368942 2594512866 62144064 53765763 355333745 14614550408 2085944868 0 18361216 2148149012
======================
   8      16 sdb 28966598 368942 2594512866 62144064 53765763 355333745 14614550408 2085944868 0 18361216 2148149012
======================
   8      16 sdb 28966598 368942 2594512866 62144064 53765763 355333745 14614550408 2085944868 0 18361216 2148149012
======================
   8      16 sdb 28966598 368942 2594512866 62144064 53765763 355333745 14614550408 2085944868 0 18361216 2148149012
======================
   8      16 sdb 28966740 368942 2594514002 62144096 53765763 355333745 14614550408 2085944868 1 18361248 2148149044
======================
   8      16 sdb 28967082 368942 2594516738 62144144 53765772 355334239 14614554432 2085944872 0 18361300 2148149096
======================
   8      16 sdb 28967082 368942 2594516738 62144144 53765772 355334239 14614554432 2085944872 0 18361300 2148149096
======================
   8      16 sdb 28967085 368942 2594516762 62144228 53767253 355334695 14615296192 2085972156 96 18361676 2148182972
======================
   8      16 sdb 28967088 368942 2594516786 62144368 53768546 355334695 14615958208 2086103496 143 18362680 2148315672
======================
   8      16 sdb 28967090 368942 2594516802 62144384 53769609 355334695 14616502464 2086240128 134 18363680 2148458536
======================
   8      16 sdb 28967091 368942 2594516810 62144416 53770224 355334708 14616816944 2086381276 151 18364688 2148603384
======================
   8      16 sdb 28967092 368942 2594516818 62144460 53770805 355334708 14617114416 2086524940 129 18365692 2148746868
======================
   8      16 sdb 28967094 368942 2594516834 62144616 53771366 355334708 14617401648 2086665704 151 18366696 2148886800
======================
   8      16 sdb 28967095 368942 2594516842 62144720 53771985 355334708 14617718576 2086815696 134 18367700 2149028216
======================
   8      16 sdb 28967096 368942 2594516850 62144832 53772582 355334708 14618024240 2086947588 147 18368704 2149169952
======================
   8      16 sdb 28967097 368942 2594516858 62144928 53773151 355334708 14618315568 2087086884 134 18369708 2149310564
======================
   8      16 sdb 28967100 368942 2594516882 62145144 53774254 355334721 14618879400 2087228380 146 18370712 2149439948
======================
   8      16 sdb 28967103 368942 2594516906 62145352 53775963 355334726 14619752432 2087361328 97 18371716 2149572928
======================
   8      16 sdb 28967107 368942 2594516938 62145596 53777654 355334726 14620618224 2087491740 137 18372720 2149702976
======================
   8      16 sdb 28967110 368942 2594516962 62145792 53779373 355334726 14621498352 2087620724 138 18373724 2149832840
======================
   8      16 sdb 28967113 368942 2594516986 62146016 53781048 355334726 14622355952 2087745068 132 18374728 2149957736
======================
   8      16 sdb 28967118 368942 2594517026 62146316 53782761 355334754 14623231216 2087860812 145 18375732 2150069204
======================
   8      16 sdb 28967121 368942 2594517050 62146584 53784456 355334768 14624098672 2087979988 155 18376736 2150193536
======================
   8      16 sdb 28967124 368942 2594517074 62146852 53786158 355334768 14624969584 2088104500 148 18377740 2150318112
======================
   8      16 sdb 28967128 368942 2594517106 62147216 53787852 355334768 14625836912 2088225392 155 18378744 2150433848
======================
   8      16 sdb 28967132 368942 2594517138 62147496 53789591 355334768 14626727280 2088340964 147 18379744 2150555052
======================
   8      16 sdb 28967136 368942 2594517170 62147816 53791462 355334790 14627684400 2088455124 139 18380744 2150665372
======================
   8      16 sdb 28967139 368942 2594517194 62148060 53793368 355334805 14628658880 2088576716 111 18381748 2150791068
======================
   8      16 sdb 28967143 368942 2594517226 62148356 53795265 355334805 14629630144 2088696764 144 18382744 2150911060
======================
   8      16 sdb 28967148 368942 2594517266 62148656 53797202 355334805 14630621888 2088815036 135 18383744 2151028780
======================
   8      16 sdb 28967152 368942 2594517298 62148960 53799139 355334805 14631613632 2088934920 141 18384748 2151146388
======================
   8      16 sdb 28967155 368942 2594517322 62149180 53801065 355334828 14632599424 2089051880 95 18385752 2151266744
======================
   8      16 sdb 28967159 368942 2594517354 62149484 53802990 355334845 14633583648 2089171708 132 18386756 2151387400
======================
   8      16 sdb 28967164 368942 2594517394 62149808 53804893 355334845 14634557984 2089289604 151 18387756 2151505960
======================
   8      16 sdb 28967168 368942 2594517426 62150116 53806794 355334845 14635531296 2089412364 0 18388760 2151624160
======================
   8      16 sdb 28967171 368942 2594517450 62150344 53808720 355334845 14636517408 2089531780 123 18389760 2151749092
======================
   8      16 sdb 28967175 368942 2594517482 62150676 53810646 355334868 14637503200 2089646004 149 18390764 2151863768
======================
   8      16 sdb 28967180 368942 2594517522 62151020 53812573 355334885 14638488960 2089762576 156 18391764 2151979764
======================
   8      16 sdb 28967184 368942 2594517554 62151332 53814498 355334885 14639474048 2089883836 150 18392768 2152097548
======================
   8      16 sdb 28967187 368942 2594517578 62151552 53816421 355334885 14640458624 2090006036 106 18393772 2152224104
======================
   8      16 sdb 28967191 368942 2594517610 62151840 53818324 355334885 14641432960 2090125940 132 18394772 2152344616
======================
   8      16 sdb 28967196 368942 2594517650 62152104 53820237 355334907 14642411584 2090242476 144 18395772 2152460372
======================
   8      16 sdb 28967200 368942 2594517682 62152408 53822164 355334923 14643397328 2090364212 28 18396772 2152578224
======================
   8      16 sdb 28967203 368942 2594517706 62152636 53824089 355334923 14644382928 2090483948 122 18397776 2152703388
======================
   8      16 sdb 28967207 368942 2594517738 62152960 53826017 355334923 14645370064 2090600524 155 18398780 2152820308
======================
   8      16 sdb 28967212 368942 2594517778 62153304 53827939 355334923 14646354128 2090718504 135 18399780 2152938264
======================
   8      16 sdb 28967216 368942 2594517810 62153608 53829865 355334947 14647339424 2090833948 152 18400780 2153050204
======================
   8      16 sdb 28967219 368942 2594517834 62153836 53831773 355334963 14648314432 2090955124 124 18401784 2153175876
======================
   8      16 sdb 28967223 368942 2594517866 62154144 53833684 355334963 14649292864 2091074484 142 18402788 2153295748
======================
   8      16 sdb 28967228 368942 2594517906 62154468 53835606 355334963 14650276928 2091191644 149 18403792 2153412148
======================
   8      16 sdb 28967231 368942 2594517930 62154700 53837526 355334963 14651259968 2091313712 3 18404796 2153530260
======================
   8      16 sdb 28967235 368942 2594517962 62155004 53839452 355334986 14652245760 2091427936 126 18405792 2153650028
======================
   8      16 sdb 28967238 368942 2594517986 62155236 53840697 355334986 14652882696 2091503776 139 18406792 2153774768
======================
   8      16 sdb 28967244 368942 2594518034 62155492 53843322 355335003 14654225824 2091668908 140 18407804 2153891788
======================
   8      16 sdb 28967248 368942 2594518066 62155800 53845222 355335003 14655198624 2091790784 118 18408800 2154008780
======================
   8      16 sdb 28967251 368942 2594518090 62156032 53847124 355335003 14656172448 2091911544 137 18409804 2154134872
======================
   8      16 sdb 28967255 368942 2594518122 62156340 53849047 355335026 14657156704 2092029528 143 18410808 2154253136
======================
   8      16 sdb 28967260 368942 2594518162 62156692 53850951 355335043 14658130176 2092143464 139 18411808 2154365260
======================
   8      16 sdb 28967264 368942 2594518194 62156968 53852899 355335043 14659127552 2092266168 61 18412808 2154485196
======================
   8      16 sdb 28967267 368942 2594518218 62157192 53854823 355335043 14660112640 2092387088 122 18413812 2154611548
======================
   8      16 sdb 28967271 368942 2594518250 62157496 53856749 355335043 14661098752 2092507008 155 18414816 2154731832
======================
   8      16 sdb 28967276 368942 2594518290 62157812 53858654 355335066 14662073288 2092624340 144 18415820 2154848672
======================
   8      16 sdb 28967279 368942 2594518314 62158044 53860555 355335083 14663045224 2092744264 27 18416824 2154966304
======================
   8      16 sdb 28967283 368942 2594518346 62158356 53862482 355335083 14664031848 2092864292 139 18417828 2155090116
======================
   8      16 sdb 28967287 368942 2594518378 62158684 53864407 355335083 14665017448 2092982760 153 18418832 2155209032
======================
   8      16 sdb 28967292 368942 2594518418 62159000 53866324 355335083 14665998952 2093100968 155 18419832 2155326276
======================
   8      16 sdb 28967295 368942 2594518442 62159228 53868245 355335105 14666982176 2093216748 18 18420836 2155439356
======================
   8      16 sdb 28967299 368942 2594518474 62159536 53870169 355335121 14667965880 2093336276 145 18421832 2155562836
======================
   8      16 sdb 28967303 368942 2594518506 62159836 53872096 355335121 14668952504 2093455876 147 18422836 2155682740
======================
   8      16 sdb 28967308 368942 2594518546 62160148 53874017 355335121 14669936056 2093575172 149 18423840 2155801360
======================
   8      16 sdb 28967311 368942 2594518570 62160372 53875919 355335121 14670909880 2093697080 27 18424840 2155921224
======================
   8      16 sdb 28967315 368942 2594518602 62160668 53877822 355335144 14671883896 2093810860 150 18425844 2156038672
======================
   8      16 sdb 28967319 368942 2594518634 62160980 53879750 355335161 14672869656 2093930084 146 18426848 2156158352
======================
   8      16 sdb 28967324 368942 2594518674 62161296 53881671 355335161 14673853208 2094049464 146 18427848 2156275852
======================
   8      16 sdb 28967327 368942 2594518698 62161536 53883594 355335161 14674837784 2094169940 36 18428844 2156395708
======================
   8      16 sdb 28967331 368942 2594518730 62161856 53885520 355335161 14675823896 2094288756 136 18429848 2156517792
======================
   8      16 sdb 28967335 368942 2594518762 62162160 53887442 355335185 14676807648 2094405676 134 18430844 2156634912
======================
   8      16 sdb 28967340 368942 2594518802 62162508 53889348 355335202 14677781640 2094523700 132 18431848 2156750480
======================
   8      16 sdb 28967343 368942 2594518826 62162748 53891249 355335202 14678754952 2094642380 66 18432852 2156870904
======================
   8      16 sdb 28967347 368942 2594518858 62163052 53893176 355335202 14679741576 2094761640 132 18433852 2156991948
======================
   8      16 sdb 28967351 368942 2594518890 62163352 53895097 355335202 14680725640 2094881976 131 18434856 2157112656
======================
   8      16 sdb 28967356 368942 2594518930 62163608 53897023 355335224 14681710408 2094999112 130 18435852 2157226584
======================
   8      16 sdb 28967359 368942 2594518954 62163828 53898940 355335240 14682691032 2095119212 59 18436856 2157348072
======================
   8      16 sdb 28967363 368942 2594518986 62164124 53900871 355335240 14683679704 2095237372 131 18437860 2157468620
======================
   8      16 sdb 28967367 368942 2594519018 62164424 53902773 355335240 14684654040 2095356552 140 18438864 2157588192
======================
   8      16 sdb 28967371 368942 2594519050 62164764 53904630 355335240 14685604312 2095477464 1 18439864 2157704148
======================
   8      16 sdb 28967375 368942 2594519082 62165012 53906606 355335263 14686615704 2095588208 74 18440868 2157818896
======================
   8      16 sdb 28967379 368942 2594519114 62165308 53908527 355335279 14687597368 2095707764 151 18441868 2157940024
======================
   8      16 sdb 28967383 368942 2594519146 62165596 53910460 355335279 14688587064 2095825008 138 18442868 2158057496
======================
   8      16 sdb 28967388 368942 2594519186 62165920 53912386 355335279 14689573176 2095944748 138 18443872 2158174112
======================
   8      16 sdb 28967391 368942 2594519210 62166160 53914306 355335279 14690556216 2096063044 58 18444876 2158294472
======================
   8      16 sdb 28967395 368942 2594519242 62166476 53916211 355335303 14691531264 2096177520 146 18445880 2158411040
======================
   8      16 sdb 28967399 368942 2594519274 62166808 53918063 355335320 14692478120 2096295452 145 18446880 2158528436
======================
   8      16 sdb 28967404 368942 2594519314 62167104 53920023 355335320 14693481640 2096416872 9 18447884 2158645828
======================
   8      16 sdb 28967407 368942 2594519338 62167320 53921964 355335320 14694474920 2096531252 85 18448888 2158764856
======================
   8      16 sdb 28967411 368942 2594519370 62167624 53923891 355335320 14695461544 2096650380 151 18449888 2158885224
======================
   8      16 sdb 28967415 368942 2594519402 62167936 53925816 355335342 14696446816 2096769148 147 18450892 2159004364
======================
   8      16 sdb 28967420 368942 2594519442 62168256 53927739 355335359 14697430016 2096889848 137 18451888 2159120520
======================
   8      16 sdb 28967423 368942 2594519466 62168496 53929638 355335359 14698402304 2097007656 95 18452892 2159242500
======================
   8      16 sdb 28967427 368942 2594519498 62168808 53931541 355335359 14699376640 2097126272 153 18453896 2159361972
======================
   8      16 sdb 28967431 368942 2594519530 62169112 53933459 355335359 14700359168 2097245116 137 18454900 2159481312
======================
   8      16 sdb 28967434 368942 2594519554 62169340 53935354 355335381 14701328568 2097365892 12 18455900 2159597764
======================
   8      16 sdb 28967439 368942 2594519594 62169636 53937315 355335397 14702331216 2097479708 102 18456904 2159716112
======================
   8      16 sdb 28967443 368942 2594519626 62169924 53939231 355335397 14703312208 2097601028 149 18457900 2159837168
======================
   8      16 sdb 28967447 368942 2594519658 62170232 53941164 355335397 14704301904 2097719504 134 18458908 2159957020
======================
   8      16 sdb 28967452 368942 2594519698 62170552 53943067 355335397 14705276240 2097841376 101 18459908 2160073824
======================
   8      16 sdb 28967454 368942 2594519714 62170708 53944378 355335421 14705947472 2097953540 47 18460912 2160195148
======================
   8      16 sdb 28967456 368942 2594519730 62170724 53944959 355335421 14706244632 2098080172 132 18461916 2160329816
======================
   8      16 sdb 28967457 368942 2594519738 62170748 53945552 355335421 14706548248 2098231296 133 18462920 2160472960
======================
   8      16 sdb 28967460 368942 2594519762 62170784 53947341 355335421 14707464216 2098378012 133 18463924 2160615788
======================
   8      16 sdb 28967464 368942 2594519794 62170852 53949267 355335421 14708450328 2098519676 143 18464932 2160758060
======================
   8      16 sdb 28967469 368942 2594519834 62170984 53951189 355335421 14709434392 2098657976 136 18465932 2160895136
======================
   8      16 sdb 28967472 368942 2594519858 62171072 53953108 355335421 14710416920 2098795760 150 18466936 2161034240
======================
   8      16 sdb 28967476 368942 2594519890 62171216 53955010 355335421 14711390744 2098934420 128 18467940 2161173216
======================
   8      16 sdb 28967480 368942 2594519922 62171364 53956904 355335421 14712360472 2099071364 145 18468944 2161310368
======================
   8      16 sdb 28967484 368942 2594519954 62171532 53958832 355335453 14713346856 2099200228 60 18469944 2161438088
======================
   8      16 sdb 28967488 368942 2594519986 62171752 53960765 355335468 14714334152 2099331080 141 18470948 2161570676
======================
   8      16 sdb 28967492 368942 2594520018 62171972 53962692 355335468 14715320776 2099462016 132 18471952 2161701736
======================
   8      16 sdb 28967496 368942 2594520050 62172208 53964613 355335468 14716304328 2099590224 147 18472956 2161829968
======================
   8      16 sdb 28967500 368942 2594520082 62172424 53966537 355335468 14717288912 2099714832 41 18473960 2161952676
======================
   8      16 sdb 28967504 368942 2594520114 62172708 53968450 355335516 14718267240 2099836848 146 18474964 2162077388
======================
   8      16 sdb 28967508 368942 2594520146 62173016 53970348 355335516 14719238512 2099955112 137 18475968 2162196372
======================
   8      16 sdb 28967512 368942 2594520178 62173320 53972270 355335533 14720221704 2100076572 147 18476968 2162315376
======================
   8      16 sdb 28967516 368942 2594520210 62173564 53974195 355335533 14721207304 2100196884 69 18477972 2162437020
======================
   8      16 sdb 28967520 368942 2594520242 62173880 53976119 355335533 14722191880 2100313456 140 18478972 2162555320
======================
   8      16 sdb 28967524 368942 2594520274 62174168 53978046 355335556 14723178192 2100426836 144 18479976 2162668748
======================
   8      16 sdb 28967528 368942 2594520306 62174436 53979969 355335572 14724161384 2100548400 146 18480976 2162788780
======================
   8      16 sdb 28967532 368942 2594520338 62174672 53981889 355335572 14725144424 2100669848 60 18481984 2162910788
======================
   8      16 sdb 28967536 368942 2594520370 62175016 53983793 355335572 14726119272 2100784372 153 18482988 2163027404
======================
   8      16 sdb 28967540 368942 2594520402 62175328 53985707 355335572 14727099752 2100897380 145 18483984 2163139948
======================
   8      16 sdb 28967544 368942 2594520434 62175628 53987639 355335595 14728087600 2101011692 128 18484988 2163252560
======================
   8      16 sdb 28967548 368942 2594520466 62175860 53989552 355335612 14729066184 2101130736 81 18485988 2163373948
======================
   8      16 sdb 28967556 368943 2594520538 62176240 53991487 355335612 14730056904 2101247788 173 18486992 2163493916
======================
   8      16 sdb 28967560 368943 2594520570 62176472 53993411 355335612 14731041992 2101380536 149 18487996 2163635068
======================
   8      16 sdb 28967564 368943 2594520602 62176776 53995312 355335612 14732015304 2101514356 154 18489000 2163756680
======================
   8      16 sdb 28967568 368943 2594520634 62177020 53997210 355335635 14732986760 2101634692 104 18490000 2163879076
======================
   8      16 sdb 28967572 368943 2594520666 62177336 53999135 355335635 14733971856 2101751276 151 18491000 2163996444
======================
   8      16 sdb 28967576 368943 2594520698 62177624 54001029 355335635 14734941584 2101871856 147 18492004 2164116756
======================
   8      16 sdb 28967580 368943 2594520730 62177916 54002982 355335635 14735941520 2101994448 143 18493000 2164236404
======================
   8      16 sdb 28967584 368943 2594520762 62178160 54004908 355335635 14736927632 2102114048 87 18494004 2164359136
======================
   8      16 sdb 28967588 368943 2594520794 62178476 54006833 355335659 14737912920 2102229236 154 18495004 2164475536
======================
   8      16 sdb 28967592 368943 2594520826 62178792 54008736 355335659 14738886752 2102347020 151 18496008 2164593624
======================
   8      16 sdb 28967596 368943 2594520858 62179108 54010639 355335659 14739861088 2102471056 93 18497008 2164713176
======================
   8      16 sdb 28967598 368943 2594520874 62179248 54011697 355335717 14740396680 2102537284 0 18497564 2164779140
======================
   8      16 sdb 28967598 368943 2594520874 62179248 54011697 355335717 14740396680 2102537284 0 18497564 2164779140
======================
   8      16 sdb 28967598 368943 2594520874 62179248 54011697 355335717 14740396680 2102537284 0 18497564 2164779140
======================
   8      16 sdb 28967598 368943 2594520874 62179248 54011697 355335717 14740396680 2102537284 0 18497564 2164779140
======================
   8      16 sdb 28967598 368943 2594520874 62179248 54011697 355335717 14740396680 2102537284 0 18497564 2164779140
started
======================
   8      16 sdb 28967598 368943 2594520874 62179248 54011697 355335717 14740396680 2102537284 0 18497564 2164779140
======================
   8      16 sdb 28967598 368943 2594520874 62179248 54011697 355335717 14740396680 2102537284 0 18497564 2164779140
======================
   8      16 sdb 28967604 368943 2594520922 62179260 54011697 355335717 14740396680 2102537284 0 18497576 2164779152
======================
   8      16 sdb 28967604 368943 2594520922 62179260 54011697 355335717 14740396680 2102537284 0 18497576 2164779152
======================
   8      16 sdb 28967604 368943 2594520922 62179260 54017148 355335717 14741871240 2102538740 0 18497884 2164780584
======================
   8      16 sdb 28967604 368943 2594520922 62179260 54020616 355335717 14742817160 2102657176 150 18498836 2164910784
======================
   8      16 sdb 28967604 368943 2594520922 62179260 54021792 355335718 14743145096 2102802172 130 18499840 2165053524
======================
   8      16 sdb 28967604 368943 2594520922 62179260 54022827 355335720 14743437984 2102945104 153 18500844 2165197532
======================
   8      16 sdb 28967604 368943 2594520922 62179260 54023841 355335720 14743729056 2103089840 131 18501848 2165341688
======================
   8      16 sdb 28967604 368943 2594520922 62179260 54024854 355335720 14744021408 2103233580 142 18502852 2165484996
======================
   8      16 sdb 28967604 368943 2594520922 62179260 54025888 355335721 14744320672 2103378040 132 18503860 2165629656
======================
   8      16 sdb 28967604 368943 2594520922 62179260 54026879 355335721 14744609440 2103520428 133 18504860 2165772736
======================
   8      16 sdb 28967604 368943 2594520922 62179260 54027879 355335722 14744897976 2103663996 159 18505864 2165916080
======================
   8      16 sdb 28967604 368943 2594520922 62179260 54028902 355335722 14745193656 2103807108 128 18506868 2166059600
======================
   8      16 sdb 28967604 368943 2594520922 62179260 54029879 355335722 14745480632 2103949740 143 18507868 2166203008
======================
   8      16 sdb 28967604 368943 2594520922 62179260 54030866 355335722 14745766328 2104094240 148 18508872 2166345624
======================
   8      16 sdb 28967604 368943 2594520922 62179260 54031884 355335723 14746060216 2104236956 154 18509872 2166488820
======================
   8      16 sdb 28967604 368943 2594520922 62179260 54032910 355335724 14746355664 2104380560 154 18510876 2166632436
======================
   8      16 sdb 28967604 368943 2594520922 62179260 54033920 355335724 14746652112 2104525784 151 18511880 2166775888
======================
   8      16 sdb 28967604 368943 2594520922 62179260 54034942 355335724 14746952144 2104667184 153 18512884 2166919236
======================
   8      16 sdb 28967604 368943 2594520922 62179260 54035932 355335724 14747244240 2104810056 155 18513888 2167062632
======================
   8      16 sdb 28967604 368943 2594520922 62179260 54036936 355335724 14747540176 2104954180 143 18514896 2167206804
======================
   8      16 sdb 28967604 368943 2594520922 62179260 54037871 355335725 14747817448 2105095796 138 18515900 2167350328
======================
   8      16 sdb 28967604 368943 2594520922 62179260 54038856 355335725 14748108520 2105241732 145 18516904 2167493724
======================
   8      16 sdb 28967604 368943 2594520922 62179260 54039800 355335725 14748390888 2105385136 129 18517908 2167636916
======================
   8      16 sdb 28967604 368943 2594520922 62179260 54040744 355335725 14748671208 2105528080 145 18518912 2167780884
======================
   8      16 sdb 28967604 368943 2594520922 62179260 54041702 355335725 14748959464 2105672668 147 18519916 2167924024
======================
   8      16 sdb 28967604 368943 2594520922 62179260 54042684 355335726 14749249280 2105815572 159 18520920 2168067748
======================
   8      16 sdb 28967604 368943 2594520922 62179260 54043672 355335727 14749541888 2105958428 131 18521920 2168210436
======================
   8      16 sdb 28967604 368943 2594520922 62179260 54044616 355335727 14749818368 2106105360 147 18522924 2168355480
======================
   8      16 sdb 28967604 368943 2594520922 62179260 54045637 355335727 14750120448 2106245932 150 18523928 2168499416
======================
   8      16 sdb 28967604 368943 2594520922 62179260 54046568 355335727 14750397440 2106389168 147 18524928 2168642924
======================
   8      16 sdb 28967604 368943 2594520922 62179260 54047515 355335728 14750682392 2106535984 152 18525932 2168789184
======================
   8      16 sdb 28967604 368943 2594520922 62179260 54048489 355335729 14750968600 2106680204 138 18526936 2168932856
======================
   8      16 sdb 28967604 368943 2594520922 62179260 54049431 355335729 14751252504 2106823780 156 18527940 2169076452
======================
   8      16 sdb 28967604 368943 2594520922 62179260 54050341 355335729 14751528728 2106963608 142 18528944 2169219832
======================
   8      16 sdb 28967604 368943 2594520922 62179260 54051283 355335729 14751811096 2107110220 128 18529944 2169363304
======================
   8      16 sdb 28967604 368943 2594520922 62179260 54052232 355335730 14752094512 2107254320 141 18530948 2169507536
======================
   8      16 sdb 28967604 368943 2594520922 62179260 54053158 355335730 14752375856 2107398204 143 18531956 2169652184
======================
   8      16 sdb 28967604 368943 2594520922 62179260 54054110 355335730 14752662064 2107544624 151 18532964 2169796876
======================
   8      16 sdb 28967604 368943 2594520922 62179260 54055050 355335730 14752945456 2107687756 139 18533972 2169940748
======================
   8      16 sdb 28967604 368943 2594520922 62179260 54055937 355335730 14753214768 2107824464 148 18534984 2170085768
======================
   8      16 sdb 28967604 368943 2594520922 62179260 54056940 355335731 14753517128 2107977168 139 18535988 2170231356
======================
   8      16 sdb 28967604 368943 2594520922 62179260 54057878 355335731 14753801288 2108122896 139 18536988 2170376296
======================
   8      16 sdb 28967604 368943 2594520922 62179260 54058806 355335731 14754081096 2108267684 139 18537992 2170520416
======================
   8      16 sdb 28967604 368943 2594520922 62179260 54059733 355335731 14754366024 2108411704 140 18538996 2170664544
======================
   8      16 sdb 28967604 368943 2594520922 62179260 54060708 355335731 14754656584 2108552992 157 18540000 2170807532
======================
   8      16 sdb 28967604 368943 2594520922 62179260 54061645 355335732 14754941024 2108698040 150 18541000 2170950984
======================
   8      16 sdb 28967604 368943 2594520922 62179260 54062579 355335732 14755222624 2108841608 144 18542004 2171094216
======================
   8      16 sdb 28967604 368943 2594520922 62179260 54063450 355335732 14755490656 2108983632 137 18543004 2171237356
======================
   8      16 sdb 28967604 368943 2594520922 62179260 54064308 355335732 14755756640 2109126320 143 18544008 2171380944
======================
   8      16 sdb 28967604 368943 2594520922 62179260 54065167 355335733 14756031328 2109270088 148 18545008 2171523488
======================
   8      16 sdb 28967604 368943 2594520922 62179260 54066068 355335734 14756300152 2109413600 145 18546016 2171667644
======================
   8      16 sdb 28967604 368943 2594520922 62179260 54066965 355335734 14756570232 2109558208 144 18547020 2171811324
======================
   8      16 sdb 28967604 368943 2594520922 62179260 54067857 355335734 14756836728 2109701560 148 18548028 2171955816
======================
   8      16 sdb 28967604 368943 2594520922 62179260 54068741 355335734 14757098104 2109843968 128 18549028 2172099256
======================
   8      16 sdb 28967604 368943 2594520922 62179260 54069622 355335735 14757362808 2109980436 157 18550032 2172234700
======================
   8      16 sdb 28967604 368943 2594520922 62179260 54070535 355335735 14757635984 2110125724 141 18551036 2172378356
======================
   8      16 sdb 28967604 368943 2594520922 62179260 54071436 355335735 14757907856 2110268268 136 18552044 2172521896
======================
   8      16 sdb 28967604 368943 2594520922 62179260 54072344 355335735 14758182032 2110417040 132 18553052 2172670656
======================
   8      16 sdb 28967604 368943 2594520922 62179260 54073254 355335735 14758453648 2110560896 150 18554056 2172814480
======================
   8      16 sdb 28967604 368943 2594520922 62179260 54074193 355335736 14758732176 2110710192 140 18555096 2172963028
======================
   8      16 sdb 28967604 368943 2594520922 62179260 54075075 355335737 14758994344 2110854652 155 18556100 2173106324
======================
   8      16 sdb 28967604 368943 2594520922 62179260 54076042 355335737 14759289000 2110996180 152 18557104 2173249380
