======================
   8      16 sdb 31918286 518450 2924801642 65494504 59242934 381738039 15785227536 2254275448 0 20228712 2319834172
======================
   8      16 sdb 31918286 518450 2924801642 65494504 59242934 381738039 15785227536 2254275448 0 20228712 2319834172
======================
   8      16 sdb 31918286 518450 2924801642 65494504 59242934 381738039 15785227536 2254275448 0 20228712 2319834172
======================
   8      16 sdb 31918286 518450 2924801642 65494504 59243950 381739056 15785727640 2254277280 0 20228808 2319836000
======================
   8      16 sdb 31918292 518450 2924801690 65494600 59246567 381739056 15787067544 2254341532 155 20229340 2319904508
======================
   8      16 sdb 31918296 518450 2924801722 65494776 59248466 381739056 15788039832 2254472000 152 20230344 2320036392
======================
   8      16 sdb 31918298 518450 2924801738 65494880 59249432 381739056 15788534424 2254539136 143 20231348 2320173524
======================
   8      16 sdb 31918302 518450 2924801770 65495132 59251037 381739056 15789356696 2254735568 146 20232348 2320301348
======================
   8      16 sdb 31918305 518450 2924801794 65495172 59252981 381739081 15790350704 2254879876 155 20233352 2320444692
======================
   8      16 sdb 31918309 518450 2924801826 65495248 59254903 381739081 15791334768 2255023152 153 20234356 2320587788
======================
   8      16 sdb 31918314 518450 2924801866 65495372 59256827 381739081 15792319856 2255164464 135 20235360 2320728624
======================
   8      16 sdb 31918317 518450 2924801890 65495432 59258755 381739095 15793306096 2255305516 112 20236364 2320870200
======================
   8      16 sdb 31918321 518450 2924801922 65495532 59260649 381739095 15794276336 2255444540 137 20237368 2321009716
======================
   8      16 sdb 31918326 518450 2924801962 65495660 59263127 381739124 15795544288 2255582324 135 20238372 2321146216
======================
   8      16 sdb 31918332 518450 2924802010 65495848 59265666 381739124 15796843752 2255713388 134 20239372 2321278036
======================
   8      16 sdb 31918336 518450 2924802042 65496008 59267645 381739124 15797857000 2255849892 128 20240376 2321414808
======================
   8      16 sdb 31918340 518450 2924802074 65496200 59269573 381739141 15798843264 2255983932 143 20241380 2321547416
======================
   8      16 sdb 31918344 518450 2924802106 65496388 59271500 381739141 15799829888 2256111788 144 20242384 2321677612
======================
   8      16 sdb 31918348 518450 2924802138 65496636 59273425 381739174 15800814744 2256235728 137 20243388 2321801916
======================
   8      16 sdb 31918352 518450 2924802170 65496916 59275330 381739174 15801790104 2256360448 127 20244392 2321926212
======================
   8      16 sdb 31918355 518450 2924802194 65497124 59277230 381739174 15802762904 2256487988 75 20245396 2322053140
======================
   8      16 sdb 31918360 518450 2924802234 65497420 59279166 381739174 15803754136 2256605676 143 20246400 2322172652
======================
   8      16 sdb 31918364 518450 2924802266 65497760 59281088 381739191 15804735312 2256720740 152 20247400 2322287760
======================
   8      16 sdb 31918368 518450 2924802298 65498048 59283020 381739222 15805723736 2256836984 149 20248396 2322403072
======================
   8      16 sdb 31918372 518450 2924802330 65498332 59284947 381739222 15806710360 2256961344 20 20249396 2322523784
======================
   8      16 sdb 31918376 518450 2924802362 65498604 59286857 381739222 15807688280 2257078076 121 20250400 2322645476
======================
   8      16 sdb 31918380 518450 2924802394 65498908 59288770 381739222 15808667736 2257194876 151 20251404 2322763472
======================
   8      16 sdb 31918384 518450 2924802426 65499204 59290679 381739222 15809645656 2257316356 130 20252408 2322883504
======================
   8      16 sdb 31918387 518450 2924802450 65499424 59292608 381739269 15810630144 2257438500 55 20253412 2323005432
======================
   8      16 sdb 31918392 518450 2924802490 65499736 59294533 381739269 15811616256 2257556072 138 20254412 2323125088
======================
   8      16 sdb 31918396 518450 2924802522 65500040 59296416 381739269 15812579840 2257674304 144 20255416 2323243096
======================
   8      16 sdb 31918400 518450 2924802554 65500356 59298372 381739269 15813581312 2257794188 156 20256420 2323363040
======================
   8      16 sdb 31918403 518450 2924802578 65500572 59300302 381739269 15814569984 2257919264 57 20257420 2323487248
======================
   8      16 sdb 31918408 518450 2924802618 65500880 59302210 381739316 15815543216 2258037040 148 20258424 2323607228
======================
   8      16 sdb 31918412 518450 2924802650 65501184 59304105 381739316 15816513456 2258154412 141 20259428 2323725556
======================
   8      16 sdb 31918416 518450 2924802682 65501492 59306026 381739316 15817497008 2258275720 135 20260432 2323844912
======================
   8      16 sdb 31918419 518450 2924802706 65501724 59307957 381739333 15818483296 2258399920 78 20261436 2323970008
======================
   8      16 sdb 31918424 518450 2924802746 65502020 59309885 381739333 15819470432 2258518348 128 20262440 2324089608
======================
   8      16 sdb 31918428 518450 2924802778 65502320 59311799 381739364 15820449640 2258629892 134 20263440 2324201552
======================
   8      16 sdb 31918431 518450 2924802802 65502548 59313542 381739364 15821342056 2258745380 111 20264444 2324327376
======================
   8      16 sdb 31918435 518450 2924802834 65502852 59315429 381739364 15822308200 2258872160 152 20265444 2324446640
======================
   8      16 sdb 31918440 518450 2924802874 65503160 59317363 381739376 15823298408 2258992800 143 20266440 2324563864
======================
   8      16 sdb 31918444 518450 2924802906 65503596 59319267 381739376 15824270328 2259078960 151 20267444 2324654124
======================
   8      16 sdb 31918447 518450 2924802930 65503624 59320977 381739408 15825145096 2259221528 154 20268448 2324797132
======================
   8      16 sdb 31918451 518450 2924802962 65503656 59322904 381739408 15826131720 2259366076 143 20269452 2324938800
======================
   8      16 sdb 31918454 518450 2924802986 65503700 59324831 381739408 15827118344 2259507696 126 20270456 2325080528
======================
   8      16 sdb 31918458 518450 2924803018 65503808 59326751 381739408 15828101384 2259647004 129 20271460 2325220044
======================
   8      16 sdb 31918462 518450 2924803050 65503900 59328662 381739422 15829079816 2259786952 125 20272464 2325359624
======================
   8      16 sdb 31918466 518450 2924803082 65504076 59330381 381739456 15829956800 2259919528 147 20273468 2325493048
======================
   8      16 sdb 31918470 518450 2924803114 65504240 59332281 381739456 15830929096 2260058172 136 20274472 2325631352
======================
   8      16 sdb 31918475 518450 2924803154 65504448 59334211 381739456 15831917768 2260185352 138 20275476 2325759132
======================
   8      16 sdb 31918479 518450 2924803186 65504632 59336134 381739456 15832901832 2260321284 130 20276476 2325895296
======================
   8      16 sdb 31918482 518450 2924803210 65504764 59337815 381739456 15833762504 2260458936 142 20277480 2326033052
======================
   8      16 sdb 31918485 518450 2924803234 65504780 59339687 381739524 15834714960 2260598668 139 20278484 2326175684
======================
   8      16 sdb 31918490 518450 2924803274 65504888 59341430 381739524 15835607376 2260742784 138 20279488 2326316456
======================
   8      16 sdb 31918494 518450 2924803306 65504952 59343342 381739524 15836586320 2260883900 131 20280496 2326458784
======================
   8      16 sdb 31918497 518450 2924803330 65505016 59345237 381739524 15837556560 2261023316 157 20281500 2326600756
======================
   8      16 sdb 31918501 518450 2924803362 65505140 59346927 381739524 15838421840 2261165700 156 20282500 2326740016
======================
   8      16 sdb 31918505 518450 2924803394 65505252 59348854 381739556 15839407712 2261301540 147 20283504 2326877500
======================
   8      16 sdb 31918509 518450 2924803426 65505412 59350775 381739556 15840391264 2261438180 155 20284508 2327013096
======================
   8      16 sdb 31918512 518450 2924803450 65505608 59352463 381739556 15841255520 2261572676 146 20285512 2327148404
======================
   8      16 sdb 31918516 518450 2924803482 65505804 59354381 381739556 15842237536 2261704416 155 20286516 2327279792
======================
   8      16 sdb 31918521 518450 2924803522 65506040 59356295 381739567 15843214064 2261833564 145 20287520 2327409084
======================
   8      16 sdb 31918524 518450 2924803546 65506228 59358201 381739603 15844189216 2261962968 68 20288536 2327537280
======================
   8      16 sdb 31918529 518450 2924803586 65506508 59360127 381739603 15845175328 2262082748 138 20289540 2327659076
======================
   8      16 sdb 31918533 518450 2924803618 65506784 59362048 381739603 15846158880 2262201564 129 20290544 2327778104
======================
   8      16 sdb 31918536 518450 2924803642 65507012 59363721 381739603 15847015456 2262327944 148 20291548 2327904912
======================
   8      16 sdb 31918540 518450 2924803674 65507032 59365648 381739618 15847999576 2262469908 145 20292548 2328046368
======================
   8      16 sdb 31918544 518450 2924803706 65507092 59367316 381739649 15848851928 2262610700 130 20293552 2328188260
======================
   8      16 sdb 31918548 518450 2924803738 65507264 59369056 381739649 15849742304 2262749152 138 20294556 2328328680
======================
   8      16 sdb 31918551 518450 2924803762 65507324 59370868 381739649 15850670048 2262892216 144 20295560 2328470004
======================
   8      16 sdb 31918555 518450 2924803794 65507436 59372576 381739649 15851544544 2263032216 130 20296564 2328609136
======================
   8      16 sdb 31918558 518450 2924803818 65507528 59374485 381739649 15852521952 2263172652 140 20297568 2328749976
======================
   8      16 sdb 31918563 518450 2924803858 65507792 59376148 381739683 15853373176 2263300520 128 20298572 2328876768
======================
   8      16 sdb 31918566 518450 2924803882 65507916 59378082 381739692 15854359424 2263435188 155 20299576 2329012748
======================
   8      16 sdb 31918570 518450 2924803914 65508152 59379813 381739692 15855245696 2263563688 150 20300580 2329143728
======================
   8      16 sdb 31918573 518450 2924803938 65508316 59381684 381739692 15856203648 2263700140 108 20301584 2329277948
======================
   8      16 sdb 31918578 518450 2924803978 65508580 59383570 381739705 15857165352 2263822668 130 20302584 2329400548
======================
   8      16 sdb 31918581 518450 2924804002 65508764 59385233 381739738 15858016568 2263952708 156 20303588 2329531408
======================
   8      16 sdb 31918585 518450 2924804034 65508776 59387160 381739738 15859003200 2264095336 146 20304592 2329674116
======================
   8      16 sdb 31918589 518450 2924804066 65508816 59389085 381739738 15859988288 2264238092 140 20305596 2329817120
======================
   8      16 sdb 31918593 518450 2924804098 65508916 59390789 381739738 15860860736 2264377776 152 20306600 2329958004
======================
   8      16 sdb 31918597 518450 2924804130 65509008 59392663 381739738 15861820224 2264520016 130 20307604 2330098932
======================
   8      16 sdb 31918601 518450 2924804162 65509112 59394595 381739784 15862805744 2264658712 138 20308604 2330237892
======================
   8      16 sdb 31918604 518450 2924804186 65509248 59396264 381739784 15863659768 2264796296 144 20309608 2330375436
======================
   8      16 sdb 31918608 518450 2924804218 65509412 59398164 381739784 15864632568 2264928952 63 20310612 2330506444
======================
   8      16 sdb 31918612 518450 2924804250 65509652 59399853 381739784 15865497336 2265060236 150 20311616 2330640080
======================
   8      16 sdb 31918616 518450 2924804282 65509848 59401748 381739784 15866467576 2265196664 150 20312620 2330774412
======================
   8      16 sdb 31918619 518450 2924804306 65509964 59403658 381739853 15867438488 2265327308 149 20313624 2330906648
======================
   8      16 sdb 31918622 518450 2924804330 65510196 59405340 381739853 15868299672 2265454912 38 20314632 2331032560
======================
   8      16 sdb 31918627 518450 2924804370 65510488 59407265 381739853 15869285272 2265576656 136 20315636 2331157388
======================
   8      16 sdb 31918631 518450 2924804402 65510848 59408991 381739853 15870168984 2265703568 58 20316640 2331279764
======================
   8      16 sdb 31918634 518450 2924804426 65510856 59410850 381739853 15871120792 2265840972 155 20317644 2331422244
======================
   8      16 sdb 31918638 518450 2924804458 65510888 59412721 381739884 15872077984 2265980100 131 20318648 2331562396
======================
   8      16 sdb 31918642 518450 2924804490 65510960 59414338 381739884 15872905888 2266117476 133 20319652 2331703912
======================
   8      16 sdb 31918646 518450 2924804522 65511032 59416225 381739884 15873872032 2266262412 154 20320656 2331844908
======================
   8      16 sdb 31918650 518450 2924804554 65511124 59418150 381739884 15874857632 2266405072 150 20321660 2331986464
======================
   8      16 sdb 31918653 518450 2924804578 65511180 59420076 381739898 15875841336 2266543564 154 20322660 2332124468
======================
   8      16 sdb 31918658 518450 2924804618 65511456 59421755 381739932 15876700248 2266670176 145 20323668 2332252360
======================
   8      16 sdb 31918661 518450 2924804642 65511576 59423647 381739932 15877668952 2266808992 130 20324668 2332390584
======================
   8      16 sdb 31918665 518450 2924804674 65511752 59425558 381739932 15878647384 2266944004 146 20325672 2332525876
======================
   8      16 sdb 31918668 518450 2924804698 65511896 59427374 381739932 15879577176 2267074956 61 20326676 2332657424
======================
   8      16 sdb 31918673 518450 2924804738 65512204 59429111 381739946 15880463104 2267199188 133 20327680 2332781340
======================
   8      16 sdb 31918677 518450 2924804770 65512452 59431060 381739978 15881460240 2267327148 128 20328684 2332908364
======================
   8      16 sdb 31918680 518450 2924804794 65512644 59432983 381739978 15882444816 2267455856 109 20329688 2333038596
======================
   8      16 sdb 31918684 518450 2924804826 65512924 59434905 381739978 15883428880 2267578604 131 20330688 2333161840
======================
   8      16 sdb 31918688 518450 2924804858 65513156 59436639 381739978 15884316688 2267697996 21 20331692 2333278900
======================
   8      16 sdb 31918692 518450 2924804890 65513332 59438432 381739978 15885234704 2267832996 131 20332696 2333416832
======================
   8      16 sdb 31918696 518450 2924804922 65513364 59440365 381740024 15886221744 2267975500 147 20333700 2333559284
======================
   8      16 sdb 31918700 518450 2924804954 65513400 59442290 381740024 15887206840 2268115840 152 20334700 2333701716
======================
   8      16 sdb 31918704 518450 2924804986 65513480 59444218 381740024 15888193976 2268257464 129 20335704 2333840896
======================
   8      16 sdb 31918708 518450 2924805018 65513588 59445934 381740024 15889072568 2268396728 130 20336708 2333980948
======================
   8      16 sdb 31918712 518450 2924805050 65513700 59447847 381740024 15890052024 2268537740 149 20337712 2334120992
======================
   8      16 sdb 31918715 518450 2924805074 65513800 59449776 381740071 15891036520 2268676052 130 20338724 2334259784
======================
   8      16 sdb 31918720 518450 2924805114 65513980 59451674 381740071 15892008296 2268806936 139 20339728 2334390956
======================
   8      16 sdb 31918723 518450 2924805138 65514208 59453355 381740071 15892868968 2268942908 136 20340732 2334527240
======================
   8      16 sdb 31918727 518450 2924805170 65514452 59455085 381740086 15893751824 2269075852 153 20341736 2334659660
======================
   8      16 sdb 31918730 518450 2924805194 65514616 59456956 381740086 15894709776 2269207688 137 20342740 2334792496
======================
   8      16 sdb 31918734 518450 2924805226 65514856 59458882 381740117 15895695632 2269332968 135 20343744 2334918200
======================
   8      16 sdb 31918739 518450 2924805266 65515152 59460800 381740117 15896677656 2269454536 142 20344748 2335037976
======================
   8      16 sdb 31918742 518450 2924805290 65515368 59462716 381740117 15897658136 2269577996 94 20345748 2335162712
======================
   8      16 sdb 31918746 518450 2924805322 65515672 59464615 381740117 15898630424 2269698640 148 20346752 2335284276
======================
   8      16 sdb 31918750 518450 2924805354 65515968 59466546 381740131 15899616688 2269818580 134 20347756 2335404524
======================
   8      16 sdb 31918755 518450 2924805394 65516304 59468460 381740164 15900595912 2269936624 142 20348756 2335520672
======================
   8      16 sdb 31918758 518450 2924805418 65516476 59470191 381740164 15901482184 2270065952 128 20349760 2335652452
======================
   8      16 sdb 31918762 518450 2924805450 65516500 59472118 381740164 15902468808 2270207624 149 20350764 2335794524
======================
   8      16 sdb 31918766 518450 2924805482 65516540 59474039 381740164 15903452360 2270350084 144 20351768 2335936736
======================
   8      16 sdb 31918770 518450 2924805514 65516632 59475946 381740178 15904426336 2270490328 144 20352772 2336077204
======================
   8      16 sdb 31918774 518450 2924805546 65516880 59477562 381740213 15905253000 2270624536 136 20353780 2336213344
======================
   8      16 sdb 31918777 518450 2924805570 65516892 59479517 381740213 15906253960 2270766628 130 20354784 2336355796
======================
   8      16 sdb 31918781 518450 2924805602 65516932 59481231 381740213 15907131528 2270909692 140 20355788 2336497580
======================
   8      16 sdb 31918784 518450 2924805626 65516984 59483130 381740213 15908103816 2271051216 155 20356788 2336638124
======================
   8      16 sdb 31918790 518450 2924805674 65517248 59484832 381740213 15908975240 2271175660 211 20357792 2336812620
======================
   8      16 sdb 31918793 518450 2924805698 65517476 59486760 381740242 15909961600 2271376524 98 20358796 2336964140
======================
   8      16 sdb 31918797 518450 2924805730 65517804 59488650 381740242 15910929280 2271493500 155 20359800 2337083312
======================
   8      16 sdb 31918802 518450 2924805770 65518136 59490588 381740242 15911921536 2271611576 135 20360804 2337200136
======================
   8      16 sdb 31918806 518450 2924805802 65518448 59492498 381740242 15912899456 2271734184 119 20361808 2337318208
======================
   8      16 sdb 31918809 518450 2924805826 65518672 59494424 381740242 15913885568 2271854364 114 20362808 2337443488
======================
   8      16 sdb 31918813 518450 2924805858 65518952 59496346 381740268 15914868832 2271969960 138 20363812 2337559624
======================
   8      16 sdb 31918818 518450 2924805898 65519304 59498269 381740268 15915853408 2272085240 148 20364816 2337674896
======================
   8      16 sdb 31918821 518450 2924805922 65519528 59500167 381740268 15916825184 2272208568 21 20365820 2337794800
======================
   8      16 sdb 31918825 518450 2924805954 65519828 59502120 381740268 15917825120 2272328112 116 20366824 2337918388
======================
   8      16 sdb 31918829 518450 2924805986 65520124 59504028 381740268 15918802016 2272446692 152 20367824 2338037524
======================
   8      16 sdb 31918831 518450 2924806002 65520272 59505349 381740375 15919466104 2272526736 0 20368512 2338112340
======================
   8      16 sdb 31918831 518450 2924806002 65520272 59505349 381740375 15919466104 2272526736 0 20368512 2338112340
======================
   8      16 sdb 31918831 518450 2924806002 65520272 59505349 381740375 15919466104 2272526736 0 20368512 2338112340
======================
   8      16 sdb 31918831 518450 2924806002 65520272 59505349 381740375 15919466104 2272526736 0 20368512 2338112340
======================
   8      16 sdb 31918831 518450 2924806002 65520272 59505349 381740375 15919466104 2272526736 0 20368512 2338112340
started
======================
   8      16 sdb 31918831 518450 2924806002 65520272 59505349 381740375 15919466104 2272526736 0 20368512 2338112340
======================
   8      16 sdb 31919869 518504 2925056410 65524388 59505349 381740375 15919466104 2272526736 33 20368764 2338121136
======================
   8      16 sdb 31923590 518563 2926024090 65553784 59505349 381740375 15919466104 2272526736 32 20369768 2338153984
======================
   8      16 sdb 31927316 518621 2926992794 65586356 59505349 381740375 15919466104 2272526736 33 20370768 2338186712
======================
   8      16 sdb 31931088 518681 2927973530 65619476 59505349 381740375 15919466104 2272526736 33 20371772 2338219500
======================
   8      16 sdb 31934885 518740 2928960666 65652160 59505349 381740375 15919466104 2272526736 32 20372776 2338252372
======================
   8      16 sdb 31938682 518799 2929947802 65684808 59505349 381740375 15919466104 2272526736 33 20373780 2338285252
======================
   8      16 sdb 31942442 518858 2930925218 65717832 59505351 381740378 15919466144 2272526736 32 20374780 2338317984
======================
   8      16 sdb 31946235 518917 2931911330 65750492 59505351 381740378 15919466144 2272526736 33 20375784 2338350864
======================
   8      16 sdb 31949956 518976 2932878754 65783400 59505351 381740378 15919466144 2272526736 33 20376788 2338383748
======================
   8      16 sdb 31953677 519034 2933846178 65816052 59505351 381740378 15919466144 2272526736 33 20377788 2338416476
======================
   8      16 sdb 31957469 519094 2934832290 65849216 59505351 381740378 15919466144 2272526736 32 20378792 2338449316
======================
   8      16 sdb 31961277 519153 2935821986 65881968 59505351 381740378 15919466144 2272526736 33 20379796 2338482188
======================
   8      16 sdb 31965080 519212 2936810658 65914712 59505351 381740378 15919466144 2272526736 33 20380796 2338514900
======================
   8      16 sdb 31968884 519271 2937799586 65947416 59505351 381740378 15919466144 2272526736 33 20381800 2338547788
======================
   8      16 sdb 31972681 519330 2938786722 65980100 59505351 381740378 15919466144 2272526736 33 20382800 2338580480
======================
   8      16 sdb 31976426 519389 2939760290 66013244 59505351 381740378 15919466144 2272526736 33 20383804 2338613324
======================
   8      16 sdb 31980513 519448 2940815522 66045804 59505351 381740378 15919466144 2272526736 33 20384804 2338645964
======================
   8      16 sdb 31984365 519507 2941814946 66078400 59505351 381740378 15919466144 2272526736 33 20385808 2338678804
======================
   8      16 sdb 31988118 519566 2942790818 66111124 59505351 381740378 15919466144 2272526736 32 20386812 2338711660
======================
   8      16 sdb 31991921 519626 2943779746 66144380 59505351 381740378 15919466144 2272526736 33 20387812 2338744372
======================
   8      16 sdb 31995726 519685 2944768930 66177112 59505351 381740378 15919466144 2272526736 32 20388816 2338777220
======================
   8      16 sdb 31999537 519744 2945759138 66209848 59505351 381740378 15919466144 2272526736 33 20389816 2338809956
======================
   8      16 sdb 32003277 519803 2946731682 66242704 59505351 381740378 15919466144 2272526736 33 20390820 2338842848
======================
   8      16 sdb 32006993 519862 2947698082 66275652 59505351 381740378 15919466144 2272526736 32 20391824 2338875724
======================
   8      16 sdb 32010797 519921 2948686754 66308364 59505351 381740378 15919466144 2272526736 32 20392824 2338908444
======================
   8      16 sdb 32014611 519980 2949678242 66341120 59505351 381740378 15919466144 2272526736 33 20393828 2338941304
======================
   8      16 sdb 32018407 520039 2950664610 66373792 59505351 381740378 15919466144 2272526736 33 20394828 2338974016
======================
   8      16 sdb 32022219 520098 2951655586 66406484 59505351 381740378 15919466144 2272526736 32 20395832 2339006872
======================
   8      16 sdb 32026005 520157 2952639906 66439216 59505351 381740378 15919466144 2272526736 33 20396836 2339039716
======================
   8      16 sdb 32029738 520216 2953610146 66472100 59505351 381740378 15919466144 2272526736 33 20397836 2339072472
======================
   8      16 sdb 32033467 520275 2954579618 66505124 59505351 381740378 15919466144 2272526736 33 20398840 2339105336
======================
   8      16 sdb 32037273 520334 2955566754 66537856 59505351 381740378 15919466144 2272526736 32 20399840 2339138052
======================
   8      16 sdb 32041193 520393 2956581538 66570608 59505351 381740378 15919466144 2272526736 32 20400844 2339170900
======================
   8      16 sdb 32045033 520452 2957578402 66603312 59505351 381740378 15919466144 2272526736 33 20401848 2339203752
======================
   8      16 sdb 32048828 520512 2958565026 66636524 59505351 381740378 15919466144 2272526736 33 20402848 2339236508
======================
   8      16 sdb 32052637 520571 2959555234 66669284 59505351 381740378 15919466144 2272526736 33 20403852 2339269388
======================
   8      16 sdb 32056385 520629 2960529570 66702000 59505352 381740380 15919466168 2272526736 32 20404852 2339302144
======================
   8      16 sdb 32060120 520687 2961500578 66734540 59505352 381740380 15919466168 2272526736 33 20405856 2339335044
======================
   8      16 sdb 32063908 520746 2962485410 66767588 59505352 381740380 15919466168 2272526736 33 20406856 2339367828
======================
   8      16 sdb 32067712 520805 2963474338 66800384 59505352 381740380 15919466168 2272526736 33 20407860 2339400680
======================
   8      16 sdb 32071521 520864 2964464546 66833056 59505352 381740380 15919466168 2272526736 33 20408860 2339433404
======================
   8      16 sdb 32075322 520924 2965452962 66866260 59505352 381740380 15919466168 2272526736 33 20409864 2339466240
======================
   8      16 sdb 32079130 520983 2966442658 66899032 59505352 381740380 15919466168 2272526736 32 20410864 2339498996
======================
   8      16 sdb 32082863 521042 2967413410 66931808 59505352 381740380 15919466168 2272526736 33 20411868 2339531836
======================
   8      16 sdb 32086597 521100 2968384162 66964088 59505352 381740380 15919466168 2272526736 33 20412872 2339564648
======================
   8      16 sdb 32090399 521159 2969372322 66997240 59505352 381740380 15919466168 2272526736 33 20413872 2339597388
======================
   8      16 sdb 32094268 521218 2970376610 67029932 59505352 381740380 15919466168 2272526736 32 20414876 2339630268
======================
   8      16 sdb 32098185 521278 2971390626 67062580 59505352 381740380 15919466168 2272526736 33 20415876 2339663260
======================
   8      16 sdb 32102013 521337 2972384162 67096792 59505352 381740380 15919466168 2272526736 33 20416880 2339696812
======================
   8      16 sdb 32105856 521396 2973382050 67129444 59505352 381740380 15919466168 2272526736 32 20417884 2339729676
======================
   8      16 sdb 32109641 521456 2974366114 67162640 59505352 381740380 15919466168 2272526736 33 20418888 2339762508
======================
   8      16 sdb 32113372 521515 2975336098 67195484 59505352 381740380 15919466168 2272526736 31 20419892 2339795352
======================
   8      16 sdb 32117110 521573 2976307874 67228000 59505352 381740380 15919466168 2272526736 32 20420896 2339828196
======================
   8      16 sdb 32120913 521632 2977296546 67260712 59505352 381740380 15919466168 2272526736 33 20421900 2339861080
======================
   8      16 sdb 32124713 521692 2978284706 67293956 59505352 381740380 15919466168 2272526736 32 20422900 2339893796
======================
   8      16 sdb 32128521 521751 2979274658 67326652 59505352 381740380 15919466168 2272526736 33 20423904 2339926608
======================
   8      16 sdb 32132326 521810 2980263586 67359364 59505352 381740380 15919466168 2272526736 33 20424908 2339959472
======================
   8      16 sdb 32136127 521869 2981251746 67392072 59505352 381740380 15919466168 2272526736 33 20425912 2339992328
======================
   8      16 sdb 32139845 521928 2982218658 67424960 59505352 381740380 15919466168 2272526736 33 20426912 2340025060
======================
   8      16 sdb 32143602 521987 2983195554 67457728 59505352 381740380 15919466168 2272526736 33 20427916 2340057892
======================
   8      16 sdb 32147401 522046 2984182946 67490372 59505352 381740380 15919466168 2272526736 33 20428920 2340090760
======================
   8      16 sdb 32149717 522082 2984791970 67518880 59505352 381740380 15919466168 2272526736 0 20429544 2340110852
