======================
   8      16 sdb 32504897 525732 3106412642 73552760 60640325 381750953 16500035696 2344178080 0 21135340 2417799976
======================
   8      16 sdb 32504897 525732 3106412642 73552760 60640325 381750953 16500035696 2344178080 0 21135340 2417799976
======================
   8      16 sdb 32504933 525732 3106412930 73552760 60640325 381750953 16500035696 2344178080 0 21135340 2417799976
======================
   8      16 sdb 32504933 525732 3106412930 73552760 60640325 381750953 16500035696 2344178080 0 21135340 2417799976
======================
   8      16 sdb 32504933 525732 3106412930 73552760 60640329 381751097 16500036880 2344178080 0 21135340 2417799976
======================
   8      16 sdb 32504933 525732 3106412930 73552760 60640329 381751097 16500036880 2344178080 0 21135340 2417799976
======================
   8      16 sdb 32504933 525732 3106412930 73552760 60640329 381751097 16500036880 2344178080 0 21135340 2417799976
======================
started
   8      16 sdb 32504933 525732 3106412930 73552760 60640376 381751196 16500038040 2344178260 0 21135344 2417800156
======================
   8      16 sdb 32504971 525732 3106413234 73552788 60640376 381751196 16500038040 2344178260 0 21135348 2417800184
======================
   8      16 sdb 32504975 525732 3106413266 73552876 60641916 381751196 16500825808 2344202052 148 21135592 2417825188
======================
   8      16 sdb 32504981 525732 3106413314 73553200 60645210 381751219 16502500264 2344349304 151 21136828 2417976136
======================
   8      16 sdb 32504987 525732 3106413362 73553524 60647624 381751219 16503735664 2344468248 137 21137852 2418095788
======================
   8      16 sdb 32504991 525732 3106413394 73553856 60649600 381751219 16504747376 2344586704 142 21138864 2418214672
======================
   8      16 sdb 32504996 525732 3106413434 73554180 60651527 381751248 16505733224 2344709476 136 21139868 2418334636
======================
   8      16 sdb 32504999 525732 3106413458 73554412 60653428 381751248 16506706232 2344830792 86 21140868 2418458640
======================
   8      16 sdb 32505004 525732 3106413498 73554732 60655325 381751248 16507677496 2344948008 152 21141868 2418577052
======================
   8      16 sdb 32505008 525732 3106413530 73555036 60657244 381751248 16508660024 2345064828 153 21142864 2418694328
======================
   8      16 sdb 32505012 525732 3106413562 73555316 60659117 381751248 16509619000 2345186328 159 21143864 2418815144
======================
   8      16 sdb 32505015 525732 3106413586 73555480 60661092 381751273 16510629896 2345318100 55 21144864 2418945868
======================
   8      16 sdb 32505020 525732 3106413626 73555804 60663015 381751273 16511613968 2345435744 156 21145868 2419065652
======================
   8      16 sdb 32505024 525732 3106413658 73556108 60664938 381751273 16512598544 2345552768 155 21146872 2419183320
======================
   8      16 sdb 32505028 525732 3106413690 73556416 60666858 381751273 16513581584 2345673584 157 21147872 2419302676
======================
   8      16 sdb 32505031 525732 3106413714 73556652 60668754 381751273 16514552848 2345796560 74 21148872 2419426316
======================
   8      16 sdb 32505035 525732 3106413746 73556900 60670674 381751297 16515534976 2345915656 152 21149876 2419547080
======================
   8      16 sdb 32505040 525732 3106413786 73557212 60672600 381751297 16516519328 2346029956 136 21150872 2419661420
======================
   8      16 sdb 32505044 525732 3106413818 73557504 60674523 381751297 16517502320 2346149620 133 21151876 2419781652
======================
   8      16 sdb 32505048 525732 3106413850 73557808 60676441 381751297 16518483712 2346269520 131 21152876 2419900952
======================
   8      16 sdb 32505052 525732 3106413882 73558056 60678365 381751297 16519468872 2346391752 42 21153880 2420021468
======================
   8      16 sdb 32505056 525732 3106413914 73558368 60680217 381751329 16520416160 2346504112 148 21154880 2420138172
======================
   8      16 sdb 32505060 525732 3106413946 73558660 60682336 381751359 16521404336 2346622580 138 21155884 2420257620
======================
   8      16 sdb 32505064 525732 3106413978 73558932 60684226 381751359 16522371416 2346744092 131 21156880 2420378224
======================
   8      16 sdb 32505069 525732 3106414018 73559244 60686198 381751359 16523381080 2346867368 13 21157880 2420495620
======================
   8      16 sdb 32505072 525732 3106414042 73559464 60688098 381751359 16524354392 2346985888 134 21158880 2420619008
======================
   8      16 sdb 32505076 525732 3106414074 73559764 60690052 381751392 16525353480 2347102884 150 21159884 2420736888
======================
   8      16 sdb 32505080 525732 3106414106 73560060 60691980 381751392 16526339152 2347223180 136 21160888 2420857400
======================
   8      16 sdb 32505084 525732 3106414138 73560312 60693901 381751392 16527321416 2347346164 6 21161888 2420975860
======================
   8      16 sdb 32505088 525732 3106414170 73560636 60695798 381751392 16528291528 2347462800 139 21162888 2421097804
======================
   8      16 sdb 32505092 525732 3106414202 73560932 60697716 381751475 16529265840 2347578916 132 21163888 2421213816
======================
   8      16 sdb 32505096 525732 3106414234 73561232 60699635 381751517 16530247240 2347697408 152 21164892 2421332236
======================
   8      16 sdb 32505101 525732 3106414274 73561536 60701636 381751571 16531233088 2347817888 133 21165888 2421448412
======================
   8      16 sdb 32505104 525732 3106414298 73561772 60703555 381751571 16532214656 2347936520 97 21166888 2421571884
======================
   8      16 sdb 32505108 525732 3106414330 73562080 60705480 381751571 16533198968 2348055976 135 21167884 2421692072
======================
   8      16 sdb 32505112 525732 3106414362 73562392 60707393 381751571 16534177272 2348175012 157 21168884 2421811396
======================
   8      16 sdb 32505116 525732 3106414394 73562624 60709225 381751617 16535115000 2348297544 73 21169880 2421929084
======================
   8      16 sdb 32505121 525732 3106414434 73562992 60711193 381751617 16536120440 2348403060 149 21170884 2422039936
======================
   8      16 sdb 32505125 525732 3106414466 73563296 60713141 381751617 16537116848 2348522108 129 21171880 2422159264
======================
   8      16 sdb 32505129 525732 3106414498 73563576 60715067 381751617 16538101792 2348642396 129 21172884 2422279488
======================
   8      16 sdb 32505133 525732 3106414530 73563816 60716987 381751617 16539084072 2348765192 3 21173888 2422398072
======================
   8      16 sdb 32505137 525732 3106414562 73564124 60718912 381751668 16540068072 2348881972 122 21174884 2422515168
======================
   8      16 sdb 32505141 525732 3106414594 73564420 60720834 381751668 16541050768 2348996648 128 21175888 2422635328
======================
   8      16 sdb 32505145 525732 3106414626 73564728 60722731 381751668 16542021520 2349116972 155 21176888 2422755320
======================
   8      16 sdb 32505149 525732 3106414658 73564968 60724640 381751668 16542997976 2349239696 44 21177884 2422876224
======================
   8      16 sdb 32505153 525732 3106414690 73565272 60726561 381751668 16543980304 2349356548 147 21178884 2422995572
======================
   8      16 sdb 32505157 525732 3106414722 73565576 60728481 381751717 16544962408 2349472564 156 21179884 2423109336
======================
   8      16 sdb 32505161 525732 3106414754 73565880 60730406 381751717 16545946336 2349590656 152 21180884 2423229124
======================
   8      16 sdb 32505165 525732 3106414786 73566108 60732334 381751717 16546932224 2349711776 32 21181876 2423348768
======================
   8      16 sdb 32505169 525732 3106414818 73566424 60734302 381751741 16547913344 2349828820 150 21182880 2423469536
======================
   8      16 sdb 32505173 525732 3106414850 73566728 60736206 381751741 16548887328 2349947824 137 21183880 2423588500
======================
   8      16 sdb 32505177 525732 3106414882 73567032 60738107 381751786 16549859528 2350070096 133 21184880 2423707996
======================
   8      16 sdb 32505181 525732 3106414914 73567284 60740030 381751786 16550842432 2350189184 112 21185876 2423829940
======================
   8      16 sdb 32505185 525732 3106414946 73567580 60741961 381751786 16551830344 2350307284 137 21186884 2423948688
======================
   8      16 sdb 32505189 525732 3106414978 73567876 60743923 381751786 16552833384 2350429348 135 21187908 2424071468
======================
   8      16 sdb 32505193 525732 3106415010 73568192 60745892 381751786 16553840648 2350552580 129 21188932 2424194368
======================
   8      16 sdb 32505198 525732 3106415050 73568508 60747833 381751832 16554833288 2350668380 155 21189948 2424306824
======================
   8      16 sdb 32505201 525732 3106415074 73568752 60749752 381751832 16555814864 2350786584 115 21190960 2424430516
======================
   8      16 sdb 32505205 525732 3106415106 73568996 60751655 381751832 16556787984 2350917024 130 21191956 2424560900
======================
   8      16 sdb 32505209 525732 3106415138 73569016 60753578 381751832 16557771992 2351055800 151 21192960 2424703332
======================
   8      16 sdb 32505214 525732 3106415178 73569084 60755538 381751959 16558757224 2351201992 131 21193964 2424845716
======================
   8      16 sdb 32505217 525732 3106415202 73569136 60757420 381752006 16559719792 2351346188 156 21194968 2424989140
======================
   8      16 sdb 32505220 525732 3106415226 73569192 60759024 381752006 16560539512 2351458464 106 21195972 2425123104
