======================
   8      32 sdc 1700445 12508 249480844 11598428 19554341 478734367 8348290072 591607880 0 34549064 604212900
======================
   8      32 sdc 1700445 12508 249480844 11598428 19554341 478734367 8348290072 591607880 0 34549064 604212900
======================
   8      32 sdc 1700448 12508 249480868 11598472 19554341 478734367 8348290072 591607880 0 34549108 604212944
======================
   8      32 sdc 1700448 12508 249480868 11598472 19554341 478734367 8348290072 591607880 0 34549108 604212944
======================
   8      32 sdc 1700448 12508 249480868 11598472 19554341 478734367 8348290072 591607880 0 34549108 604212944
======================
   8      32 sdc 1700448 12508 249480868 11598472 19554341 478734367 8348290072 591607880 0 34549108 604212944
======================
   8      32 sdc 1700448 12508 249480868 11598472 19554341 478734367 8348290072 591607880 0 34549108 604212944
======================
   8      32 sdc 1700448 12508 249480868 11598472 19554357 478734383 8348290320 591607880 0 34549108 604212944
started
======================
   8      32 sdc 1700451 12508 249480892 11598472 19554357 478734383 8348290320 591607880 0 34549108 604212944
======================
   8      32 sdc 1700455 12508 249480924 11598472 19554357 478734383 8348290320 591607880 0 34549108 604212944
======================
   8      32 sdc 1700455 12508 249480924 11598472 19554357 478734383 8348290320 591607880 0 34549108 604212944
======================
   8      32 sdc 1700456 12508 249480932 11598496 19554909 478734387 8348572168 591613712 135 34549180 604219324
======================
   8      32 sdc 1700456 12508 249480932 11598496 19555507 478734391 8348876400 591619700 0 34549224 604224780
======================
   8      32 sdc 1700456 12508 249480932 11598496 19555507 478734391 8348876400 591619700 0 34549224 604224780
======================
   8      32 sdc 1700456 12508 249480932 11598496 19555509 478734402 8348876504 591619700 0 34549224 604224780
======================
   8      32 sdc 1700456 12508 249480932 11598496 19555509 478734402 8348876504 591619700 0 34549224 604224780
======================
   8      32 sdc 1700456 12508 249480932 11598496 19555509 478734402 8348876504 591619700 0 34549224 604224780
======================
   8      32 sdc 1700456 12508 249480932 11598496 19557430 478734402 8349860056 591728748 156 34550200 604350384
======================
   8      32 sdc 1700456 12508 249480932 11598496 19557913 478734402 8350107352 591872920 153 34551204 604494896
======================
   8      32 sdc 1700456 12508 249480932 11598496 19558547 478734412 8350431032 592001368 149 34552208 604622052
======================
   8      32 sdc 1700456 12508 249480932 11598496 19559216 478734412 8350773560 592145472 152 34553212 604765596
======================
   8      32 sdc 1700456 12508 249480932 11598496 19559860 478734412 8351103288 592286152 148 34554216 604909312
======================
   8      32 sdc 1700456 12508 249480932 11598496 19560488 478734412 8351424824 592431076 128 34555216 605052444
======================
   8      32 sdc 1700456 12508 249480932 11598496 19561131 478734412 8351754040 592574980 157 34556220 605196076
======================
   8      32 sdc 1700457 12508 249480940 11598596 19561780 478734424 8352085416 592715124 132 34557224 605336348
======================
   8      32 sdc 1700457 12508 249480940 11598596 19562411 478734424 8352408488 592857048 141 34558224 605479028
======================
   8      32 sdc 1700457 12508 249480940 11598596 19563047 478734424 8352734120 592999704 145 34559228 605622120
======================
   8      32 sdc 1700457 12508 249480940 11598596 19563679 478734424 8353057704 593144060 153 34560232 605765016
======================
   8      32 sdc 1700457 12508 249480940 11598596 19564330 478734424 8353391016 593287468 142 34561236 605908420
======================
   8      32 sdc 1700457 12508 249480940 11598596 19564918 478734439 8353691184 593414164 141 34562240 606046248
======================
   8      32 sdc 1700457 12508 249480940 11598596 19565603 478734439 8354041904 593567316 128 34563244 606189012
======================
   8      32 sdc 1700457 12508 249480940 11598596 19566266 478734439 8354381360 593712616 137 34564252 606333088
======================
   8      32 sdc 1700457 12508 249480940 11598596 19566914 478734439 8354713136 593858560 129 34565252 606476728
======================
   8      32 sdc 1700457 12508 249480940 11598596 19567539 478734439 8355033136 593999236 144 34566256 606620980
======================
   8      32 sdc 1700457 12508 249480940 11598596 19568168 478734455 8355354304 594139992 141 34567264 606761352
======================
   8      32 sdc 1700457 12508 249480940 11598596 19568841 478734455 8355698880 594284100 140 34568272 606905188
======================
   8      32 sdc 1700458 12508 249480948 11598720 19569502 478734455 8356037312 594423312 139 34569276 607044640
======================
   8      32 sdc 1700458 12508 249480948 11598720 19570155 478734455 8356371648 594565540 158 34570280 607187320
======================
   8      32 sdc 1700458 12508 249480948 11598720 19570779 478734455 8356691136 594708496 142 34571284 607331132
======================
   8      32 sdc 1700458 12508 249480948 11598720 19571420 478734469 8357018432 594853484 143 34572292 607474524
======================
   8      32 sdc 1700458 12508 249480948 11598720 19572012 478734469 8357321536 594981608 159 34573296 607620580
======================
   8      32 sdc 1700458 12508 249480948 11598720 19572711 478734469 8357678528 595143084 132 34574300 607764820
======================
   8      32 sdc 1700458 12508 249480948 11598720 19573326 478734469 8357992248 595282680 157 34575304 607907956
======================
   8      32 sdc 1700458 12508 249480948 11598720 19573871 478734469 8358269912 595425308 156 34576308 608052620
======================
   8      32 sdc 1700458 12508 249480948 11598720 19574514 478734484 8358597576 595569528 137 34577312 608192380
======================
   8      32 sdc 1700458 12508 249480948 11598720 19575157 478734518 8358922008 595719152 134 34578316 608334852
======================
   8      32 sdc 1700458 12508 249480948 11598720 19575792 478734518 8359247128 595855192 139 34579320 608478364
======================
   8      32 sdc 1700458 12508 249480948 11598720 19576433 478734518 8359575320 596000484 138 34580324 608622192
======================
   8      32 sdc 1700459 12508 249480956 11598936 19577080 478734518 8359906584 596127084 136 34581328 608748676
======================
   8      32 sdc 1700459 12508 249480956 11598936 19577729 478734537 8360238016 596269964 129 34582332 608891868
======================
   8      32 sdc 1700459 12508 249480956 11598936 19578327 478734537 8360544192 596404348 139 34583336 609035100
======================
   8      32 sdc 1700459 12508 249480956 11598936 19579017 478734537 8360897472 596555544 154 34584340 609176568
======================
   8      32 sdc 1700459 12508 249480956 11598936 19579646 478734537 8361219520 596696028 133 34585344 609319840
======================
   8      32 sdc 1700459 12508 249480956 11598936 19580272 478734537 8361540032 596840240 147 34586348 609463444
======================
   8      32 sdc 1700459 12508 249480956 11598936 19580936 478734556 8361879144 596980528 147 34587352 609605176
======================
   8      32 sdc 1700459 12508 249480956 11598936 19581613 478734556 8362225768 597124860 142 34588356 609748532
======================
   8      32 sdc 1700459 12508 249480956 11598936 19582279 478734556 8362566664 597270800 148 34589360 609892388
======================
   8      32 sdc 1700459 12508 249480956 11598936 19582912 478734556 8362889448 597413432 155 34590364 610035916
======================
   8      32 sdc 1700459 12508 249480956 11598936 19583531 478734556 8363205736 597556024 144 34591364 610179236
======================
   8      32 sdc 1700459 12508 249480956 11598936 19584180 478734575 8363536144 597691356 147 34592368 610313040
======================
   8      32 sdc 1700460 12508 249480964 11598968 19584814 478734575 8363860032 597834808 149 34593372 610456808
======================
   8      32 sdc 1700460 12508 249480964 11598968 19585451 478734575 8364185040 597977952 152 34594376 610599972
======================
   8      32 sdc 1700460 12508 249480964 11598968 19585961 478734575 8364445968 598099192 154 34595380 610746564
======================
   8      32 sdc 1700460 12508 249480964 11598968 19586613 478734575 8364779792 598267628 142 34596384 610890264
======================
   8      32 sdc 1700460 12508 249480964 11598968 19587245 478734598 8365102552 598409748 137 34597388 611032436
======================
   8      32 sdc 1700460 12508 249480964 11598968 19587876 478734598 8365425624 598553200 132 34598388 611176484
======================
   8      32 sdc 1700460 12508 249480964 11598968 19588500 478734598 8365745112 598697660 148 34599396 611320712
======================
   8      32 sdc 1700460 12508 249480964 11598968 19589156 478734598 8366080984 598840236 132 34600400 611464156
======================
   8      32 sdc 1700460 12508 249480964 11598968 19589812 478734598 8366416856 598984832 148 34601404 611607880
======================
   8      32 sdc 1700460 12508 249480964 11598968 19590420 478734626 8366727368 599116348 154 34602404 611744644
