======================
   8      16 sdb 38764209 525837 3431667906 83142804 70952232 381782403 18698583072 2639239464 0 23922816 2722507328
======================
   8      16 sdb 38764209 525837 3431667906 83142804 70952232 381782403 18698583072 2639239464 0 23922816 2722507328
======================
   8      16 sdb 38764210 525837 3431667914 83142804 70952232 381782403 18698583072 2639239464 0 23922816 2722507328
======================
   8      16 sdb 38764210 525837 3431667914 83142804 70952232 381782403 18698583072 2639239464 0 23922816 2722507328
======================
   8      16 sdb 38764213 525837 3431667938 83142844 70954205 381782403 18699592744 2639269492 45 23923272 2722543460
======================
   8      16 sdb 38764214 525837 3431667946 83143704 70954510 381782904 18699748880 2639324640 134 23924276 2722608984
======================
   8      16 sdb 38764215 525837 3431667954 83143708 70954927 381782904 18699962384 2639434824 132 23925276 2722747920
======================
   8      16 sdb 38764215 525837 3431667954 83143708 70954927 381782904 18699962384 2639434824 132 23926280 2722880448
======================
   8      16 sdb 38764216 525837 3431667962 83143752 70955604 381782904 18700309008 2639697092 137 23927284 2723019756
======================
   8      16 sdb 38764218 525837 3431667978 83143844 70956613 381782904 18700825616 2639864604 139 23928288 2723159156
======================
   8      16 sdb 38764221 525837 3431668002 83143992 70957472 381782904 18701265424 2640015308 152 23929292 2723293412
======================
   8      16 sdb 38764222 525837 3431668010 83144056 70958003 381782904 18701537296 2640132284 133 23930296 2723441556
======================
   8      16 sdb 38764223 525837 3431668018 83144136 70958637 381782904 18701861904 2640290848 150 23931296 2723576280
======================
   8      16 sdb 38764225 525837 3431668034 83144292 70959540 381782904 18702324240 2640420684 141 23932300 2723712060
======================
   8      16 sdb 38764226 525837 3431668042 83144440 70960132 381782904 18702627344 2640554260 148 23933308 2723849836
======================
   8      16 sdb 38764229 525837 3431668066 83144452 70961580 381782904 18703368720 2640708832 137 23934308 2723992208
======================
   8      16 sdb 38764233 525837 3431668098 83144492 70963401 381782904 18704301072 2640852124 136 23935312 2724135204
======================
   8      16 sdb 38764237 525837 3431668130 83144552 70965303 381782904 18705274896 2640995588 129 23936316 2724278328
======================
   8      16 sdb 38764241 525837 3431668162 83144652 70967221 381782904 18706256912 2641135096 141 23937316 2724417916
======================
   8      16 sdb 38764245 525837 3431668194 83144752 70969149 381782904 18707244048 2641274812 133 23938324 2724558132
======================
   8      16 sdb 38764248 525837 3431668218 83144852 70971011 381782904 18708197392 2641414836 130 23939324 2724697580
======================
   8      16 sdb 38764253 525837 3431668258 83145028 70972963 381782904 18709196816 2641548168 136 23940328 2724830948
======================
   8      16 sdb 38764257 525837 3431668290 83145204 70974916 381782904 18710196752 2641680676 131 23941336 2724964404
======================
   8      16 sdb 38764261 525837 3431668322 83145396 70976814 381782904 18711168528 2641813284 136 23942336 2725095236
======================
   8      16 sdb 38764264 525837 3431668346 83145548 70978641 381782904 18712103952 2641942872 137 23943340 2725229676
======================
   8      16 sdb 38764269 525837 3431668386 83145780 70980639 381782904 18713126928 2642072532 155 23944340 2725356396
======================
   8      16 sdb 38764273 525837 3431668418 83146040 70982564 381782904 18714112528 2642196048 135 23945344 2725480328
======================
   8      16 sdb 38764278 525837 3431668458 83146296 70984422 381782969 18715062328 2642317508 141 23946348 2725599712
======================
   8      16 sdb 38764282 525837 3431668490 83146584 70986448 381783486 18716080592 2642432860 152 23947352 2725717740
======================
   8      16 sdb 38764286 525837 3431668522 83146888 70988375 381783486 18717067216 2642552696 155 23948360 2725838120
======================
   8      16 sdb 38764290 525837 3431668554 83147188 70990279 381783486 18718042064 2642675612 135 23949360 2725958024
======================
   8      16 sdb 38764294 525837 3431668586 83147452 70992179 381783486 18719014864 2642793872 113 23950364 2726079600
======================
   8      16 sdb 38764298 525837 3431668618 83147724 70994103 381783509 18719999128 2642907380 154 23951364 2726193276
======================
   8      16 sdb 38764302 525837 3431668650 83148084 70995990 381783526 18720964912 2643025732 156 23952368 2726311260
======================
   8      16 sdb 38764306 525837 3431668682 83148380 70997950 381783526 18721968432 2643148996 152 23953368 2726431468
======================
   8      16 sdb 38764310 525837 3431668714 83148628 70999872 381783526 18722951984 2643266188 104 23954368 2726552816
======================
   8      16 sdb 38764314 525837 3431668746 83148936 71001793 381783526 18723935536 2643383588 148 23955368 2726670640
======================
   8      16 sdb 38764318 525837 3431668778 83149228 71003696 381783549 18724909560 2643496452 133 23956372 2726783948
======================
   8      16 sdb 38764321 525837 3431668802 83149452 71005503 381783566 18725833360 2643617640 109 23957372 2726909284
======================
   8      16 sdb 38764326 525837 3431668842 83149764 71007516 381783566 18726864016 2643738572 139 23958372 2727026520
======================
   8      16 sdb 38764330 525837 3431668874 83150092 71009384 381783566 18727820432 2643855036 144 23959376 2727143048
======================
   8      16 sdb 38764334 525837 3431668906 83150384 71011359 381783566 18728831632 2643974376 152 23960376 2727263360
======================
   8      16 sdb 38764337 525837 3431668930 83150616 71013279 381783589 18729814352 2644097276 14 23961376 2727382392
======================
   8      16 sdb 38764342 525837 3431668970 83150940 71015206 381783606 18730799600 2644211880 133 23962376 2727501744
======================
   8      16 sdb 38764346 525837 3431669002 83151232 71017113 381783606 18731775984 2644329880 134 23963376 2727619936
======================
   8      16 sdb 38764350 525837 3431669034 83151516 71018948 381783606 18732715504 2644454064 151 23964384 2727740036
======================
   8      16 sdb 38764353 525837 3431669058 83151748 71020882 381783606 18733705712 2644576376 94 23965388 2727866136
======================
   8      16 sdb 38764358 525837 3431669098 83152012 71022853 381783629 18734714040 2644689992 138 23966384 2727980628
======================
   8      16 sdb 38764362 525837 3431669130 83152308 71024775 381783645 18735696720 2644808444 155 23967384 2728099488
======================
   8      16 sdb 38764366 525837 3431669162 83152616 71026698 381783645 18736681296 2644929468 152 23968388 2728219576
======================
   8      16 sdb 38764369 525837 3431669186 83152836 71028619 381783645 18737665360 2645052728 42 23969388 2728341792
======================
   8      16 sdb 38764374 525837 3431669226 83153128 71030509 381783645 18738632528 2645175940 144 23970384 2728467332
======================
   8      16 sdb 38764378 525837 3431669258 83153148 71032439 381783668 18739620368 2645318328 131 23971388 2728610252
======================
   8      16 sdb 38764382 525837 3431669290 83153184 71034336 381783668 18740591632 2645462524 150 23972388 2728753840
======================
   8      16 sdb 38764386 525837 3431669322 83153248 71036280 381783668 18741586960 2645605636 128 23973396 2728897552
======================
   8      16 sdb 38764390 525837 3431669354 83153332 71038212 381783668 18742576144 2645747184 146 23974408 2729039608
======================
   8      16 sdb 38764394 525837 3431669386 83153440 71040137 381783668 18743561744 2645886832 152 23975416 2729179760
======================
   8      16 sdb 38764398 525837 3431669418 83153560 71042063 381783668 18744547856 2646026604 143 23976420 2729319784
======================
   8      16 sdb 38764402 525837 3431669450 83153700 71043968 381783668 18745523216 2646165892 139 23977424 2729457528
======================
   8      16 sdb 38764406 525837 3431669482 83153848 71045876 381783668 18746500624 2646300880 148 23978432 2729593816
======================
   8      16 sdb 38764410 525837 3431669514 83154044 71047798 381783668 18747484176 2646434440 142 23979436 2729728044
======================
   8      16 sdb 38764414 525837 3431669546 83154248 71049723 381783668 18748469776 2646564676 134 23980440 2729858324
======================
   8      16 sdb 38764418 525837 3431669578 83154472 71051655 381783668 18749458960 2646697280 110 23981444 2729986700
======================
   8      16 sdb 38764422 525837 3431669610 83154680 71053501 381783714 18750403472 2646818436 149 23982452 2730112720
======================
   8      16 sdb 38764426 525837 3431669642 83154936 71055504 381783731 18751428648 2646940244 143 23983456 2730234824
======================
   8      16 sdb 38764430 525837 3431669674 83155232 71057421 381783731 18752409136 2647063176 152 23984460 2730357384
======================
   8      16 sdb 38764433 525837 3431669698 83155472 71059260 381783769 18753348992 2647185028 99 23985460 2730478512
======================
   8      16 sdb 38764438 525837 3431669738 83155760 71061232 381783769 18754358656 2647299944 132 23986464 2730594712
======================
   8      16 sdb 38764442 525837 3431669770 83156068 71063153 381783791 18755341376 2647416848 143 23987468 2730711972
======================
   8      16 sdb 38764446 525837 3431669802 83156360 71065077 381783808 18756325592 2647535128 154 23988472 2730830356
======================
   8      16 sdb 38764449 525837 3431669826 83156588 71067001 381783808 18757311192 2647659220 10 23989476 2730950508
======================
   8      16 sdb 38764452 525837 3431669850 83156820 71068921 381783808 18758293720 2647783164 106 23990476 2731078540
======================
   8      16 sdb 38764456 525837 3431669882 83157128 71070843 381783808 18759277784 2647898628 146 23991480 2731194860
======================
   8      16 sdb 38764460 525837 3431669914 83157392 71072757 381783830 18760256920 2648012040 154 23992480 2731308384
======================
   8      16 sdb 38764463 525837 3431669938 83157640 71074576 381783846 18761187368 2648141396 87 23993484 2731433612
======================
   8      16 sdb 38764468 525837 3431669978 83157924 71076581 381783846 18762214440 2648253244 130 23994488 2731550368
======================
   8      16 sdb 38764472 525837 3431670010 83158236 71078502 381783846 18763197480 2648371164 139 23995488 2731668712
======================
   8      16 sdb 38764476 525837 3431670042 83158524 71080424 381783846 18764181544 2648492080 137 23996492 2731789640
======================
   8      16 sdb 38764480 525837 3431670074 83158828 71082350 381783870 18765166840 2648610072 42 23997488 2731902776
======================
   8      16 sdb 38764484 525837 3431670106 83159072 71084279 381783887 18766153112 2648725320 117 23998492 2732023300
======================
   8      16 sdb 38764488 525837 3431670138 83159388 71086156 381783887 18767114136 2648840668 140 23999496 2732140704
======================
   8      16 sdb 38764489 525837 3431670146 83159652 71086707 381783887 18767396248 2648953328 155 24000500 2732265104
======================
   8      16 sdb 38764490 525837 3431670154 83159660 71087147 381783887 18767621528 2649081560 130 24001504 2732407392
======================
   8      16 sdb 38764492 525837 3431670170 83159668 71088145 381783903 18768132128 2649247516 155 24002508 2732547448
======================
   8      16 sdb 38764496 525837 3431670202 83159728 71090137 381783903 18769152032 2649390268 150 24003508 2732689064
======================
   8      16 sdb 38764501 525837 3431670242 83159836 71092056 381783903 18770134560 2649530344 129 24004512 2732828704
======================
   8      16 sdb 38764504 525837 3431670266 83159912 71093977 381783903 18771118112 2649669916 116 24005516 2732968880
======================
   8      16 sdb 38764508 525837 3431670298 83160032 71095902 381783903 18772103712 2649807952 131 24006520 2733107260
======================
   8      16 sdb 38764512 525837 3431670330 83160176 71097811 381783903 18773081120 2649944776 128 24007524 2733244092
======================
   8      16 sdb 38764517 525837 3431670370 83160384 71099711 381783903 18774053920 2650078080 137 24008528 2733375208
======================
   8      16 sdb 38764520 525837 3431670394 83160524 71101632 381783903 18775037472 2650210816 141 24009528 2733509916
======================
   8      16 sdb 38764524 525837 3431670426 83160724 71103557 381783903 18776023072 2650340752 141 24010532 2733640368
======================
   8      16 sdb 38764528 525837 3431670458 83160944 71105476 381783903 18777005600 2650468748 154 24011536 2733768916
======================
   8      16 sdb 38764533 525837 3431670498 83161220 71107397 381783945 18777988992 2650594128 153 24012536 2733890088
======================
   8      16 sdb 38764536 525837 3431670522 83161412 71109325 381783955 18778974688 2650717532 132 24013540 2734017808
======================
   8      16 sdb 38764540 525837 3431670554 83161700 71111087 381783955 18779876328 2650827620 132 24014548 2734139532
======================
   8      16 sdb 38764544 525837 3431670586 83161964 71113094 381783989 18780902168 2650962160 128 24015552 2734260212
======================
   8      16 sdb 38764548 525837 3431670618 83162196 71115088 381783989 18781923096 2651081420 6 24016560 2734377824
======================
   8      16 sdb 38764552 525837 3431670650 83162496 71117017 381784011 18782909912 2651199644 127 24017564 2734501176
======================
   8      16 sdb 38764556 525837 3431670682 83162792 71118940 381784028 18783893616 2651318280 136 24018568 2734620212
======================
   8      16 sdb 38764560 525837 3431670714 83163092 71120864 381784028 18784878704 2651437436 134 24019568 2734739488
======================
   8      16 sdb 38764565 525837 3431670754 83163420 71122787 381784028 18785863280 2651555964 147 24020568 2734854032
======================
   8      16 sdb 38764568 525837 3431670778 83163636 71124684 381784028 18786834544 2651677852 110 24021572 2734979716
======================
   8      16 sdb 38764572 525837 3431670810 83163892 71126612 381784051 18787820856 2651791796 145 24022576 2735094852
======================
   8      16 sdb 38764576 525837 3431670842 83164196 71128517 381784067 18788795344 2651910016 134 24023576 2735212904
======================
   8      16 sdb 38764581 525837 3431670882 83164496 71130439 381784067 18789778896 2652024080 156 24024580 2735327240
======================
   8      16 sdb 38764585 525837 3431670914 83164824 71132270 381784067 18790716368 2652144996 128 24025584 2735444184
======================
   8      16 sdb 38764588 525837 3431670938 83165052 71134193 381784067 18791700944 2652264608 110 24026584 2735568204
======================
   8      16 sdb 38764591 525837 3431670962 83165260 71135805 381784090 18792525464 2652360832 36 24027584 2735668020
======================
   8      16 sdb 38764597 525837 3431671010 83165604 71137993 381784107 18793644848 2652495116 153 24028588 2735800292
======================
   8      16 sdb 38764601 525837 3431671042 83165628 71139930 381784107 18794636592 2652638692 136 24029592 2735943156
======================
   8      16 sdb 38764605 525837 3431671074 83165692 71141775 381784107 18795581232 2652780796 155 24030592 2736084748
======================
   8      16 sdb 38764608 525837 3431671098 83165740 71143761 381784107 18796598064 2652920916 143 24031596 2736225928
======================
   8      16 sdb 38764613 525837 3431671138 83165872 71145682 381784131 18797581304 2653058804 152 24032600 2736363608
======================
   8      16 sdb 38764617 525837 3431671170 83165988 71147606 381784131 18798566392 2653196728 147 24033604 2736501932
======================
   8      16 sdb 38764621 525837 3431671202 83166120 71149530 381784131 18799551992 2653335332 142 24034604 2736639116
======================
   8      16 sdb 38764624 525837 3431671226 83166240 71151403 381784131 18800510456 2653468728 140 24035608 2736778052
======================
   8      16 sdb 38764629 525837 3431671266 83166424 71153305 381784131 18801483776 2653600448 142 24036612 2736908188
======================
   8      16 sdb 38764633 525837 3431671298 83166616 71155273 381784171 18802489696 2653734236 131 24037620 2737039704
======================
   8      16 sdb 38764636 525837 3431671322 83166780 71157204 381784171 18803478368 2653866304 53 24038628 2737170452
======================
   8      16 sdb 38764640 525837 3431671354 83167012 71159133 381784171 18804466016 2653994312 137 24039636 2737300820
======================
   8      16 sdb 38764645 525837 3431671394 83167312 71161062 381784171 18805453160 2654112360 100 24040644 2737418712
======================
   8      16 sdb 38764649 525837 3431671426 83167572 71163004 381784188 18806446592 2654233804 145 24041652 2737540640
======================
   8      16 sdb 38764653 525837 3431671458 83167860 71164927 381784211 18807430344 2654351748 154 24042652 2737658936
======================
   8      16 sdb 38764657 525837 3431671490 83168160 71166838 381784228 18808407904 2654474884 132 24043660 2737779396
======================
   8      16 sdb 38764661 525837 3431671522 83168412 71168673 381784228 18809347424 2654592144 137 24044660 2737898984
======================
   8      16 sdb 38764665 525837 3431671554 83168704 71170657 381784228 18810363232 2654711292 153 24045664 2738019228
======================
   8      16 sdb 38764669 525837 3431671586 83169008 71172577 381784228 18811346272 2654830280 129 24046668 2738138656
======================
   8      16 sdb 38764673 525837 3431671618 83169248 71174502 381784251 18812331048 2654950724 151 24047668 2738254856
======================
   8      16 sdb 38764677 525837 3431671650 83169496 71176419 381784267 18813311168 2655065356 114 24048672 2738374156
======================
   8      16 sdb 38764716 525837 3431671962 83170276 71178333 381784267 18814291136 2655179336 129 24049676 2738488860
======================
   8      16 sdb 38764720 525837 3431671994 83170580 71180243 381784267 18815269056 2655298496 138 24050680 2738608424
======================
   8      16 sdb 38764723 525837 3431672018 83170812 71182145 381784267 18816242880 2655424168 20 24051684 2738730480
======================
   8      16 sdb 38764728 525837 3431672058 83171272 71184009 381784290 18817196424 2655516624 129 24052688 2738826432
======================
   8      16 sdb 38764732 525837 3431672090 83171552 71185999 381784290 18818215304 2655635428 145 24053692 2738946540
======================
   8      16 sdb 38764736 525837 3431672122 83171852 71187932 381784290 18819205000 2655755420 136 24054700 2739066724
======================
   8      16 sdb 38764740 525837 3431672154 83172156 71189855 381784290 18820189576 2655880344 87 24055704 2739186708
======================
   8      16 sdb 38764744 525837 3431672186 83172416 71191797 381784290 18821183880 2655996444 98 24056716 2739307768
======================
   8      16 sdb 38764748 525837 3431672218 83172712 71193633 381784313 18822123088 2656113580 133 24057724 2739425292
======================
   8      16 sdb 38764752 525837 3431672250 83172988 71195610 381784313 18823135312 2656231372 136 24058724 2739544608
======================
   8      16 sdb 38764756 525837 3431672282 83173284 71197540 381784313 18824123472 2656355784 148 24059728 2739663688
======================
   8      16 sdb 38764758 525837 3431672298 83173376 71198149 381784374 18824429200 2656389148 0 24060044 2739696600
======================
   8      16 sdb 38764758 525837 3431672298 83173376 71198149 381784374 18824429200 2656389148 0 24060044 2739696600
======================
   8      16 sdb 38764758 525837 3431672298 83173376 71198149 381784374 18824429200 2656389148 0 24060044 2739696600
======================
   8      16 sdb 38764758 525837 3431672298 83173376 71198149 381784374 18824429200 2656389148 0 24060044 2739696600
======================
   8      16 sdb 38764758 525837 3431672298 83173376 71198149 381784374 18824429200 2656389148 0 24060044 2739696600
started
======================
   8      16 sdb 38764758 525837 3431672298 83173376 71198149 381784374 18824429200 2656389148 0 24060044 2739696600
======================
   8      16 sdb 38764762 525837 3431672330 83173380 71198149 381784374 18824429200 2656389148 0 24060048 2739696604
======================
   8      16 sdb 38764762 525837 3431672330 83173380 71198149 381784374 18824429200 2656389148 0 24060048 2739696604
======================
   8      16 sdb 38764762 525837 3431672330 83173380 71198149 381784374 18824429200 2656389148 0 24060048 2739696604
======================
   8      16 sdb 38764762 525837 3431672330 83173380 71204735 381784374 18826212920 2656438688 154 24060664 2739752568
======================
   8      16 sdb 38764762 525837 3431672330 83173380 71207697 381784376 18827031096 2656585652 136 24061672 2739895952
======================
   8      16 sdb 38764762 525837 3431672330 83173380 71210443 381784378 18827803728 2656723976 144 24062676 2740038680
======================
   8      16 sdb 38764762 525837 3431672330 83173380 71211483 381784379 18828102480 2656863672 128 24063676 2740180540
======================
   8      16 sdb 38764762 525837 3431672330 83173380 71212499 381784380 18828395600 2657007100 136 24064688 2740325324
======================
   8      16 sdb 38764762 525837 3431672330 83173380 71213499 381784380 18828685904 2657151256 128 24065692 2740468260
======================
   8      16 sdb 38764762 525837 3431672330 83173380 71214499 381784381 18828977232 2657292068 152 24066704 2740610552
======================
   8      16 sdb 38764762 525837 3431672330 83173380 71215506 381784383 18829269096 2657434868 139 24067708 2740753312
======================
   8      16 sdb 38764762 525837 3431672330 83173380 71216502 381784384 18829560680 2657579240 135 24068712 2740896904
======================
   8      16 sdb 38764762 525837 3431672330 83173380 71217514 381784385 18829850472 2657722700 148 24069716 2741040140
======================
   8      16 sdb 38764762 525837 3431672330 83173380 71218511 381784386 18830141800 2657865440 142 24070724 2741183168
======================
   8      16 sdb 38764762 525837 3431672330 83173380 71219502 381784387 18830427752 2658008752 143 24071724 2741325828
======================
   8      16 sdb 38764762 525837 3431672330 83173380 71220487 381784390 18830718336 2658151804 152 24072732 2741469884
======================
   8      16 sdb 38764762 525837 3431672330 83173380 71221447 381784391 18831000192 2658296808 152 24073736 2741613976
======================
   8      16 sdb 38764762 525837 3431672330 83173380 71222402 381784393 18831282560 2658437920 157 24074740 2741758632
======================
   8      16 sdb 38764762 525837 3431672330 83173380 71223381 381784393 18831571328 2658589392 138 24075744 2741902052
======================
   8      16 sdb 38764762 525837 3431672330 83173380 71224328 381784395 18831853696 2658726612 151 24076748 2742045096
======================
   8      16 sdb 38764762 525837 3431672330 83173380 71225313 381784397 18832144536 2658872228 128 24077748 2742189192
======================
   8      16 sdb 38764762 525837 3431672330 83173380 71226294 381784399 18832437000 2659013176 139 24078752 2742332088
======================
   8      16 sdb 38764762 525837 3431672330 83173380 71227220 381784401 18832712456 2659149528 141 24079756 2742476700
======================
   8      16 sdb 38764762 525837 3431672330 83173380 71228237 381784403 18833019144 2659297328 132 24080760 2742618640
======================
   8      16 sdb 38764762 525837 3431672330 83173380 71229193 381784405 18833302024 2659438424 128 24081764 2742757164
======================
   8      16 sdb 38764762 525837 3431672330 83173380 71230152 381784408 18833585184 2659582932 131 24082768 2742900772
======================
   8      16 sdb 38764762 525837 3431672330 83173380 71231144 381784408 18833875488 2659726196 131 24083768 2743043464
======================
   8      16 sdb 38764762 525837 3431672330 83173380 71232131 381784410 18834167072 2659868492 136 24084776 2743186908
======================
   8      16 sdb 38764762 525837 3431672330 83173380 71233039 381784411 18834439968 2660011748 156 24085780 2743331132
======================
   8      16 sdb 38764762 525837 3431672330 83173380 71233926 381784413 18834705952 2660155912 133 24086780 2743472708
======================
   8      16 sdb 38764762 525837 3431672330 83173380 71234931 381784416 18835000760 2660297952 154 24087784 2743615600
======================
   8      16 sdb 38764762 525837 3431672330 83173380 71235863 381784418 18835280312 2660440664 150 24088788 2743759676
======================
   8      16 sdb 38764762 525837 3431672330 83173380 71236802 381784420 18835566520 2660584228 139 24089792 2743903228
======================
   8      16 sdb 38764762 525837 3431672330 83173380 71237757 381784422 18835852984 2660728688 144 24090796 2744047016
======================
   8      16 sdb 38764762 525837 3431672330 83173380 71238521 381784423 18836081848 2660842356 148 24091800 2744191540
======================
   8      16 sdb 38764762 525837 3431672330 83173380 71239646 381784426 18836419792 2661015664 145 24092800 2744335332
======================
   8      16 sdb 38764762 525837 3431672330 83173380 71240535 381784427 18836688592 2661159484 152 24093804 2744479008
======================
   8      16 sdb 38764762 525837 3431672330 83173380 71241485 381784428 18836971984 2661303324 130 24094812 2744623144
======================
   8      16 sdb 38764762 525837 3431672330 83173380 71242415 381784430 18837254864 2661446288 128 24095816 2744765892
======================
   8      16 sdb 38764762 525837 3431672330 83173380 71243180 381784432 18837483984 2661563916 131 24096820 2744907568
======================
   8      16 sdb 38764762 525837 3431672330 83173380 71244301 381784435 18837824232 2661730724 135 24097824 2745050468
======================
   8      16 sdb 38764762 525837 3431672330 83173380 71245227 381784437 18838107112 2661872600 137 24098824 2745193204
======================
   8      16 sdb 38764762 525837 3431672330 83173380 71246150 381784439 18838389480 2662017780 142 24099828 2745336876
======================
   8      16 sdb 38764762 525837 3431672330 83173380 71247048 381784441 18838659048 2662165120 140 24100832 2745481840
======================
   8      16 sdb 38764762 525837 3431672330 83173380 71248024 381784443 18838954984 2662305268 156 24101836 2745625160
======================
   8      16 sdb 38764762 525837 3431672330 83173380 71248910 381784446 18839221760 2662449032 136 24102840 2745768872
======================
   8      16 sdb 38764762 525837 3431672330 83173380 71249846 381784447 18839504384 2662591860 128 24103840 2745911840
======================
   8      16 sdb 38764762 525837 3431672330 83173380 71250752 381784449 18839785728 2662736136 150 24104844 2746055276
======================
   8      16 sdb 38764762 525837 3431672330 83173380 71251521 381784451 18840030464 2662878420 149 24105848 2746199312
======================
   8      16 sdb 38764762 525837 3431672330 83173380 71252554 381784453 18840342784 2663022464 140 24106848 2746342188
======================
   8      16 sdb 38764762 525837 3431672330 83173380 71253484 381784456 18840621592 2663165648 140 24107852 2746485980
======================
   8      16 sdb 38764762 525837 3431672330 83173380 71254423 381784458 18840900888 2663310224 129 24108852 2746628948
======================
   8      16 sdb 38764762 525837 3431672330 83173380 71255384 381784460 18841185048 2663454436 128 24109860 2746773568
======================
   8      16 sdb 38764762 525837 3431672330 83173380 71256233 381784462 18841440792 2663588656 143 24110860 2746916904
======================
   8      16 sdb 38764762 525837 3431672330 83173380 71257239 381784464 18841742616 2663740880 145 24111868 2747060296
======================
   8      16 sdb 38764762 525837 3431672330 83173380 71258184 381784467 18842025776 2663884364 130 24112872 2747204168
======================
   8      16 sdb 38764762 525837 3431672330 83173380 71259101 381784469 18842301744 2664026948 141 24113876 2747347508
======================
   8      16 sdb 38764762 525837 3431672330 83173380 71260060 381784470 18842585648 2664172392 142 24114876 2747491136
======================
   8      16 sdb 38764762 525837 3431672330 83173380 71260980 381784472 18842860336 2664315296 150 24115880 2747634548
======================
   8      16 sdb 38764762 525837 3431672330 83173380 71261908 381784474 18843135792 2664461940 150 24116884 2747779976
======================
   8      16 sdb 38764762 525837 3431672330 83173380 71262821 381784477 18843416992 2664602992 135 24117888 2747923924
======================
   8      16 sdb 38764762 525837 3431672330 83173380 71263707 381784479 18843679392 2664751780 155 24118892 2748068808
======================
   8      16 sdb 38764762 525837 3431672330 83173380 71264674 381784481 18843970976 2664892924 148 24119892 2748211796
