======================
   8      16 sdb 32503242 525732 3106399402 73478848 60030142 381745116 16187943496 2305954776 0 20825428 2379501800
======================
   8      16 sdb 32503242 525732 3106399402 73478848 60030142 381745116 16187943496 2305954776 0 20825428 2379501800
======================
   8      16 sdb 32503278 525732 3106399690 73478968 60030142 381745116 16187943496 2305954776 0 20825432 2379501920
======================
   8      16 sdb 32503278 525732 3106399690 73478968 60030152 381745646 16187947816 2305954804 0 20825436 2379501948
======================
   8      16 sdb 32503278 525732 3106399690 73478968 60030152 381745646 16187947816 2305954804 0 20825436 2379501948
======================
   8      16 sdb 32503278 525732 3106399690 73478968 60030152 381745646 16187947816 2305954804 0 20825436 2379501948
======================
   8      16 sdb 32503278 525732 3106399690 73478968 60030152 381745646 16187947816 2305954804 0 20825436 2379501948
======================
   8      16 sdb 32503278 525732 3106399690 73478968 60030152 381745646 16187947816 2305954804 0 20825436 2379501948
======================
started
   8      16 sdb 32503278 525732 3106399690 73478968 60030198 381746136 16187952096 2305954804 0 20825436 2379501948
======================
   8      16 sdb 32503278 525732 3106399690 73478968 60030198 381746136 16187952096 2305954804 0 20825436 2379501948
======================
   8      16 sdb 32503316 525732 3106399994 73478968 60030198 381746136 16187952096 2305954804 0 20825436 2379501948
======================
   8      16 sdb 32503316 525732 3106399994 73478968 60030198 381746136 16187952096 2305954804 0 20825436 2379501948
======================
   8      16 sdb 32503316 525732 3106399994 73478968 60030198 381746136 16187952096 2305954804 0 20825436 2379501948
======================
   8      16 sdb 32503316 525732 3106399994 73478968 60030198 381746136 16187952096 2305954804 0 20825436 2379501948
======================
   8      16 sdb 32503323 525732 3106400050 73479000 60033080 381746149 16189426776 2305988088 0 20825756 2379535248
======================
   8      16 sdb 32503327 525732 3106400082 73479160 60035005 381746153 16190409888 2306040304 0 20826276 2379587608
======================
   8      16 sdb 32503333 525732 3106400130 73479336 60037596 381746153 16191736992 2306103188 152 20826900 2379653576
======================
   8      16 sdb 32503337 525732 3106400162 73479644 60039527 381746153 16192725152 2306217940 137 20827908 2379770188
======================
   8      16 sdb 32503340 525732 3106400186 73479716 60041433 381746153 16193701024 2306302212 37 20828644 2379852364
======================
   8      16 sdb 32503344 525732 3106400218 73480016 60043341 381746177 16194677608 2306418376 154 20829648 2379970200
======================
   8      16 sdb 32503349 525732 3106400258 73480292 60045268 381746177 16195663728 2306518092 149 20830568 2380071492
======================
   8      16 sdb 32503353 525732 3106400290 73480600 60047186 381746177 16196645744 2306635128 153 20831572 2380187788
======================
   8      16 sdb 32503356 525732 3106400314 73480832 60049110 381746177 16197630832 2306759052 42 20832576 2380310640
======================
   8      16 sdb 32503360 525732 3106400346 73481132 60051003 381746177 16198600048 2306877036 147 20833576 2380432444
======================
   8      16 sdb 32503365 525732 3106400386 73481440 60052961 381746200 16199602224 2306996092 139 20834580 2380550756
======================
   8      16 sdb 32503369 525732 3106400418 73481740 60054862 381746200 16200575032 2307114340 157 20835584 2380667984
======================
   8      16 sdb 32503372 525732 3106400442 73481972 60056765 381746200 16201549368 2307238676 69 20836588 2380792696
======================
   8      16 sdb 32503376 525732 3106400474 73482280 60058691 381746236 16202534256 2307358992 140 20837588 2380914396
======================
   8      16 sdb 32503381 525732 3106400514 73482592 60060612 381746236 16203517808 2307476852 139 20838588 2381032624
======================
   8      16 sdb 32503385 525732 3106400546 73482892 60062535 381746259 16204502064 2307595440 135 20839592 2381149852
======================
   8      16 sdb 32503388 525732 3106400570 73483112 60064458 381746276 16205484760 2307717676 64 20840592 2381272428
======================
   8      16 sdb 32503392 525732 3106400602 73483416 60066382 381746276 16206469848 2307837568 133 20841588 2381394088
======================
   8      16 sdb 32503397 525732 3106400642 73483744 60068299 381746276 16207451352 2307955372 134 20842592 2381512404
======================
   8      16 sdb 32503401 525732 3106400674 73484096 60070161 381746276 16208404696 2308078464 80 20843600 2381630756
======================
   8      16 sdb 32503404 525732 3106400698 73484312 60072165 381746298 16209430416 2308198392 38 20844624 2381752780
======================
   8      16 sdb 32503408 525732 3106400730 73484612 60074094 381746314 16210417560 2308318432 134 20845628 2381876180
======================
   8      16 sdb 32503413 525732 3106400770 73484924 60075947 381746314 16211365416 2308430372 136 20846644 2381995344
======================
   8      16 sdb 32503417 525732 3106400802 73485224 60077956 381746314 16212394024 2308554340 143 20847648 2382112120
======================
   8      16 sdb 32503420 525732 3106400826 73485456 60079816 381746314 16213346344 2308675516 70 20848644 2382235604
======================
   8      16 sdb 32503424 525732 3106400858 73485788 60081816 381746337 16214370024 2308793036 119 20849644 2382352092
======================
   8      16 sdb 32503429 525732 3106400898 73486104 60083716 381746354 16215342320 2308909060 152 20850644 2382468264
======================
   8      16 sdb 32503433 525732 3106400930 73486420 60085613 381746354 16216312712 2309025896 145 20851648 2382584632
======================
   8      16 sdb 32503436 525732 3106400954 73486640 60087536 381746354 16217297800 2309149804 34 20852648 2382706584
======================
   8      16 sdb 32503440 525732 3106400986 73486944 60089467 381746354 16218285960 2309270276 134 20853656 2382830480
======================
   8      16 sdb 32503445 525732 3106401026 73487292 60091397 381746378 16219273808 2309385036 154 20854660 2382945444
======================
   8      16 sdb 32503449 525732 3106401058 73487604 60093321 381746395 16220258392 2309502756 148 20855660 2383063192
======================
   8      16 sdb 32503452 525732 3106401082 73487836 60095099 381746395 16221167352 2309616432 133 20856668 2383188536
======================
   8      16 sdb 32503456 525732 3106401114 73488072 60097119 381746395 16222201592 2309748580 129 20857668 2383312708
======================
   8      16 sdb 32503461 525732 3106401154 73488256 60099044 381746395 16223187192 2309868636 158 20858676 2383431300
======================
   8      16 sdb 32503465 525732 3106401186 73488556 60100981 381746417 16224178608 2309989024 142 20859676 2383550192
======================
   8      16 sdb 32503468 525732 3106401210 73488776 60102919 381746417 16225170360 2310113784 18 20860688 2383672140
======================
   8      16 sdb 32503472 525732 3106401242 73489080 60104845 381746417 16226156472 2310233696 140 20861688 2383796648
======================
   8      16 sdb 32503477 525732 3106401282 73489316 60106775 381746417 16227144632 2310344140 138 20862644 2383906980
======================
   8      16 sdb 32503481 525732 3106401314 73489628 60108704 381746417 16228132280 2310461344 131 20863648 2384024592
======================
   8      16 sdb 32503485 525732 3106401346 73489912 60110630 381746439 16229117560 2310579948 140 20864652 2384138680
======================
   8      16 sdb 32503488 525732 3106401370 73490136 60112536 381746439 16230093432 2310699988 131 20865656 2384263840
======================
   8      16 sdb 32503493 525732 3106401410 73490468 60114442 381746439 16231069304 2310815680 133 20866656 2384379460
======================
   8      16 sdb 32503497 525732 3106401442 73490780 60116365 381746439 16232053880 2310932368 152 20867660 2384496292
======================
   8      16 sdb 32503500 525732 3106401466 73491004 60118289 381746439 16233038968 2311056792 10 20868660 2384616768
======================
   8      16 sdb 32503504 525732 3106401498 73491172 60120214 381746462 16234024248 2311125508 134 20869332 2384689988
======================
   8      16 sdb 32503509 525732 3106401538 73491488 60122141 381746462 16235010368 2311240900 151 20870336 2384805604
======================
   8      16 sdb 32503513 525732 3106401570 73491780 60124064 381746462 16235994944 2311358204 136 20871336 2384923300
======================
   8      16 sdb 32503517 525732 3106401602 73492088 60125985 381746462 16236978496 2311483284 43 20872340 2385043640
======================
   8      16 sdb 32503520 525732 3106401626 73492308 60127885 381746462 16237951296 2311602956 144 20873340 2385168372
======================
   8      16 sdb 32503525 525732 3106401666 73492620 60129769 381746485 16238915080 2311719784 134 20874340 2385285284
======================
   8      16 sdb 32503528 525732 3106401690 73492860 60131134 381746485 16239613960 2311801032 0 20875032 2385362092
======================
   8      16 sdb 32503532 525732 3106401722 73493028 60133437 381746485 16240793096 2311881572 139 20875752 2385448064
======================
   8      16 sdb 32503536 525732 3106401754 73493336 60135361 381746485 16241778184 2312001312 137 20876752 2385568184
======================
   8      16 sdb 32503541 525732 3106401794 73493652 60137268 381746485 16242754568 2312123188 18 20877752 2385685028
======================
   8      16 sdb 32503544 525732 3106401818 73493872 60139129 381746507 16243707072 2312236116 146 20878752 2385802972
======================
   8      16 sdb 32503550 525732 3106401866 73494328 60141870 381746507 16245109960 2312407552 155 20880164 2385970368
