======================
   8      32 sdc 307439 133537 3567134 4845780 3615720 45710442 394604448 450886592 0 3757696 455891336
======================
   8      32 sdc 307439 133537 3567134 4845780 3615720 45710442 394604448 450886592 0 3757696 455891336
======================
   8      32 sdc 307442 133537 3567158 4845828 3615720 45710442 394604448 450886592 0 3757744 455891384
======================
   8      32 sdc 307442 133537 3567158 4845828 3615720 45710442 394604448 450886592 0 3757744 455891384
======================
   8      32 sdc 307442 133537 3567158 4845828 3615720 45710442 394604448 450886592 0 3757744 455891384
======================
   8      32 sdc 307443 133537 3567166 4846092 3615720 45710442 394604448 450886592 1 3758372 455892012
======================
   8      32 sdc 307444 133537 3567174 4847036 3615720 45710442 394604448 450886592 1 3759356 455892996
======================
   8      32 sdc 307444 133537 3567174 4847036 3615720 45710442 394604448 450886592 1 3760360 455894000
======================
   8      32 sdc 307445 133537 3567182 4849320 3615752 45712290 394619488 450887700 1 3761364 455896072
======================
   8      32 sdc 307445 133537 3567182 4849320 3615752 45712290 394619488 450887700 1 3762368 455897076
======================
   8      32 sdc 307449 133537 3567214 4851248 3615752 45712290 394619488 450887700 0 3763204 455897912
======================
   8      32 sdc 307449 133537 3567214 4851248 3615783 45714683 394626448 450887960 30 3763236 455898548
======================
   8      32 sdc 307449 133537 3567214 4851248 3615905 45720537 394686688 450893676 0 3763484 455903888
======================
   8      32 sdc 307449 133537 3567214 4851248 3616046 45729329 394758152 450893780 0 3763540 455903992
======================
   8      32 sdc 307449 133537 3567214 4851248 3616046 45729329 394758152 450893780 0 3763540 455903992
======================
   8      32 sdc 307449 133537 3567214 4851248 3616046 45729329 394758152 450893780 0 3763540 455903992
======================
   8      32 sdc 307449 133537 3567214 4851248 3616046 45729329 394758152 450893780 0 3763540 455903992
======================
   8      32 sdc 307449 133537 3567214 4851248 3616374 45745706 394891792 450895532 0 3763740 455905744
======================
   8      32 sdc 307449 133537 3567214 4851248 3616586 45758992 394999776 450895608 0 3763772 455905820
======================
   8      32 sdc 307449 133537 3567214 4851248 3616586 45758992 394999776 450895608 0 3763772 455905820
======================
   8      32 sdc 307449 133537 3567214 4851248 3616586 45758992 394999776 450895608 0 3763772 455905820
======================
   8      32 sdc 307449 133537 3567214 4851248 3616586 45758992 394999776 450895608 0 3763772 455905820
======================
   8      32 sdc 307449 133537 3567214 4851248 3617124 45785241 395214072 450898380 0 3764084 455908588
======================
   8      32 sdc 307449 133537 3567214 4851248 3617352 45799488 395329872 450898496 0 3764140 455908704
======================
   8      32 sdc 307449 133537 3567214 4851248 3617352 45799488 395329872 450898496 0 3764140 455908704
======================
   8      32 sdc 307449 133537 3567214 4851248 3617352 45799488 395329872 450898496 0 3764140 455908704
======================
   8      32 sdc 307449 133537 3567214 4851248 3617352 45799488 395329872 450898496 0 3764140 455908704
======================
   8      32 sdc 307449 133537 3567214 4851248 3617704 45816977 395470464 450900304 8 3764352 455910544
======================
   8      32 sdc 307449 133537 3567214 4851248 3619741 45925040 396349912 450913352 8 3765352 455923580
======================
   8      32 sdc 307449 133537 3567214 4851248 3620485 45970091 396661480 451003464 153 3766356 456040416
======================
   8      32 sdc 307449 133537 3567214 4851248 3620886 45990156 396830472 451141976 136 3767360 456181820
======================
   8      32 sdc 307449 133537 3567214 4851248 3621286 46011238 396994936 451283956 152 3768360 456321480
======================
   8      32 sdc 307449 133537 3567214 4851248 3621672 46031357 397157848 451420876 150 3769364 456462880
======================
   8      32 sdc 307449 133537 3567214 4851248 3621898 46053110 397253320 451518000 307 3770364 456631632
======================
   8      32 sdc 307449 133537 3567214 4851248 3622394 46072698 397493608 451771624 128 3771368 456873604
======================
   8      32 sdc 307449 133537 3567214 4851248 3622654 46090645 397626728 451966784 153 3772372 457011028
======================
   8      32 sdc 307449 133537 3567214 4851248 3623004 46111217 397794960 452112020 155 3773376 457154896
======================
   8      32 sdc 307449 133537 3567214 4851248 3623315 46121060 397946536 452255172 10 3774376 457269696
======================
   8      32 sdc 307449 133537 3567214 4851248 3623522 46133400 398050528 452259844 0 3774448 457270028
======================
   8      32 sdc 307449 133537 3567214 4851248 3623522 46133400 398050528 452259844 0 3774448 457270028
======================
   8      32 sdc 307449 133537 3567214 4851248 3623522 46133400 398050528 452259844 0 3774448 457270028
======================
   8      32 sdc 307449 133537 3567214 4851248 3623522 46133400 398050528 452259844 0 3774448 457270028
======================
   8      32 sdc 307449 133537 3567214 4851248 3623878 46151045 398193672 452262520 8 3774768 457272720
======================
   8      32 sdc 307449 133537 3567214 4851248 3624742 46216707 398583088 452327884 290 3775772 457387168
======================
   8      32 sdc 307449 133537 3567214 4851248 3625395 46247925 398915864 452517872 134 3776776 457544032
======================
   8      32 sdc 307449 133537 3567214 4851248 3625632 46254296 399034576 452568444 0 3777124 457578604
======================
   8      32 sdc 307449 133537 3567214 4851248 3625632 46254296 399034576 452568444 0 3777124 457578604
======================
   8      32 sdc 307449 133537 3567214 4851248 3625632 46254296 399034576 452568444 0 3777124 457578604
======================
   8      32 sdc 307449 133537 3567214 4851248 3625847 46267721 399143696 452568628 0 3777176 457578788
======================
   8      32 sdc 307449 133537 3567214 4851248 3625847 46267721 399143696 452568628 0 3777176 457578788
======================
   8      32 sdc 307449 133537 3567214 4851248 3627146 46331764 399665744 452575304 8 3777928 457585496
======================
   8      32 sdc 307449 133537 3567214 4851248 3627654 46369091 399897040 452662328 147 3778932 457701132
======================
   8      32 sdc 307449 133537 3567214 4851248 3627904 46384220 400023744 452768724 139 3779932 457839396
======================
   8      32 sdc 307449 133537 3567214 4851248 3628299 46417677 400222200 452935436 284 3780936 458010444
======================
   8      32 sdc 307449 133537 3567214 4851248 3628640 46432654 400395816 453111368 182 3781940 458281676
======================
   8      32 sdc 307449 133537 3567214 4851248 3629107 46458696 400633800 453387632 129 3782944 458419980
======================
   8      32 sdc 307449 133537 3567214 4851248 3629580 46489192 400875320 453516264 142 3783944 458552760
======================
   8      32 sdc 307449 133537 3567214 4851248 3629913 46510540 401045816 453650868 148 3784948 458688860
======================
   8      32 sdc 307449 133537 3567214 4851248 3630055 46528247 401118216 453706956 287 3785952 458857472
======================
   8      32 sdc 307449 133537 3567214 4851248 3630055 46528247 401118216 453706956 287 3786956 459145620
======================
   8      32 sdc 307449 133537 3567214 4851248 3630244 46539631 401214632 454130168 281 3787960 459430080
======================
   8      32 sdc 307449 133537 3567214 4851248 3630956 46574687 401575968 454573352 130 3788960 459599240
======================
   8      32 sdc 307449 133537 3567214 4851248 3631621 46615939 401914440 454687920 151 3789964 459730592
======================
   8      32 sdc 307449 133537 3567214 4851248 3632025 46645068 402082840 454811304 261 3790968 459895788
======================
   8      32 sdc 307449 133537 3567214 4851248 3632329 46656085 402238192 455008836 131 3791972 460109564
======================
   8      32 sdc 307449 133537 3567214 4851248 3632596 46673308 402373888 455200852 139 3792976 460248212
======================
   8      32 sdc 307449 133537 3567214 4851248 3632919 46693074 402539264 455345208 130 3793980 460385304
======================
   8      32 sdc 307449 133537 3567214 4851248 3633215 46711925 402690816 455477988 132 3794980 460522960
======================
   8      32 sdc 307449 133537 3567214 4851248 3633521 46739755 402838920 455590328 297 3795984 460708112
======================
   8      32 sdc 307449 133537 3567214 4851248 3633878 46749169 403013904 455865056 155 3796988 460934852
======================
   8      32 sdc 307449 133537 3567214 4851248 3635031 46769552 403228584 456037160 154 3797992 461079128
======================
   8      32 sdc 307449 133537 3567214 4851248 3635414 46781368 403327952 456220404 5 3798992 461230588
======================
   8      32 sdc 307449 133537 3567214 4851248 3636575 46786411 403379040 456222176 2 3799996 461234368
======================
   8      32 sdc 307449 133537 3567214 4851248 3636575 46786411 403379040 456222176 2 3801000 461236376
======================
   8      32 sdc 307449 133537 3567214 4851248 3636736 46796260 403459128 456226968 0 3801388 461237152
======================
   8      32 sdc 307449 133537 3567214 4851248 3636736 46796260 403459128 456226968 0 3801388 461237152
======================
   8      32 sdc 307449 133537 3567214 4851248 3636736 46796260 403459128 456226968 0 3801388 461237152
======================
   8      32 sdc 307449 133537 3567214 4851248 3636830 46810356 403499344 456291704 151 3802496 461389332
======================
   8      32 sdc 307449 133537 3567214 4851248 3637097 46826025 403632184 456459660 141 3803500 461529828
======================
   8      32 sdc 307449 133537 3567214 4851248 3637380 46845880 403775544 456600268 174 3804500 461710748
======================
   8      32 sdc 307449 133537 3567214 4851248 3637583 46856005 403877960 456768300 134 3805504 461809960
======================
   8      32 sdc 307449 133537 3567214 4851248 3637827 46872267 404002688 456879608 149 3806508 461948164
======================
   8      32 sdc 307449 133537 3567214 4851248 3638076 46887535 404130176 457019864 143 3807508 462087364
======================
   8      32 sdc 307449 133537 3567214 4851248 3638465 46911273 404329112 457165200 129 3808512 462220212
======================
   8      32 sdc 307449 133537 3567214 4851248 3638843 46943022 404522616 457286640 257 3809516 462442080
======================
   8      32 sdc 307449 133537 3567214 4851248 3639142 46954322 404674880 457528976 138 3810516 462602040
======================
   8      32 sdc 307449 133537 3567214 4851248 3639464 46974280 404839744 457675084 133 3811520 462737268
======================
   8      32 sdc 307449 133537 3567214 4851248 3639801 46996112 405012288 457808020 146 3812520 462873016
======================
   8      32 sdc 307449 133537 3567214 4851248 3640135 47016807 405182368 457945832 138 3813524 463010448
======================
   8      32 sdc 307449 133537 3567214 4851248 3640456 47045361 405346720 458071852 272 3814528 463241188
======================
   8      32 sdc 307449 133537 3567214 4851248 3640884 47064232 405564440 458358332 148 3815528 463414624
======================
   8      32 sdc 307449 133537 3567214 4851248 3641251 47086953 405750888 458481808 140 3816532 463551376
======================
   8      32 sdc 307449 133537 3567214 4851248 3641580 47107639 405917816 458624412 142 3817536 463690328
======================
   8      32 sdc 307449 133537 3567214 4851248 3641910 47128479 406085704 458764044 145 3818536 463824292
======================
   8      32 sdc 307449 133537 3567214 4851248 3642244 47156658 406254416 458894544 262 3819540 464041352
======================
   8      32 sdc 307449 133537 3567214 4851248 3642548 47167590 406408696 459140456 136 3820544 464213484
======================
   8      32 sdc 307449 133537 3567214 4851248 3642842 47185997 406558744 459282072 135 3821548 464350376
======================
   8      32 sdc 307449 133537 3567214 4851248 3643177 47206808 406726160 459424508 138 3822548 464488480
======================
   8      32 sdc 307449 133537 3567214 4851248 3643500 47226706 406889400 459560680 135 3823552 464625356
======================
   8      32 sdc 307449 133537 3567214 4851248 3643804 47254883 407044464 459694808 280 3824556 464858508
======================
   8      32 sdc 307449 133537 3567214 4851248 3644119 47265100 407204768 459966556 128 3825556 465030420
======================
   8      32 sdc 307449 133537 3567214 4851248 3644439 47286167 407368608 460102320 142 3826560 465168304
======================
   8      32 sdc 307449 133537 3567214 4851248 3644747 47305791 407526168 460241000 146 3827560 465305516
======================
   8      32 sdc 307449 133537 3567214 4851248 3645070 47325665 407690208 460377156 142 3828564 465441944
======================
   8      32 sdc 307449 133537 3567214 4851248 3645385 47353230 407851040 460513160 265 3829568 465668664
======================
   8      32 sdc 307449 133537 3567214 4851248 3645700 47365458 408011736 460772404 145 3830572 465840508
======================
   8      32 sdc 307449 133537 3567214 4851248 3646634 47384519 408174960 460927056 138 3831572 465980892
======================
   8      32 sdc 307449 133537 3567214 4851248 3647159 47415939 408430328 461064996 139 3832576 466119308
======================
   8      32 sdc 307449 133537 3567214 4851248 3647433 47432784 408567712 461160312 138 3833576 466255740
======================
   8      32 sdc 307449 133537 3567214 4851248 3647654 47455772 408680864 461279932 283 3834580 466496844
======================
   8      32 sdc 307449 133537 3567214 4851248 3647983 47467551 408846856 461586396 144 3835584 466700728
======================
   8      32 sdc 307449 133537 3567214 4851248 3648281 47486325 408998928 461773836 146 3836588 466838588
======================
   8      32 sdc 307449 133537 3567214 4851248 3648600 47506699 409161472 461890000 153 3837588 466978672
======================
   8      32 sdc 307449 133537 3567214 4851248 3648910 47524605 409318712 462047564 130 3838592 467111480
======================
   8      32 sdc 307449 133537 3567214 4851248 3649226 47549584 409480504 462189416 210 3839596 467339628
======================
   8      32 sdc 307449 133537 3567214 4851248 3649549 47565449 409644376 462422692 142 3840600 467490868
======================
   8      32 sdc 307449 133537 3567214 4851248 3649858 47584582 409801088 462564392 139 3841600 467628292
======================
   8      32 sdc 307449 133537 3567214 4851248 3650165 47603361 409957320 462699764 132 3842604 467765188
======================
   8      32 sdc 307449 133537 3567214 4851248 3650492 47624265 410123792 462830416 140 3843608 467905004
======================
   8      32 sdc 307449 133537 3567214 4851248 3650809 47652139 410285360 462977740 265 3844608 468140208
======================
   8      32 sdc 307449 133537 3567214 4851248 3651048 47658669 410406872 463198476 131 3845612 468314824
======================
   8      32 sdc 307449 133537 3567214 4851248 3651366 47678925 410569688 463389164 135 3846616 468452684
======================
   8      32 sdc 307449 133537 3567214 4851248 3651660 47698061 410720216 463518488 147 3847616 468593028
======================
   8      32 sdc 307449 133537 3567214 4851248 3651958 47715925 410871256 463665584 133 3848620 468731580
======================
   8      32 sdc 307449 133537 3567214 4851248 3652286 47746362 411038176 463810456 290 3849620 468967840
======================
   8      32 sdc 307449 133537 3567214 4851248 3652665 47760804 411231336 464094548 142 3850624 469148556
======================
   8      32 sdc 307449 133537 3567214 4851248 3653151 47791399 411479296 464220936 146 3851628 469286692
======================
   8      32 sdc 307449 133537 3567214 4851248 3653643 47822461 411729552 464364676 148 3852628 469422640
======================
   8      32 sdc 307449 133537 3567214 4851248 3653980 47843494 411902096 464498852 145 3853632 469561796
======================
   8      32 sdc 307449 133537 3567214 4851248 3654350 47867055 412076112 464650944 286 3854632 469814008
======================
   8      32 sdc 307449 133537 3567214 4851248 3655038 47875123 412236432 464967144 0 3855640 470002020
======================
   8      32 sdc 307449 133537 3567214 4851248 3655376 47904991 412407008 465058152 142 3856580 470119432
======================
   8      32 sdc 307449 133537 3567214 4851248 3655698 47924707 412570896 465189836 135 3857580 470255492
======================
   8      32 sdc 307449 133537 3567214 4851248 3656754 47938421 412685520 465328400 142 3858584 470396272
======================
   8      32 sdc 307449 133537 3567214 4851248 3657069 47967033 412845312 465481636 284 3859588 470650904
======================
   8      32 sdc 307449 133537 3567214 4851248 3657397 47978238 413012168 465774304 135 3860588 470848860
======================
   8      32 sdc 307449 133537 3567214 4851248 3657705 47997262 413169864 465921300 129 3861592 470987960
======================
   8      32 sdc 307449 133537 3567214 4851248 3658058 48015323 413316152 466008552 131 3862596 471129020
======================
   8      32 sdc 307449 133537 3567214 4851248 3658387 48035931 413484600 466212972 130 3863600 471265960
======================
   8      32 sdc 307449 133537 3567214 4851248 3658877 48070223 413735480 466347888 184 3864604 471503992
======================
   8      32 sdc 307449 133537 3567214 4851248 3659308 48093648 413954176 466558988 130 3865608 471646848
======================
   8      32 sdc 307449 133537 3567214 4851248 3659451 48102795 414027072 466665916 132 3866612 471787296
======================
   8      32 sdc 307449 133537 3567214 4851248 3659555 48110167 414079816 466799500 146 3867616 471927448
======================
   8      32 sdc 307449 133537 3567214 4851248 3659852 48128502 414230888 466993512 142 3868620 472066900
======================
   8      32 sdc 307449 133537 3567214 4851248 3660157 48156055 414385536 467149016 280 3869620 472314792
======================
   8      32 sdc 307449 133537 3567214 4851248 3660465 48167087 414543064 467336896 147 3870624 472543240
======================
   8      32 sdc 307449 133537 3567214 4851248 3660789 48186317 414706448 467615020 131 3871628 472681652
======================
   8      32 sdc 307449 133537 3567214 4851248 3661109 48206899 414869824 467752100 138 3872632 472820032
======================
   8      32 sdc 307449 133537 3567214 4851248 3661423 48226870 415030400 467890448 141 3873632 472958160
======================
   8      32 sdc 307449 133537 3567214 4851248 3661736 48254285 415190656 468038152 265 3874636 473221008
======================
   8      32 sdc 307449 133537 3567214 4851248 3662042 48262602 415346112 468253912 96 3875640 473422684
======================
   8      32 sdc 307449 133537 3567214 4851248 3662365 48285849 415506728 468458560 147 3876644 473526356
======================
   8      32 sdc 307449 133537 3567214 4851248 3662680 48305001 415668008 468597956 136 3877644 473665224
======================
   8      32 sdc 307449 133537 3567214 4851248 3663000 48325021 415831848 468736428 134 3878648 473802844
======================
   8      32 sdc 307449 133537 3567214 4851248 3663317 48348818 415993904 468886212 196 3879652 474030764
======================
   8      32 sdc 307449 133537 3567214 4851248 3663673 48367312 416173936 469117208 138 3880612 474166848
======================
   8      32 sdc 307449 133537 3567214 4851248 3664197 48399772 416441280 469246840 131 3881612 474300560
======================
   8      32 sdc 307449 133537 3567214 4851248 3664644 48428683 416670144 469371860 142 3882616 474438000
======================
   8      32 sdc 307449 133537 3567214 4851248 3664940 48447179 416821200 469502980 141 3883616 474576548
======================
   8      32 sdc 307449 133537 3567214 4851248 3665249 48470326 416979192 469666452 200 3884620 474817356
======================
   8      32 sdc 307449 133537 3567214 4851248 3665549 48482879 417130480 469909436 104 3885624 474953284
======================
   8      32 sdc 307449 133537 3567214 4851248 3665858 48504176 417288216 470022748 135 3886628 475089756
======================
   8      32 sdc 307449 133537 3567214 4851248 3666187 48525715 417455712 470161860 148 3887632 475227492
======================
   8      32 sdc 307449 133537 3567214 4851248 3666499 48544536 417613696 470295544 140 3888632 475368388
======================
   8      32 sdc 307449 133537 3567214 4851248 3666791 48567199 417762936 470449540 208 3889636 475617160
======================
   8      32 sdc 307449 133537 3567214 4851248 3667440 48578783 417921912 470696908 86 3890584 475736348
======================
   8      32 sdc 307449 133537 3567214 4851248 3667765 48603182 418088056 470802324 148 3891588 475872724
======================
   8      32 sdc 307449 133537 3567214 4851248 3668227 48619122 418249664 470945160 143 3892592 476014220
======================
   8      32 sdc 307449 133537 3567214 4851248 3668857 48641954 418413016 471087288 136 3893596 476152792
======================
   8      32 sdc 307449 133537 3567214 4851248 3669181 48665894 418578904 471236296 193 3894600 476382384
======================
   8      32 sdc 307449 133537 3567214 4851248 3670076 48676543 418733200 471448272 70 3895568 476487716
======================
   8      32 sdc 307449 133537 3567214 4851248 3672870 48706636 418965840 471563620 130 3896568 476623468
======================
   8      32 sdc 307449 133537 3567214 4851248 3673327 48735521 419199824 471699540 131 3897572 476759016
======================
   8      32 sdc 307449 133537 3567214 4851248 3673429 48742703 419252048 471766028 143 3898576 476898284
======================
   8      32 sdc 307449 133537 3567214 4851248 3673511 48756752 419294032 471821292 285 3899580 477168048
======================
   8      32 sdc 307449 133537 3567214 4851248 3673760 48764816 419421520 472271672 164 3900612 477411868
======================
   8      32 sdc 307449 133537 3567214 4851248 3674835 48780396 419581416 472438440 143 3901548 477505596
======================
   8      32 sdc 307449 133537 3567214 4851248 3675484 48799207 419728040 472573760 129 3902552 477642972
======================
   8      32 sdc 307449 133537 3567214 4851248 3675788 48822857 419883688 472712696 200 3903552 477778240
======================
   8      32 sdc 307449 133537 3567214 4851248 3676094 48842603 420040360 472858092 207 3904556 478045768
======================
   8      32 sdc 307449 133537 3567214 4851248 3676404 48857660 420198520 473125452 137 3905560 478191932
======================
   8      32 sdc 307449 133537 3567214 4851248 3676732 48878345 420366456 473261648 138 3906560 478327824
======================
   8      32 sdc 307449 133537 3567214 4851248 3677041 48898167 420523640 473398964 145 3907564 478468080
======================
   8      32 sdc 307449 133537 3567214 4851248 3677345 48924623 420679288 473538316 262 3908568 478607712
======================
   8      32 sdc 307449 133537 3567214 4851248 3677665 48940251 420843128 473698704 190 3909572 478839676
======================
   8      32 sdc 307449 133537 3567214 4851248 3677863 48940585 420942632 473849544 1 3910508 478887708
======================
   8      32 sdc 307449 133537 3567214 4851248 3677863 48940585 420942632 473849544 1 3911512 478888712
======================
   8      32 sdc 307449 133537 3567214 4851248 3678836 48999495 421421240 473852244 1 3912516 478889908
======================
   8      32 sdc 307449 133537 3567214 4851248 3679857 49080814 421928280 473894576 304 3913520 478962848
======================
   8      32 sdc 307449 133537 3567214 4851248 3680417 49096587 422211072 474079068 0 3914340 479116720
======================
   8      32 sdc 307449 133537 3567214 4851248 3680417 49096587 422211072 474079068 0 3914340 479116720
======================
   8      32 sdc 307449 133537 3567214 4851248 3680417 49096587 422211072 474079068 0 3914340 479116720
======================
   8      32 sdc 307449 133537 3567214 4851248 3680417 49096587 422211072 474079068 0 3914340 479116720
======================
   8      32 sdc 307449 133537 3567214 4851248 3680706 49115049 422359040 474079176 4 3914404 479116824
======================
   8      32 sdc 307449 133537 3567214 4851248 3680767 49118404 422388400 474079188 0 3914412 479116832
======================
   8      32 sdc 307449 133537 3567214 4851248 3681848 49183888 422920736 474080436 1 3915280 479118068
======================
   8      32 sdc 307449 133537 3567214 4851248 3682317 49221043 423155864 474172836 132 3916284 479236356
======================
   8      32 sdc 307449 133537 3567214 4851248 3682635 49241714 423317360 474309072 144 3917288 479375304
======================
   8      32 sdc 307449 133537 3567214 4851248 3682956 49268957 423481264 474446912 265 3918288 479522304
======================
   8      32 sdc 307449 133537 3567214 4851248 3683199 49279037 423605680 474597028 182 3919292 479743276
======================
   8      32 sdc 307449 133537 3567214 4851248 3683528 49288512 423769680 474828100 4 3920296 479874088
======================
   8      32 sdc 307449 133537 3567214 4851248 3683698 49308079 423853640 474854608 150 3921216 479987740
======================
   8      32 sdc 307449 133537 3567214 4851248 3683698 49308079 423853640 474854608 150 3922220 480138340
======================
   8      32 sdc 307449 133537 3567214 4851248 3683699 49318096 423853640 474854608 310 3923220 480299704
======================
   8      32 sdc 307449 133537 3567214 4851248 3683699 49318096 423853640 474854608 310 3924224 480610944
======================
   8      32 sdc 307449 133537 3567214 4851248 3684002 49335136 424008272 475739088 278 3925296 480930608
======================
   8      32 sdc 307449 133537 3567214 4851248 3684877 49374734 424427376 476023912 89 3926296 481066944
======================
   8      32 sdc 307449 133537 3567214 4851248 3686687 49424507 424829696 476145076 138 3927300 481193984
======================
   8      32 sdc 307449 133537 3567214 4851248 3687852 49461225 425050384 476262612 274 3928300 481354840
======================
   8      32 sdc 307449 133537 3567214 4851248 3688231 49473432 425244240 476419396 89 3929304 481554668
======================
   8      32 sdc 307449 133537 3567214 4851248 3688607 49493087 425398704 476610760 158 3930308 481675840
======================
   8      32 sdc 307449 133537 3567214 4851248 3690366 49505692 425499176 476725340 156 3931312 481817740
======================
   8      32 sdc 307449 133537 3567214 4851248 3691595 49515875 425588064 476890388 133 3932316 481956976
======================
   8      32 sdc 307449 133537 3567214 4851248 3691914 49543237 425746088 477002940 259 3933320 482116788
======================
   8      32 sdc 307449 133537 3567214 4851248 3692206 49552023 425895592 477204080 107 3934324 482328216
======================
   8      32 sdc 307449 133537 3567214 4851248 3692514 49572473 426050712 477353160 128 3935276 482417496
======================
   8      32 sdc 307449 133537 3567214 4851248 3692857 49586182 426226000 477496772 3 3936280 482535172
======================
   8      32 sdc 307449 133537 3567214 4851248 3692860 49586182 426227336 477497572 0 3936284 482535180
======================
   8      32 sdc 307449 133537 3567214 4851248 3693214 49608243 426406648 477497712 0 3936360 482535320
======================
   8      32 sdc 307449 133537 3567214 4851248 3693214 49608243 426406648 477497712 0 3936360 482535320
======================
   8      32 sdc 307449 133537 3567214 4851248 3693214 49608243 426406648 477497712 0 3936360 482535320
======================
   8      32 sdc 307449 133537 3567214 4851248 3693214 49618197 426406648 477497712 158 3936492 482547976
======================
   8      32 sdc 307449 133537 3567214 4851248 3693510 49634983 426558200 477637136 129 3937496 482692060
======================
   8      32 sdc 307449 133537 3567214 4851248 3693941 49669528 426778872 477753980 246 3938500 482851944
======================
   8      32 sdc 307449 133537 3567214 4851248 3694165 49679608 426893560 477884600 182 3939504 483053016
======================
   8      32 sdc 307449 133537 3567214 4851248 3694299 49685270 426962168 478035708 138 3940508 483226708
======================
   8      32 sdc 307449 133537 3567214 4851248 3694570 49702343 427099224 478251776 141 3941460 483314296
======================
   8      32 sdc 307449 133537 3567214 4851248 3694861 49720802 427248216 478382512 143 3942464 483453488
======================
   8      32 sdc 307449 133537 3567214 4851248 3695162 49748396 427402328 478501284 281 3943468 483619648
======================
   8      32 sdc 307449 133537 3567214 4851248 3695488 49754902 427569240 478706016 59 3944472 483814712
======================
   8      32 sdc 307449 133537 3567214 4851248 3695811 49779887 427732016 478850808 136 3945444 483920072
======================
   8      32 sdc 307449 133537 3567214 4851248 3696114 49799102 427887152 478989832 138 3946444 484058692
======================
   8      32 sdc 307449 133537 3567214 4851248 3696407 49817498 428037168 479129236 137 3947448 484199304
======================
   8      32 sdc 307449 133537 3567214 4851248 3696710 49845299 428192304 479246860 276 3948452 484371832
======================
   8      32 sdc 307449 133537 3567214 4851248 3697030 49856257 428356144 479450428 130 3949456 484573592
======================
   8      32 sdc 307449 133537 3567214 4851248 3697352 49876429 428519096 479591968 132 3950400 484657124
======================
   8      32 sdc 307449 133537 3567214 4851248 3697667 49896073 428680376 479727096 128 3951404 484795648
======================
   8      32 sdc 307449 133537 3567214 4851248 3697982 49916800 428841656 479866500 142 3952404 484934028
======================
   8      32 sdc 307449 133537 3567214 4851248 3698284 49943770 428996128 479981916 269 3953408 485109872
======================
   8      32 sdc 307449 133537 3567214 4851248 3698742 49955610 429229784 480255368 0 3954404 485292960
======================
   8      32 sdc 307449 133537 3567214 4851248 3698744 49955610 429229792 480255368 1 3955360 485293916
======================
   8      32 sdc 307449 133537 3567214 4851248 3699452 49996250 429560288 480257488 1 3956360 485295068
======================
   8      32 sdc 307449 133537 3567214 4851248 3700660 50065354 430123072 480258484 0 3957092 485296064
======================
   8      32 sdc 307449 133537 3567214 4851248 3701062 50090455 430327088 480258684 0 3957192 485296264
======================
   8      32 sdc 307449 133537 3567214 4851248 3701062 50090455 430327088 480258684 0 3957192 485296264
======================
   8      32 sdc 307449 133537 3567214 4851248 3701062 50090455 430327088 480258684 0 3957192 485296264
======================
   8      32 sdc 307449 133537 3567214 4851248 3701062 50090455 430327088 480258684 0 3957192 485296264
======================
   8      32 sdc 307449 133537 3567214 4851248 3701203 50098964 430395784 480258836 1 3957304 485296408
======================
   8      32 sdc 307449 133537 3567214 4851248 3702750 50170016 430973728 480269400 7 3958304 485308588
======================
   8      32 sdc 307449 133537 3567214 4851248 3703947 50194214 431116216 480356040 127 3959260 485421336
======================
   8      32 sdc 307449 133537 3567214 4851248 3704171 50208993 431230904 480459688 138 3960264 485558592
======================
   8      32 sdc 307449 133537 3567214 4851248 3704558 50232800 431428136 480627300 131 3961264 485698092
======================
   8      32 sdc 307449 133537 3567214 4851248 3704861 50252123 431583272 480767412 134 3962268 485836684
======================
   8      32 sdc 307449 133537 3567214 4851248 3705188 50283276 431750480 480893996 304 3963272 486023556
======================
   8      32 sdc 307449 133537 3567214 4851248 3705505 50299338 431912784 481061884 241 3964276 486307976
======================
   8      32 sdc 307449 133537 3567214 4851248 3705799 50304955 432061880 481319132 38 3965280 486448700
======================
   8      32 sdc 307449 133537 3567214 4851248 3705812 50304955 432068536 481351296 25 3966284 486474064
======================
   8      32 sdc 307449 133537 3567214 4851248 3705812 50304955 432068536 481351296 25 3967288 486499164
======================
   8      32 sdc 307449 133537 3567214 4851248 3705843 50304963 432081376 481465740 1 3968228 486504064
======================
   8      32 sdc 307449 133537 3567214 4851248 3706698 50355964 432495472 481468028 3 3969228 486505588
======================
   8      32 sdc 307449 133537 3567214 4851248 3707820 50432758 433051152 481500640 136 3970236 486577004
======================
   8      32 sdc 307449 133537 3567214 4851248 3707933 50437235 433108864 481590340 151 3971240 486721676
======================
   8      32 sdc 307449 133537 3567214 4851248 3709317 50437667 433169608 481819408 144 3972240 486864228
======================
   8      32 sdc 307449 133537 3567214 4851248 3710214 50453541 433286192 481938368 153 3973248 487005288
======================
   8      32 sdc 307449 133537 3567214 4851248 3711021 50481234 433414896 482062972 239 3974248 487196292
======================
   8      32 sdc 307449 133537 3567214 4851248 3711366 50495394 433589520 482253376 119 3975252 487384660
======================
   8      32 sdc 307449 133537 3567214 4851248 3711704 50517374 433759000 482402600 136 3976172 487473360
======================
   8      32 sdc 307449 133537 3567214 4851248 3712036 50539235 433928984 482543936 151 3977172 487611060
======================
   8      32 sdc 307449 133537 3567214 4851248 3712247 50551961 434037016 482692140 142 3978176 487755920
======================
   8      32 sdc 307449 133537 3567214 4851248 3712628 50582579 434232088 482808492 249 3979180 487953740
======================
   8      32 sdc 307449 133537 3567214 4851248 3712955 50591690 434399008 483019264 67 3980184 488126820
======================
   8      32 sdc 307449 133537 3567214 4851248 3713211 50611553 434527000 483137468 132 3981120 488226148
======================
   8      32 sdc 307449 133537 3567214 4851248 3713537 50632033 434692936 483298424 133 3982124 488364544
======================
   8      32 sdc 307449 133537 3567214 4851248 3713833 50650304 434843496 483422788 128 3983128 488501588
======================
   8      32 sdc 307449 133537 3567214 4851248 3713833 50660321 434843496 483422788 287 3984132 488718324
======================
   8      32 sdc 307449 133537 3567214 4851248 3713833 50660321 434843496 483422788 287 3985160 489013360
======================
   8      32 sdc 307449 133537 3567214 4851248 3714323 50676240 435093872 484180216 51 3986160 489226312
======================
   8      32 sdc 307449 133537 3567214 4851248 3715000 50723401 435435080 484278804 133 3987120 489330272
======================
   8      32 sdc 307449 133537 3567214 4851248 3715433 50750743 435656776 484399712 134 3988124 489467284
======================
   8      32 sdc 307449 133537 3567214 4851248 3715748 50777392 435818056 484530088 243 3989128 489689168
======================
   8      32 sdc 307449 133537 3567214 4851248 3716059 50781672 435976752 484793972 0 3990116 489831508
======================
   8      32 sdc 307449 133537 3567214 4851248 3716381 50809959 436140096 484886736 130 3991076 489953696
======================
   8      32 sdc 307449 133537 3567214 4851248 3716697 50830286 436301888 485023972 137 3992080 490092148
======================
   8      32 sdc 307449 133537 3567214 4851248 3716865 50841192 436387904 485099412 142 3993084 490232440
======================
   8      32 sdc 307449 133537 3567214 4851248 3716865 50841192 436387904 485099412 142 3994088 490375008
======================
   8      32 sdc 307449 133537 3567214 4851248 3717642 50885139 436781752 485448144 71 3995052 490487316
======================
   8      32 sdc 307449 133537 3567214 4851248 3718261 50927019 437093344 485564984 130 3996056 490620056
======================
   8      32 sdc 307449 133537 3567214 4851248 3718718 50954924 437321832 485699288 132 3997060 490755556
======================
   8      32 sdc 307449 133537 3567214 4851248 3719130 50980364 437526776 485832256 129 3998060 490889076
======================
   8      32 sdc 307449 133537 3567214 4851248 3719450 51001052 437688848 485925668 139 3999064 491022220
======================
   8      32 sdc 307449 133537 3567214 4851248 3719577 51010063 437753872 486036932 156 4000084 491164360
======================
   8      32 sdc 307449 133537 3567214 4851248 3719750 51019521 437841960 486212756 134 4001084 491303520
======================
   8      32 sdc 307449 133537 3567214 4851248 3720068 51038708 438004248 486372136 131 4002088 491438612
======================
   8      32 sdc 307449 133537 3567214 4851248 3720392 51057433 438160152 486504328 134 4003092 491577880
======================
   8      32 sdc 307449 133537 3567214 4851248 3720747 51077764 438324848 486650400 137 4004096 491716516
======================
   8      32 sdc 307449 133537 3567214 4851248 3721059 51096849 438471280 486765936 150 4005100 491829528
======================
   8      32 sdc 307449 133537 3567214 4851248 3721370 51113246 438614128 486897484 138 4006100 491966912
======================
   8      32 sdc 307449 133537 3567214 4851248 3721710 51133185 438769872 487039604 138 4007104 492106476
======================
   8      32 sdc 307449 133537 3567214 4851248 3722007 51151581 438916552 487171524 133 4008108 492244492
======================
   8      32 sdc 307449 133537 3567214 4851248 3722300 51169608 439066568 487313152 134 4009112 492383260
======================
   8      32 sdc 307449 133537 3567214 4851248 3722609 51186242 439215432 487454256 128 4010116 492524372
======================
   8      32 sdc 307449 133537 3567214 4851248 3722974 51206676 439371544 487596788 258 4011120 492681356
======================
   8      32 sdc 307449 133537 3567214 4851248 3723897 51219808 439519952 487841180 259 4012124 492932496
======================
   8      32 sdc 307449 133537 3567214 4851248 3725035 51247306 439666624 488105340 273 4013124 493209100
======================
   8      32 sdc 307449 133537 3567214 4851248 3725400 51269126 439822408 488333972 260 4014128 493482104
======================
   8      32 sdc 307449 133537 3567214 4851248 3725773 51276349 439972200 488635420 272 4015132 493720548
======================
   8      32 sdc 307449 133537 3567214 4851248 3726098 51277262 440021760 488737752 0 4015448 493775200
======================
   8      32 sdc 307449 133537 3567214 4851248 3726098 51277262 440021760 488737752 0 4015448 493775200
======================
   8      32 sdc 307449 133537 3567214 4851248 3726098 51277262 440021760 488737752 0 4015448 493775200
======================
   8      32 sdc 307449 133537 3567214 4851248 3726098 51277262 440021760 488737752 0 4015448 493775200
======================
   8      32 sdc 307449 133537 3567214 4851248 3726098 51277262 440021760 488737752 0 4015448 493775200
======================
   8      32 sdc 307449 133537 3567214 4851248 3726098 51277262 440021760 488737752 0 4015448 493775200
======================
   8      32 sdc 307449 133537 3567214 4851248 3726098 51277262 440021760 488737752 0 4015448 493775200
======================
   8      32 sdc 307449 133537 3567214 4851248 3726099 51277262 440021760 488737752 0 4015448 493775200
======================
   8      32 sdc 307449 133537 3567214 4851248 3726099 51277262 440021760 488737752 0 4015448 493775200
======================
   8      32 sdc 307449 133537 3567214 4851248 3726099 51277262 440021760 488737752 0 4015448 493775200
======================
   8      32 sdc 307449 133537 3567214 4851248 3726099 51277262 440021760 488737752 0 4015448 493775200
======================
   8      32 sdc 307449 133537 3567214 4851248 3726099 51277262 440021760 488737752 0 4015448 493775200
======================
   8      32 sdc 307449 133537 3567214 4851248 3726099 51277262 440021760 488737752 0 4015448 493775200
======================
   8      32 sdc 307449 133537 3567214 4851248 3726099 51277262 440021760 488737752 0 4015448 493775200
======================
   8      32 sdc 307449 133537 3567214 4851248 3726099 51277262 440021760 488737752 0 4015448 493775200
======================
   8      32 sdc 307449 133537 3567214 4851248 3726099 51277262 440021760 488737752 0 4015448 493775200
======================
   8      32 sdc 307449 133537 3567214 4851248 3726099 51277262 440021760 488737752 0 4015448 493775200
======================
   8      32 sdc 307449 133537 3567214 4851248 3726099 51277262 440021760 488737752 0 4015448 493775200
======================
   8      32 sdc 307687 133537 3569112 4856176 3726123 51277262 440021856 488737760 0 4015508 493780136
started
======================
   8      32 sdc 307722 133537 3569392 4856216 3726124 51277262 440021856 488737760 0 4015548 493780176
======================
   8      32 sdc 308766 133662 3578768 4866468 3726124 51277262 440021856 488737760 1 4016176 493790432
======================
   8      32 sdc 310194 134684 3598624 4876916 3726124 51277262 440021856 488737760 8 4017164 493801008
======================
   8      32 sdc 311531 135178 3613392 4897180 3726124 51277262 440021856 488737760 1 4018140 493821152
======================
   8      32 sdc 312889 136261 3633184 4909080 3726124 51277262 440021856 488737760 1 4019132 493833056
======================
   8      32 sdc 314648 136999 3653344 4925212 3726124 51277262 440021856 488737760 1 4020116 493849180
======================
   8      32 sdc 316127 137582 3669736 4941288 3726137 51277896 440027032 488737776 1 4021104 493865280
======================
   8      32 sdc 317524 138198 3686232 4955568 3726137 51277896 440027032 488737776 64 4022096 493880688
======================
   8      32 sdc 319022 138868 3703752 4972216 3726137 51277896 440027032 488737776 17 4023092 493896400
======================
   8      32 sdc 320554 139603 3722080 4987380 3726137 51277896 440027032 488737776 31 4024088 493911608
======================
   8      32 sdc 322447 140120 3741496 5004808 3726137 51277896 440027032 488737776 33 4025064 493928788
======================
   8      32 sdc 324678 140803 3764984 5021576 3727056 51278848 440042000 488755692 1 4026064 493963472
======================
   8      32 sdc 326389 141659 3785696 5039544 3727056 51278848 440042000 488755692 39 4027060 493982048
======================
   8      32 sdc 328157 142396 3805664 5055956 3727056 51278848 440042000 488755692 1 4028044 493997868
======================
   8      32 sdc 330236 143066 3827848 5073232 3727056 51278848 440042000 488755692 1 4029020 494015156
======================
   8      32 sdc 332245 143650 3848736 5090296 3727056 51278848 440042000 488755692 1 4030008 494032204
======================
   8      32 sdc 334097 144316 3869272 5105992 3727073 51279825 440049952 488755800 33 4030988 494048000
======================
   8      32 sdc 336295 144651 3889624 5124252 3727073 51279825 440049952 488755800 34 4031960 494066844
======================
   8      32 sdc 338805 145233 3914496 5142356 3727073 51279825 440049952 488755800 1 4032920 494084368
======================
   8      32 sdc 340661 145600 3932368 5155380 3727073 51279825 440049952 488755800 31 4033892 494106808
======================
   8      32 sdc 340788 145630 3933632 5181136 3727073 51279825 440049952 488755800 3 4034896 494123344
======================
   8      32 sdc 340963 145815 3936048 5188720 3727088 51280650 440056672 488755912 2 4035900 494130944
======================
   8      32 sdc 341889 146970 3953232 5199588 3727088 51280650 440056672 488755912 1 4036892 494141708
======================
   8      32 sdc 343486 148098 3975312 5212544 3727088 51280650 440056672 488755912 1 4037852 494154680
======================
   8      32 sdc 344712 148960 3992232 5227532 3727088 51280650 440056672 488755912 1 4038844 494169656
======================
   8      32 sdc 346223 149890 4012256 5241068 3727088 51280650 440056672 488755912 0 4039808 494183196
======================
   8      32 sdc 347488 151148 4032496 5253924 3727883 51281892 440072600 488793756 132 4040788 494237588
======================
   8      32 sdc 348880 152378 4053792 5266008 3728700 51282027 440080584 488844764 1 4041776 494296988
======================
   8      32 sdc 350134 153755 4075160 5277648 3728700 51282027 440080584 488844764 1 4042748 494308628
======================
   8      32 sdc 351208 154826 4092576 5288952 3728700 51282027 440080584 488844764 1 4043736 494319932
======================
   8      32 sdc 352787 155712 4112768 5304228 3728700 51282027 440080584 488844764 32 4044704 494335204
======================
   8      32 sdc 354184 156891 4133664 5316480 3728720 51283204 440090160 488844776 1 4045664 494347480
======================
   8      32 sdc 355489 158011 4153352 5329456 3728720 51283204 440090160 488844776 33 4046632 494360440
======================
   8      32 sdc 356965 158888 4172392 5345164 3728720 51283204 440090160 488844776 1 4047592 494376160
======================
   8      32 sdc 358321 160273 4194408 5360528 3728720 51283204 440090160 488844776 1 4048580 494391520
======================
   8      32 sdc 359812 161393 4215840 5373432 3728720 51283204 440090160 488844776 32 4049544 494404548
======================
   8      32 sdc 361222 162210 4233872 5389624 3728744 51284607 440101576 488844788 32 4050504 494420764
======================
   8      32 sdc 363233 162845 4254944 5406368 3728744 51284607 440101576 488844788 1 4051456 494437380
======================
   8      32 sdc 364474 164384 4277312 5416052 3728744 51284607 440101576 488844788 2 4052404 494447180
======================
   8      32 sdc 365845 165487 4297864 5428868 3728744 51284607 440101576 488844788 5 4053360 494459880
======================
   8      32 sdc 367423 166513 4318712 5443704 3728744 51284607 440101576 488844788 1 4054336 494474732
======================
   8      32 sdc 368736 167846 4340464 5454464 3728770 51286173 440114312 488844792 32 4055272 494485536
======================
   8      32 sdc 370321 169218 4364232 5466228 3729951 51286339 440125056 488902956 130 4056256 494562792
======================
   8      32 sdc 371479 170705 4385992 5475432 3731924 51286412 440141456 488987348 31 4057220 494649264
======================
   8      32 sdc 373115 171527 4405864 5490928 3731924 51286412 440141456 488987348 31 4058160 494664768
======================
   8      32 sdc 374416 172811 4426856 5501812 3731924 51286412 440141456 488987348 60 4059100 494675968
======================
   8      32 sdc 375694 173752 4444856 5517416 3731955 51288270 440156568 488987352 31 4060048 494691136
======================
   8      32 sdc 377054 175047 4466432 5529212 3731955 51288270 440156568 488987352 31 4061012 494702932
======================
   8      32 sdc 378413 176380 4488056 5538888 3731955 51288270 440156568 488987352 1 4061980 494712496
======================
   8      32 sdc 379749 177589 4508960 5550152 3731955 51288270 440156568 488987352 31 4062928 494723876
======================
   8      32 sdc 381212 178539 4528504 5563788 3731955 51288270 440156568 488987352 32 4063852 494737520
======================
   8      32 sdc 382623 179446 4547280 5577560 3731989 51290301 440173088 488987564 31 4064808 494751376
======================
   8      32 sdc 383766 180829 4567592 5585420 3731989 51290301 440173088 488987564 1 4065740 494759240
======================
   8      32 sdc 385326 181909 4588952 5597488 3731989 51290301 440173088 488987564 1 4066660 494771320
======================
   8      32 sdc 386586 183236 4610232 5608208 3731989 51290301 440173088 488987564 31 4067592 494782404
======================
   8      32 sdc 388099 184009 4628712 5623220 3731989 51290301 440173088 488987564 0 4068520 494797044
======================
   8      32 sdc 389445 184915 4646976 5639764 3732032 51292886 440194112 488987592 0 4069492 494813616
======================
   8      32 sdc 390708 185927 4665408 5652452 3732032 51292886 440194112 488987592 26 4070372 494826304
======================
   8      32 sdc 392011 187265 4686624 5662792 3732032 51292886 440194112 488987592 1 4071304 494836660
======================
   8      32 sdc 393518 188059 4705480 5676828 3732032 51292886 440194112 488987592 30 4072196 494850804
======================
   8      32 sdc 395257 189025 4727368 5692380 3732032 51292886 440194112 488987592 0 4073092 494866236
======================
   8      32 sdc 395609 189114 4730920 5695704 3732032 51292886 440194112 488987592 0 4073252 494869560
======================
   8      32 sdc 395609 189114 4730920 5695704 3736679 51296138 440257304 488995328 0 4073328 494877296
