======================
   8      16 sdb 32900737 525758 3109580634 73676644 61257687 381756473 16815174032 2383761012 0 21503784 2457538080
======================
   8      16 sdb 32900737 525758 3109580634 73676644 61257687 381756473 16815174032 2383761012 0 21503784 2457538080
======================
   8      16 sdb 32900737 525758 3109580634 73676644 61257687 381756473 16815174032 2383761012 0 21503784 2457538080
======================
   8      16 sdb 32900737 525758 3109580634 73676644 61257687 381756473 16815174032 2383761012 0 21503784 2457538080
======================
   8      16 sdb 32900744 525758 3109580690 73676680 61260975 381756473 16816857488 2383790864 133 21504096 2457569684
======================
   8      16 sdb 32900748 525758 3109580722 73676948 61262903 381756977 16817843616 2383907132 137 21505096 2457689488
======================
   8      16 sdb 32900752 525758 3109580754 73677252 61264860 381757442 16818829160 2384031348 150 21506100 2457810012
======================
   8      16 sdb 32900756 525758 3109580786 73677504 61266785 381757442 16819814760 2384149416 105 21507104 2457932352
======================
   8      16 sdb 32900758 525758 3109580802 73677660 61267472 381757442 16820166504 2384277796 134 21508108 2458059120
======================
   8      16 sdb 32900761 525758 3109580826 73677844 61269397 381757442 16821152104 2384403132 53 21509112 2458184548
======================
   8      16 sdb 32900765 525758 3109580858 73678140 61271297 381757462 16822124056 2384516116 130 21510108 2458299560
======================
   8      16 sdb 32900769 525758 3109580890 73678416 61273202 381757476 16823098520 2384635968 146 21511112 2458419820
======================
   8      16 sdb 32900774 525758 3109580930 73678744 61275116 381757476 16824078488 2384755032 113 21512112 2458534616
======================
   8      16 sdb 32900777 525758 3109580954 73678972 61277047 381757476 16825067160 2384874764 87 21513112 2458658972
======================
   8      16 sdb 32900781 525758 3109580986 73679252 61279159 381757476 16826148504 2384996872 23 21514116 2458778068
======================
   8      16 sdb 32900788 525758 3109581042 73679548 61281840 381757516 16827519480 2385110112 140 21515120 2458891908
======================
   8      16 sdb 32900792 525758 3109581074 73679824 61284054 381757516 16828653048 2385226220 134 21516116 2459012004
======================
   8      16 sdb 32900796 525758 3109581106 73680128 61285955 381757516 16829626360 2385345884 130 21517120 2459131684
======================
   8      16 sdb 32900799 525758 3109581130 73680352 61287858 381757516 16830600696 2385470788 32 21518120 2459254180
======================
   8      16 sdb 32900804 525758 3109581170 73680668 61289783 381757516 16831586296 2385587268 143 21519120 2459373924
======================
   8      16 sdb 32900808 525758 3109581202 73680980 61291713 381757560 16832571784 2385698848 155 21520120 2459485768
======================
   8      16 sdb 32900812 525758 3109581234 73681272 61293631 381757560 16833553800 2385822116 131 21521124 2459608472
======================
   8      16 sdb 32900815 525758 3109581258 73681504 61295565 381757560 16834544008 2385945988 11 21522128 2459729004
======================
   8      16 sdb 32900820 525758 3109581298 73681812 61297491 381757560 16835530120 2386062496 101 21523128 2459849840
======================
   8      16 sdb 32900824 525758 3109581330 73682124 61299387 381757560 16836500872 2386179248 134 21524128 2459967528
======================
   8      16 sdb 32900828 525758 3109581362 73682432 61301292 381757583 16837475408 2386297444 150 21525128 2460085728
======================
   8      16 sdb 32900831 525758 3109581386 73682652 61303191 381757600 16838446824 2386422320 37 21526128 2460207928
======================
   8      16 sdb 32900837 525758 3109581434 73683056 61305141 381757600 16839445224 2386535668 131 21527128 2460321800
======================
   8      16 sdb 32900840 525758 3109581458 73683284 61307066 381757600 16840431336 2386655576 66 21528128 2460443488
======================
   8      16 sdb 32900844 525758 3109581490 73683584 61308993 381757600 16841417448 2386776064 132 21529132 2460565848
======================
   8      16 sdb 32900848 525758 3109581522 73683876 61310916 381757623 16842401200 2386889224 130 21530128 2460678972
======================
   8      16 sdb 32900853 525758 3109581562 73684204 61312828 381757640 16843379272 2387005188 147 21531128 2460795148
======================
   8      16 sdb 32900857 525758 3109581594 73684540 61314727 381757640 16844351560 2387128008 89 21532128 2460913400
======================
   8      16 sdb 32900860 525758 3109581618 73684780 61316675 381757640 16845348936 2387248404 93 21533132 2461038552
======================
   8      16 sdb 32900864 525758 3109581650 73685088 61318586 381757640 16846327368 2387367144 142 21534136 2461159448
======================
   8      16 sdb 32900869 525758 3109581690 73685424 61320529 381757664 16847321368 2387482228 138 21535140 2461273708
======================
   8      16 sdb 32900873 525758 3109581722 73685736 61322453 381757681 16848305080 2387602932 152 21536140 2461392192
======================
   8      16 sdb 32900876 525758 3109581746 73685968 61324376 381757681 16849289656 2387726096 77 21537144 2461516964
======================
   8      16 sdb 32900881 525758 3109581786 73686376 61326600 381757681 16850428344 2387863384 134 21538312 2461654924
======================
   8      16 sdb 32900885 525758 3109581818 73686632 61328520 381757703 16851411056 2387985256 30 21539332 2461772872
======================
   8      16 sdb 32900889 525758 3109581850 73686880 61330463 381757718 16852403976 2388102616 139 21540328 2461895228
======================
   8      16 sdb 32900893 525758 3109581882 73687176 61332389 381757718 16853390088 2388221592 145 21541332 2462014604
======================
   8      16 sdb 32900897 525758 3109581914 73687472 61334316 381757718 16854376712 2388340672 134 21542336 2462133820
======================
   8      16 sdb 32900902 525758 3109581954 73687804 61336237 381757718 16855360264 2388454892 150 21543336 2462248508
======================
   8      16 sdb 32900906 525758 3109581986 73688104 61338140 381757742 16856334288 2388575332 159 21544340 2462366268
======================
   8      16 sdb 32900909 525758 3109582010 73688196 61339952 381757742 16857261528 2388708852 139 21545344 2462502896
======================
   8      16 sdb 32900913 525758 3109582042 73688376 61341855 381757760 16858235000 2388832192 142 21546344 2462626404
======================
   8      16 sdb 32900918 525758 3109582082 73688692 61343774 381757760 16859217528 2388949564 145 21547344 2462740552
======================
   8      16 sdb 32900921 525758 3109582106 73688924 61345700 381757760 16860204152 2389071256 74 21548348 2462864880
======================
   8      16 sdb 32900925 525758 3109582138 73689228 61347605 381757783 16861179000 2389189612 89 21549348 2462984992
======================
   8      16 sdb 32900929 525758 3109582170 73689516 61349556 381757799 16862175704 2389305636 136 21550344 2463100696
======================
   8      16 sdb 32900934 525758 3109582210 73689808 61351474 381757799 16863157720 2389423680 154 21551348 2463216336
======================
   8      16 sdb 32900937 525758 3109582234 73690040 61353384 381757799 16864135640 2389546388 75 21552348 2463340852
======================
   8      16 sdb 32900941 525758 3109582266 73690348 61355287 381757799 16865109976 2389664792 133 21553348 2463460688
======================
   8      16 sdb 32900945 525758 3109582298 73690648 61357200 381757822 16866089432 2389782860 35 21554348 2463576396
======================
   8      16 sdb 32900950 525758 3109582338 73690976 61359137 381757839 16867079480 2389896500 147 21555352 2463689080
======================
   8      16 sdb 32900953 525758 3109582362 73691224 61361053 381757839 16868060984 2390017232 90 21556356 2463813240
======================
   8      16 sdb 32900957 525758 3109582394 73691516 61362984 381757839 16869049144 2390136276 154 21557356 2463933556
======================
   8      16 sdb 32900961 525758 3109582426 73691812 61364911 381757839 16870035768 2390253036 152 21558360 2464050588
======================
   8      16 sdb 32900966 525758 3109582466 73692140 61366830 381757862 16871017976 2390370732 136 21559360 2464164544
======================
   8      16 sdb 32900969 525758 3109582490 73692360 61368735 381757862 16871992832 2390490580 91 21560360 2464288812
======================
   8      16 sdb 32900973 525758 3109582522 73692672 61370660 381757878 16872977048 2390610952 131 21561364 2464409012
======================
   8      16 sdb 32900977 525758 3109582554 73692976 61372586 381757878 16873963160 2390730244 133 21562364 2464528692
======================
   8      16 sdb 32900980 525758 3109582578 73693136 61373724 381757878 16874545816 2390800556 135 21563368 2464654676
======================
   8      16 sdb 32900985 525758 3109582618 73693376 61376256 381757901 16875842200 2390974208 92 21564372 2464772652
======================
   8      16 sdb 32900989 525758 3109582650 73693680 61378183 381757917 16876826616 2391087564 131 21565372 2464886904
======================
   8      16 sdb 32900993 525758 3109582682 73693984 61380109 381757917 16877812728 2391211308 155 21566376 2465006472
======================
   8      16 sdb 32900997 525758 3109582714 73694244 61382011 381757917 16878786552 2391328604 134 21567376 2465128216
======================
   8      16 sdb 32901001 525758 3109582746 73694548 61383915 381757917 16879761400 2391446580 138 21568376 2465246412
======================
   8      16 sdb 32901005 525758 3109582778 73694836 61385838 381757940 16880745976 2391567452 83 21569376 2465366640
======================
   8      16 sdb 32901008 525758 3109582802 73695064 61387768 381757957 16881732440 2391686936 13 21570380 2465483332
======================
   8      16 sdb 32901013 525758 3109582842 73695388 61389690 381757957 16882716504 2391801808 43 21571384 2465600264
======================
   8      16 sdb 32901017 525758 3109582874 73695700 61391614 381757957 16883701592 2391919476 144 21572388 2465720836
======================
   8      16 sdb 32901021 525758 3109582906 73696040 61393539 381757957 16884687704 2392038300 154 21573392 2465840056
======================
   8      16 sdb 32901025 525758 3109582938 73696328 61395451 381757980 16885665816 2392158128 146 21574392 2465957992
======================
   8      16 sdb 32901029 525758 3109582970 73696604 61397322 381757997 16886622392 2392271096 95 21575392 2466074296
======================
   8      16 sdb 32901033 525758 3109583002 73696916 61399259 381757997 16887614136 2392390484 135 21576392 2466192864
======================
   8      16 sdb 32901037 525758 3109583034 73697224 61401183 381757997 16888599224 2392509692 147 21577396 2466312564
======================
   8      16 sdb 32901041 525758 3109583066 73697536 61403105 381757997 16889583288 2392631484 156 21578400 2466431976
======================
   8      16 sdb 32901045 525758 3109583098 73697784 61405030 381758020 16890568888 2392750196 35 21579400 2466550592
======================
   8      16 sdb 32901049 525758 3109583130 73697936 61406959 381758035 16891553816 2392876956 152 21580400 2466680184
======================
   8      16 sdb 32901053 525758 3109583162 73697964 61408881 381758035 16892537880 2393018236 146 21581404 2466821592
======================
   8      16 sdb 32901057 525758 3109583194 73698012 61410783 381758035 16893511704 2393159816 128 21582408 2466963256
======================
   8      16 sdb 32901061 525758 3109583226 73698092 61412681 381758035 16894483480 2393299924 102 21583412 2467103244
======================
   8      16 sdb 32901065 525758 3109583258 73698180 61414607 381758058 16895469272 2393440520 141 21584416 2467243716
======================
   8      16 sdb 32901069 525758 3109583290 73698284 61416529 381758058 16896453336 2393578328 142 21585420 2467382320
======================
   8      16 sdb 32901073 525758 3109583322 73698408 61418456 381758058 16897439960 2393716176 137 21586424 2467520148
======================
   8      16 sdb 32901077 525758 3109583354 73698564 61420381 381758058 16898425056 2393847384 84 21587424 2467650528
======================
   8      16 sdb 32901081 525758 3109583386 73698696 61422304 381758075 16899408760 2393984284 132 21588432 2467788916
======================
   8      16 sdb 32901085 525758 3109583418 73698920 61424218 381758098 16900388408 2394116972 128 21589440 2467920220
======================
   8      16 sdb 32901089 525758 3109583450 73699132 61426119 381758098 16901361720 2394247600 148 21590440 2468050184
======================
   8      16 sdb 32901093 525758 3109583482 73699344 61428047 381758098 16902348352 2394371480 70 21591444 2468175548
======================
   8      16 sdb 32901097 525758 3109583514 73699604 61429967 381758115 16903330520 2394495360 143 21592448 2468301020
======================
   8      16 sdb 32901101 525758 3109583546 73699808 61431893 381758115 16904316632 2394620648 139 21593452 2468426388
======================
   8      16 sdb 32901105 525758 3109583578 73700096 61433818 381758139 16905301920 2394741900 133 21594456 2468546132
======================
   8      16 sdb 32901109 525758 3109583610 73700328 61435742 381758156 16906285128 2394860952 30 21595456 2468664148
======================
   8      16 sdb 32901113 525758 3109583642 73700616 61437642 381758156 16907258440 2394977460 135 21596456 2468784504
======================
   8      16 sdb 32901117 525758 3109583674 73700916 61439544 381758156 16908231752 2395097256 137 21597452 2468903892
======================
   8      16 sdb 32901121 525758 3109583706 73701216 61441465 381758156 16909215304 2395218048 140 21598452 2469023308
======================
   8      16 sdb 32901125 525758 3109583738 73701464 61443390 381758179 16910200904 2395336736 30 21599456 2469141064
======================
   8      16 sdb 32901128 525758 3109583762 73701568 61444492 381758179 16910764816 2395475732 9 21600460 2469278784
======================
   8      16 sdb 32901132 525758 3109583794 73701796 61446928 381758194 16912009640 2395588780 114 21601456 2469396856
======================
   8      16 sdb 32901136 525758 3109583826 73702092 61448846 381758194 16912991656 2395708100 157 21602456 2469516628
======================
   8      16 sdb 32901141 525758 3109583866 73702416 61450744 381758194 16913963944 2395822400 143 21603460 2469631524
======================
   8      16 sdb 32901144 525758 3109583890 73702644 61452664 381758216 16914946472 2395945648 11 21604460 2469750452
======================
   8      16 sdb 32901148 525758 3109583922 73702928 61454567 381758233 16915919104 2396064344 149 21605464 2469873788
======================
   8      16 sdb 32901152 525758 3109583954 73703216 61456496 381758233 16916906752 2396183420 128 21606464 2469993036
======================
   8      16 sdb 32901157 525758 3109583994 73703548 61458421 381758233 16917892352 2396300036 141 21607468 2470109184
======================
   8      16 sdb 32901160 525758 3109584018 73703768 61460340 381758233 16918874880 2396421968 18 21608472 2470228312
======================
   8      16 sdb 32901164 525758 3109584050 73704056 61462264 381758255 16919859968 2396540932 14 21609472 2470347356
======================
   8      16 sdb 32901168 525758 3109584082 73704372 61464189 381758271 16920843856 2396649144 151 21610476 2470460180
======================
   8      16 sdb 32901173 525758 3109584122 73704700 61466091 381758271 16921817680 2396766316 148 21611480 2470575888
======================
   8      16 sdb 32901176 525758 3109584146 73704812 61467991 381758271 16922790480 2396902760 51 21612480 2470711876
======================
   8      16 sdb 32901180 525758 3109584178 73705116 61469912 381758271 16923774032 2397020748 155 21613484 2470832268
======================
   8      16 sdb 32901184 525758 3109584210 73705424 61471833 381758295 16924757272 2397139536 156 21614488 2470946740
======================
   8      16 sdb 32901189 525758 3109584250 73705604 61473762 381758312 16925743040 2397259560 133 21615488 2471069968
======================
   8      16 sdb 32901192 525758 3109584274 73705828 61475685 381758312 16926728128 2397381628 42 21616492 2471191420
======================
   8      16 sdb 32901196 525758 3109584306 73706132 61477607 381758312 16927711680 2397501204 144 21617496 2471314168
======================
   8      16 sdb 32901200 525758 3109584338 73706480 61479509 381758312 16928686016 2397635924 132 21618496 2471448688
======================
   8      16 sdb 32901205 525758 3109584378 73706520 61481410 381758335 16929658496 2397778276 142 21619500 2471591332
======================
   8      16 sdb 32901244 525758 3109584690 73706984 61483324 381758335 16930638976 2397913964 254 21620504 2471738276
======================
   8      16 sdb 32901247 525758 3109584714 73707120 61485250 381758335 16931624576 2398137392 140 21621508 2471951048
======================
   8      16 sdb 32901251 525758 3109584746 73707408 61487178 381758335 16932611208 2398255988 153 21622508 2472069924
======================
   8      16 sdb 32901256 525758 3109584786 73707720 61489103 381758335 16933597320 2398373908 130 21623512 2472185184
======================
   8      16 sdb 32901259 525758 3109584810 73707948 61491028 381758357 16934581576 2398490096 63 21624512 2472301236
======================
   8      16 sdb 32901263 525758 3109584842 73708228 61492931 381758357 16935555912 2398606736 130 21625512 2472421500
======================
   8      16 sdb 32901267 525758 3109584874 73708524 61494841 381758357 16936533832 2398725900 130 21626512 2472541080
======================
   8      16 sdb 32901272 525758 3109584914 73708848 61496763 381758357 16937517896 2398845372 144 21627512 2472656956
======================
   8      16 sdb 32901275 525758 3109584938 73709056 61498686 381758357 16938502472 2398966336 85 21628516 2472780848
======================
   8      16 sdb 32901279 525758 3109584970 73709348 61500603 381758381 16939483672 2399080040 133 21629520 2472894776
======================
   8      16 sdb 32901283 525758 3109585002 73709644 61502527 381758381 16940468248 2399196856 135 21630516 2473012660
======================
   8      16 sdb 32901285 525758 3109585018 73709788 61503618 381758448 16941020304 2399265044 0 21631080 2473075964
======================
   8      16 sdb 32901285 525758 3109585018 73709788 61503618 381758448 16941020304 2399265044 0 21631080 2473075964
======================
   8      16 sdb 32901285 525758 3109585018 73709788 61503618 381758448 16941020304 2399265044 0 21631080 2473075964
======================
   8      16 sdb 32901285 525758 3109585018 73709788 61503618 381758448 16941020304 2399265044 0 21631080 2473075964
======================
   8      16 sdb 32901285 525758 3109585018 73709788 61503618 381758448 16941020304 2399265044 0 21631080 2473075964
======================
started
   8      16 sdb 32901286 525758 3109585026 73709788 61503618 381758448 16941020304 2399265044 0 21631080 2473075964
======================
   8      16 sdb 32901290 525758 3109585058 73709788 61503618 381758448 16941020304 2399265044 1 21631080 2473075964
======================
   8      16 sdb 32904995 525758 3109822306 73710668 61503618 381758448 16941020304 2399265044 1 21631960 2473076844
======================
   8      16 sdb 32908757 525758 3110063074 73711516 61503618 381758448 16941020304 2399265044 0 21632804 2473077688
======================
   8      16 sdb 32912577 525758 3110307554 73712412 61503618 381758448 16941020304 2399265044 0 21633700 2473078584
======================
   8      16 sdb 32916448 525758 3110555554 73713304 61503618 381758448 16941020304 2399265044 1 21634592 2473079476
======================
   8      16 sdb 32919983 525758 3110781794 73714132 61503618 381758448 16941020304 2399265044 0 21635416 2473080300
======================
   8      16 sdb 32923526 525758 3111008546 73714944 61503620 381758449 16941020328 2399265044 1 21636224 2473081108
======================
   8      16 sdb 32927102 525758 3111237538 73715792 61503620 381758449 16941020328 2399265044 1 21637072 2473081956
======================
   8      16 sdb 32930969 525758 3111485026 73716620 61503620 381758449 16941020328 2399265044 1 21637900 2473082784
======================
   8      16 sdb 32934474 525758 3111709346 73717452 61503620 381758449 16941020328 2399265044 0 21638732 2473083616
======================
   8      16 sdb 32937967 525758 3111933026 73718276 61503620 381758449 16941020328 2399265044 1 21639556 2473084440
======================
   8      16 sdb 32941811 525758 3112179042 73719124 61503620 381758449 16941020328 2399265044 1 21640400 2473085284
======================
   8      16 sdb 32945635 525758 3112423906 73719944 61503620 381758449 16941020328 2399265044 1 21641216 2473086100
======================
   8      16 sdb 32949201 525758 3112652258 73720776 61503620 381758449 16941020328 2399265044 1 21642044 2473086928
======================
   8      16 sdb 32953066 525758 3112900258 73721684 61503620 381758449 16941020328 2399265044 1 21642948 2473087832
======================
   8      16 sdb 32956621 525758 3113128162 73722528 61503620 381758449 16941020328 2399265044 1 21643788 2473088672
======================
   8      16 sdb 32960142 525758 3113354018 73723356 61503620 381758449 16941020328 2399265044 1 21644612 2473089496
======================
   8      16 sdb 32963652 525758 3113578914 73724128 61503620 381758449 16941020328 2399265044 1 21645384 2473090268
======================
   8      16 sdb 32967219 525758 3113808354 73724976 61503620 381758449 16941020328 2399265044 1 21646232 2473091116
======================
   8      16 sdb 32970784 525758 3114037026 73725796 61503620 381758449 16941020328 2399265044 1 21647052 2473091936
======================
   8      16 sdb 32974648 525758 3114284514 73726652 61503620 381758449 16941020328 2399265044 1 21647908 2473092792
======================
   8      16 sdb 32978472 525758 3114530146 73727512 61503620 381758449 16941020328 2399265044 1 21648764 2473093648
======================
   8      16 sdb 32982062 525758 3114760546 73728380 61503620 381758449 16941020328 2399265044 1 21649632 2473094516
======================
   8      16 sdb 32985535 525758 3114983650 73729196 61503620 381758449 16941020328 2399265044 1 21650448 2473095332
======================
   8      16 sdb 32989046 525758 3115209122 73729972 61503620 381758449 16941020328 2399265044 0 21651220 2473096104
======================
   8      16 sdb 32992517 525758 3115432290 73730788 61503620 381758449 16941020328 2399265044 1 21652032 2473096916
======================
   8      16 sdb 32996052 525758 3115660066 73731632 61503620 381758449 16941020328 2399265044 1 21652876 2473097760
======================
   8      16 sdb 32999583 525758 3115887298 73732408 61503620 381758449 16941020328 2399265044 1 21653648 2473098532
======================
   8      16 sdb 33003129 525758 3116115330 73733288 61503620 381758449 16941020328 2399265044 1 21654524 2473099408
======================
   8      16 sdb 33006672 525758 3116343362 73734096 61503620 381758449 16941020328 2399265044 1 21655332 2473100216
======================
   8      16 sdb 33010205 525758 3116570818 73734964 61503620 381758449 16941020328 2399265044 1 21656196 2473101080
======================
   8      16 sdb 33013749 525758 3116799042 73735804 61503620 381758449 16941020328 2399265044 1 21657032 2473101920
======================
   8      16 sdb 33017256 525758 3117024514 73736608 61503620 381758449 16941020328 2399265044 1 21657832 2473102720
======================
   8      16 sdb 33021061 525758 3117269634 73737404 61503620 381758449 16941020328 2399265044 1 21658628 2473103516
======================
   8      16 sdb 33024601 525758 3117497186 73738264 61503620 381758449 16941020328 2399265044 1 21659484 2473104372
======================
   8      16 sdb 33028132 525758 3117724674 73739036 61503620 381758449 16941020328 2399265044 1 21660256 2473105144
======================
   8      16 sdb 33031712 525758 3117955266 73739852 61503620 381758449 16941020328 2399265044 1 21661072 2473105960
======================
   8      16 sdb 33035293 525758 3118186242 73740688 61503620 381758449 16941020328 2399265044 1 21661904 2473106792
======================
   8      16 sdb 33038793 525758 3118411970 73741504 61503620 381758449 16941020328 2399265044 0 21662720 2473107608
======================
   8      16 sdb 33042256 525758 3118635842 73742316 61503620 381758449 16941020328 2399265044 1 21663532 2473108420
======================
   8      16 sdb 33045782 525758 3118863362 73743096 61503620 381758449 16941020328 2399265044 1 21664312 2473109200
======================
   8      16 sdb 33049317 525758 3119091362 73743904 61503621 381758449 16941020336 2399265044 1 21665120 2473110008
======================
   8      16 sdb 33052815 525758 3119317986 73744728 61503621 381758449 16941020336 2399265044 1 21665940 2473110828
======================
   8      16 sdb 33056329 525758 3119545442 73745572 61503621 381758449 16941020336 2399265044 1 21666780 2473111668
======================
   8      16 sdb 33059811 525758 3119770594 73746380 61503621 381758449 16941020336 2399265044 0 21667584 2473112476
======================
   8      16 sdb 33063264 525758 3119994658 73747232 61503621 381758449 16941020336 2399265044 0 21668436 2473113328
======================
   8      16 sdb 33066702 525758 3120217858 73748060 61503621 381758449 16941020336 2399265044 1 21669260 2473114152
======================
   8      16 sdb 33070199 525758 3120444386 73748880 61503621 381758449 16941020336 2399265044 0 21670080 2473114972
======================
   8      16 sdb 33073674 525758 3120670018 73749692 61503621 381758449 16941020336 2399265044 1 21670888 2473115780
======================
   8      16 sdb 33077185 525758 3120897122 73750544 61503621 381758449 16941020336 2399265044 0 21671740 2473116632
======================
   8      16 sdb 33080692 525758 3121124418 73751340 61503621 381758449 16941020336 2399265044 1 21672532 2473117424
======================
   8      16 sdb 33084198 525758 3121352130 73752136 61503621 381758449 16941020336 2399265044 1 21673328 2473118220
======================
   8      16 sdb 33087690 525758 3121579394 73752964 61503621 381758449 16941020336 2399265044 1 21674152 2473119044
======================
   8      16 sdb 33091131 525758 3121804034 73753792 61503621 381758449 16941020336 2399265044 1 21674976 2473119868
======================
   8      16 sdb 33094582 525758 3122029154 73754612 61503621 381758449 16941020336 2399265044 0 21675796 2473120688
======================
   8      16 sdb 33098089 525758 3122258178 73755468 61503621 381758449 16941020336 2399265044 1 21676652 2473121544
======================
   8      16 sdb 33101580 525758 3122485122 73756288 61503621 381758449 16941020336 2399265044 1 21677472 2473122364
======================
   8      16 sdb 33105079 525758 3122713858 73757112 61503621 381758449 16941020336 2399265044 0 21678296 2473123188
======================
   8      16 sdb 33108569 525758 3122940322 73757892 61503621 381758449 16941020336 2399265044 1 21679076 2473123968
======================
   8      16 sdb 33112053 525758 3123169122 73758724 61503621 381758449 16941020336 2399265044 1 21679904 2473124796
======================
   8      16 sdb 33115490 525758 3123393762 73759536 61503621 381758449 16941020336 2399265044 1 21680716 2473125608
======================
   8      16 sdb 33117897 525758 3123551426 73760112 61503621 381758449 16941020336 2399265044 0 21681284 2473126180
