======================
   8      32 sdc 1773936 12549 262986028 12114004 21735142 540889420 9440523880 1210957456 0 38815864 1224140120
======================
   8      32 sdc 1773936 12549 262986028 12114004 21735142 540889420 9440523880 1210957456 0 38815864 1224140120
======================
   8      32 sdc 1773939 12549 262986052 12114044 21735142 540889420 9440523880 1210957456 0 38815904 1224140160
======================
   8      32 sdc 1773939 12549 262986052 12114044 21735142 540889420 9440523880 1210957456 0 38815904 1224140160
======================
   8      32 sdc 1773940 12549 262986060 12114060 21736295 540889420 9441114216 1210977908 148 38816324 1224187352
======================
   8      32 sdc 1773940 12549 262986060 12114060 21736563 540889420 9441251432 1211108740 136 38817328 1224331456
======================
   8      32 sdc 1773940 12549 262986060 12114060 21736829 540889420 9441387624 1211253676 158 38818332 1224475008
======================
   8      32 sdc 1773940 12549 262986060 12114060 21737092 540889420 9441522280 1211396544 152 38819336 1224619636
======================
   8      32 sdc 1773940 12549 262986060 12114060 21737203 540889443 9441578288 1211454752 138 38820336 1224759808
======================
   8      32 sdc 1773940 12549 262986060 12114060 21737625 540889443 9441794352 1211697696 132 38821340 1224907140
======================
   8      32 sdc 1773940 12549 262986060 12114060 21738101 540889443 9442038064 1211810944 136 38822344 1225044520
======================
   8      32 sdc 1773940 12549 262986060 12114060 21738899 540889443 9442446640 1211995264 138 38823348 1225185180
======================
   8      32 sdc 1773940 12549 262986060 12114060 21739214 540889443 9442607920 1212075024 143 38824352 1225326296
======================
   8      32 sdc 1773940 12549 262986060 12114060 21739409 540889443 9442707760 1212175660 140 38825352 1225467176
======================
   8      32 sdc 1773940 12549 262986060 12114060 21740404 540889443 9443217200 1212419648 137 38826356 1225609312
======================
   8      32 sdc 1773940 12549 262986060 12114060 21741513 540889443 9443785008 1212554908 148 38827360 1225752084
======================
   8      32 sdc 1773940 12549 262986060 12114060 21742029 540889443 9444049200 1212697772 144 38828364 1225896200
======================
   8      32 sdc 1773941 12549 262986068 12114236 21742683 540889443 9444384048 1212837192 130 38829368 1226028716
======================
   8      32 sdc 1773941 12549 262986068 12114236 21743326 540889443 9444713264 1212973584 130 38830372 1226172284
======================
   8      32 sdc 1773941 12549 262986068 12114236 21743967 540889443 9445041968 1213117400 158 38831376 1226316500
======================
   8      32 sdc 1773941 12549 262986068 12114236 21744603 540889443 9445367088 1213259572 130 38832376 1226459360
======================
   8      32 sdc 1773941 12549 262986068 12114236 21745244 540889443 9445695280 1213403852 129 38833380 1226602604
======================
   8      32 sdc 1773941 12549 262986068 12114236 21745901 540889443 9446031664 1213547424 144 38834384 1226746360
======================
   8      32 sdc 1773941 12549 262986068 12114236 21746543 540889443 9446360368 1213691024 142 38835388 1226889984
======================
   8      32 sdc 1773941 12549 262986068 12114236 21747204 540889443 9446698800 1213835080 153 38836392 1227033200
======================
   8      32 sdc 1773941 12549 262986068 12114236 21747873 540889443 9447041328 1213978224 156 38837396 1227176364
======================
   8      32 sdc 1773941 12549 262986068 12114236 21748508 540889443 9447366448 1214121752 129 38838400 1227319904
======================
   8      32 sdc 1773941 12549 262986068 12114236 21749132 540889443 9447685936 1214264332 145 38839404 1227463788
======================
   8      32 sdc 1773941 12549 262986068 12114236 21749640 540889443 9447946032 1214409396 149 38840408 1227607724
======================
   8      32 sdc 1773942 12549 262986076 12114444 21750301 540889443 9448284464 1214547204 150 38841412 1227736224
======================
   8      32 sdc 1773942 12549 262986076 12114444 21750976 540889443 9448630064 1214680992 147 38842416 1227879896
======================
   8      32 sdc 1773942 12549 262986076 12114444 21751629 540889443 9448964400 1214823796 134 38843416 1228023036
======================
   8      32 sdc 1773942 12549 262986076 12114444 21752252 540889443 9449283376 1214966448 151 38844424 1228166740
======================
   8      32 sdc 1773942 12549 262986076 12114444 21752891 540889443 9449610544 1215110540 152 38845428 1228309776
======================
   8      32 sdc 1773942 12549 262986076 12114444 21753545 540889443 9449945392 1215253508 138 38846432 1228453376
======================
   8      32 sdc 1773942 12549 262986076 12114444 21754186 540889443 9450273584 1215396708 137 38847436 1228596828
======================
   8      32 sdc 1773942 12549 262986076 12114444 21754849 540889443 9450613040 1215541812 146 38848440 1228741104
======================
   8      32 sdc 1773942 12549 262986076 12114444 21755511 540889443 9450952496 1215685036 156 38849444 1228884704
======================
   8      32 sdc 1773942 12549 262986076 12114444 21756154 540889443 9451281200 1215828688 153 38850448 1229028532
======================
   8      32 sdc 1773942 12549 262986076 12114444 21756796 540889443 9451609904 1215972540 151 38851452 1229172192
======================
   8      32 sdc 1773942 12549 262986076 12114444 21757437 540889443 9451938096 1216115544 150 38852456 1229315720
======================
   8      32 sdc 1773942 12549 262986076 12114444 21757929 540889443 9452190000 1216230772 32 38853456 1229427080
======================
   8      32 sdc 1773943 12549 262986084 12114860 21758579 540889443 9452522800 1216365568 149 38854460 1229564932
======================
   8      32 sdc 1773943 12549 262986084 12114860 21759223 540889443 9452852528 1216508504 145 38855464 1229708552
======================
   8      32 sdc 1773943 12549 262986084 12114860 21759865 540889443 9453181232 1216652240 143 38856468 1229852324
======================
   8      32 sdc 1773943 12549 262986084 12114860 21760516 540889443 9453514544 1216795536 132 38857472 1229996140
======================
   8      32 sdc 1773943 12549 262986084 12114860 21761157 540889443 9453842736 1216941676 131 38858476 1230140480
======================
   8      32 sdc 1773943 12549 262986084 12114860 21761781 540889443 9454162224 1217083208 147 38859480 1230284016
======================
   8      32 sdc 1773943 12549 262986084 12114860 21762445 540889443 9454502192 1217228084 155 38860484 1230427240
======================
   8      32 sdc 1773943 12549 262986084 12114860 21763121 540889443 9454848304 1217371640 151 38861488 1230571124
======================
   8      32 sdc 1773943 12549 262986084 12114860 21763796 540889443 9455193904 1217515072 148 38862492 1230714824
======================
   8      32 sdc 1773943 12549 262986084 12114860 21764447 540889443 9455527216 1217657860 137 38863496 1230858556
======================
   8      32 sdc 1773943 12549 262986084 12114860 21765071 540889443 9455846704 1217801148 153 38864500 1231001884
======================
   8      32 sdc 1773943 12549 262986084 12114860 21765564 540889443 9456099120 1217912064 45 38865504 1231115104
======================
   8      32 sdc 1773944 12549 262986092 12115296 21766226 540889443 9456438064 1218055848 137 38866508 1231255868
======================
   8      32 sdc 1773944 12549 262986092 12115296 21766877 540889443 9456771376 1218198420 158 38867508 1231398844
======================
   8      32 sdc 1773944 12549 262986092 12115296 21767520 540889443 9457100592 1218342124 155 38868512 1231542480
======================
   8      32 sdc 1773944 12549 262986092 12115296 21768167 540889443 9457432368 1218484168 148 38869516 1231685376
======================
   8      32 sdc 1773944 12549 262986092 12115296 21768810 540889443 9457761072 1218627800 145 38870520 1231828888
======================
   8      32 sdc 1773944 12549 262986092 12115296 21769454 540889443 9458090800 1218771732 141 38871524 1231972456
======================
   8      32 sdc 1773944 12549 262986092 12115296 21770096 540889443 9458419504 1218915444 139 38872528 1232116268
======================
   8      32 sdc 1773944 12549 262986092 12115296 21770739 540889443 9458748720 1219059696 136 38873532 1232259880
======================
   8      32 sdc 1773944 12549 262986092 12115296 21771404 540889443 9459089200 1219203608 143 38874536 1232403712
======================
   8      32 sdc 1773944 12549 262986092 12115296 21772057 540889443 9459423536 1219346600 130 38875540 1232547120
======================
   8      32 sdc 1773944 12549 262986092 12115296 21772699 540889443 9459752240 1219490092 128 38876544 1232690744
======================
   8      32 sdc 1773944 12549 262986092 12115296 21773264 540889443 9460041520 1219612940 25 38877548 1232806104
======================
   8      32 sdc 1773945 12549 262986100 12115732 21773874 540889443 9460353840 1219735968 137 38878552 1232936320
======================
   8      32 sdc 1773945 12549 262986100 12115732 21774505 540889443 9460676912 1219877736 146 38879552 1233078372
======================
   8      32 sdc 1773945 12549 262986100 12115732 21775148 540889443 9461006128 1220021628 143 38880556 1233221948
======================
   8      32 sdc 1773945 12549 262986100 12115732 21775803 540889443 9461341488 1220162728 128 38881560 1233364852
======================
   8      32 sdc 1773945 12549 262986100 12115732 21776473 540889443 9461684528 1220308428 130 38882564 1233508492
======================
   8      32 sdc 1773945 12549 262986100 12115732 21777107 540889443 9462009136 1220450956 136 38883568 1233652560
======================
   8      32 sdc 1773945 12549 262986100 12115732 21777732 540889443 9462329136 1220594444 151 38884572 1233796012
======================
   8      32 sdc 1773945 12549 262986100 12115732 21778405 540889443 9462673712 1220738988 150 38885576 1233939332
======================
   8      32 sdc 1773945 12549 262986100 12115732 21779073 540889443 9463015728 1220881588 154 38886580 1234082920
======================
   8      32 sdc 1773945 12549 262986100 12115732 21779714 540889443 9463343920 1221024964 153 38887580 1234225740
======================
   8      32 sdc 1773945 12549 262986100 12115732 21780358 540889443 9463673648 1221168672 149 38888584 1234368976
======================
   8      32 sdc 1773945 12549 262986100 12115732 21780911 540889443 9463956784 1221288548 26 38889588 1234482924
======================
   8      32 sdc 1773946 12549 262986108 12116176 21781500 540889443 9464258352 1221412820 158 38890592 1234613904
======================
   8      32 sdc 1773946 12549 262986108 12116176 21782142 540889443 9464587056 1221556288 156 38891596 1234757500
======================
   8      32 sdc 1773946 12549 262986108 12116176 21782784 540889443 9464915760 1221699848 154 38892600 1234901164
======================
   8      32 sdc 1773946 12549 262986108 12116176 21783414 540889443 9465238320 1221842996 132 38893604 1235045668
======================
   8      32 sdc 1773946 12549 262986108 12116176 21784076 540889443 9465577264 1221987836 142 38894608 1235189404
======================
   8      32 sdc 1773946 12549 262986108 12116176 21784718 540889443 9465905968 1222131380 140 38895612 1235332896
======================
   8      32 sdc 1773946 12549 262986108 12116176 21785365 540889443 9466237232 1222274952 133 38896616 1235476888
======================
   8      32 sdc 1773946 12549 262986108 12116176 21786040 540889443 9466582832 1222419564 130 38897616 1235619848
======================
   8      32 sdc 1773946 12549 262986108 12116176 21786686 540889443 9466913584 1222564704 156 38898620 1235764184
======================
   8      32 sdc 1773946 12549 262986108 12116176 21787310 540889443 9467233072 1222705772 140 38899624 1235907768
======================
   8      32 sdc 1773946 12549 262986108 12116176 21787972 540889443 9467572016 1222850540 150 38900628 1236051092
======================
   8      32 sdc 1773946 12549 262986108 12116176 21788591 540889443 9467888944 1222981832 26 38901632 1236174424
======================
   8      32 sdc 1773947 12549 262986116 12116592 21789167 540889443 9468183856 1223098004 139 38902636 1236299260
======================
   8      32 sdc 1773947 12549 262986116 12116592 21789830 540889443 9468523312 1223240480 148 38903640 1236442980
======================
   8      32 sdc 1773947 12549 262986116 12116592 21790449 540889443 9468840240 1223384568 137 38904644 1236587152
======================
   8      32 sdc 1773947 12549 262986116 12116592 21791084 540889443 9469165360 1223528608 142 38905648 1236730740
======================
   8      32 sdc 1773947 12549 262986116 12116592 21791741 540889443 9469501744 1223672188 157 38906648 1236873604
======================
   8      32 sdc 1773947 12549 262986116 12116592 21792383 540889443 9469830448 1223815680 155 38907652 1237017220
======================
   8      32 sdc 1773947 12549 262986116 12116592 21793037 540889443 9470165296 1223959544 141 38908656 1237160996
======================
   8      32 sdc 1773947 12549 262986116 12116592 21793701 540889443 9470505264 1224103828 149 38909660 1237305252
======================
   8      32 sdc 1773947 12549 262986116 12116592 21794343 540889443 9470833968 1224246876 147 38910664 1237449024
======================
   8      32 sdc 1773947 12549 262986116 12116592 21794980 540889443 9471160112 1224390564 150 38911668 1237592632
======================
   8      32 sdc 1773947 12549 262986116 12116592 21795622 540889443 9471488816 1224534076 148 38912672 1237735940
======================
   8      32 sdc 1773947 12549 262986116 12116592 21796239 540889443 9471804720 1224671552 26 38913672 1237863584
======================
   8      32 sdc 1773947 12549 262986116 12116592 21796239 540889443 9471804720 1224671552 26 38914676 1237889688
======================
   8      32 sdc 1773948 12549 262986124 12118404 21797417 540889443 9472407856 1224759916 132 38915680 1237963320
======================
   8      32 sdc 1773948 12549 262986124 12118404 21798060 540889443 9472737072 1224903540 129 38916684 1238106696
======================
   8      32 sdc 1773948 12549 262986124 12118404 21798713 540889443 9473071408 1225047424 148 38917688 1238250292
======================
   8      32 sdc 1773948 12549 262986124 12118404 21799356 540889443 9473400624 1225189252 145 38918692 1238393752
======================
   8      32 sdc 1773948 12549 262986124 12118404 21799980 540889443 9473720112 1225333024 129 38919696 1238537320
======================
   8      32 sdc 1773948 12549 262986124 12118404 21800632 540889443 9474053936 1225478216 149 38920696 1238680896
======================
   8      32 sdc 1773948 12549 262986124 12118404 21801308 540889443 9474400048 1225621684 145 38921700 1238824632
======================
   8      32 sdc 1773948 12549 262986124 12118404 21801985 540889443 9474746672 1225765392 140 38922704 1238968220
======================
   8      32 sdc 1773948 12549 262986124 12118404 21802650 540889443 9475087152 1225907572 147 38923708 1239112436
======================
   8      32 sdc 1773948 12549 262986124 12118404 21803274 540889443 9475406640 1226051436 131 38924712 1239256020
======================
   8      32 sdc 1773948 12549 262986124 12118404 21803892 540889443 9475723056 1226191364 53 38925716 1239390596
======================
   8      32 sdc 1773948 12549 262986124 12118404 21803892 540889443 9475723056 1226191364 53 38926720 1239443808
======================
   8      32 sdc 1773949 12549 262986132 12120172 21805076 540889443 9476329264 1226328684 158 38927724 1239534804
======================
   8      32 sdc 1773949 12549 262986132 12120172 21805718 540889443 9476657968 1226472100 156 38928724 1239677756
======================
   8      32 sdc 1773949 12549 262986132 12120172 21806373 540889443 9476993328 1226615832 141 38929732 1239822024
======================
   8      32 sdc 1773949 12549 262986132 12120172 21807015 540889443 9477322032 1226759576 139 38930736 1239965644
======================
   8      32 sdc 1773949 12549 262986132 12120172 21807652 540889443 9477648176 1226902556 142 38931740 1240109232
======================
   8      32 sdc 1773949 12549 262986132 12120172 21808293 540889443 9477976368 1227045812 141 38932744 1240252680
======================
   8      32 sdc 1773949 12549 262986132 12120172 21808935 540889443 9478305072 1227189248 139 38933748 1240396192
======================
   8      32 sdc 1773949 12549 262986132 12120172 21809599 540889443 9478645040 1227333428 147 38934752 1240539776
======================
   8      32 sdc 1773949 12549 262986132 12120172 21810259 540889443 9478982960 1227477964 149 38935752 1240682600
======================
   8      32 sdc 1773949 12549 262986132 12120172 21810901 540889443 9479311664 1227619952 157 38936756 1240826348
======================
   8      32 sdc 1773949 12549 262986132 12120172 21811557 540889443 9479647536 1227762364 68 38937760 1240963844
======================
   8      32 sdc 1773950 12549 262986140 12120576 21812065 540889443 9479907632 1227874544 132 38938764 1241080568
======================
   8      32 sdc 1773950 12549 262986140 12120576 21812718 540889443 9480241968 1228016704 151 38939768 1241224200
======================
   8      32 sdc 1773950 12549 262986140 12120576 21813343 540889443 9480561968 1228160424 134 38940772 1241367760
======================
   8      32 sdc 1773950 12549 262986140 12120576 21813998 540889443 9480897328 1228305224 151 38941776 1241511100
======================
   8      32 sdc 1773950 12549 262986140 12120576 21814662 540889443 9481237296 1228448808 138 38942780 1241653820
======================
   8      32 sdc 1773950 12549 262986140 12120576 21815338 540889443 9481583408 1228591348 155 38943784 1241797316
======================
   8      32 sdc 1773950 12549 262986140 12120576 21815963 540889443 9481903408 1228733440 138 38944788 1241940836
======================
   8      32 sdc 1773950 12549 262986140 12120576 21816589 540889443 9482223920 1228877980 152 38945792 1242084140
======================
   8      32 sdc 1773950 12549 262986140 12120576 21817259 540889443 9482566960 1229021428 154 38946796 1242227700
======================
   8      32 sdc 1773950 12549 262986140 12120576 21817922 540889443 9482906416 1229164816 131 38947800 1242371568
======================
   8      32 sdc 1773950 12549 262986140 12120576 21818564 540889443 9483235120 1229311088 129 38948804 1242517780
======================
   8      32 sdc 1773950 12549 262986140 12120576 21819220 540889443 9483570992 1229454972 85 38949808 1242659008
======================
   8      32 sdc 1773950 12549 262986140 12120576 21819290 540889443 9483606832 1229470204 15 38950812 1242677760
======================
   8      32 sdc 1773951 12549 262986148 12122184 21820499 540889443 9484225840 1229542700 140 38951816 1242751288
======================
   8      32 sdc 1773951 12549 262986148 12122184 21821141 540889443 9484554544 1229686308 138 38952820 1242894420
======================
   8      32 sdc 1773951 12549 262986148 12122184 21821778 540889443 9484880688 1229828124 141 38953824 1243037372
======================
   8      32 sdc 1773951 12549 262986148 12122184 21822442 540889443 9485220656 1229973076 149 38954828 1243181164
======================
   8      32 sdc 1773951 12549 262986148 12122184 21823102 540889443 9485558576 1230115852 129 38955832 1243324200
======================
   8      32 sdc 1773951 12549 262986148 12122184 21823744 540889443 9485887280 1230259088 136 38956836 1243467404
======================
   8      32 sdc 1773951 12549 262986148 12122184 21824401 540889443 9486223664 1230402988 142 38957840 1243610844
======================
   8      32 sdc 1773951 12549 262986148 12122184 21825078 540889443 9486570288 1230546076 137 38958844 1243753908
======================
   8      32 sdc 1773951 12549 262986148 12122184 21825716 540889443 9486896944 1230688508 139 38959848 1243896332
======================
   8      32 sdc 1773951 12549 262986148 12122184 21826341 540889443 9487216944 1230830688 154 38960852 1244039596
======================
   8      32 sdc 1773952 12549 262986156 12122376 21826988 540889443 9487548208 1230970624 134 38961856 1244168736
======================
   8      32 sdc 1773952 12549 262986156 12122376 21827658 540889443 9487891248 1231104276 136 38962860 1244312624
======================
   8      32 sdc 1773952 12549 262986156 12122376 21828334 540889443 9488237360 1231247900 132 38963864 1244456096
======================
   8      32 sdc 1773952 12549 262986156 12122376 21828985 540889443 9488570672 1231390380 153 38964864 1244599204
======================
   8      32 sdc 1773952 12549 262986156 12122376 21829606 540889443 9488888624 1231535104 140 38965868 1244742984
======================
   8      32 sdc 1773952 12549 262986156 12122376 21830283 540889443 9489235248 1231678924 135 38966872 1244886528
======================
   8      32 sdc 1773952 12549 262986156 12122376 21830935 540889443 9489569072 1231821912 155 38967876 1245030240
======================
   8      32 sdc 1773952 12549 262986156 12122376 21831577 540889443 9489897776 1231965560 153 38968880 1245174016
======================
   8      32 sdc 1773952 12549 262986156 12122376 21832234 540889443 9490234160 1232109204 136 38969884 1245317284
======================
   8      32 sdc 1773952 12549 262986156 12122376 21832896 540889443 9490573104 1232252268 146 38970888 1245460824
======================
   8      32 sdc 1773952 12549 262986156 12122376 21833538 540889443 9490901808 1232395760 144 38971892 1245604484
======================
   8      32 sdc 1773952 12549 262986156 12122376 21834180 540889443 9491230512 1232539332 142 38972896 1245747872
======================
   8      32 sdc 1773953 12549 262986164 12122812 21834668 540889443 9491480368 1232655472 135 38973900 1245853820
======================
   8      32 sdc 1773953 12549 262986164 12122812 21835317 540889443 9491812656 1232789128 155 38974904 1245997352
======================
   8      32 sdc 1773953 12549 262986164 12122812 21835980 540889443 9492152112 1232935660 135 38975908 1246141892
======================
   8      32 sdc 1773953 12549 262986164 12122812 21836634 540889443 9492486960 1233076276 153 38976912 1246285432
======================
   8      32 sdc 1773953 12549 262986164 12122812 21837272 540889443 9492813616 1233220476 155 38977916 1246428784
======================
   8      32 sdc 1773953 12549 262986164 12122812 21837949 540889443 9493160240 1233364056 150 38978920 1246572392
======================
   8      32 sdc 1773953 12549 262986164 12122812 21838583 540889443 9493484848 1233506104 156 38979924 1246715676
======================
   8      32 sdc 1773953 12549 262986164 12122812 21839208 540889443 9493804848 1233649656 139 38980928 1246859324
======================
   8      32 sdc 1773953 12549 262986164 12122812 21839882 540889443 9494149936 1233795468 137 38981932 1247003844
======================
   8      32 sdc 1773953 12549 262986164 12122812 21840553 540889443 9494493488 1233939308 138 38982936 1247147360
======================
   8      32 sdc 1773953 12549 262986164 12122812 21841224 540889443 9494837040 1234082676 139 38983940 1247290916
======================
   8      32 sdc 1773953 12549 262986164 12122812 21841868 540889443 9495166768 1234224708 135 38984944 1247434436
======================
   8      32 sdc 1773954 12549 262986172 12123264 21842337 540889443 9495406896 1234338872 147 38985948 1247538824
======================
   8      32 sdc 1773954 12549 262986172 12123264 21842987 540889443 9495739696 1234475832 137 38986952 1247682948
======================
   8      32 sdc 1773954 12549 262986172 12123264 21843664 540889443 9496086320 1234617740 132 38987956 1247826160
======================
   8      32 sdc 1773954 12549 262986172 12123264 21844313 540889443 9496418608 1234759864 155 38988960 1247969472
======================
   8      32 sdc 1773954 12549 262986172 12123264 21844945 540889443 9496742192 1234903732 131 38989964 1248112936
======================
   8      32 sdc 1773954 12549 262986172 12123264 21845604 540889443 9497079600 1235049068 144 38990968 1248258084
======================
   8      32 sdc 1773954 12549 262986172 12123264 21846247 540889443 9497408816 1235191612 141 38991972 1248401512
======================
   8      32 sdc 1773954 12549 262986172 12123264 21846889 540889443 9497737520 1235335156 139 38992972 1248544376
======================
   8      32 sdc 1773954 12549 262986172 12123264 21847531 540889443 9498066224 1235478432 137 38993976 1248687840
======================
   8      32 sdc 1773954 12549 262986172 12123264 21848181 540889443 9498399024 1235622528 159 38994980 1248831288
======================
   8      32 sdc 1773954 12549 262986172 12123264 21848846 540889443 9498739504 1235766184 134 38995984 1248974208
======================
   8      32 sdc 1773954 12549 262986172 12123264 21849497 540889443 9499072816 1235908452 155 38996988 1249117888
======================
   8      32 sdc 1773954 12549 262986172 12123264 21849993 540889443 9499326768 1236019256 32 38997992 1249226492
======================
   8      32 sdc 1773955 12549 262986180 12123700 21850647 540889443 9499661616 1236157804 157 38998996 1249366648
======================
   8      32 sdc 1773955 12549 262986180 12123700 21851323 540889443 9500007728 1236301144 153 39000000 1249510268
======================
   8      32 sdc 1773955 12549 262986180 12123700 21851931 540889443 9500319024 1236439308 153 39001004 1249654124
======================
   8      32 sdc 1773955 12549 262986180 12123700 21852566 540889443 9500644144 1236587124 158 39002008 1249797912
======================
   8      32 sdc 1773955 12549 262986180 12123700 21853242 540889443 9500990256 1236732048 154 39003008 1249940896
======================
   8      32 sdc 1773955 12549 262986180 12123700 21853903 540889443 9501328688 1236874988 133 39004012 1250084432
======================
   8      32 sdc 1773955 12549 262986180 12123700 21854556 540889443 9501663024 1237017836 152 39005016 1250228148
======================
   8      32 sdc 1773955 12549 262986180 12123700 21855180 540889443 9501982512 1237161252 136 39006020 1250371772
======================
   8      32 sdc 1773955 12549 262986180 12123700 21855834 540889443 9502317360 1237306336 154 39007024 1250515648
======================
   8      32 sdc 1773955 12549 262986180 12123700 21856510 540889443 9502663472 1237449764 150 39008028 1250659364
======================
   8      32 sdc 1773955 12549 262986180 12123700 21857157 540889443 9502994736 1237592752 143 39009032 1250802980
======================
   8      32 sdc 1773956 12549 262986188 12123924 21857778 540889443 9503312688 1237721064 131 39010036 1250930996
======================
   8      32 sdc 1773956 12549 262986188 12123924 21858437 540889443 9503650096 1237863372 144 39011036 1251073920
======================
   8      32 sdc 1773956 12549 262986188 12123924 21859091 540889443 9503984944 1238006112 130 39012040 1251217016
======================
   8      32 sdc 1773956 12549 262986188 12123924 21859733 540889443 9504313648 1238150492 128 39013044 1251360340
======================
   8      32 sdc 1773956 12549 262986188 12123924 21860359 540889443 9504634160 1238293696 142 39014048 1251503792
======================
   8      32 sdc 1773956 12549 262986188 12123924 21861011 540889443 9504967984 1238437576 130 39015052 1251647108
======================
   8      32 sdc 1773956 12549 262986188 12123924 21861676 540889443 9505308464 1238581156 137 39016056 1251790716
======================
   8      32 sdc 1773956 12549 262986188 12123924 21862325 540889443 9505640752 1238723912 128 39017060 1251933668
======================
   8      32 sdc 1773956 12549 262986188 12123924 21862967 540889443 9505969456 1238867016 158 39018064 1252077072
======================
   8      32 sdc 1773956 12549 262986188 12123924 21863639 540889443 9506314032 1239010928 158 39019068 1252220224
======================
   8      32 sdc 1773956 12549 262986188 12123924 21864308 540889443 9506656048 1239153540 129 39020072 1252363764
======================
   8      32 sdc 1773956 12549 262986188 12123924 21864932 540889443 9506975536 1239296756 145 39021076 1252507400
======================
   8      32 sdc 1773956 12549 262986188 12123924 21865323 540889443 9507175728 1239388844 30 39022080 1252599552
======================
   8      32 sdc 1773956 12549 262986188 12123924 21865323 540889443 9507175728 1239388844 30 39023084 1252629672
======================
   8      32 sdc 1773957 12549 262986196 12125704 21866746 540889443 9507904304 1239533484 149 39024088 1252744600
======================
   8      32 sdc 1773957 12549 262986196 12125704 21867422 540889443 9508250416 1239676608 145 39025092 1252887968
======================
   8      32 sdc 1773957 12549 262986196 12125704 21868046 540889443 9508569904 1239818660 129 39026096 1253031020
======================
   8      32 sdc 1773957 12549 262986196 12125704 21868704 540889443 9508906800 1239962616 143 39027100 1253174004
======================
   8      32 sdc 1773957 12549 262986196 12125704 21869381 540889443 9509253424 1240106008 138 39028104 1253317468
======================
   8      32 sdc 1773957 12549 262986196 12125704 21870024 540889443 9509582640 1240248416 135 39029104 1253460160
======================
   8      32 sdc 1773957 12549 262986196 12125704 21870669 540889443 9509912880 1240391980 130 39030108 1253603296
======================
   8      32 sdc 1773957 12549 262986196 12125704 21871334 540889443 9510253360 1240535296 137 39031112 1253746628
======================
   8      32 sdc 1773957 12549 262986196 12125704 21871990 540889443 9510589232 1240678056 153 39032116 1253889416
======================
   8      32 sdc 1773957 12549 262986196 12125704 21872632 540889443 9510917936 1240820896 151 39033120 1254032812
======================
   8      32 sdc 1773958 12549 262986204 12125904 21873252 540889443 9511235376 1240953468 156 39034124 1254165752
======================
   8      32 sdc 1773958 12549 262986204 12125904 21873894 540889443 9511564080 1241096872 154 39035132 1254309840
======================
   8      32 sdc 1773958 12549 262986204 12125904 21874553 540889443 9511901488 1241240964 135 39036136 1254453592
======================
   8      32 sdc 1773958 12549 262986204 12125904 21875217 540889443 9512241456 1241385548 143 39037136 1254595980
======================
   8      32 sdc 1773958 12549 262986204 12125904 21875843 540889443 9512561968 1241526928 157 39038140 1254739592
======================
   8      32 sdc 1773958 12549 262986204 12125904 21876519 540889443 9512908080 1241671424 153 39039144 1254883392
======================
   8      32 sdc 1773958 12549 262986204 12125904 21877176 540889443 9513244464 1241813756 136 39040148 1255027028
======================
   8      32 sdc 1773958 12549 262986204 12125904 21877801 540889443 9513564464 1241957680 151 39041152 1255170956
======================
   8      32 sdc 1773958 12549 262986204 12125904 21878445 540889443 9513894192 1242102292 147 39042156 1255314504
======================
   8      32 sdc 1773958 12549 262986204 12125904 21879122 540889443 9514240816 1242246272 142 39043160 1255458372
======================
   8      32 sdc 1773958 12549 262986204 12125904 21879798 540889443 9514586928 1242389824 138 39044164 1255602100
======================
   8      32 sdc 1773958 12549 262986204 12125904 21880470 540889443 9514930992 1242532580 138 39045168 1255745660
======================
   8      32 sdc 1773959 12549 262986212 12126144 21881069 540889443 9515237680 1242656180 147 39046168 1255869428
======================
   8      32 sdc 1773959 12549 262986212 12126144 21881701 540889443 9515561264 1242801000 155 39047172 1256013088
======================
   8      32 sdc 1773959 12549 262986212 12126144 21882378 540889443 9515907888 1242944748 150 39048176 1256156916
======================
   8      32 sdc 1773959 12549 262986212 12126144 21883033 540889443 9516243248 1243087596 135 39049180 1256300600
======================
   8      32 sdc 1773959 12549 262986212 12126144 21883668 540889443 9516568368 1243231828 140 39050184 1256444468
======================
   8      32 sdc 1773959 12549 262986212 12126144 21884332 540889443 9516908336 1243375032 148 39051184 1256587416
======================
   8      32 sdc 1773959 12549 262986212 12126144 21884982 540889443 9517241136 1243518200 138 39052188 1256731048
======================
   8      32 sdc 1773959 12549 262986212 12126144 21885622 540889443 9517568816 1243663704 138 39053192 1256874080
======================
   8      32 sdc 1773959 12549 262986212 12126144 21886266 540889443 9517898544 1243804960 134 39054196 1257017764
======================
   8      32 sdc 1773959 12549 262986212 12126144 21886909 540889443 9518227760 1243948836 131 39055200 1257161472
======================
   8      32 sdc 1773959 12549 262986212 12126144 21887574 540889443 9518568240 1244092676 138 39056208 1257305312
======================
   8      32 sdc 1773959 12549 262986212 12126144 21888227 540889443 9518902576 1244234572 157 39057212 1257447940
======================
   8      32 sdc 1773960 12549 262986220 12126368 21888847 540889443 9519220016 1244360044 145 39058216 1257573992
======================
   8      32 sdc 1773960 12549 262986220 12126368 21889505 540889443 9519556912 1244504380 159 39059220 1257717268
======================
   8      32 sdc 1773960 12549 262986220 12126368 21890181 540889443 9519903024 1244647740 155 39060224 1257861004
======================
   8      32 sdc 1773960 12549 262986220 12126368 21890818 540889443 9520229168 1244790100 158 39061228 1258004516
======================
   8      32 sdc 1773960 12549 262986220 12126368 21891316 540889443 9520484144 1244937104 140 39062228 1258148984
======================
   8      32 sdc 1773960 12549 262986220 12126368 21891994 540889443 9520831280 1245079836 134 39063232 1258292716
======================
   8      32 sdc 1773960 12549 262986220 12126368 21892665 540889443 9521174832 1245223460 135 39064236 1258436212
======================
   8      32 sdc 1773960 12549 262986220 12126368 21893333 540889443 9521516848 1245365588 139 39065240 1258579740
======================
   8      32 sdc 1773960 12549 262986220 12126368 21893957 540889443 9521836336 1245508936 155 39066244 1258723292
======================
   8      32 sdc 1773960 12549 262986220 12126368 21894596 540889443 9522163504 1245653828 156 39067248 1258866784
======================
   8      32 sdc 1773960 12549 262986220 12126368 21895272 540889443 9522509616 1245796344 152 39068252 1259009636
======================
   8      32 sdc 1773960 12549 262986220 12126368 21895928 540889443 9522845488 1245938920 136 39069252 1259152596
======================
   8      32 sdc 1773961 12549 262986228 12126600 21896549 540889443 9523163440 1246063976 158 39070256 1259277588
======================
   8      32 sdc 1773961 12549 262986228 12126600 21897207 540889443 9523500848 1246207536 140 39071260 1259421128
======================
   8      32 sdc 1773961 12549 262986228 12126600 21897872 540889443 9523840816 1246350900 147 39072264 1259564568
======================
   8      32 sdc 1773961 12549 262986228 12126600 21898515 540889443 9524170032 1246494200 144 39073268 1259708244
======================
   8      32 sdc 1773961 12549 262986228 12126600 21899002 540889443 9524419376 1246639408 137 39074272 1259854184
======================
   8      32 sdc 1773961 12549 262986228 12126600 21899645 540889443 9524748592 1246783136 134 39075276 1259997672
======================
   8      32 sdc 1773961 12549 262986228 12126600 21900308 540889443 9525088048 1246926956 143 39076280 1260141060
======================
   8      32 sdc 1773961 12549 262986228 12126600 21900964 540889443 9525423920 1247070112 132 39077284 1260284424
======================
   8      32 sdc 1773961 12549 262986228 12126600 21901558 540889443 9525728048 1247205552 141 39078288 1260426828
======================
   8      32 sdc 1773961 12549 262986228 12126600 21902246 540889443 9526080304 1247355704 157 39079292 1260569248
======================
   8      32 sdc 1773961 12549 262986228 12126600 21902922 540889443 9526426416 1247498856 153 39080296 1260712632
======================
   8      32 sdc 1773961 12549 262986228 12126600 21903563 540889443 9526754608 1247641028 152 39081300 1260856200
======================
   8      32 sdc 1773962 12549 262986236 12126820 21904177 540889443 9527068976 1247766884 148 39082304 1260982332
======================
   8      32 sdc 1773962 12549 262986236 12126820 21904844 540889443 9527410480 1247911896 153 39083308 1261125784
======================
   8      32 sdc 1773962 12549 262986236 12126820 21905514 540889443 9527753520 1248056340 155 39084312 1261269876
======================
   8      32 sdc 1773962 12549 262986236 12126820 21906185 540889443 9528097072 1248199672 156 39085316 1261413292
======================
   8      32 sdc 1773962 12549 262986236 12126820 21906796 540889443 9528409904 1248341836 153 39086320 1261556984
======================
   8      32 sdc 1773962 12549 262986236 12126820 21907445 540889443 9528742192 1248486524 144 39087324 1261700584
======================
   8      32 sdc 1773962 12549 262986236 12126820 21908119 540889443 9529087280 1248630112 142 39088328 1261844152
======================
   8      32 sdc 1773962 12549 262986236 12126820 21908764 540889443 9529417520 1248771936 137 39089332 1261986924
======================
   8      32 sdc 1773962 12549 262986236 12126820 21909408 540889443 9529747248 1248916404 133 39090336 1262130648
======================
   8      32 sdc 1773962 12549 262986236 12126820 21910067 540889443 9530084656 1249059864 147 39091340 1262274472
======================
   8      32 sdc 1773962 12549 262986236 12126820 21910713 540889443 9530415408 1249202976 140 39092344 1262418032
======================
   8      32 sdc 1773962 12549 262986236 12126820 21911340 540889443 9530736432 1249343356 29 39093348 1262548716
======================
   8      32 sdc 1773963 12549 262986244 12127064 21911963 540889443 9531055408 1249469680 138 39094352 1262684908
======================
   8      32 sdc 1773963 12549 262986244 12127064 21912605 540889443 9531384112 1249613404 136 39095352 1262828072
======================
   8      32 sdc 1773963 12549 262986244 12127064 21913268 540889443 9531723568 1249757424 145 39096356 1262971716
======================
   8      32 sdc 1773963 12549 262986244 12127064 21913918 540889443 9532056368 1249898996 135 39097360 1263114916
======================
   8      32 sdc 1773963 12549 262986244 12127064 21914566 540889443 9532388144 1250044692 138 39098364 1263258344
======================
   8      32 sdc 1773963 12549 262986244 12127064 21915236 540889443 9532731184 1250188436 129 39099368 1263402460
======================
   8      32 sdc 1773963 12549 262986244 12127064 21915889 540889443 9533065520 1250330392 148 39100372 1263545864
======================
   8      32 sdc 1773963 12549 262986244 12127064 21916513 540889443 9533385008 1250473752 132 39101376 1263689152
======================
   8      32 sdc 1773963 12549 262986244 12127064 21917168 540889443 9533720368 1250618348 149 39102380 1263832720
======================
   8      32 sdc 1773963 12549 262986244 12127064 21917845 540889443 9534066992 1250762048 144 39103384 1263976136
======================
   8      32 sdc 1773963 12549 262986244 12127064 21918521 540889443 9534413104 1250905128 140 39104388 1264119508
======================
   8      32 sdc 1773964 12549 262986252 12127296 21919153 540889443 9534736688 1251028784 147 39105392 1264243872
======================
   8      32 sdc 1773964 12549 262986252 12127296 21919777 540889443 9535056176 1251171636 131 39106396 1264387308
======================
   8      32 sdc 1773964 12549 262986252 12127296 21920420 540889443 9535385392 1251316576 128 39107400 1264530868
======================
   8      32 sdc 1773964 12549 262986252 12127296 21921038 540889443 9535701808 1251452484 150 39108404 1264675344
======================
   8      32 sdc 1773964 12549 262986252 12127296 21921697 540889443 9536039216 1251605824 131 39109408 1264820640
======================
   8      32 sdc 1773964 12549 262986252 12127296 21922346 540889443 9536371504 1251749120 154 39110412 1264964012
======================
   8      32 sdc 1773964 12549 262986252 12127296 21923011 540889443 9536711984 1251892592 129 39111416 1265107364
======================
   8      32 sdc 1773964 12549 262986252 12127296 21923658 540889443 9537043248 1252035568 154 39112416 1265250112
======================
   8      32 sdc 1773964 12549 262986252 12127296 21924300 540889443 9537371952 1252178712 152 39113420 1265393560
======================
   8      32 sdc 1773964 12549 262986252 12127296 21924920 540889443 9537689392 1252316960 140 39114428 1265537504
======================
   8      32 sdc 1773964 12549 262986252 12127296 21925589 540889443 9538031920 1252465920 143 39115428 1265680512
======================
   8      32 sdc 1773964 12549 262986252 12127296 21926254 540889443 9538372400 1252609492 150 39116436 1265824488
======================
   8      32 sdc 1773965 12549 262986260 12127536 21926876 540889443 9538691376 1252731604 137 39117440 1265947648
======================
   8      32 sdc 1773965 12549 262986260 12127536 21927519 540889443 9539020080 1252875360 134 39118444 1266091160
======================
   8      32 sdc 1773965 12549 262986260 12127536 21928182 540889443 9539359536 1253019756 143 39119452 1266235268
======================
   8      32 sdc 1773965 12549 262986260 12127536 21928853 540889443 9539703088 1253161832 144 39120456 1266377420
======================
   8      32 sdc 1773965 12549 262986260 12127536 21929335 540889443 9539949872 1253303072 142 39121460 1266523256
======================
   8      32 sdc 1773965 12549 262986260 12127536 21929990 540889443 9540285232 1253451368 154 39122464 1266666572
======================
   8      32 sdc 1773965 12549 262986260 12127536 21930666 540889443 9540631344 1253594480 155 39123464 1266809368
======================
   8      32 sdc 1773965 12549 262986260 12127536 21931343 540889443 9540977968 1253737852 150 39124468 1266952680
======================
   8      32 sdc 1773965 12549 262986260 12127536 21932005 540889443 9541316912 1253880496 128 39125472 1267096584
======================
   8      32 sdc 1773965 12549 262986260 12127536 21932630 540889443 9541636912 1254023904 143 39126476 1267239976
======================
   8      32 sdc 1773965 12549 262986260 12127536 21933270 540889443 9541964592 1254167268 143 39127480 1267382868
======================
   8      32 sdc 1773965 12549 262986260 12127536 21933946 540889443 9542310704 1254311084 139 39128484 1267526272
======================
   8      32 sdc 1773966 12549 262986268 12127768 21934578 540889443 9542634288 1254433952 151 39129488 1267649980
======================
   8      32 sdc 1773966 12549 262986268 12127768 21935220 540889443 9542962992 1254577420 149 39130492 1267793332
======================
   8      32 sdc 1773966 12549 262986268 12127768 21935876 540889443 9543298864 1254721452 133 39131496 1267936956
======================
   8      32 sdc 1773966 12549 262986268 12127768 21936527 540889443 9543632176 1254864384 154 39132500 1268080752
======================
   8      32 sdc 1773966 12549 262986268 12127768 21937153 540889443 9543952688 1255008696 136 39133504 1268225064
======================
   8      32 sdc 1773966 12549 262986268 12127768 21937795 540889443 9544281392 1255152344 134 39134508 1268368736
======================
   8      32 sdc 1773966 12549 262986268 12127768 21938454 540889443 9544618800 1255297552 147 39135512 1268512880
======================
   8      32 sdc 1773966 12549 262986268 12127768 21939113 540889443 9544956208 1255440872 128 39136516 1268656448
======================
   8      32 sdc 1773966 12549 262986268 12127768 21939756 540889443 9545285424 1255583980 157 39137520 1268800280
======================
   8      32 sdc 1773966 12549 262986268 12127768 21940405 540889443 9545617712 1255728676 148 39138524 1268944312
======================
   8      32 sdc 1773966 12549 262986268 12127768 21941081 540889443 9545963824 1255872312 144 39139528 1269088000
======================
   8      32 sdc 1773966 12549 262986268 12127768 21941733 540889443 9546297648 1256014760 132 39140532 1269231576
======================
   8      32 sdc 1773967 12549 262986276 12127968 21942332 540889443 9546604336 1256147236 145 39141536 1269364396
======================
   8      32 sdc 1773967 12549 262986276 12127968 21942986 540889443 9546939184 1256292440 131 39142540 1269507976
======================
   8      32 sdc 1773967 12549 262986276 12127968 21943657 540889443 9547282736 1256435908 132 39143544 1269651528
======================
   8      32 sdc 1773967 12549 262986276 12127968 21944333 540889443 9547628848 1256579316 128 39144548 1269794804
======================
   8      32 sdc 1773967 12549 262986276 12127968 21944963 540889443 9547951408 1256721400 138 39145552 1269938300
======================
   8      32 sdc 1773967 12549 262986276 12127968 21945594 540889443 9548274480 1256866484 147 39146556 1270082580
======================
   8      32 sdc 1773967 12549 262986276 12127968 21946270 540889443 9548620592 1257010304 143 39147560 1270226164
======================
   8      32 sdc 1773967 12549 262986276 12127968 21946931 540889443 9548959024 1257152760 154 39148560 1270368864
======================
   8      32 sdc 1773967 12549 262986276 12127968 21947573 540889443 9549287728 1257295880 152 39149564 1270512252
======================
   8      32 sdc 1773967 12549 262986276 12127968 21948224 540889443 9549621040 1257439652 141 39150568 1270655496
======================
   8      32 sdc 1773967 12549 262986276 12127968 21948890 540889443 9549962032 1257583332 147 39151576 1270799536
======================
   8      32 sdc 1773967 12549 262986276 12127968 21949535 540889443 9550292272 1257726576 142 39152576 1270942580
======================
   8      32 sdc 1773967 12549 262986276 12127968 21949729 540889443 9550391600 1257769692 40 39153580 1271005868
======================
   8      32 sdc 1773968 12549 262986284 12129628 21950771 540889443 9550925104 1257857504 144 39154584 1271068256
======================
   8      32 sdc 1773968 12549 262986284 12129628 21951418 540889443 9551256368 1257994368 137 39155588 1271211720
======================
   8      32 sdc 1773968 12549 262986284 12129628 21952082 540889443 9551596336 1258137656 145 39156592 1271355136
======================
   8      32 sdc 1773968 12549 262986284 12129628 21952673 540889443 9551898928 1258284764 130 39157596 1271500816
======================
   8      32 sdc 1773968 12549 262986284 12129628 21953320 540889443 9552230192 1258427344 155 39158600 1271644588
======================
   8      32 sdc 1773968 12549 262986284 12129628 21953997 540889443 9552576816 1258570780 150 39159604 1271788104
======================
   8      32 sdc 1773968 12549 262986284 12129628 21954641 540889443 9552906544 1258712708 146 39160608 1271931468
======================
   8      32 sdc 1773968 12549 262986284 12129628 21955265 540889443 9553226032 1258856192 130 39161608 1272074228
======================
   8      32 sdc 1773968 12549 262986284 12129628 21955929 540889443 9553566000 1259000868 138 39162612 1272217792
======================
   8      32 sdc 1773968 12549 262986284 12129628 21956599 540889443 9553909040 1259143684 140 39163616 1272360812
======================
   8      32 sdc 1773968 12549 262986284 12129628 21957275 540889443 9554255152 1259287100 136 39164620 1272504244
======================
   8      32 sdc 1773969 12549 262986292 12130048 21957769 540889443 9554508080 1259389112 141 39165624 1272607864
======================
   8      32 sdc 1773969 12549 262986292 12130048 21958393 540889443 9554827568 1259532288 157 39166628 1272751152
======================
   8      32 sdc 1773969 12549 262986292 12130048 21959034 540889443 9555155760 1259677232 156 39167632 1272894696
======================
   8      32 sdc 1773969 12549 262986292 12130048 21959710 540889443 9555501872 1259810812 217 39168636 1273055676
======================
   8      32 sdc 1773969 12549 262986292 12130048 21960350 540889443 9555829552 1259963824 217 39169640 1273268400
======================
   8      32 sdc 1773969 12549 262986292 12130048 21960999 540889443 9556161840 1260122708 208 39170644 1273471596
======================
   8      32 sdc 1773969 12549 262986292 12130048 21961664 540889443 9556502320 1260285828 183 39171648 1273667136
======================
   8      32 sdc 1773969 12549 262986292 12130048 21962299 540889443 9556827440 1260463536 188 39172652 1273855416
======================
   8      32 sdc 1773969 12549 262986292 12130048 21962942 540889443 9557156656 1260655816 185 39173656 1274033836
======================
   8      32 sdc 1773969 12549 262986292 12130048 21963584 540889443 9557485360 1260844832 151 39174660 1274202060
======================
   8      32 sdc 1773969 12549 262986292 12130048 21964232 540889443 9557817136 1261056440 143 39175664 1274362364
======================
   8      32 sdc 1773969 12549 262986292 12130048 21964896 540889443 9558157104 1261254360 151 39176668 1274514428
======================
   8      32 sdc 1773970 12549 262986300 12130508 21965406 540889443 9558418224 1261390572 149 39177668 1274609232
======================
   8      32 sdc 1773970 12549 262986300 12130508 21966048 540889443 9558746928 1261534204 147 39178672 1274753136
======================
   8      32 sdc 1773970 12549 262986300 12130508 21966706 540889443 9559083824 1261679428 129 39179676 1274897336
======================
   8      32 sdc 1773970 12549 262986300 12130508 21967382 540889443 9559429936 1261822976 157 39180680 1275040904
======================
   8      32 sdc 1773970 12549 262986300 12130508 21968005 540889443 9559748912 1261965328 142 39181684 1275184760
======================
   8      32 sdc 1773970 12549 262986300 12130508 21968665 540889443 9560086832 1262110120 154 39182688 1275328280
======================
   8      32 sdc 1773970 12549 262986300 12130508 21969341 540889443 9560432944 1262253568 150 39183692 1275471828
======================
   8      32 sdc 1773970 12549 262986300 12130508 21970012 540889443 9560776496 1262396208 151 39184696 1275615412
======================
   8      32 sdc 1773970 12549 262986300 12130508 21970669 540889443 9561112880 1262539360 134 39185700 1275758984
======================
   8      32 sdc 1773970 12549 262986300 12130508 21971294 540889443 9561432880 1262682816 149 39186704 1275902428
======================
   8      32 sdc 1773970 12549 262986300 12130508 21971945 540889443 9561766192 1262827876 138 39187708 1276046192
======================
   8      32 sdc 1773970 12549 262986300 12130508 21972621 540889443 9562112304 1262971428 134 39188712 1276189584
======================
   8      32 sdc 1773971 12549 262986308 12130776 21973249 540889914 9562433072 1263091620 148 39189708 1276310808
======================
   8      32 sdc 1773971 12549 262986308 12130776 21973890 540889914 9562761264 1263234872 147 39190712 1276454308
======================
   8      32 sdc 1773971 12549 262986308 12130776 21974555 540889914 9563101744 1263379044 154 39191716 1276597628
======================
   8      32 sdc 1773971 12549 262986308 12130776 21975210 540889914 9563437104 1263521956 139 39192720 1276741172
======================
   8      32 sdc 1773971 12549 262986308 12130776 21975830 540889914 9563754544 1263665636 147 39193724 1276884684
======================
   8      32 sdc 1773971 12549 262986308 12130776 21976472 540889914 9564083760 1263809040 157 39194728 1277028268
======================
   8      32 sdc 1773971 12549 262986308 12130776 21977123 540889914 9564416560 1263953168 146 39195732 1277171892
======================
   8      32 sdc 1773971 12549 262986308 12130776 21977775 540889914 9564750384 1264094312 134 39196736 1277315332
======================
   8      32 sdc 1773971 12549 262986308 12130776 21978417 540889914 9565079088 1264239516 132 39197736 1277458308
======================
   8      32 sdc 1773971 12549 262986308 12130776 21979068 540889914 9565412400 1264383828 153 39198740 1277601896
======================
   8      32 sdc 1773971 12549 262986308 12130776 21979738 540889914 9565755440 1264528580 155 39199744 1277745420
======================
   8      32 sdc 1773971 12549 262986308 12130776 21980381 540889914 9566084656 1264669712 117 39200748 1277888668
======================
   8      32 sdc 1773972 12549 262986316 12131084 21980945 540890397 9566359680 1264775364 23 39201772 1277986180
======================
   8      32 sdc 1773972 12549 262986316 12131084 21980969 540890397 9566361336 1264784480 0 39201848 1277987888
======================
   8      32 sdc 1773972 12549 262986316 12131084 21980969 540890397 9566361336 1264784480 0 39201848 1277987888
======================
   8      32 sdc 1773972 12549 262986316 12131084 21980969 540890397 9566361336 1264784480 0 39201848 1277987888
======================
   8      32 sdc 1773972 12549 262986316 12131084 21980969 540890397 9566361336 1264784480 0 39201848 1277987888
======================
   8      32 sdc 1773972 12549 262986316 12131084 21980969 540890397 9566361336 1264784480 0 39201848 1277987888
======================
   8      32 sdc 1774208 12549 262988198 12137396 21980982 540890397 9566361384 1264784480 1 39202460 1277994752
started
======================
   8      32 sdc 1774213 12549 262988238 12138604 21980984 540890397 9566361392 1264784480 0 39203116 1277995408
======================
   8      32 sdc 1774217 12549 262988270 12138608 21980984 540890397 9566361392 1264784480 1 39203124 1277995416
======================
   8      32 sdc 1774367 12549 262989470 12139592 21980984 540890397 9566361392 1264784480 1 39204104 1277996396
======================
   8      32 sdc 1774525 12549 262990734 12140584 21980984 540890397 9566361392 1264784480 1 39205096 1277997388
======================
   8      32 sdc 1774682 12549 262991990 12141564 21980984 540890397 9566361392 1264784480 1 39206076 1277998368
======================
   8      32 sdc 1774833 12549 262993198 12142548 21980984 540890397 9566361392 1264784480 1 39207064 1277999356
======================
   8      32 sdc 1774981 12549 262994382 12143540 21980984 540890397 9566361392 1264784480 1 39208052 1278000344
======================
   8      32 sdc 1775128 12549 262995558 12144520 21980987 540890399 9566361432 1264784480 1 39209036 1278001328
======================
   8      32 sdc 1775278 12549 262996758 12145492 21980987 540890399 9566361432 1264784480 1 39210008 1278002300
======================
   8      32 sdc 1775428 12549 262997958 12146476 21980987 540890399 9566361432 1264784480 1 39210996 1278003288
======================
   8      32 sdc 1775581 12549 262999182 12147472 21980987 540890399 9566361432 1264784480 1 39211988 1278004280
======================
   8      32 sdc 1775734 12549 263000406 12148460 21980987 540890399 9566361432 1264784480 1 39212976 1278005268
======================
   8      32 sdc 1775878 12549 263001558 12149456 21980987 540890399 9566361432 1264784480 1 39213972 1278006264
======================
   8      32 sdc 1776032 12549 263002790 12150460 21980987 540890399 9566361432 1264784480 1 39214976 1278007268
======================
   8      32 sdc 1776184 12549 263004006 12151456 21980987 540890399 9566361432 1264784480 1 39215972 1278008264
======================
   8      32 sdc 1776338 12549 263005238 12152452 21980987 540890399 9566361432 1264784480 1 39216968 1278009260
======================
   8      32 sdc 1776486 12549 263006422 12153444 21980987 540890399 9566361432 1264784480 1 39217960 1278010252
======================
   8      32 sdc 1776640 12549 263007654 12154432 21980987 540890399 9566361432 1264784480 1 39218948 1278011240
======================
   8      32 sdc 1776793 12549 263008878 12155432 21980987 540890399 9566361432 1264784480 1 39219948 1278012240
======================
   8      32 sdc 1776949 12549 263010126 12156432 21980987 540890399 9566361432 1264784480 1 39220944 1278013236
======================
   8      32 sdc 1777105 12549 263011374 12157432 21980987 540890399 9566361432 1264784480 1 39221948 1278014240
======================
   8      32 sdc 1777259 12549 263012606 12158424 21980987 540890399 9566361432 1264784480 1 39222940 1278015232
======================
   8      32 sdc 1777411 12549 263013822 12159396 21980987 540890399 9566361432 1264784480 1 39223912 1278016204
======================
   8      32 sdc 1777566 12549 263015062 12160376 21980987 540890399 9566361432 1264784480 1 39224888 1278017180
======================
   8      32 sdc 1777723 12549 263016318 12161352 21980987 540890399 9566361432 1264784480 1 39225868 1278018160
======================
   8      32 sdc 1777870 12549 263017494 12162340 21980987 540890399 9566361432 1264784480 1 39226852 1278019144
======================
   8      32 sdc 1778021 12549 263018702 12163324 21980987 540890399 9566361432 1264784480 1 39227840 1278020132
======================
   8      32 sdc 1778167 12549 263019870 12164300 21980987 540890399 9566361432 1264784480 1 39228816 1278021108
======================
   8      32 sdc 1778312 12549 263021030 12165280 21980987 540890399 9566361432 1264784480 1 39229788 1278022080
======================
   8      32 sdc 1778471 12549 263022302 12166256 21980987 540890399 9566361432 1264784480 1 39230776 1278023068
======================
   8      32 sdc 1778621 12549 263023502 12167252 21980987 540890399 9566361432 1264784480 1 39231760 1278024052
======================
   8      32 sdc 1778771 12549 263024702 12168232 21980987 540890399 9566361432 1264784480 1 39232740 1278025032
======================
   8      32 sdc 1778916 12549 263025862 12169220 21980987 540890399 9566361432 1264784480 1 39233728 1278026020
======================
   8      32 sdc 1779073 12549 263027118 12170216 21980987 540890399 9566361432 1264784480 0 39234724 1278027016
======================
   8      32 sdc 1779229 12549 263028366 12171200 21980987 540890399 9566361432 1264784480 1 39235712 1278028004
======================
   8      32 sdc 1779380 12549 263029574 12172168 21980987 540890399 9566361432 1264784480 1 39236696 1278028988
======================
   8      32 sdc 1779536 12549 263030822 12173176 21980987 540890399 9566361432 1264784480 1 39237684 1278029976
======================
   8      32 sdc 1779691 12549 263032062 12174168 21980989 540890399 9566361448 1264784480 1 39238676 1278030968
======================
   8      32 sdc 1779849 12549 263033326 12175160 21980989 540890399 9566361448 1264784480 1 39239672 1278031964
======================
   8      32 sdc 1780006 12549 263034582 12176148 21980989 540890399 9566361448 1264784480 1 39240664 1278032956
======================
   8      32 sdc 1780158 12549 263035798 12177140 21980989 540890399 9566361448 1264784480 1 39241652 1278033944
======================
   8      32 sdc 1780317 12549 263037070 12178128 21980989 540890399 9566361448 1264784480 1 39242640 1278034932
======================
   8      32 sdc 1780464 12549 263038246 12179092 21980989 540890399 9566361448 1264784480 1 39243608 1278035900
======================
   8      32 sdc 1780614 12549 263039446 12180064 21980989 540890399 9566361448 1264784480 1 39244580 1278036872
======================
   8      32 sdc 1780726 12549 263040342 12181056 21980989 540890399 9566361448 1264784480 1 39245564 1278037856
======================
   8      32 sdc 1780891 12549 263041662 12182048 21980989 540890399 9566361448 1264784480 1 39246560 1278038852
======================
   8      32 sdc 1781045 12549 263042894 12183044 21980989 540890399 9566361448 1264784480 1 39247556 1278039848
======================
   8      32 sdc 1781203 12549 263044158 12184044 21980989 540890399 9566361448 1264784480 1 39248552 1278040844
======================
   8      32 sdc 1781357 12549 263045390 12185044 21980989 540890399 9566361448 1264784480 1 39249556 1278041848
======================
   8      32 sdc 1781507 12549 263046590 12186024 21980989 540890399 9566361448 1264784480 1 39250532 1278042824
======================
   8      32 sdc 1781652 12549 263047750 12187012 21980989 540890399 9566361448 1264784480 1 39251524 1278043816
======================
   8      32 sdc 1781803 12549 263048958 12188004 21980989 540890399 9566361448 1264784480 1 39252516 1278044808
======================
   8      32 sdc 1781951 12549 263050142 12188988 21980989 540890399 9566361448 1264784480 1 39253504 1278045796
======================
   8      32 sdc 1782110 12549 263051414 12189968 21980989 540890399 9566361448 1264784480 1 39254480 1278046772
======================
   8      32 sdc 1782262 12549 263052630 12190972 21980989 540890399 9566361448 1264784480 1 39255484 1278047776
======================
   8      32 sdc 1782421 12549 263053902 12191960 21980989 540890399 9566361448 1264784480 1 39256472 1278048764
======================
   8      32 sdc 1782565 12549 263055054 12192952 21980989 540890399 9566361448 1264784480 1 39257460 1278049752
======================
   8      32 sdc 1782724 12549 263056326 12193940 21980989 540890399 9566361448 1264784480 1 39258452 1278050744
======================
   8      32 sdc 1782877 12549 263057550 12194916 21980989 540890399 9566361448 1264784480 1 39259428 1278051720
======================
   8      32 sdc 1783019 12549 263058686 12195896 21980989 540890399 9566361448 1264784480 1 39260408 1278052700
======================
   8      32 sdc 1783176 12549 263059942 12196888 21980989 540890399 9566361448 1264784480 1 39261396 1278053688
======================
   8      32 sdc 1783338 12549 263061238 12197864 21980989 540890399 9566361448 1264784480 1 39262376 1278054668
======================
   8      32 sdc 1783473 12549 263062318 12198720 21980989 540890399 9566361448 1264784480 0 39263228 1278055520
