======================
   8      16 sdb 1407759 5583 295285448 678272 2966245 16077117 1514839728 215283936 0 1943856 215962420
======================
   8      16 sdb 1407759 5583 295285448 678272 2966245 16077117 1514839728 215283936 0 1943856 215962420
======================
   8      16 sdb 1407760 5583 295285456 678272 2966254 16077613 1514843768 215283936 0 1943856 215962420
======================
   8      16 sdb 1407760 5583 295285456 678272 2966254 16077613 1514843768 215283936 0 1943856 215962420
======================
   8      16 sdb 1407761 5583 295285464 678288 2969176 16078069 1516322312 215306852 0 1944092 215985348
======================
   8      16 sdb 1407761 5583 295285464 678288 2971319 16078069 1517419528 215435764 129 1945056 216119624
======================
   8      16 sdb 1407761 5583 295285464 678288 2972695 16078069 1518124040 215574824 137 1946056 216257088
======================
   8      16 sdb 1407761 5583 295285464 678288 2974943 16078093 1519275528 215701968 90 1947060 216393540
======================
   8      16 sdb 1407762 5583 295285472 678296 2976783 16078093 1520216784 215848476 133 1948064 216530840
======================
   8      16 sdb 1407762 5583 295285472 678296 2977739 16078093 1520706256 215992856 137 1949068 216676616
======================
   8      16 sdb 1407762 5583 295285472 678296 2979764 16078093 1521743056 216136088 128 1950072 216818396
======================
   8      16 sdb 1407762 5583 295285472 678296 2981821 16078093 1522796240 216279784 151 1951076 216962344
======================
   8      16 sdb 1407763 5583 295285480 678320 2983804 16078093 1523811536 216420036 134 1952080 217102720
======================
   8      16 sdb 1407763 5583 295285480 678320 2986317 16078093 1525098192 216561792 148 1953084 217244412
======================
   8      16 sdb 1407763 5583 295285480 678320 2988199 16078093 1526061776 216704056 146 1954088 217386692
======================
   8      16 sdb 1407763 5583 295285480 678320 2990300 16078093 1527137488 216844008 135 1955092 217527268
======================
   8      16 sdb 1407764 5583 295285488 678360 2992388 16078093 1528206544 216983132 145 1956092 217666592
======================
   8      16 sdb 1407764 5583 295285488 678360 2994312 16078093 1529191632 217124888 141 1957096 217808496
======================
   8      16 sdb 1407764 5583 295285488 678360 2996237 16078093 1530177232 217266604 136 1958100 217950296
======================
   8      16 sdb 1407764 5583 295285488 678360 2998160 16078093 1531161808 217408488 133 1959104 218092228
======================
   8      16 sdb 1407765 5583 295285496 678432 3000082 16078093 1532145872 217547340 157 1960108 218226760
======================
   8      16 sdb 1407765 5583 295285496 678432 3001987 16078093 1533121232 217684180 140 1961112 218368120
======================
   8      16 sdb 1407765 5583 295285496 678432 3003885 16078093 1534093008 217825300 130 1962116 218509244
======================
   8      16 sdb 1407765 5583 295285496 678432 3005809 16078093 1535078096 217967280 139 1963120 218651340
======================
   8      16 sdb 1407766 5583 295285504 678512 3007741 16078173 1536063888 218102612 157 1964120 218786176
======================
   8      16 sdb 1407766 5583 295285504 678512 3009662 16078173 1537047440 218245188 155 1965124 218928752
======================
   8      16 sdb 1407766 5583 295285504 678512 3011587 16078173 1538033040 218387956 151 1966128 219071636
======================
   8      16 sdb 1407766 5583 295285504 678512 3013511 16078173 1539018128 218530308 147 1967132 219214140
======================
   8      16 sdb 1407767 5583 295285512 678588 3015438 16078229 1540001672 218665848 144 1968136 219349676
======================
   8      16 sdb 1407767 5583 295285512 678588 3017339 16078252 1540974664 218801056 138 1969140 219485040
======================
   8      16 sdb 1407767 5583 295285512 678588 3019263 16078252 1541959752 218942812 134 1970144 219626788
======================
   8      16 sdb 1407767 5583 295285512 678588 3021186 16078252 1542944328 219084148 131 1971148 219768024
======================
   8      16 sdb 1407768 5583 295285520 678660 3023111 16078269 1543928552 219218808 138 1972148 219902824
======================
   8      16 sdb 1407768 5583 295285520 678660 3025037 16078269 1544914664 219361384 132 1973152 220045468
======================
   8      16 sdb 1407768 5583 295285520 678660 3026963 16078291 1545900448 219498420 132 1974156 220182492
======================
   8      16 sdb 1407768 5583 295285520 678660 3028865 16078291 1546874272 219640792 150 1975160 220324968
======================
   8      16 sdb 1407769 5583 295285528 678748 3030771 16078307 1547848760 219775996 153 1976164 220460100
======================
   8      16 sdb 1407769 5583 295285528 678748 3032694 16078307 1548833336 219918468 150 1977164 220602060
======================
   8      16 sdb 1407770 5583 295285536 678824 3034619 16078307 1549818936 220053548 133 1978168 220737328
======================
   8      16 sdb 1407770 5583 295285536 678824 3036544 16078347 1550801832 220190612 142 1979172 220874308
======================
   8      16 sdb 1407770 5583 295285536 678824 3038467 16078347 1551786408 220332736 153 1980176 221016680
======================
   8      16 sdb 1407770 5583 295285536 678824 3040402 16078347 1552777128 220475704 138 1981184 221159524
======================
   8      16 sdb 1407771 5583 295285544 678908 3042301 16078347 1553749416 220610844 153 1982188 221294756
======================
   8      16 sdb 1407771 5583 295285544 678908 3044203 16078347 1554723240 220753452 143 1983192 221437380
======================
   8      16 sdb 1407771 5583 295285544 678908 3046129 16078370 1555709032 220890208 143 1984196 221574192
======================
   8      16 sdb 1407771 5583 295285544 678908 3048050 16078370 1556692584 221033076 142 1985200 221717180
======================
   8      16 sdb 1407772 5583 295285552 678992 3049974 16078387 1557676296 221168940 131 1986204 221853140
======================
   8      16 sdb 1407772 5583 295285552 678992 3051900 16078387 1558662408 221311136 150 1987208 221995308
======================
   8      16 sdb 1407772 5583 295285552 678992 3053825 16078387 1559648008 221453196 152 1988212 222137432
======================
   8      16 sdb 1407772 5583 295285552 678992 3055747 16078409 1560631744 221590588 153 1989216 222274884
======================
   8      16 sdb 1407773 5583 295285560 679084 3057671 16078425 1561615448 221724460 154 1990220 222408848
======================
   8      16 sdb 1407773 5583 295285560 679084 3059577 16078425 1562591320 221867428 136 1991220 222551484
======================
   8      16 sdb 1407773 5583 295285560 679084 3061489 16078425 1563570264 222010336 145 1992224 222694416
======================
   8      16 sdb 1407773 5583 295285560 679084 3063408 16078425 1564552792 222153100 145 1993228 222837308
======================
   8      16 sdb 1407774 5583 295285568 679128 3065335 16078449 1565539104 222285336 144 1994232 222969476
======================
   8      16 sdb 1407774 5583 295285568 679128 3067259 16078449 1566524192 222427840 140 1995236 223112084
======================
   8      16 sdb 1407774 5583 295285568 679128 3069178 16078449 1567506720 222570252 141 1996240 223254572
======================
   8      16 sdb 1407774 5583 295285568 679128 3071103 16078449 1568492320 222712996 136 1997244 223397272
======================
   8      16 sdb 1407775 5583 295285576 679212 3073007 16078466 1569465288 222848088 143 1998248 223532668
======================
   8      16 sdb 1407775 5583 295285576 679212 3074906 16078488 1570437248 222988236 153 1999248 223672152
======================
   8      16 sdb 1407775 5583 295285576 679212 3076829 16078488 1571421824 223129768 150 2000252 223813816
======================
   8      16 sdb 1407775 5583 295285576 679212 3078755 16078488 1572407936 223271524 144 2001256 223955644
======================
   8      16 sdb 1407776 5583 295285584 679296 3080683 16078504 1573393688 223406600 151 2002260 224090816
======================
   8      16 sdb 1407776 5583 295285584 679296 3082604 16078504 1574377240 223548616 150 2003264 224233020
======================
   8      16 sdb 1407776 5583 295285584 679296 3084551 16078527 1575374296 223686868 135 2004280 224371100
======================
   8      16 sdb 1407776 5583 295285584 679296 3086453 16078527 1576347608 223827984 153 2005284 224512200
======================
   8      16 sdb 1407777 5583 295285592 679380 3088354 16078544 1577319544 223962284 132 2006288 224646680
======================
   8      16 sdb 1407777 5583 295285592 679380 3090279 16078544 1578305144 224104044 129 2007292 224788388
======================
   8      16 sdb 1407777 5583 295285592 679380 3092203 16078544 1579290232 224246072 155 2008292 224930104
======================
   8      16 sdb 1407777 5583 295285592 679380 3094128 16078568 1580275520 224381092 148 2009296 225064980
======================
   8      16 sdb 1407778 5583 295285600 679452 3096049 16078585 1581257192 224516032 150 2010296 225200684
======================
   8      16 sdb 1407778 5583 295285600 679452 3097974 16078585 1582242792 224657560 145 2011300 225342072
======================
   8      16 sdb 1407778 5583 295285600 679452 3099874 16078585 1583215592 224798744 133 2012300 225482772
======================
   8      16 sdb 1407778 5583 295285600 679452 3101772 16078585 1584187368 224939704 155 2013304 225623892
======================
   8      16 sdb 1407779 5583 295285608 679532 3103698 16078607 1585173152 225075252 151 2014308 225759652
======================
   8      16 sdb 1407779 5583 295285608 679532 3105622 16078607 1586158240 225217536 147 2015312 225902152
======================
   8      16 sdb 1407779 5583 295285608 679532 3107548 16078607 1587144352 225359660 141 2016316 226044144
======================
   8      16 sdb 1407779 5583 295285608 679532 3109474 16078607 1588130464 225501624 135 2017320 226186296
======================
   8      16 sdb 1407780 5583 295285616 679612 3111403 16078624 1589117248 225636200 131 2018324 226320752
======================
   8      16 sdb 1407780 5583 295285616 679612 3113296 16078646 1590085624 225773368 152 2019324 226457476
======================
   8      16 sdb 1407780 5583 295285616 679612 3115193 16078646 1591056888 225915712 143 2020328 226600040
======================
   8      16 sdb 1407780 5583 295285616 679612 3117117 16078646 1592041976 226056800 139 2021332 226741404
======================
   8      16 sdb 1407781 5583 295285624 679692 3119043 16078662 1593026704 226192028 141 2022332 226876288
======================
   8      16 sdb 1407781 5583 295285624 679692 3120967 16078662 1594011792 226334240 139 2023336 227018760
======================
   8      16 sdb 1407781 5583 295285624 679692 3122892 16078686 1594997080 226470700 145 2024340 227155172
======================
   8      16 sdb 1407781 5583 295285624 679692 3124816 16078686 1595982168 226612780 141 2025344 227297536
======================
   8      16 sdb 1407782 5583 295285632 679780 3126718 16078703 1596954112 226748420 149 2026344 227432688
======================
   8      16 sdb 1407782 5583 295285632 679780 3128622 16078703 1597928960 226890004 133 2027348 227574292
======================
   8      16 sdb 1407782 5583 295285632 679780 3130546 16078703 1598914048 227031064 129 2028352 227715380
======================
   8      16 sdb 1407782 5583 295285632 679780 3132469 16078725 1599898808 227166088 145 2029356 227850636
======================
   8      16 sdb 1407783 5583 295285640 679860 3134396 16078742 1600883544 227300796 134 2030360 227985544
======================
   8      16 sdb 1407783 5583 295285640 679860 3136323 16078742 1601870168 227443332 134 2031364 228128112
======================
   8      16 sdb 1407783 5583 295285640 679860 3138247 16078742 1602855256 227585908 155 2032364 228270108
======================
   8      16 sdb 1407783 5583 295285640 679860 3140149 16078742 1603829080 227728692 141 2033368 228413060
======================
   8      16 sdb 1407784 5583 295285648 679928 3142060 16078780 1604806312 227858396 144 2034372 228542912
======================
   8      16 sdb 1407784 5583 295285648 679928 3143984 16078780 1605790888 227998948 140 2035376 228683584
======================
   8      16 sdb 1407784 5583 295285648 679928 3145908 16078780 1606776488 228139976 136 2036380 228824768
======================
   8      16 sdb 1407784 5583 295285648 679928 3147834 16078780 1607762088 228281420 130 2037380 228965584
======================
   8      16 sdb 1407785 5583 295285656 680068 3149759 16078806 1608747392 228414068 147 2038384 229098680
======================
   8      16 sdb 1407785 5583 295285656 680068 3151683 16078806 1609732480 228556556 143 2039388 229241068
======================
   8      16 sdb 1407785 5583 295285656 680068 3153602 16078806 1610715008 228697796 144 2040392 229382512
======================
   8      16 sdb 1407785 5583 295285656 680068 3155504 16078806 1611688832 228839076 130 2041396 229523768
======================
   8      16 sdb 1407786 5583 295285664 680096 3157405 16078806 1612662144 228979744 148 2042396 229663992
======================
   8      16 sdb 1407786 5583 295285664 680096 3159328 16078806 1613646720 229121372 145 2043400 229805948
======================
   8      16 sdb 1407786 5583 295285664 680096 3161248 16078806 1614629760 229263068 145 2044404 229947588
======================
   8      16 sdb 1407786 5583 295285664 680096 3163171 16078806 1615614336 229404396 142 2045408 230089292
======================
   8      16 sdb 1407787 5583 295285672 680140 3165095 16078806 1616599424 229543616 154 2046408 230228028
======================
   8      16 sdb 1407787 5583 295285672 680140 3167020 16078806 1617585024 229685120 149 2047412 230369360
======================
   8      16 sdb 1407787 5583 295285672 680140 3168923 16078806 1618559360 229824212 137 2048416 230508584
======================
   8      16 sdb 1407787 5583 295285672 680140 3170835 16078806 1619538304 229965988 131 2049424 230650340
======================
   8      16 sdb 1407788 5583 295285680 680208 3172756 16078806 1620521856 230100600 136 2050428 230785212
======================
   8      16 sdb 1407788 5583 295285680 680208 3174677 16078806 1621505408 230240964 135 2051432 230925676
======================
   8      16 sdb 1407788 5583 295285680 680208 3176603 16078806 1622491520 230382236 129 2052436 231067056
======================
   8      16 sdb 1407788 5583 295285680 680208 3178524 16078806 1623475072 230523528 128 2053436 231208028
======================
   8      16 sdb 1407789 5583 295285688 680284 3180450 16078885 1624458288 230657968 125 2054440 231342208
======================
   8      16 sdb 1407789 5583 295285688 680284 3182352 16078885 1625432112 230798396 132 2055444 231483180
======================
   8      16 sdb 1407789 5583 295285688 680284 3184254 16078885 1626405936 230939732 150 2056448 231624388
======================
   8      16 sdb 1407789 5583 295285688 680284 3186179 16078885 1627391536 231080500 145 2057452 231765348
======================
   8      16 sdb 1407790 5583 295285696 680360 3188105 16078938 1628377144 231214204 129 2058456 231899192
======================
   8      16 sdb 1407790 5583 295285696 680360 3190034 16078960 1629362368 231350520 140 2059456 232035068
======================
   8      16 sdb 1407790 5583 295285696 680360 3191956 16078960 1630346432 231493324 143 2060460 232178064
======================
   8      16 sdb 1407790 5583 295285696 680360 3193879 16078960 1631331008 231634972 140 2061464 232319664
======================
   8      16 sdb 1407791 5583 295285704 680444 3195785 16078960 1632306376 231770840 133 2062468 232455728
======================
   8      16 sdb 1407791 5583 295285704 680444 3197683 16078960 1633278152 231912392 155 2063472 232597240
======================
   8      16 sdb 1407791 5583 295285704 680444 3199610 16078987 1634263984 232049660 133 2064476 232734508
======================
   8      16 sdb 1407791 5583 295285704 680444 3201534 16078987 1635249584 232192368 129 2065480 232877276
======================
   8      16 sdb 1407792 5583 295285712 680532 3203459 16078987 1636234672 232328304 140 2066484 233013488
======================
   8      16 sdb 1407792 5583 295285712 680532 3205386 16078987 1637221296 232470932 133 2067488 233155948
======================
   8      16 sdb 1407792 5583 295285712 680532 3207309 16078987 1638205872 232613284 130 2068492 233298228
======================
   8      16 sdb 1407792 5583 295285712 680532 3209213 16079010 1639179896 232750312 133 2069496 233435372
======================
   8      16 sdb 1407793 5583 295285720 680616 3211115 16079010 1640153720 232886100 135 2070500 233571368
======================
   8      16 sdb 1407793 5583 295285720 680616 3212170 16079083 1640685880 232963792 0 2071044 233643484
======================
   8      16 sdb 1407793 5583 295285720 680616 3212170 16079083 1640685880 232963792 0 2071044 233643484
======================
   8      16 sdb 1407793 5583 295285720 680616 3212170 16079083 1640685880 232963792 0 2071044 233643484
======================
   8      16 sdb 1407793 5583 295285720 680616 3212170 16079083 1640685880 232963792 0 2071044 233643484
======================
   8      16 sdb 1407793 5583 295285720 680616 3212170 16079083 1640685880 232963792 0 2071044 233643484
started
======================
   8      16 sdb 1407793 5583 295285720 680616 3212170 16079083 1640685880 232963792 0 2071044 233643484
======================
   8      16 sdb 1407946 5583 295318600 680728 3212170 16079083 1640685880 232963792 1 2071132 233643596
======================
   8      16 sdb 1410211 5584 295878472 681516 3212170 16079083 1640685880 232963792 0 2071748 233644380
======================
   8      16 sdb 1412564 5586 296469968 682176 3212170 16079083 1640685880 232963792 1 2072320 233645040
======================
   8      16 sdb 1415079 5587 297090296 683012 3212170 16079083 1640685880 232963792 0 2072976 233645880
======================
   8      16 sdb 1417356 5587 297662168 683748 3212170 16079083 1640685880 232963792 2 2073504 233646616
======================
   8      16 sdb 1419883 5587 298294552 684540 3212170 16079083 1640685880 232963792 0 2074144 233647408
======================
   8      16 sdb 1422344 5590 298903560 685348 3212172 16079084 1640685904 232963828 1 2074772 233648244
======================
   8      16 sdb 1425007 5590 299560984 686260 3212172 16079084 1640685904 232963828 1 2075436 233649152
======================
   8      16 sdb 1427659 5591 300214040 687180 3212172 16079084 1640685904 232963828 0 2076152 233650068
======================
   8      16 sdb 1430389 5591 300893816 688096 3212172 16079084 1640685904 232963828 0 2076848 233650984
======================
   8      16 sdb 1432689 5591 301464696 688888 3212172 16079084 1640685904 232963828 0 2077480 233651768
======================
   8      16 sdb 1435380 5592 302126400 689820 3212172 16079084 1640685904 232963828 1 2078192 233652700
======================
   8      16 sdb 1438103 5592 302800848 690712 3212172 16079084 1640685904 232963828 1 2078892 233653592
======================
   8      16 sdb 1440536 5593 303411528 691400 3212172 16079084 1640685904 232963828 1 2079456 233654280
======================
   8      16 sdb 1443209 5594 304073864 692292 3212172 16079084 1640685904 232963828 2 2080116 233655168
======================
   8      16 sdb 1445936 5594 304754784 693216 3212172 16079084 1640685904 232963828 0 2080852 233656084
======================
   8      16 sdb 1448407 5594 305364976 694000 3212172 16079084 1640685904 232963828 2 2081508 233656868
======================
   8      16 sdb 1450950 5594 305993984 694820 3212172 16079084 1640685904 232963828 0 2082172 233657684
======================
   8      16 sdb 1453781 5596 306682752 695724 3212172 16079084 1640685904 232963828 2 2082864 233658576
======================
   8      16 sdb 1456874 5598 307426584 696764 3212172 16079084 1640685904 232963828 1 2083620 233659608
======================
   8      16 sdb 1460194 5600 308219928 697900 3212172 16079084 1640685904 232963828 1 2084468 233660744
======================
   8      16 sdb 1463404 5602 308999656 699008 3212172 16079084 1640685904 232963828 1 2085300 233661848
======================
   8      16 sdb 1466453 5602 309769224 699944 3212172 16079084 1640685904 232963828 1 2086080 233662784
======================
   8      16 sdb 1469468 5602 310520840 700880 3212172 16079084 1640685904 232963828 0 2086812 233663720
======================
   8      16 sdb 1472655 5602 311312128 701908 3212172 16079084 1640685904 232963828 1 2087604 233664748
======================
   8      16 sdb 1475617 5603 312033408 702860 3212172 16079084 1640685904 232963828 0 2088360 233665700
======================
   8      16 sdb 1478778 5603 312795472 703808 3212172 16079084 1640685904 232963828 1 2089112 233666648
======================
   8      16 sdb 1482010 5603 313602192 704880 3212172 16079084 1640685904 232963828 1 2089936 233667712
======================
   8      16 sdb 1485023 5603 314340520 705900 3212172 16079084 1640685904 232963828 0 2090700 233668732
======================
   8      16 sdb 1488284 5603 315156016 707000 3212172 16079084 1640685904 232963828 1 2091532 233669832
======================
   8      16 sdb 1491486 5604 315940096 708048 3212172 16079084 1640685904 232963828 1 2092304 233670880
======================
   8      16 sdb 1494856 5605 316779056 709124 3212172 16079084 1640685904 232963828 0 2093172 233671952
======================
   8      16 sdb 1497903 5605 317520456 710016 3212172 16079084 1640685904 232963828 1 2093880 233672840
======================
   8      16 sdb 1501132 5608 318307000 711116 3212172 16079084 1640685904 232963828 1 2094656 233673940
======================
   8      16 sdb 1504190 5611 319041432 712100 3212172 16079084 1640685904 232963828 2 2095412 233674924
======================
   8      16 sdb 1507162 5612 319788720 713068 3212172 16079084 1640685904 232963828 2 2096184 233675892
======================
   8      16 sdb 1510126 5614 320515512 714040 3212172 16079084 1640685904 232963828 2 2096908 233676864
======================
   8      16 sdb 1513173 5616 321280136 715012 3212172 16079084 1640685904 232963828 1 2097660 233677824
======================
   8      16 sdb 1516293 5620 322031112 715972 3212172 16079084 1640685904 232963828 1 2098396 233678788
======================
   8      16 sdb 1518815 5621 322659000 716804 3212173 16079084 1640685912 232963828 0 2099068 233679608
======================
   8      16 sdb 1521317 5622 323275352 717524 3212173 16079084 1640685912 232963828 0 2099664 233680328
======================
   8      16 sdb 1523699 5623 323849672 718268 3212173 16079084 1640685912 232963828 1 2100252 233681072
======================
   8      16 sdb 1526528 5624 324494456 719176 3212173 16079084 1640685912 232963828 0 2100940 233681980
======================
   8      16 sdb 1529287 5626 325104528 719952 3212173 16079084 1640685912 232963828 2 2101548 233682756
======================
   8      16 sdb 1532389 5626 325830320 720924 3212173 16079084 1640685912 232963828 0 2102276 233683724
======================
   8      16 sdb 1535532 5629 326567192 721856 3212173 16079084 1640685912 232963828 0 2103028 233684656
======================
   8      16 sdb 1538457 5633 327224976 722780 3212173 16079084 1640685912 232963828 2 2103768 233685580
======================
   8      16 sdb 1541418 5635 327945952 723744 3212173 16079084 1640685912 232963828 1 2104536 233686548
======================
   8      16 sdb 1544268 5637 328627216 724712 3212173 16079084 1640685912 232963828 2 2105264 233687512
======================
   8      16 sdb 1547320 5640 329357224 725796 3212173 16079084 1640685912 232963828 1 2106052 233688596
======================
   8      16 sdb 1550260 5642 330096008 726808 3212173 16079084 1640685912 232963828 1 2106836 233689604
======================
   8      16 sdb 1553222 5643 330827008 727776 3212173 16079084 1640685912 232963828 0 2107596 233690576
======================
   8      16 sdb 1556217 5645 331550992 728764 3212173 16079084 1640685912 232963828 1 2108344 233691564
======================
   8      16 sdb 1559169 5646 332286576 729708 3212173 16079084 1640685912 232963828 1 2109096 233692508
======================
   8      16 sdb 1562226 5646 333034464 730752 3212173 16079084 1640685912 232963828 1 2109876 233693540
======================
   8      16 sdb 1565235 5646 333767200 731752 3212173 16079084 1640685912 232963828 1 2110632 233694536
======================
   8      16 sdb 1568241 5646 334498248 732828 3212173 16079084 1640685912 232963828 1 2111404 233695612
======================
   8      16 sdb 1571357 5647 335254840 733804 3212173 16079084 1640685912 232963828 0 2112164 233696584
======================
   8      16 sdb 1574323 5648 335967992 734728 3212173 16079084 1640685912 232963828 2 2112840 233697508
======================
   8      16 sdb 1574806 5648 336081416 734892 3212173 16079084 1640685912 232963828 0 2112964 233697672
