======================
   8      32 sdc 1825848 12814 270788628 12741980 24110724 587509828 10578474024 1826913036 0 43171532 1840906028
======================
   8      32 sdc 1825848 12814 270788628 12741980 24110724 587509828 10578474024 1826913036 0 43171532 1840906028
======================
   8      32 sdc 1825851 12814 270788652 12742016 24110724 587509828 10578474024 1826913036 0 43171568 1840906064
======================
   8      32 sdc 1825851 12814 270788652 12742016 24110724 587509828 10578474024 1826913036 0 43171568 1840906064
======================
   8      32 sdc 1825852 12814 270788660 12742048 24111890 587509828 10579071016 1826951124 155 43172204 1840983308
======================
   8      32 sdc 1825852 12814 270788660 12742048 24112135 587509828 10579196456 1827081816 134 43173268 1841134436
======================
   8      32 sdc 1825852 12814 270788660 12742048 24112400 587509828 10579332136 1827262256 156 43174268 1841280616
======================
   8      32 sdc 1825852 12814 270788660 12742048 24112605 587509828 10579437096 1827376968 145 43175272 1841428880
======================
   8      32 sdc 1825852 12814 270788660 12742048 24112605 587509828 10579437096 1827376968 145 43176276 1841574460
======================
   8      32 sdc 1825852 12814 270788660 12742048 24112605 587509828 10579437096 1827376968 145 43177284 1841720620
======================
   8      32 sdc 1825852 12814 270788660 12742048 24113130 587509851 10579705072 1827854668 133 43178284 1841864044
======================
   8      32 sdc 1825852 12814 270788660 12742048 24114005 587509851 10580153072 1828007472 154 43179288 1842007548
======================
   8      32 sdc 1825852 12814 270788660 12742048 24115504 587509851 10580920560 1828150864 127 43180292 1842150632
======================
   8      32 sdc 1825852 12814 270788660 12742048 24116326 587509851 10581341424 1828284524 137 43181296 1842294024
======================
   8      32 sdc 1825852 12814 270788660 12742048 24116963 587509851 10581667568 1828429300 140 43182300 1842437780
======================
   8      32 sdc 1825852 12814 270788660 12742048 24117620 587509851 10582003952 1828572676 155 43183308 1842581976
======================
   8      32 sdc 1825853 12814 270788668 12742324 24118161 587509851 10582280944 1828698064 159 43184312 1842719844
======================
   8      32 sdc 1825853 12814 270788668 12742324 24118886 587509851 10582652144 1828853272 138 43185316 1842863812
======================
   8      32 sdc 1825853 12814 270788668 12742324 24119535 587509851 10582984432 1828998224 129 43186320 1843007144
======================
   8      32 sdc 1825853 12814 270788668 12742324 24120177 587509851 10583313136 1829141912 127 43187324 1843150788
======================
   8      32 sdc 1825853 12814 270788668 12742324 24120818 587509851 10583641328 1829284344 158 43188328 1843294424
======================
   8      32 sdc 1825853 12814 270788668 12742324 24121469 587509851 10583974640 1829428684 147 43189332 1843437920
======================
   8      32 sdc 1825853 12814 270788668 12742324 24122115 587509851 10584305392 1829572632 141 43190336 1843581392
======================
   8      32 sdc 1825853 12814 270788668 12742324 24122791 587509851 10584651504 1829716324 137 43191340 1843724932
======================
   8      32 sdc 1825853 12814 270788668 12742324 24123446 587509851 10584986864 1829858908 154 43192344 1843868704
======================
   8      32 sdc 1825853 12814 270788668 12742324 24124063 587509851 10585302768 1830000804 145 43193348 1844012304
======================
   8      32 sdc 1825853 12814 270788668 12742324 24124703 587509851 10585630448 1830147036 145 43194352 1844155724
======================
   8      32 sdc 1825853 12814 270788668 12742324 24125379 587509851 10585976560 1830290600 141 43195356 1844299404
======================
   8      32 sdc 1825853 12814 270788668 12742324 24125830 587509851 10586207472 1830416536 33 43196360 1844419532
======================
   8      32 sdc 1825854 12814 270788676 12742892 24126565 587509851 10586583792 1830521840 128 43197368 1844531320
======================
   8      32 sdc 1825854 12814 270788676 12742892 24127190 587509851 10586903792 1830664416 143 43198372 1844674840
======================
   8      32 sdc 1825854 12814 270788676 12742892 24127824 587509851 10587228400 1830808712 149 43199376 1844818084
======================
   8      32 sdc 1825854 12814 270788676 12742892 24128480 587509851 10587564272 1830951280 133 43200380 1844961316
======================
   8      32 sdc 1825854 12814 270788676 12742892 24129122 587509851 10587892976 1831094704 131 43201384 1845104692
======================
   8      32 sdc 1825854 12814 270788676 12742892 24129775 587509851 10588227312 1831238476 150 43202388 1845248020
======================
   8      32 sdc 1825854 12814 270788676 12742892 24130434 587509851 10588564720 1831381660 131 43203392 1845391096
======================
   8      32 sdc 1825854 12814 270788676 12742892 24131079 587509851 10588894960 1831524676 158 43204396 1845534632
======================
   8      32 sdc 1825854 12814 270788676 12742892 24131723 587509851 10589224688 1831668560 154 43205400 1845678004
======================
   8      32 sdc 1825854 12814 270788676 12742892 24132325 587509851 10589532912 1831815720 128 43206404 1845818816
======================
   8      32 sdc 1825854 12814 270788676 12742892 24132968 587509851 10589862128 1831948204 157 43207408 1845962012
======================
   8      32 sdc 1825855 12814 270788684 12743112 24133628 587509851 10590200048 1832081052 155 43208412 1846088260
======================
   8      32 sdc 1825855 12814 270788684 12743112 24134289 587509851 10590538480 1832221604 134 43209416 1846231572
======================
   8      32 sdc 1825855 12814 270788684 12743112 24134930 587509851 10590866672 1832365068 133 43210420 1846375236
======================
   8      32 sdc 1825855 12814 270788684 12743112 24135586 587509851 10591202544 1832509212 149 43211424 1846518936
======================
   8      32 sdc 1825855 12814 270788684 12743112 24136225 587509851 10591529712 1832651420 150 43212424 1846661828
======================
   8      32 sdc 1825855 12814 270788684 12743112 24136849 587509851 10591849200 1832794960 134 43213428 1846805544
======================
   8      32 sdc 1825855 12814 270788684 12743112 24137507 587509851 10592186096 1832940868 148 43214432 1846950272
======================
   8      32 sdc 1825855 12814 270788684 12743112 24138182 587509851 10592531696 1833084200 145 43215436 1847093900
======================
   8      32 sdc 1825855 12814 270788684 12743112 24138859 587509851 10592878320 1833227916 140 43216440 1847237436
======================
   8      32 sdc 1825855 12814 270788684 12743112 24139519 587509851 10593216240 1833369548 152 43217444 1847380236
======================
   8      32 sdc 1825855 12814 270788684 12743112 24140143 587509851 10593535728 1833514128 136 43218448 1847525044
======================
   8      32 sdc 1825855 12814 270788684 12743112 24140787 587509851 10593865456 1833658804 132 43219452 1847668128
======================
   8      32 sdc 1825856 12814 270788692 12743336 24141435 587509851 10594197232 1833785416 158 43220456 1847794800
======================
   8      32 sdc 1825856 12814 270788692 12743336 24142086 587509851 10594530544 1833927584 147 43221456 1847937784
======================
   8      32 sdc 1825856 12814 270788692 12743336 24142712 587509851 10594851056 1834069416 129 43222460 1848081100
======================
   8      32 sdc 1825856 12814 270788692 12743336 24143363 587509851 10595184368 1834213664 150 43223464 1848224588
======================
   8      32 sdc 1825856 12814 270788692 12743336 24144007 587509851 10595514096 1834357228 146 43224464 1848367568
======================
   8      32 sdc 1825856 12814 270788692 12743336 24144649 587509851 10595842800 1834500672 144 43225468 1848511000
======================
   8      32 sdc 1825856 12814 270788692 12743336 24145291 587509851 10596171504 1834644248 142 43226472 1848654792
======================
   8      32 sdc 1825856 12814 270788692 12743336 24145938 587509851 10596502768 1834788384 135 43227476 1848798464
======================
   8      32 sdc 1825856 12814 270788692 12743336 24146602 587509851 10596842736 1834931544 143 43228476 1848941368
======================
   8      32 sdc 1825856 12814 270788692 12743336 24147254 587509851 10597176560 1835074672 131 43229480 1849085120
======================
   8      32 sdc 1825856 12814 270788692 12743336 24147896 587509851 10597505264 1835217884 129 43230484 1849228296
======================
   8      32 sdc 1825856 12814 270788692 12743336 24148557 587509851 10597843696 1835361820 140 43231484 1849371492
======================
   8      32 sdc 1825857 12814 270788700 12743552 24149205 587509851 10598175472 1835489172 132 43232488 1849499308
======================
   8      32 sdc 1825857 12814 270788700 12743552 24149826 587509851 10598493424 1835632080 151 43233492 1849642644
======================
   8      32 sdc 1825857 12814 270788700 12743552 24150480 587509851 10598828272 1835776620 137 43234496 1849786332
======================
   8      32 sdc 1825857 12814 270788700 12743552 24151142 587509851 10599167216 1835921160 147 43235504 1849931072
======================
   8      32 sdc 1825857 12814 270788700 12743552 24151818 587509851 10599513328 1836064680 143 43236508 1850074716
======================
   8      32 sdc 1825857 12814 270788700 12743552 24152443 587509851 10599833328 1836207488 158 43237512 1850218220
======================
   8      32 sdc 1825857 12814 270788700 12743552 24153077 587509851 10600157936 1836352424 132 43238520 1850362272
======================
   8      32 sdc 1825857 12814 270788700 12743552 24153754 587509851 10600504560 1836496280 140 43239528 1850506484
======================
   8      32 sdc 1825857 12814 270788700 12743552 24154415 587509851 10600842992 1836638972 138 43240532 1850650196
======================
   8      32 sdc 1825857 12814 270788700 12743552 24155045 587509851 10601165552 1836780232 148 43241536 1850793992
======================
   8      32 sdc 1825857 12814 270788700 12743552 24155709 587509851 10601505520 1836926448 156 43242536 1850936744
======================
   8      32 sdc 1825857 12814 270788700 12743552 24156369 587509851 10601843440 1837069436 136 43243540 1851080588
======================
   8      32 sdc 1825858 12814 270788708 12743784 24156983 587509851 10602157808 1837195260 129 43244544 1851206692
======================
   8      32 sdc 1825858 12814 270788708 12743784 24157606 587509851 10602476784 1837334320 146 43245544 1851349904
======================
   8      32 sdc 1825858 12814 270788708 12743784 24158266 587509851 10602814704 1837482348 158 43246548 1851493580
======================
   8      32 sdc 1825858 12814 270788708 12743784 24158910 587509851 10603144432 1837625952 154 43247552 1851637080
======================
   8      32 sdc 1825858 12814 270788708 12743784 24159557 587509851 10603475696 1837769032 148 43248552 1851780272
======================
   8      32 sdc 1825858 12814 270788708 12743784 24160198 587509851 10603803888 1837912340 146 43249556 1851923900
======================
   8      32 sdc 1825858 12814 270788708 12743784 24160866 587509851 10604145904 1838056960 150 43250560 1852067516
======================
   8      32 sdc 1825858 12814 270788708 12743784 24161541 587509851 10604491504 1838199288 147 43251564 1852210248
======================
   8      32 sdc 1825858 12814 270788708 12743784 24162165 587509851 10604810992 1838342124 131 43252568 1852353804
======================
   8      32 sdc 1825858 12814 270788708 12743784 24162799 587509851 10605135600 1838486936 137 43253572 1852497532
======================
   8      32 sdc 1825858 12814 270788708 12743784 24163475 587509851 10605481712 1838629336 133 43254576 1852639804
======================
   8      32 sdc 1825858 12814 270788708 12743784 24164134 587509851 10605819120 1838769628 65 43255580 1852777296
======================
   8      32 sdc 1825859 12814 270788716 12744232 24164658 587509851 10606087408 1838874040 142 43256580 1852884964
======================
   8      32 sdc 1825859 12814 270788716 12744232 24165304 587509851 10606418160 1839016568 136 43257584 1853028484
======================
   8      32 sdc 1825859 12814 270788716 12744232 24165929 587509851 10606738160 1839160892 151 43258592 1853173248
======================
   8      32 sdc 1825859 12814 270788716 12744232 24166578 587509851 10607070448 1839305400 142 43259592 1853316452
======================
   8      32 sdc 1825859 12814 270788716 12744232 24167229 587509851 10607403760 1839448560 131 43260600 1853460480
======================
   8      32 sdc 1825859 12814 270788716 12744232 24167871 587509851 10607732464 1839592120 129 43261604 1853603948
======================
   8      32 sdc 1825859 12814 270788716 12744232 24168530 587509851 10608069872 1839736152 142 43262608 1853747524
======================
   8      32 sdc 1825859 12814 270788716 12744232 24169191 587509851 10608408304 1839878600 153 43263612 1853890536
======================
   8      32 sdc 1825859 12814 270788716 12744232 24169833 587509851 10608737008 1840022204 151 43264612 1854033620
======================
   8      32 sdc 1825859 12814 270788716 12744232 24170475 587509851 10609065712 1840165628 149 43265616 1854177104
======================
   8      32 sdc 1825859 12814 270788716 12744232 24171117 587509851 10609394416 1840309048 147 43266620 1854320624
======================
   8      32 sdc 1825859 12814 270788716 12744232 24171772 587509851 10609729776 1840453108 75 43267624 1854460656
======================
   8      32 sdc 1825860 12814 270788724 12744716 24172271 587509851 10609985264 1840545004 134 43268628 1854556768
======================
   8      32 sdc 1825860 12814 270788724 12744716 24172912 587509851 10610313456 1840688068 133 43269632 1854700228
======================
   8      32 sdc 1825860 12814 270788724 12744716 24173553 587509851 10610641648 1840831116 132 43270636 1854843548
======================
   8      32 sdc 1825860 12814 270788724 12744716 24174218 587509851 10610982128 1840975388 139 43271640 1854986828
======================
   8      32 sdc 1825860 12814 270788724 12744716 24174848 587509851 10611304688 1841117256 149 43272640 1855129684
======================
   8      32 sdc 1825860 12814 270788724 12744716 24175473 587509851 10611624688 1841260800 132 43273644 1855273092
======================
   8      32 sdc 1825860 12814 270788724 12744716 24176153 587509851 10611972848 1841406076 156 43274656 1855417504
======================
   8      32 sdc 1825860 12814 270788724 12744716 24176825 587509851 10612316912 1841549844 156 43275660 1855560992
======================
   8      32 sdc 1825860 12814 270788724 12744716 24177495 587509851 10612659952 1841693172 158 43276664 1855704420
======================
   8      32 sdc 1825860 12814 270788724 12744716 24178136 587509851 10612988144 1841835100 157 43277668 1855847892
======================
   8      32 sdc 1825860 12814 270788724 12744716 24178761 587509851 10613308144 1841979360 140 43278672 1855992292
======================
   8      32 sdc 1825860 12814 270788724 12744716 24179427 587509851 10613649136 1842123768 100 43279676 1856133856
======================
   8      32 sdc 1825861 12814 270788732 12745160 24179918 587509851 10613900528 1842223752 136 43280676 1856237680
======================
   8      32 sdc 1825861 12814 270788732 12745160 24180575 587509851 10614236912 1842368224 151 43281680 1856381044
======================
   8      32 sdc 1825861 12814 270788732 12745160 24181213 587509851 10614563568 1842512372 153 43282684 1856524936
======================
   8      32 sdc 1825861 12814 270788732 12745160 24181861 587509851 10614895344 1842655964 145 43283684 1856667984
======================
   8      32 sdc 1825861 12814 270788732 12745160 24182503 587509851 10615224048 1842799132 143 43284688 1856811740
======================
   8      32 sdc 1825861 12814 270788732 12745160 24183144 587509851 10615552240 1842942460 142 43285692 1856955380
======================
   8      32 sdc 1825861 12814 270788732 12745160 24183785 587509851 10615880432 1843083820 141 43286692 1857096432
======================
   8      32 sdc 1825861 12814 270788732 12745160 24184436 587509851 10616213744 1843227928 130 43287696 1857239884
======================
   8      32 sdc 1825861 12814 270788732 12745160 24185101 587509851 10616554224 1843371596 137 43288700 1857383624
======================
   8      32 sdc 1825861 12814 270788732 12745160 24185753 587509851 10616888048 1843515256 157 43289708 1857527896
======================
   8      32 sdc 1825861 12814 270788732 12745160 24186394 587509851 10617216240 1843658684 156 43290708 1857671048
======================
   8      32 sdc 1825861 12814 270788732 12745160 24187067 587509851 10617560816 1843804024 140 43291716 1857815784
======================
   8      32 sdc 1825862 12814 270788740 12745388 24187711 587509851 10617890544 1843930388 139 43292724 1857943688
======================
   8      32 sdc 1825862 12814 270788740 12745388 24188335 587509851 10618210032 1844073336 155 43293724 1858086412
======================
   8      32 sdc 1825862 12814 270788740 12745388 24188974 587509851 10618537200 1844218500 156 43294732 1858230652
======================
   8      32 sdc 1825862 12814 270788740 12745388 24189637 587509851 10618876656 1844362596 133 43295732 1858374420
======================
   8      32 sdc 1825862 12814 270788740 12745388 24190307 587509851 10619219696 1844505632 135 43296736 1858518112
======================
   8      32 sdc 1825862 12814 270788740 12745388 24190948 587509851 10619547888 1844648172 134 43297740 1858661712
======================
   8      32 sdc 1825862 12814 270788740 12745388 24191572 587509851 10619867376 1844791552 150 43298740 1858804780
======================
   8      32 sdc 1825862 12814 270788740 12745388 24192238 587509851 10620208368 1844936612 156 43299744 1858948372
======================
   8      32 sdc 1825862 12814 270788740 12745388 24192912 587509851 10620553456 1845080036 154 43300752 1859092828
======================
   8      32 sdc 1825862 12814 270788740 12745388 24193554 587509851 10620882160 1845223216 152 43301752 1859235792
======================
   8      32 sdc 1825862 12814 270788740 12745388 24194203 587509851 10621214448 1845367300 143 43302756 1859379488
======================
   8      32 sdc 1825862 12814 270788740 12745388 24194848 587509851 10621544688 1845506992 39 43303760 1859512272
======================
   8      32 sdc 1825862 12814 270788740 12745388 24194848 587509851 10621544688 1845506992 39 43304764 1859551584
======================
   8      32 sdc 1825863 12814 270788748 12747248 24195975 587509851 10622121712 1845611860 150 43305768 1859626076
======================
   8      32 sdc 1825863 12814 270788748 12747248 24196616 587509851 10622449904 1845754096 149 43306768 1859768740
======================
   8      32 sdc 1825863 12814 270788748 12747248 24197261 587509851 10622780144 1845897564 144 43307772 1859912032
======================
   8      32 sdc 1825863 12814 270788748 12747248 24197925 587509851 10623120112 1846040668 152 43308776 1860055168
======================
   8      32 sdc 1825863 12814 270788748 12747248 24198574 587509851 10623452400 1846182892 143 43309776 1860197784
======================
   8      32 sdc 1825863 12814 270788748 12747248 24199217 587509851 10623781616 1846327168 140 43310784 1860342440
======================
   8      32 sdc 1825863 12814 270788748 12747248 24199888 587509851 10624125168 1846471228 141 43311784 1860485248
======================
   8      32 sdc 1825863 12814 270788748 12747248 24200557 587509851 10624467696 1846613640 144 43312796 1860629724
======================
   8      32 sdc 1825863 12814 270788748 12747248 24201181 587509851 10624787184 1846756712 128 43313796 1860772228
======================
   8      32 sdc 1825863 12814 270788748 12747248 24201820 587509851 10625114352 1846901096 129 43314800 1860915564
======================
   8      32 sdc 1825863 12814 270788748 12747248 24202494 587509851 10625459440 1847044088 73 43315804 1861055168
======================
   8      32 sdc 1825864 12814 270788756 12747676 24202993 587509851 10625714928 1847149172 158 43316808 1861164192
======================
   8      32 sdc 1825864 12814 270788756 12747676 24203669 587509851 10626061040 1847292628 154 43317808 1861307264
======================
   8      32 sdc 1825864 12814 270788756 12747676 24204308 587509851 10626388208 1847435016 155 43318812 1861451112
======================
   8      32 sdc 1825864 12814 270788756 12747676 24204945 587509851 10626714352 1847579400 158 43319816 1861594248
======================
   8      32 sdc 1825864 12814 270788756 12747676 24205620 587509851 10627059952 1847722652 155 43320816 1861737444
======================
   8      32 sdc 1825864 12814 270788756 12747676 24206264 587509851 10627389680 1847865076 151 43321820 1861880960
======================
   8      32 sdc 1825864 12814 270788756 12747676 24206909 587509851 10627719920 1848009144 146 43322824 1862024600
======================
   8      32 sdc 1825864 12814 270788756 12747676 24207575 587509851 10628060912 1848153112 152 43323828 1862168200
======================
   8      32 sdc 1825864 12814 270788756 12747676 24208232 587509851 10628397296 1848296224 135 43324832 1862311908
======================
   8      32 sdc 1825864 12814 270788756 12747676 24208873 587509851 10628725488 1848439632 134 43325836 1862455460
======================
   8      32 sdc 1825864 12814 270788756 12747676 24209515 587509851 10629054192 1848585464 147 43326840 1862601516
======================
   8      32 sdc 1825864 12814 270788756 12747676 24210151 587509851 10629379824 1848729104 96 43327840 1862742968
======================
   8      32 sdc 1825865 12814 270788764 12747932 24210787 587509851 10629705456 1848853688 133 43328844 1862869232
======================
   8      32 sdc 1825865 12814 270788764 12747932 24211451 587509851 10630045424 1848997092 141 43329848 1863012840
======================
   8      32 sdc 1825865 12814 270788764 12747932 24212093 587509851 10630374128 1849139720 139 43330848 1863155900
======================
   8      32 sdc 1825865 12814 270788764 12747932 24212745 587509851 10630707952 1849284776 133 43331852 1863299884
======================
   8      32 sdc 1825865 12814 270788764 12747932 24213409 587509851 10631047920 1849426784 135 43332856 1863443640
======================
   8      32 sdc 1825865 12814 270788764 12747932 24214033 587509851 10631367408 1849569412 151 43333860 1863586404
======================
   8      32 sdc 1825865 12814 270788764 12747932 24214676 587509851 10631696624 1849714492 148 43334860 1863729584
======================
   8      32 sdc 1825865 12814 270788764 12747932 24215354 587509851 10632043760 1849858444 142 43335868 1863873816
======================
   8      32 sdc 1825865 12814 270788764 12747932 24216029 587509851 10632389360 1850001924 139 43336872 1864017380
======================
   8      32 sdc 1825865 12814 270788764 12747932 24216704 587509851 10632734960 1850145620 136 43337872 1864160916
======================
   8      32 sdc 1825865 12814 270788764 12747932 24217328 587509851 10633054448 1850288164 152 43338876 1864304612
======================
   8      32 sdc 1825865 12814 270788764 12747932 24217885 587509851 10633339632 1850416148 42 43339880 1864429108
======================
   8      32 sdc 1825866 12814 270788772 12748840 24218457 587509851 10633632496 1850493452 140 43340884 1864509840
======================
   8      32 sdc 1825866 12814 270788772 12748840 24219126 587509851 10633975024 1850635852 143 43341884 1864652236
======================
   8      32 sdc 1825866 12814 270788772 12748840 24219767 587509851 10634303216 1850778628 142 43342888 1864795620
======================
   8      32 sdc 1825866 12814 270788772 12748840 24220413 587509851 10634633968 1850922164 136 43343892 1864938672
======================
   8      32 sdc 1825866 12814 270788772 12748840 24221069 587509851 10634969840 1851064348 152 43344896 1865081448
======================
   8      32 sdc 1825866 12814 270788772 12748840 24221710 587509851 10635298032 1851207052 151 43345896 1865223924
======================
   8      32 sdc 1825866 12814 270788772 12748840 24222352 587509851 10635626736 1851350100 149 43346900 1865367080
======================
   8      32 sdc 1825866 12814 270788772 12748840 24222993 587509851 10635954928 1851493380 148 43347904 1865510700
======================
   8      32 sdc 1825866 12814 270788772 12748840 24223647 587509851 10636289776 1851636564 134 43348904 1865652656
======================
   8      32 sdc 1825866 12814 270788772 12748840 24224309 587509851 10636628720 1851778444 152 43349908 1865794992
======================
   8      32 sdc 1825866 12814 270788772 12748840 24224952 587509851 10636957936 1851917376 149 43350912 1865934636
======================
   8      32 sdc 1825867 12814 270788780 12749052 24225580 587509851 10637279472 1852057620 157 43351916 1866065388
======================
   8      32 sdc 1825867 12814 270788780 12749052 24226255 587509851 10637625072 1852192316 154 43352916 1866208432
======================
   8      32 sdc 1825867 12814 270788780 12749052 24226907 587509851 10637958896 1852334776 142 43353920 1866352232
======================
   8      32 sdc 1825867 12814 270788780 12749052 24227531 587509851 10638278384 1852478548 158 43354924 1866495824
======================
   8      32 sdc 1825867 12814 270788780 12749052 24228176 587509851 10638608624 1852623416 153 43355928 1866640596
======================
   8      32 sdc 1825867 12814 270788780 12749052 24228842 587509851 10638949616 1852767768 148 43356936 1866784904
======================
   8      32 sdc 1825867 12814 270788780 12749052 24229514 587509851 10639293680 1852911060 159 43357940 1866928432
======================
   8      32 sdc 1825867 12814 270788780 12749052 24230138 587509851 10639613168 1853053636 143 43358940 1867071644
======================
   8      32 sdc 1825867 12814 270788780 12749052 24230772 587509851 10639937776 1853198256 149 43359944 1867214964
======================
   8      32 sdc 1825867 12814 270788780 12749052 24231447 587509851 10640283376 1853341412 146 43360948 1867358668
======================
   8      32 sdc 1825867 12814 270788780 12749052 24232106 587509851 10640620784 1853484832 148 43361948 1867502080
======================
   8      32 sdc 1825867 12814 270788780 12749052 24232747 587509851 10640948976 1853628236 158 43362952 1867645840
======================
   8      32 sdc 1825868 12814 270788788 12749276 24233376 587509851 10641271024 1853759684 136 43363960 1867776788
======================
   8      32 sdc 1825868 12814 270788788 12749276 24234040 587509851 10641610992 1853903436 144 43364964 1867920716
======================
   8      32 sdc 1825868 12814 270788788 12749276 24234684 587509851 10641940720 1854045992 140 43365968 1868064208
======================
   8      32 sdc 1825868 12814 270788788 12749276 24235326 587509851 10642269424 1854189644 138 43366972 1868207884
======================
   8      32 sdc 1825868 12814 270788788 12749276 24235958 587509851 10642593008 1854333572 146 43367972 1868351260
======================
   8      32 sdc 1825868 12814 270788788 12749276 24236623 587509851 10642933488 1854477612 153 43368976 1868494772
======================
   8      32 sdc 1825868 12814 270788788 12749276 24237265 587509851 10643262192 1854622680 151 43369980 1868640428
======================
   8      32 sdc 1825868 12814 270788788 12749276 24237906 587509851 10643590384 1854765976 150 43370984 1868784076
======================
   8      32 sdc 1825868 12814 270788788 12749276 24238564 587509851 10643927280 1854910312 132 43371984 1868927004
======================
   8      32 sdc 1825868 12814 270788788 12749276 24239239 587509851 10644272880 1855053640 129 43372988 1869070628
======================
   8      32 sdc 1825868 12814 270788788 12749276 24239875 587509851 10644598512 1855195900 133 43373992 1869214312
======================
   8      32 sdc 1825868 12814 270788788 12749276 24240498 587509851 10644917488 1855339128 150 43374992 1869357396
======================
   8      32 sdc 1825869 12814 270788796 12749488 24241147 587509851 10645249776 1855470472 145 43375996 1869487932
======================
   8      32 sdc 1825869 12814 270788796 12749488 24241822 587509851 10645595376 1855613820 142 43377000 1869631404
======================
   8      32 sdc 1825869 12814 270788796 12749488 24242492 587509851 10645938416 1855756916 144 43378000 1869774100
======================
   8      32 sdc 1825869 12814 270788796 12749488 24243019 587509851 10646208240 1855871272 129 43379004 1869914728
======================
   8      32 sdc 1825869 12814 270788796 12749488 24243624 587509851 10646518000 1856038292 132 43380008 1870057564
======================
   8      32 sdc 1825869 12814 270788796 12749488 24244313 587509851 10646870768 1856181456 132 43381016 1870198764
======================
   8      32 sdc 1825869 12814 270788796 12749488 24244972 587509851 10647208176 1856323980 145 43382024 1870342400
======================
   8      32 sdc 1825869 12814 270788796 12749488 24245613 587509851 10647536368 1856466944 144 43383024 1870485080
======================
   8      32 sdc 1825869 12814 270788796 12749488 24246267 587509851 10647871216 1856610648 130 43384032 1870628456
======================
   8      32 sdc 1825869 12814 270788796 12749488 24246935 587509851 10648213232 1856751968 134 43385036 1870769320
======================
   8      32 sdc 1825869 12814 270788796 12749488 24247577 587509851 10648541936 1856894588 132 43386040 1870912564
======================
   8      32 sdc 1825869 12814 270788796 12749488 24248219 587509851 10648870640 1857037784 130 43387044 1871055752
======================
   8      32 sdc 1825870 12814 270788804 12749724 24248840 587509851 10649188592 1857162332 153 43388048 1871180660
======================
   8      32 sdc 1825870 12814 270788804 12749724 24249490 587509851 10649521392 1857306300 143 43389052 1871324316
======================
   8      32 sdc 1825870 12814 270788804 12749724 24250148 587509851 10649858288 1857449624 157 43390056 1871469188
======================
   8      32 sdc 1825870 12814 270788804 12749724 24250699 587509851 10650140400 1857577012 150 43391056 1871615104
======================
   8      32 sdc 1825870 12814 270788804 12749724 24251276 587509851 10650435824 1857741800 149 43392060 1871759440
======================
   8      32 sdc 1825870 12814 270788804 12749724 24251952 587509851 10650781936 1857885280 145 43393064 1871903020
======================
   8      32 sdc 1825870 12814 270788804 12749724 24252595 587509851 10651111152 1858027152 142 43394064 1872045920
======================
   8      32 sdc 1825870 12814 270788804 12749724 24253218 587509851 10651430128 1858170588 156 43395068 1872189380
======================
   8      32 sdc 1825870 12814 270788804 12749724 24253881 587509851 10651769584 1858315680 136 43396076 1872334180
======================
   8      32 sdc 1825870 12814 270788804 12749724 24254559 587509851 10652116720 1858459612 130 43397080 1872477568
======================
   8      32 sdc 1825870 12814 270788804 12749724 24255229 587509851 10652459760 1858603072 132 43398084 1872621220
======================
   8      32 sdc 1825870 12814 270788804 12749724 24255879 587509851 10652792560 1858745408 154 43399088 1872764916
======================
   8      32 sdc 1825871 12814 270788812 12749960 24256482 587509851 10653101296 1858868916 131 43400092 1872888548
======================
   8      32 sdc 1825871 12814 270788812 12749960 24257137 587509851 10653436656 1859009592 148 43401100 1873028104
======================
   8      32 sdc 1825871 12814 270788812 12749960 24257812 587509851 10653782256 1859152488 145 43402104 1873171128
======================
   8      32 sdc 1825871 12814 270788812 12749960 24258379 587509851 10654072560 1859276588 154 43403108 1873315656
======================
   8      32 sdc 1825871 12814 270788812 12749960 24258977 587509851 10654378736 1859441984 132 43404116 1873460360
======================
   8      32 sdc 1825871 12814 270788812 12749960 24259637 587509851 10654716656 1859585364 144 43405120 1873603648
======================
   8      32 sdc 1825871 12814 270788812 12749960 24260282 587509851 10655046896 1859727188 139 43406124 1873746424
======================
   8      32 sdc 1825871 12814 270788812 12749960 24260918 587509851 10655372528 1859870200 143 43407128 1873889604
======================
   8      32 sdc 1825871 12814 270788812 12749960 24261559 587509851 10655700720 1860013176 142 43408128 1874032168
======================
   8      32 sdc 1825871 12814 270788812 12749960 24262205 587509851 10656031472 1860156404 136 43409132 1874175136
======================
   8      32 sdc 1825871 12814 270788812 12749960 24262869 587509851 10656371440 1860299612 144 43410132 1874317900
======================
   8      32 sdc 1825871 12814 270788812 12749960 24263523 587509851 10656706288 1860441376 130 43411136 1874460284
======================
   8      32 sdc 1825872 12814 270788820 12750192 24264143 587509851 10657023728 1860563952 153 43412140 1874583588
======================
   8      32 sdc 1825872 12814 270788820 12750192 24264802 587509851 10657361136 1860708856 134 43413144 1874727432
======================
   8      32 sdc 1825872 12814 270788820 12750192 24265474 587509851 10657705200 1860852388 134 43414152 1874871508
======================
   8      32 sdc 1825872 12814 270788820 12750192 24266068 587509851 10658009328 1860988768 148 43415544 1875076888
======================
   8      32 sdc 1825872 12814 270788820 12750192 24266704 587509851 10658334960 1861160296 152 43416568 1875223920
======================
   8      32 sdc 1825872 12814 270788820 12750192 24267422 587509851 10658702576 1861315220 142 43417568 1875368940
======================
   8      32 sdc 1825872 12814 270788820 12750192 24268098 587509851 10659048688 1861458512 138 43418572 1875512192
======================
   8      32 sdc 1825872 12814 270788820 12750192 24268748 587509851 10659381488 1861600492 128 43419576 1875655404
======================
   8      32 sdc 1825872 12814 270788820 12750192 24269371 587509851 10659700464 1861743400 145 43420576 1875798436
======================
   8      32 sdc 1825872 12814 270788820 12750192 24270022 587509851 10660033776 1861888064 134 43421580 1875941768
======================
   8      32 sdc 1825872 12814 270788820 12750192 24270698 587509851 10660379888 1862031228 130 43422584 1876085016
======================
   8      32 sdc 1825872 12814 270788820 12750192 24271342 587509851 10660709616 1862173596 158 43423584 1876227600
======================
   8      32 sdc 1825872 12814 270788820 12750192 24271618 587509851 10660850928 1862236232 37 43424588 1876302044
======================
   8      32 sdc 1825873 12814 270788828 12751792 24272401 587509851 10661251824 1862310592 138 43425592 1876352424
======================
   8      32 sdc 1825873 12814 270788828 12751792 24273269 587509851 10661696240 1862440076 134 43426592 1876496076
======================
   8      32 sdc 1825873 12814 270788828 12751792 24273767 587509851 10661951216 1862557704 148 43427596 1876639904
======================
   8      32 sdc 1825873 12814 270788828 12751792 24274408 587509851 10662279408 1862727332 147 43428600 1876783580
======================
   8      32 sdc 1825873 12814 270788828 12751792 24275055 587509851 10662610672 1862870916 140 43429600 1876926428
======================
   8      32 sdc 1825873 12814 270788828 12751792 24275718 587509851 10662950128 1863014088 149 43430604 1877069964
======================
   8      32 sdc 1825873 12814 270788828 12751792 24276371 587509851 10663284464 1863156788 136 43431604 1877212840
======================
   8      32 sdc 1825873 12814 270788828 12751792 24277002 587509851 10663607536 1863299552 145 43432608 1877355852
======================
   8      32 sdc 1825873 12814 270788828 12751792 24277668 587509851 10663948528 1863443512 151 43433608 1877498448
======================
   8      32 sdc 1825873 12814 270788828 12751792 24278338 587509851 10664291568 1863585928 153 43434612 1877641868
======================
   8      32 sdc 1825873 12814 270788828 12751792 24278955 587509851 10664607472 1863727336 144 43435616 1877785416
======================
   8      32 sdc 1825874 12814 270788836 12752000 24279577 587509851 10664925936 1863859220 151 43436620 1877915036
======================
   8      32 sdc 1825874 12814 270788836 12752000 24280255 587509851 10665273072 1864003472 145 43437628 1878059260
======================
   8      32 sdc 1825874 12814 270788836 12752000 24280931 587509851 10665619184 1864146976 141 43438628 1878202304
======================
   8      32 sdc 1825874 12814 270788836 12752000 24281581 587509851 10665951984 1864289044 131 43439632 1878345428
======================
   8      32 sdc 1825874 12814 270788836 12752000 24282201 587509851 10666269424 1864432100 151 43440636 1878489128
======================
   8      32 sdc 1825874 12814 270788836 12752000 24282870 587509851 10666611952 1864576860 154 43441640 1878632572
======================
   8      32 sdc 1825874 12814 270788836 12752000 24283535 587509851 10666952432 1864719196 129 43442640 1878775304
======================
   8      32 sdc 1825874 12814 270788836 12752000 24284176 587509851 10667280624 1864862744 128 43443644 1878918972
======================
   8      32 sdc 1825874 12814 270788836 12752000 24284829 587509851 10667614960 1865006060 147 43444652 1879062160
======================
   8      32 sdc 1825874 12814 270788836 12752000 24285494 587509851 10667955440 1865150260 154 43445656 1879205636
======================
   8      32 sdc 1825874 12814 270788836 12752000 24286139 587509851 10668285680 1865292912 149 43446660 1879349348
======================
   8      32 sdc 1825874 12814 270788836 12752000 24286629 587509851 10668536560 1865424096 139 43447664 1879490668
======================
   8      32 sdc 1825875 12814 270788844 12752212 24287260 587509851 10668859632 1865564560 149 43448668 1879621372
======================
   8      32 sdc 1825875 12814 270788844 12752212 24287904 587509851 10669189360 1865708952 145 43449668 1879765008
======================
   8      32 sdc 1825875 12814 270788844 12752212 24288567 587509851 10669528816 1865852648 154 43450672 1879908572
======================
   8      32 sdc 1825875 12814 270788844 12752212 24289213 587509851 10669859568 1865995136 148 43451676 1880052044
======================
   8      32 sdc 1825875 12814 270788844 12752212 24289866 587509851 10670193904 1866139488 135 43452676 1880194900
======================
   8      32 sdc 1825875 12814 270788844 12752212 24290541 587509851 10670539504 1866282752 132 43453680 1880338420
======================
   8      32 sdc 1825875 12814 270788844 12752212 24291185 587509851 10670869232 1866425004 128 43454684 1880482000
======================
   8      32 sdc 1825875 12814 270788844 12752212 24291801 587509851 10671184624 1866568620 152 43455684 1880627264
======================
   8      32 sdc 1825875 12814 270788844 12752212 24292465 587509851 10671524592 1866711584 128 43456688 1880767244
======================
   8      32 sdc 1825875 12814 270788844 12752212 24293136 587509851 10671868144 1866855308 129 43457692 1880910860
======================
   8      32 sdc 1825875 12814 270788844 12752212 24293812 587509851 10672214256 1866998740 157 43458692 1881053876
======================
   8      32 sdc 1825875 12814 270788844 12752212 24294466 587509851 10672549104 1867140504 143 43459696 1881197528
======================
   8      32 sdc 1825876 12814 270788852 12752620 24294928 587509851 10672785648 1867238740 148 43460700 1881297908
======================
   8      32 sdc 1825876 12814 270788852 12752620 24295573 587509851 10673115888 1867384860 143 43461704 1881441308
======================
   8      32 sdc 1825876 12814 270788852 12752620 24296249 587509851 10673462000 1867528076 139 43462704 1881584056
======================
   8      32 sdc 1825876 12814 270788852 12752620 24296894 587509851 10673792240 1867670760 134 43463708 1881727652
======================
   8      32 sdc 1825876 12814 270788852 12752620 24297543 587509851 10674124528 1867814892 157 43464716 1881871776
======================
   8      32 sdc 1825876 12814 270788852 12752620 24298201 587509851 10674461424 1867956280 139 43465716 1882014292
======================
   8      32 sdc 1825876 12814 270788852 12752620 24298848 587509851 10674792688 1868102128 132 43466720 1882159420
======================
   8      32 sdc 1825876 12814 270788852 12752620 24299487 587509851 10675119856 1868244452 133 43467724 1882302428
======================
   8      32 sdc 1825876 12814 270788852 12752620 24300131 587509851 10675449584 1868388040 129 43468728 1882445572
======================
   8      32 sdc 1825876 12814 270788852 12752620 24300779 587509851 10675781360 1868530276 153 43469732 1882586988
======================
   8      32 sdc 1825876 12814 270788852 12752620 24301441 587509851 10676120304 1868674308 131 43470740 1882731048
======================
   8      32 sdc 1825876 12814 270788852 12752620 24302093 587509851 10676454128 1868817772 151 43471748 1882875388
======================
   8      32 sdc 1825877 12814 270788860 12753068 24302575 587509851 10676700912 1868913132 151 43472752 1882971376
======================
   8      32 sdc 1825877 12814 270788860 12753068 24303230 587509851 10677036272 1869057708 136 43473756 1883114952
======================
   8      32 sdc 1825877 12814 270788860 12753068 24303908 587509851 10677383408 1869201240 130 43474760 1883257956
======================
   8      32 sdc 1825877 12814 270788860 12753068 24304541 587509851 10677707504 1869343516 137 43475764 1883401976
======================
   8      32 sdc 1825877 12814 270788860 12753068 24305196 587509851 10678042864 1869488644 154 43476768 1883545800
======================
   8      32 sdc 1825877 12814 270788860 12753068 24305871 587509851 10678388464 1869632200 151 43477772 1883689656
======================
   8      32 sdc 1825877 12814 270788860 12753068 24306540 587509851 10678730992 1869774540 154 43478772 1883832680
======================
   8      32 sdc 1825877 12814 270788860 12753068 24307208 587509851 10679073008 1869918604 158 43479784 1883976872
======================
   8      32 sdc 1825877 12814 270788860 12753068 24307836 587509851 10679394544 1870063008 138 43480792 1884121404
======================
   8      32 sdc 1825877 12814 270788860 12753068 24308488 587509851 10679728368 1870209364 158 43481804 1884266128
======================
   8      32 sdc 1825877 12814 270788860 12753068 24309163 587509851 10680073968 1870352652 155 43482808 1884409748
======================
   8      32 sdc 1825877 12814 270788860 12753068 24309814 587509851 10680407280 1870494836 144 43483812 1884553040
======================
   8      32 sdc 1825878 12814 270788868 12753296 24310436 587509851 10680725744 1870626108 130 43484816 1884684128
======================
   8      32 sdc 1825878 12814 270788868 12753296 24311092 587509851 10681061616 1870770316 146 43485820 1884828156
======================
   8      32 sdc 1825878 12814 270788868 12753296 24311738 587509851 10681392368 1870913504 140 43486820 1884971436
======================
   8      32 sdc 1825878 12814 270788868 12753296 24312224 587509851 10681641200 1871058236 134 43487824 1885117752
======================
   8      32 sdc 1825878 12814 270788868 12753296 24312866 587509851 10681969904 1871203396 132 43488828 1885261468
======================
   8      32 sdc 1825878 12814 270788868 12753296 24313520 587509851 10682304752 1871347300 150 43489832 1885405276
======================
   8      32 sdc 1825878 12814 270788868 12753296 24314184 587509851 10682644720 1871491332 158 43490832 1885548380
======================
   8      32 sdc 1825878 12814 270788868 12753296 24314824 587509851 10682972400 1871633956 158 43491836 1885692192
======================
   8      32 sdc 1825878 12814 270788868 12753296 24315465 587509851 10683300592 1871777372 157 43492840 1885836032
======================
   8      32 sdc 1825878 12814 270788868 12753296 24316135 587509851 10683643632 1871921936 151 43493840 1885978920
======================
   8      32 sdc 1825878 12814 270788868 12753296 24316797 587509851 10683982576 1872064036 137 43494844 1886122924
======================
   8      32 sdc 1825878 12814 270788868 12753296 24317403 587509851 10684292848 1872203664 139 43495848 1886266416
======================
   8      32 sdc 1825879 12814 270788876 12753536 24318043 587509851 10684620528 1872337956 143 43496856 1886396476
======================
   8      32 sdc 1825879 12814 270788876 12753536 24318720 587509851 10684967152 1872481628 138 43497864 1886540616
======================
   8      32 sdc 1825879 12814 270788876 12753536 24319401 587509851 10685315824 1872626188 129 43498872 1886684592
======================
   8      32 sdc 1825879 12814 270788876 12753536 24319916 587509851 10685579504 1872771984 158 43499880 1886832212
======================
   8      32 sdc 1825879 12814 270788876 12753536 24320543 587509851 10685900528 1872916668 139 43500884 1886976444
======================
   8      32 sdc 1825879 12814 270788876 12753536 24321200 587509851 10686236912 1873061196 154 43501888 1887119872
======================
   8      32 sdc 1825879 12814 270788876 12753536 24321875 587509851 10686582512 1873204504 151 43502892 1887263496
======================
   8      32 sdc 1825879 12814 270788876 12753536 24322517 587509851 10686911216 1873347468 149 43503896 1887407184
======================
   8      32 sdc 1825879 12814 270788876 12753536 24323164 587509851 10687242480 1873491508 142 43504900 1887550872
======================
   8      32 sdc 1825879 12814 270788876 12753536 24323828 587509851 10687582448 1873635200 150 43505904 1887694644
======================
   8      32 sdc 1825879 12814 270788876 12753536 24324481 587509851 10687916784 1873777856 137 43506908 1887838176
======================
   8      32 sdc 1825879 12814 270788876 12753536 24325122 587509851 10688244976 1873921192 136 43507908 1887981196
======================
   8      32 sdc 1825880 12814 270788884 12753768 24325732 587509851 10688557296 1874050456 135 43508912 1888110724
======================
   8      32 sdc 1825880 12814 270788884 12753768 24326373 587509851 10688886000 1874193756 134 43509916 1888254284
======================
   8      32 sdc 1825880 12814 270788884 12753768 24327033 587509851 10689223408 1874340672 146 43510916 1888398760
======================
   8      32 sdc 1825880 12814 270788884 12753768 24327675 587509851 10689552112 1874480592 136 43511920 1888540788
======================
   8      32 sdc 1825880 12814 270788884 12753768 24328317 587509851 10689880816 1874624096 134 43512924 1888684260
======================
   8      32 sdc 1825880 12814 270788884 12753768 24328992 587509851 10690226416 1874768052 131 43513924 1888827256
======================
   8      32 sdc 1825880 12814 270788884 12753768 24329651 587509851 10690563824 1874909084 144 43514928 1888970128
======================
   8      32 sdc 1825880 12814 270788884 12753768 24330274 587509851 10690882800 1875052440 129 43515928 1889112672
======================
   8      32 sdc 1825880 12814 270788884 12753768 24330921 587509851 10691214064 1875196748 154 43516932 1889256108
======================
   8      32 sdc 1825880 12814 270788884 12753768 24331597 587509851 10691560176 1875339896 150 43517936 1889399500
======================
   8      32 sdc 1825880 12814 270788884 12753768 24332275 587509851 10691907312 1875483620 144 43518940 1889543084
======================
   8      32 sdc 1825880 12814 270788884 12753768 24332944 587509851 10692249840 1875626204 87 43519944 1889684164
======================
   8      32 sdc 1825881 12814 270788892 12754012 24333547 587509851 10692558576 1875748924 158 43520948 1889810064
======================
   8      32 sdc 1825881 12814 270788892 12754012 24334183 587509851 10692884208 1875893892 130 43521948 1889953068
======================
   8      32 sdc 1825881 12814 270788892 12754012 24334836 587509851 10693218544 1876036116 149 43522952 1890096920
======================
   8      32 sdc 1825881 12814 270788892 12754012 24335489 587509851 10693552880 1876174732 228 43523956 1890295876
======================
   8      32 sdc 1825881 12814 270788892 12754012 24336143 587509851 10693887728 1876329612 214 43524960 1890520104
======================
   8      32 sdc 1825881 12814 270788892 12754012 24336809 587509851 10694228720 1876488504 220 43525964 1890736564
======================
   8      32 sdc 1825881 12814 270788892 12754012 24337309 587509851 10694484720 1876639728 200 43526972 1890950000
======================
   8      32 sdc 1825881 12814 270788892 12754012 24337951 587509851 10694813424 1876834432 198 43527976 1891152992
======================
   8      32 sdc 1825881 12814 270788892 12754012 24338590 587509851 10695140592 1877023348 199 43528976 1891345588
======================
   8      32 sdc 1825881 12814 270788892 12754012 24339227 587509851 10695466736 1877216052 170 43529980 1891530512
======================
   8      32 sdc 1825881 12814 270788892 12754012 24339886 587509851 10695804144 1877417264 183 43530984 1891707844
======================
   8      32 sdc 1825881 12814 270788892 12754012 24340545 587509851 10696141552 1877608556 164 43531984 1891877296
======================
   8      32 sdc 1825882 12814 270788900 12754252 24341171 587509851 10696462064 1877865808 154 43532988 1892014092
======================
   8      32 sdc 1825882 12814 270788900 12754252 24341825 587509851 10696796912 1878091336 140 43533992 1892162476
======================
   8      32 sdc 1825882 12814 270788900 12754252 24342502 587509851 10697143536 1878246044 135 43534996 1892306156
======================
   8      32 sdc 1825882 12814 270788900 12754252 24343133 587509851 10697466608 1878387676 144 43535996 1892448464
======================
   8      32 sdc 1825882 12814 270788900 12754252 24343789 587509851 10697802480 1878532072 128 43537000 1892591668
======================
   8      32 sdc 1825882 12814 270788900 12754252 24344459 587509851 10698145520 1878675316 130 43538004 1892735280
======================
   8      32 sdc 1825882 12814 270788900 12754252 24345134 587509851 10698491120 1878818356 144 43539004 1892877888
======================
   8      32 sdc 1825882 12814 270788900 12754252 24345796 587509851 10698830064 1878960168 137 43540008 1893021240
======================
   8      32 sdc 1825882 12814 270788900 12754252 24346421 587509851 10699150064 1879103556 152 43541012 1893164472
======================
   8      32 sdc 1825882 12814 270788900 12754252 24347068 587509851 10699481328 1879248332 145 43542020 1893308460
======================
   8      32 sdc 1825882 12814 270788900 12754252 24347744 587509851 10699827440 1879391492 141 43543024 1893451796
======================
   8      32 sdc 1825882 12814 270788900 12754252 24348391 587509851 10700158200 1879534080 1 43544024 1893579020
======================
   8      32 sdc 1825883 12814 270788908 12754740 24348874 587510322 10700405232 1879625864 156 43545024 1893686700
======================
   8      32 sdc 1825883 12814 270788908 12754740 24349531 587510322 10700741616 1879769392 139 43546028 1893829896
======================
   8      32 sdc 1825883 12814 270788908 12754740 24350195 587510322 10701081584 1879912280 147 43547032 1893973144
======================
   8      32 sdc 1825883 12814 270788908 12754740 24350828 587510322 10701405680 1880055064 154 43548032 1894115784
======================
   8      32 sdc 1825883 12814 270788908 12754740 24351469 587510322 10701733872 1880197976 153 43549036 1894259052
======================
   8      32 sdc 1825883 12814 270788908 12754740 24352112 587510322 10702063088 1880341180 150 43550040 1894402280
======================
   8      32 sdc 1825883 12814 270788908 12754740 24352771 587510322 10702400496 1880484688 131 43551044 1894545392
======================
   8      32 sdc 1825883 12814 270788908 12754740 24353407 587510322 10702726128 1880627432 135 43552044 1894688388
======================
   8      32 sdc 1825883 12814 270788908 12754740 24354048 587510322 10703054320 1880770388 134 43553048 1894831580
======================
   8      32 sdc 1825883 12814 270788908 12754740 24354723 587510322 10703399920 1880914340 131 43554052 1894974620
======================
   8      32 sdc 1825883 12814 270788908 12754740 24355386 587510322 10703739376 1881056640 140 43555056 1895118288
======================
   8      32 sdc 1825883 12814 270788908 12754740 24356010 587510322 10704058864 1881199652 70 43556056 1895256652
======================
   8      32 sdc 1825884 12814 270788916 12755224 24356489 587510801 10704302760 1881284652 54 43557060 1895342372
======================
   8      32 sdc 1825884 12814 270788916 12755224 24356551 587510805 10704311480 1881302184 0 43557176 1895347808
======================
   8      32 sdc 1825884 12814 270788916 12755224 24356551 587510805 10704311480 1881302184 0 43557176 1895347808
======================
   8      32 sdc 1825884 12814 270788916 12755224 24356551 587510805 10704311480 1881302184 0 43557176 1895347808
======================
   8      32 sdc 1825884 12814 270788916 12755224 24356551 587510805 10704311480 1881302184 0 43557176 1895347808
======================
   8      32 sdc 1825884 12814 270788916 12755224 24356551 587510805 10704311480 1881302184 0 43557176 1895347808
======================
started
   8      32 sdc 1826125 12814 270790838 12767348 24356566 587510805 10704311536 1881302184 0 43557460 1895359932
======================
   8      32 sdc 1826125 12814 270790838 12767348 24356566 587510805 10704311536 1881302184 0 43557460 1895359932
======================
   8      32 sdc 1826130 12814 270790878 12767348 24356566 587510805 10704311536 1881302184 0 43557460 1895359932
======================
   8      32 sdc 1826130 12814 270790878 12767348 24356566 587510805 10704311536 1881302184 0 43557460 1895359932
======================
   8      32 sdc 1826130 12814 270790878 12767348 24356566 587510805 10704311536 1881302184 0 43557460 1895359932
======================
   8      32 sdc 1826130 12814 270790878 12767348 24356566 587510805 10704311536 1881302184 0 43557460 1895359932
======================
   8      32 sdc 1826130 12814 270790878 12767348 24356566 587510805 10704311536 1881302184 0 43557460 1895359932
======================
   8      32 sdc 1826130 12814 270790878 12767348 24357794 587510807 10704639264 1881303452 0 43557508 1895361192
======================
   8      32 sdc 1826130 12814 270790878 12767348 24361342 587510807 10705603616 1881319836 154 43557948 1895411780
======================
   8      32 sdc 1826130 12814 270790878 12767348 24361615 587510807 10705677856 1881460636 137 43558952 1895554700
======================
   8      32 sdc 1826130 12814 270790878 12767348 24361873 587510807 10705749024 1881607488 135 43559956 1895699664
======================
   8      32 sdc 1826130 12814 270790878 12767348 24362121 587510807 10705816096 1881733940 143 43560964 1895844692
======================
   8      32 sdc 1826130 12814 270790878 12767348 24362414 587510808 10705897016 1881890008 140 43561968 1895986204
======================
   8      32 sdc 1826130 12814 270790878 12767348 24362657 587510808 10705964856 1882037152 153 43562968 1896129548
======================
   8      32 sdc 1826130 12814 270790878 12767348 24362936 587510808 10706041656 1882182400 130 43563972 1896274608
======================
   8      32 sdc 1826130 12814 270790878 12767348 24363148 587510808 10706100792 1882295960 142 43564992 1896422172
======================
   8      32 sdc 1826130 12814 270790878 12767348 24363368 587510808 10706163000 1882468612 146 43565996 1896565112
======================
   8      32 sdc 1826130 12814 270790878 12767348 24363482 587510809 10706196048 1882555184 130 43567016 1896711656
======================
   8      32 sdc 1826130 12814 270790878 12767348 24363832 587510809 10706295376 1882765136 132 43568028 1896856744
======================
   8      32 sdc 1826130 12814 270790878 12767348 24364121 587510809 10706376528 1882905976 131 43569044 1897002476
======================
   8      32 sdc 1826130 12814 270790878 12767348 24364333 587510809 10706437456 1883045596 143 43570056 1897148984
======================
   8      32 sdc 1826130 12814 270790878 12767348 24364616 587510809 10706516816 1883197708 148 43571060 1897292032
======================
   8      32 sdc 1826130 12814 270790878 12767348 24364875 587510811 10706591080 1883340140 147 43572064 1897436252
======================
   8      32 sdc 1826130 12814 270790878 12767348 24365154 587510811 10706670184 1883482108 156 43573072 1897580724
======================
   8      32 sdc 1826130 12814 270790878 12767348 24365397 587510811 10706740328 1883629800 137 43574076 1897725492
======================
   8      32 sdc 1826130 12814 270790878 12767348 24365593 587510811 10706795112 1883761576 133 43575080 1897868872
======================
   8      32 sdc 1826130 12814 270790878 12767348 24365856 587510812 10706867048 1883909792 158 43576084 1898012736
======================
   8      32 sdc 1826130 12814 270790878 12767348 24366045 587510813 10706920064 1884064340 131 43577088 1898157452
======================
   8      32 sdc 1826130 12814 270790878 12767348 24366328 587510813 10707000448 1884207948 136 43578088 1898300636
======================
   8      32 sdc 1826130 12814 270790878 12767348 24366571 587510813 10707070848 1884341272 149 43579092 1898444012
======================
   8      32 sdc 1826130 12814 270790878 12767348 24366845 587510813 10707148928 1884493360 131 43580096 1898588088
======================
   8      32 sdc 1826130 12814 270790878 12767348 24367091 587510813 10707219328 1884623948 141 43581100 1898732420
======================
   8      32 sdc 1826130 12814 270790878 12767348 24367306 587510814 10707280792 1884771480 152 43582100 1898875468
======================
   8      32 sdc 1826130 12814 270790878 12767348 24367571 587510814 10707358616 1884919148 143 43583104 1899020280
======================
   8      32 sdc 1826130 12814 270790878 12767348 24367822 587510814 10707430040 1885066764 148 43584108 1899162936
======================
   8      32 sdc 1826130 12814 270790878 12767348 24368043 587510814 10707490968 1885208976 151 43585112 1899307028
======================
   8      32 sdc 1826130 12814 270790878 12767348 24368170 587510814 10707525784 1885305672 152 43586116 1899450828
======================
   8      32 sdc 1826130 12814 270790878 12767348 24368433 587510815 10707601072 1885500856 147 43587120 1899595680
======================
   8      32 sdc 1826130 12814 270790878 12767348 24368658 587510815 10707667120 1885629868 146 43588128 1899739964
======================
   8      32 sdc 1826130 12814 270790878 12767348 24368862 587510815 10707726000 1885771536 134 43589136 1899885296
======================
   8      32 sdc 1826130 12814 270790878 12767348 24369121 587510816 10707800240 1885926400 131 43590144 1900029556
======================
   8      32 sdc 1826130 12814 270790878 12767348 24369397 587510816 10707881648 1886079764 143 43591148 1900174668
======================
   8      32 sdc 1826130 12814 270790878 12767348 24369663 587510818 10707956168 1886214196 135 43592148 1900317428
======================
   8      32 sdc 1826130 12814 270790878 12767348 24369878 587510818 10708017864 1886339340 144 43593152 1900461132
======================
   8      32 sdc 1826130 12814 270790878 12767348 24370011 587510818 10708054984 1886485804 139 43594156 1900607460
======================
   8      32 sdc 1826130 12814 270790878 12767348 24370243 587510818 10708121288 1886649048 131 43595156 1900748172
======================
   8      32 sdc 1826130 12814 270790878 12767348 24370475 587510819 10708186824 1886780236 156 43596160 1900891932
======================
   8      32 sdc 1826130 12814 270790878 12767348 24370708 587510819 10708254944 1886918580 148 43597164 1901036248
======================
   8      32 sdc 1826130 12814 270790878 12767348 24370886 587510819 10708305632 1887048900 130 43598164 1901178256
======================
   8      32 sdc 1826130 12814 270790878 12767348 24371078 587510819 10708359904 1887211152 130 43599168 1901318880
======================
   8      32 sdc 1826130 12814 270790878 12767348 24371294 587510819 10708422368 1887355268 138 43600168 1901462968
======================
   8      32 sdc 1826130 12814 270790878 12767348 24371539 587510820 10708493280 1887507016 150 43601172 1901606680
======================
   8      32 sdc 1826130 12814 270790878 12767348 24371775 587510820 10708561144 1887655396 139 43602176 1901750920
======================
   8      32 sdc 1826130 12814 270790878 12767348 24372012 587510820 10708628984 1887781644 158 43603180 1901893676
======================
   8      32 sdc 1826130 12814 270790878 12767348 24372180 587510821 10708677880 1887914364 150 43604188 1902040368
======================
   8      32 sdc 1826130 12814 270790878 12767348 24372402 587510821 10708741368 1888078876 152 43605192 1902183920
======================
   8      32 sdc 1826130 12814 270790878 12767348 24372571 587510822 10708790264 1888197532 144 43606196 1902325136
======================
   8      32 sdc 1826130 12814 270790878 12767348 24372779 587510822 10708850448 1888344772 129 43607200 1902468524
======================
   8      32 sdc 1826130 12814 270790878 12767348 24373046 587510822 10708925712 1888511444 150 43608204 1902608400
======================
   8      32 sdc 1826130 12814 270790878 12767348 24373299 587510822 10708999696 1888647956 153 43609204 1902751080
======================
   8      32 sdc 1826130 12814 270790878 12767348 24373463 587510822 10709048336 1888793588 149 43610208 1902894508
======================
   8      32 sdc 1826130 12814 270790878 12767348 24373642 587510823 10709099792 1888936540 131 43611208 1903036744
======================
   8      32 sdc 1826130 12814 270790878 12767348 24373845 587510823 10709157160 1889072532 153 43612212 1903181080
======================
   8      32 sdc 1826130 12814 270790878 12767348 24373993 587510823 10709200424 1889173996 133 43613228 1903325992
