======================
   8      32 sdc 1701689 12508 249494004 11675836 20235030 509808625 8684425040 811505144 0 35919820 824192744
======================
   8      32 sdc 1701689 12508 249494004 11675836 20235030 509808625 8684425040 811505144 0 35919820 824192744
======================
   8      32 sdc 1701692 12508 249494028 11675896 20235030 509808625 8684425040 811505144 0 35919880 824192804
======================
   8      32 sdc 1701692 12508 249494028 11675896 20235030 509808625 8684425040 811505144 0 35919880 824192804
======================
   8      32 sdc 1701693 12508 249494036 11676088 20236084 509808625 8684964688 811518108 152 35920284 824210436
======================
   8      32 sdc 1701693 12508 249494036 11676088 20236367 509808625 8685109584 811628540 157 35921292 824354652
======================
   8      32 sdc 1701693 12508 249494036 11676088 20236630 509808625 8685244240 811770100 150 35922296 824498948
======================
   8      32 sdc 1701693 12508 249494036 11676088 20236899 509808645 8685381464 811916864 117 35923300 824641320
======================
   8      32 sdc 1701693 12508 249494036 11676088 20237139 509808645 8685504000 812040544 156 35924304 824785528
======================
   8      32 sdc 1701693 12508 249494036 11676088 20237445 509808645 8685660672 812205836 138 35925304 824930020
======================
   8      32 sdc 1701693 12508 249494036 11676088 20237975 509808645 8685932032 812367292 152 35926308 825073232
======================
   8      32 sdc 1701693 12508 249494036 11676088 20238615 509808645 8686259712 812512828 152 35927312 825217672
======================
   8      32 sdc 1701693 12508 249494036 11676088 20239220 509808645 8686569472 812659432 155 35928316 825359148
======================
   8      32 sdc 1701693 12508 249494036 11676088 20239752 509808645 8686841856 812771224 135 35929320 825495780
======================
   8      32 sdc 1701693 12508 249494036 11676088 20240211 509808645 8687076864 812867744 156 35930324 825638080
======================
   8      32 sdc 1701693 12508 249494036 11676088 20240615 509808645 8687283712 813084200 136 35931324 825788756
======================
   8      32 sdc 1701693 12508 249494036 11676088 20241413 509808645 8687692288 813213932 138 35932328 825928388
======================
   8      32 sdc 1701693 12508 249494036 11676088 20242344 509808645 8688168960 813368660 135 35933332 826071404
======================
   8      32 sdc 1701694 12508 249494044 11676268 20242984 509808645 8688496640 813498852 139 35934336 826203000
======================
   8      32 sdc 1701694 12508 249494044 11676268 20243626 509808645 8688825344 813642324 137 35935344 826347092
======================
   8      32 sdc 1701694 12508 249494044 11676268 20244268 509808645 8689154048 813785908 135 35936348 826490728
======================
   8      32 sdc 1701694 12508 249494044 11676268 20244910 509808645 8689482752 813929792 133 35937352 826634460
======================
   8      32 sdc 1701694 12508 249494044 11676268 20245559 509808645 8689815040 814071428 158 35938356 826775752
======================
   8      32 sdc 1701694 12508 249494044 11676268 20246202 509808645 8690144256 814214724 156 35939356 826918968
======================
   8      32 sdc 1701694 12508 249494044 11676268 20246850 509808645 8690476032 814358768 148 35940360 827062564
======================
   8      32 sdc 1701694 12508 249494044 11676268 20247526 509808645 8690822144 814502184 144 35941364 827206024
======================
   8      32 sdc 1701694 12508 249494044 11676268 20248177 509808645 8691155456 814644504 133 35942368 827349448
======================
   8      32 sdc 1701694 12508 249494044 11676268 20248794 509808645 8691471360 814790928 156 35943372 827492840
======================
   8      32 sdc 1701694 12508 249494044 11676268 20249436 509808645 8691800064 814932532 154 35944372 827635964
======================
   8      32 sdc 1701694 12508 249494044 11676268 20250108 509808645 8692144128 815074752 61 35945376 827773876
======================
   8      32 sdc 1701694 12508 249494044 11676268 20250157 509808645 8692169216 815096400 12 35946380 827798768
======================
   8      32 sdc 1701695 12508 249494052 11677540 20251285 509808645 8692746752 815213504 134 35947384 827919928
======================
   8      32 sdc 1701695 12508 249494052 11677540 20251910 509808645 8693066752 815356964 149 35948388 828063664
======================
   8      32 sdc 1701695 12508 249494052 11677540 20252547 509808645 8693392896 815501892 152 35949388 828206780
======================
   8      32 sdc 1701695 12508 249494052 11677540 20253207 509808645 8693730816 815644772 132 35950392 828350400
======================
   8      32 sdc 1701695 12508 249494052 11677540 20253796 509808645 8694032384 815776384 151 35951396 828494568
======================
   8      32 sdc 1701695 12508 249494052 11677540 20254501 509808645 8694393344 815934132 150 35952400 828639680
======================
   8      32 sdc 1701695 12508 249494052 11677540 20255165 509808645 8694733312 816077840 158 35953404 828783296
======================
   8      32 sdc 1701695 12508 249494052 11677540 20255813 509808645 8695065088 816220876 150 35954404 828926652
======================
   8      32 sdc 1701695 12508 249494052 11677540 20256455 509808645 8695393792 816364456 148 35955408 829070388
======================
   8      32 sdc 1701695 12508 249494052 11677540 20257096 509808645 8695721984 816508088 147 35956416 829214940
======================
   8      32 sdc 1701695 12508 249494052 11677540 20257740 509808645 8696051712 816648892 109 35957416 829354072
======================
   8      32 sdc 1701695 12508 249494052 11677540 20257801 509808645 8696082944 816662176 48 35958420 829405156
======================
   8      32 sdc 1701696 12508 249494060 11679344 20258889 509808645 8696640000 816774084 156 35959424 829478372
======================
   8      32 sdc 1701696 12508 249494060 11679344 20259531 509808645 8696968704 816913220 154 35960424 829621276
======================
   8      32 sdc 1701696 12508 249494060 11679344 20260176 509808645 8697298944 817057000 149 35961428 829764800
======================
   8      32 sdc 1701696 12508 249494060 11679344 20260800 509808645 8697618432 817195696 133 35962432 829908052
======================
   8      32 sdc 1701696 12508 249494060 11679344 20261447 509808645 8697949696 817342628 158 35963432 830050856
======================
   8      32 sdc 1701696 12508 249494060 11679344 20262095 509808645 8698281472 817489536 150 35964436 830194696
======================
   8      32 sdc 1701696 12508 249494060 11679344 20262772 509808645 8698628096 817630584 145 35965440 830338284
======================
   8      32 sdc 1701696 12508 249494060 11679344 20263448 509808645 8698974208 817774040 141 35966444 830481900
======================
   8      32 sdc 1701696 12508 249494060 11679344 20264110 509808645 8699313152 817916344 151 35967444 830624788
======================
   8      32 sdc 1701696 12508 249494060 11679344 20264733 509808645 8699632128 818059040 136 35968452 830768432
======================
   8      32 sdc 1701696 12508 249494060 11679344 20265224 509808645 8699883520 818172436 157 35969608 830938680
======================
   8      32 sdc 1701697 12508 249494068 11679680 20265863 509808645 8700210688 818315012 155 35970608 831047068
======================
   8      32 sdc 1701697 12508 249494068 11679680 20266527 509808645 8700550656 818457516 131 35971612 831190596
======================
   8      32 sdc 1701697 12508 249494068 11679680 20267169 509808645 8700879360 818601072 129 35972616 831334188
======================
   8      32 sdc 1701697 12508 249494068 11679680 20267823 509808645 8701214208 818745272 147 35973620 831478112
======================
   8      32 sdc 1701697 12508 249494068 11679680 20268460 509808645 8701540352 818888204 150 35974620 831621208
======================
   8      32 sdc 1701697 12508 249494068 11679680 20269101 509808645 8701868544 819033528 153 35975624 831766872
======================
   8      32 sdc 1701697 12508 249494068 11679680 20269742 509808645 8702196736 819176912 152 35976624 831909996
======================
   8      32 sdc 1701697 12508 249494068 11679680 20270383 509808645 8702525440 819320392 151 35977628 832053652
======================
   8      32 sdc 1701697 12508 249494068 11679680 20271045 509808645 8702863872 819464260 129 35978632 832196896
======================
   8      32 sdc 1701697 12508 249494068 11679680 20271706 509808645 8703202304 819606872 140 35979632 832339824
======================
   8      32 sdc 1701697 12508 249494068 11679680 20272348 509808645 8703531008 819751224 138 35980636 832482992
======================
   8      32 sdc 1701697 12508 249494068 11679680 20272996 509808645 8703862784 819894444 130 35981640 832626652
======================
   8      32 sdc 1701698 12508 249494076 11680116 20273498 509808645 8704119808 819997812 141 35982644 832730676
======================
   8      32 sdc 1701698 12508 249494076 11680116 20274150 509808645 8704453632 820139204 129 35983648 832873576
======================
   8      32 sdc 1701698 12508 249494076 11680116 20274775 509808645 8704773632 820282896 144 35984652 833017012
======================
   8      32 sdc 1701698 12508 249494076 11680116 20275361 509808645 8705073664 820408472 134 35985656 833158892
======================
   8      32 sdc 1701698 12508 249494076 11680116 20276110 509808645 8705457152 820567724 153 35986660 833300472
======================
   8      32 sdc 1701698 12508 249494076 11680116 20276763 509808645 8705791488 820709404 140 35987660 833443248
======================
   8      32 sdc 1701698 12508 249494076 11680116 20277386 509808645 8706110464 820852328 157 35988664 833585828
======================
   8      32 sdc 1701698 12508 249494076 11680116 20278034 509808645 8706442240 820995856 149 35989668 833729256
======================
   8      32 sdc 1701698 12508 249494076 11680116 20278692 509808645 8706779136 821135568 131 35990668 833871348
======================
   8      32 sdc 1701698 12508 249494076 11680116 20279356 509808645 8707119104 821279340 139 35991672 834012932
======================
   8      32 sdc 1701698 12508 249494076 11680116 20280002 509808645 8707449856 821423280 133 35992676 834156116
======================
   8      32 sdc 1701698 12508 249494076 11680116 20280665 509808645 8707789312 821565932 142 35993680 834299272
======================
   8      32 sdc 1701699 12508 249494084 11680332 20281286 509808645 8708107264 821697352 128 35994684 834425708
======================
   8      32 sdc 1701699 12508 249494084 11680332 20281937 509808645 8708440576 821835672 149 35995688 834568500
======================
   8      32 sdc 1701699 12508 249494084 11680332 20282579 509808645 8708769280 821977600 147 35996692 834711416
======================
   8      32 sdc 1701699 12508 249494084 11680332 20283219 509808645 8709096960 822120248 147 35997696 834855016
======================
   8      32 sdc 1701699 12508 249494084 11680332 20283868 509808645 8709429248 822264320 138 35998696 834997948
======================
   8      32 sdc 1701699 12508 249494084 11680332 20284510 509808645 8709757952 822406808 136 35999700 835141156
======================
   8      32 sdc 1701699 12508 249494084 11680332 20285124 509808645 8710072320 822544552 130 36000704 835284620
======================
   8      32 sdc 1701699 12508 249494084 11680332 20285832 509808645 8710434816 822694224 158 36001704 835427420
======================
   8      32 sdc 1701699 12508 249494084 11680332 20286485 509808645 8710769152 822836140 145 36002708 835571020
======================
   8      32 sdc 1701699 12508 249494084 11680332 20287108 509808645 8711088128 822979372 130 36003708 835713736
======================
   8      32 sdc 1701699 12508 249494084 11680332 20287762 509808645 8711422976 823123800 148 36004712 835857280
======================
   8      32 sdc 1701699 12508 249494084 11680332 20288438 509808645 8711769088 823266964 67 36005716 835996060
======================
   8      32 sdc 1701700 12508 249494092 11680804 20288956 509808645 8712034304 823366224 137 36006720 836100420
======================
   8      32 sdc 1701700 12508 249494092 11680804 20289633 509808645 8712380928 823509880 132 36007720 836243316
======================
   8      32 sdc 1701700 12508 249494092 11680804 20290255 509808645 8712699392 823651632 150 36008724 836386896
======================
   8      32 sdc 1701700 12508 249494092 11680804 20290887 509808645 8713022976 823796412 158 36009728 836530400
======================
   8      32 sdc 1701700 12508 249494092 11680804 20291539 509808645 8713356800 823939028 146 36010728 836673484
======================
   8      32 sdc 1701700 12508 249494092 11680804 20292163 509808645 8713676288 824083364 130 36011732 836818164
======================
   8      32 sdc 1701700 12508 249494092 11680804 20292813 509808645 8714009088 824227448 152 36012732 836961204
======================
   8      32 sdc 1701700 12508 249494092 11680804 20293476 509808645 8714348544 824370460 129 36013736 837104548
======================
   8      32 sdc 1701700 12508 249494092 11680804 20294127 509808645 8714681856 824513052 150 36014740 837248048
======================
   8      32 sdc 1701700 12508 249494092 11680804 20294769 509808645 8715010560 824656328 148 36015740 837390860
======================
   8      32 sdc 1701700 12508 249494092 11680804 20295406 509808645 8715336704 824802156 151 36016744 837534256
======================
   8      32 sdc 1701700 12508 249494092 11680804 20296052 509808645 8715667456 824942856 101 36017752 837676608
======================
   8      32 sdc 1701701 12508 249494100 11681356 20296553 509808645 8715923968 825046184 158 36018756 837781044
======================
   8      32 sdc 1701701 12508 249494100 11681356 20297207 509808645 8716258816 825201820 144 36019756 837926456
======================
   8      32 sdc 1701701 12508 249494100 11681356 20297849 509808645 8716587520 825334372 142 36020760 838069596
======================
   8      32 sdc 1701701 12508 249494100 11681356 20298498 509808645 8716919808 825478324 133 36021764 838212608
======================
   8      32 sdc 1701701 12508 249494100 11681356 20299154 509808645 8717255680 825620000 149 36022768 838355896
======================
   8      32 sdc 1701701 12508 249494100 11681356 20299777 509808645 8717574656 825762940 134 36023768 838498524
======================
   8      32 sdc 1701701 12508 249494100 11681356 20300370 509808645 8717878272 825896548 149 36024772 838642292
======================
   8      32 sdc 1701701 12508 249494100 11681356 20301091 509808645 8718247424 826051976 132 36025776 838786512
======================
   8      32 sdc 1701701 12508 249494100 11681356 20301761 509808645 8718590464 826194952 134 36026776 838929296
======================
   8      32 sdc 1701701 12508 249494100 11681356 20302435 509808645 8718935552 826337888 132 36027780 839072572
======================
   8      32 sdc 1701701 12508 249494100 11681356 20303056 509808645 8719253504 826486256 157 36028784 839214088
======================
   8      32 sdc 1701701 12508 249494100 11681356 20303692 509808645 8719579136 826622896 129 36029784 839356820
======================
   8      32 sdc 1701702 12508 249494108 11681576 20304339 509808645 8719910400 826748740 153 36030788 839483336
======================
   8      32 sdc 1701702 12508 249494108 11681576 20305000 509808645 8720248832 826891024 132 36031792 839626524
======================
   8      32 sdc 1701702 12508 249494108 11681576 20305641 509808645 8720577024 827033644 131 36032792 839768792
======================
   8      32 sdc 1701702 12508 249494108 11681576 20306267 509808645 8720897536 827175108 145 36033796 839912924
======================
   8      32 sdc 1701702 12508 249494108 11681576 20306792 509808645 8721166336 827320968 132 36034796 840056244
======================
   8      32 sdc 1701702 12508 249494108 11681576 20307434 509808645 8721495040 827464340 130 36035800 840199592
======================
   8      32 sdc 1701702 12508 249494108 11681576 20308076 509808645 8721823744 827608012 128 36036804 840343320
======================
   8      32 sdc 1701702 12508 249494108 11681576 20308717 509808645 8722151936 827751448 131 36037804 840486380
======================
   8      32 sdc 1701702 12508 249494108 11681576 20309377 509808645 8722489856 827895208 139 36038808 840629928
======================
   8      32 sdc 1701702 12508 249494108 11681576 20310035 509808645 8722826752 828040012 155 36039812 840775296
======================
   8      32 sdc 1701702 12508 249494108 11681576 20310676 509808645 8723154944 828183012 154 36040816 840918656
======================
   8      32 sdc 1701702 12508 249494108 11681576 20311325 509808645 8723487232 828327020 145 36041816 841061720
======================
   8      32 sdc 1701702 12508 249494108 11681576 20311493 509808645 8723573248 828362748 20 36042820 841101184
======================
   8      32 sdc 1701703 12508 249494116 11683160 20312619 509808645 8724149760 828425988 132 36043824 841162256
======================
   8      32 sdc 1701703 12508 249494116 11683160 20313225 509808645 8724460032 828567056 134 36044824 841305456
======================
   8      32 sdc 1701703 12508 249494116 11683160 20313898 509808645 8724804608 828712648 133 36045828 841448576
======================
   8      32 sdc 1701703 12508 249494116 11683160 20314555 509808645 8725140992 828857108 148 36046832 841592480
======================
   8      32 sdc 1701703 12508 249494116 11683160 20315227 509808645 8725485056 828998332 148 36047836 841735732
======================
   8      32 sdc 1701703 12508 249494116 11683160 20315849 509808645 8725803520 829140908 134 36048836 841878256
======================
   8      32 sdc 1701703 12508 249494116 11683160 20316480 509808645 8726126592 829285072 143 36049840 842021652
======================
   8      32 sdc 1701703 12508 249494116 11683160 20317157 509808645 8726473216 829428648 138 36050844 842164772
======================
   8      32 sdc 1701703 12508 249494116 11683160 20317803 509808645 8726803968 829572792 132 36051848 842307176
======================
   8      32 sdc 1701703 12508 249494116 11683160 20318460 509808645 8727140352 829713192 147 36052852 842450492
======================
   8      32 sdc 1701703 12508 249494116 11683160 20319116 509808645 8727476224 829856812 77 36053852 842589644
======================
   8      32 sdc 1701704 12508 249494124 11683364 20319752 509808645 8727801856 829985380 153 36054856 842722056
======================
   8      32 sdc 1701704 12508 249494124 11683364 20320398 509808645 8728132608 830128148 147 36055860 842865608
======================
   8      32 sdc 1701704 12508 249494124 11683364 20321016 509808645 8728449024 830273888 137 36056860 843010436
======================
   8      32 sdc 1701704 12508 249494124 11683364 20321670 509808645 8728783872 830414520 155 36057864 843153644
======================
   8      32 sdc 1701704 12508 249494124 11683364 20322324 509808645 8729118720 830562472 141 36058868 843296136
======================
   8      32 sdc 1701704 12508 249494124 11683364 20322993 509808645 8729461248 830702272 144 36059868 843439300
======================
   8      32 sdc 1701704 12508 249494124 11683364 20323634 509808645 8729789440 830845736 143 36060872 843583080
======================
   8      32 sdc 1701704 12508 249494124 11683364 20324290 509808645 8730125312 830990360 159 36061876 843726748
======================
   8      32 sdc 1701704 12508 249494124 11683364 20324961 509808645 8730468864 831134164 128 36062880 843870608
======================
   8      32 sdc 1701704 12508 249494124 11683364 20325587 509808645 8730789376 831273424 142 36063880 844013784
======================
   8      32 sdc 1701704 12508 249494124 11683364 20326223 509808645 8731115008 831419556 146 36064884 844157384
======================
   8      32 sdc 1701705 12508 249494132 11683580 20326869 509808645 8731445760 831560716 141 36065888 844287116
======================
   8      32 sdc 1701705 12508 249494132 11683580 20327546 509808645 8731792384 831693888 136 36066892 844430508
======================
   8      32 sdc 1701705 12508 249494132 11683580 20328221 509808645 8732137984 831837212 133 36067896 844574124
======================
   8      32 sdc 1701705 12508 249494132 11683580 20328866 509808645 8732468224 831979532 128 36068896 844717040
======================
   8      32 sdc 1701705 12508 249494132 11683580 20329486 509808645 8732785664 832123304 148 36069900 844860116
======================
   8      32 sdc 1701705 12508 249494132 11683580 20330161 509808645 8733131264 832266520 145 36070904 845003620
======================
   8      32 sdc 1701705 12508 249494132 11683580 20330813 509808645 8733465088 832409216 133 36071904 845146464
======================
   8      32 sdc 1701705 12508 249494132 11683580 20331456 509808645 8733794304 832552952 130 36072912 845290492
======================
   8      32 sdc 1701705 12508 249494132 11683580 20332118 509808645 8734133248 832696640 140 36073912 845433508
======================
   8      32 sdc 1701705 12508 249494132 11683580 20332779 509808645 8734471680 832839024 151 36074916 845576412
======================
   8      32 sdc 1701705 12508 249494132 11683580 20333421 509808645 8734800384 832982528 149 36075920 845720188
======================
   8      32 sdc 1701705 12508 249494132 11683580 20334063 509808645 8735129088 833126112 147 36076924 845863896
======================
   8      32 sdc 1701706 12508 249494140 11683808 20334683 509808645 8735446528 833254340 137 36077928 845992328
======================
   8      32 sdc 1701706 12508 249494140 11683808 20335336 509808645 8735780864 833398188 156 36078928 846135060
======================
   8      32 sdc 1701706 12508 249494140 11683808 20335990 509808645 8736115712 833543016 142 36079932 846278280
======================
   8      32 sdc 1701706 12508 249494140 11683808 20336647 509808645 8736452096 833683896 157 36080932 846421308
======================
   8      32 sdc 1701706 12508 249494140 11683808 20337291 509808645 8736781824 833827764 153 36081936 846564608
======================
   8      32 sdc 1701706 12508 249494140 11683808 20337967 509808645 8737127936 833971016 149 36082940 846708092
======================
   8      32 sdc 1701706 12508 249494140 11683808 20338591 509808645 8737447424 834113344 133 36083944 846851748
======================
   8      32 sdc 1701706 12508 249494140 11683808 20339222 509808645 8737770496 834257892 142 36084944 846994908
======================
   8      32 sdc 1701706 12508 249494140 11683808 20339897 509808645 8738116096 834401896 139 36085948 847138932
======================
   8      32 sdc 1701706 12508 249494140 11683808 20340573 509808645 8738462208 834545204 135 36086948 847281700
======================
   8      32 sdc 1701706 12508 249494140 11683808 20341249 509808645 8738808320 834688660 131 36087952 847425276
======================
   8      32 sdc 1701706 12508 249494140 11683808 20341883 509808645 8739132928 834830704 137 36088956 847568612
======================
   8      32 sdc 1701707 12508 249494148 11684040 20342486 509808645 8739441664 834958116 143 36089960 847696612
======================
   8      32 sdc 1701707 12508 249494148 11684040 20343152 509808645 8739782656 835102980 149 36090964 847840700
======================
   8      32 sdc 1701707 12508 249494148 11684040 20343821 509808645 8740125184 835245752 152 36091964 847983268
======================
   8      32 sdc 1701707 12508 249494148 11684040 20344461 509808645 8740452864 835388584 152 36092968 848126680
======================
   8      32 sdc 1701707 12508 249494148 11684040 20345103 509808645 8740781568 835532516 150 36093972 848270208
======================
   8      32 sdc 1701707 12508 249494148 11684040 20345758 509808645 8741116928 835675352 135 36094976 848413644
======================
   8      32 sdc 1701707 12508 249494148 11684040 20346378 509808645 8741434368 835816112 155 36095976 848556504
======================
   8      32 sdc 1701707 12508 249494148 11684040 20347041 509808645 8741773824 835962028 132 36096980 848699860
======================
   8      32 sdc 1701707 12508 249494148 11684040 20347682 509808645 8742102016 836105076 131 36097980 848842660
======================
   8      32 sdc 1701707 12508 249494148 11684040 20348342 509808645 8742439936 836248948 143 36098984 848986344
======================
   8      32 sdc 1701707 12508 249494148 11684040 20349006 509808645 8742779904 836392348 151 36099988 849129704
======================
   8      32 sdc 1701707 12508 249494148 11684040 20349642 509808645 8743105536 836534012 155 36100992 849273348
======================
   8      32 sdc 1701707 12508 249494148 11684040 20349883 509808645 8743228928 836590276 30 36101992 849336380
======================
   8      32 sdc 1701708 12508 249494156 11685624 20350938 509808645 8743769088 836660032 138 36102996 849389776
======================
   8      32 sdc 1701708 12508 249494156 11685624 20351589 509808645 8744102400 836792900 139 36103996 849532244
======================
   8      32 sdc 1701708 12508 249494156 11685624 20352212 509808645 8744421888 836935860 144 36105004 849676420
======================
   8      32 sdc 1701708 12508 249494156 11685624 20352867 509808645 8744756736 837080784 129 36106008 849819768
======================
   8      32 sdc 1701708 12508 249494156 11685624 20353533 509808645 8745097728 837224376 135 36107012 849964380
======================
   8      32 sdc 1701708 12508 249494156 11685624 20354205 509808645 8745441792 837366936 135 36108012 850107208
======================
   8      32 sdc 1701708 12508 249494156 11685624 20354829 509808645 8745761280 837509660 151 36109016 850250688
======================
   8      32 sdc 1701708 12508 249494156 11685624 20355463 509808645 8746085888 837654300 157 36110020 850394192
======================
   8      32 sdc 1701708 12508 249494156 11685624 20356138 509808645 8746431488 837797408 154 36111020 850537096
======================
   8      32 sdc 1701708 12508 249494156 11685624 20356791 509808645 8746765824 837939428 141 36112024 850680344
======================
   8      32 sdc 1701708 12508 249494156 11685624 20357432 509808645 8747094016 838082688 129 36113024 850822876
======================
   8      32 sdc 1701709 12508 249494164 11685832 20358055 509808645 8747412992 838215144 147 36114028 850953696
======================
   8      32 sdc 1701709 12508 249494164 11685832 20358725 509808645 8747756032 838356612 149 36115028 851096576
======================
   8      32 sdc 1701709 12508 249494164 11685832 20359369 509808645 8748085760 838499104 145 36116032 851240132
======================
   8      32 sdc 1701709 12508 249494164 11685832 20360010 509808645 8748413952 838642460 144 36117036 851383752
======================
   8      32 sdc 1701709 12508 249494164 11685832 20360636 509808645 8748734464 838786760 158 36118036 851527164
======================
   8      32 sdc 1701709 12508 249494164 11685832 20361279 509808645 8749063680 838928512 155 36119040 851671372
======================
   8      32 sdc 1701709 12508 249494164 11685832 20361952 509808645 8749408256 839073892 154 36120040 851814468
======================
   8      32 sdc 1701709 12508 249494164 11685832 20362586 509808645 8749732864 839218828 128 36121044 851958008
======================
   8      32 sdc 1701709 12508 249494164 11685832 20363239 509808645 8750067200 839358740 147 36122044 852101176
======================
   8      32 sdc 1701709 12508 249494164 11685832 20363926 509808645 8750418944 839504952 132 36123048 852244908
======================
   8      32 sdc 1701709 12508 249494164 11685832 20364559 509808645 8750743552 839652128 139 36124052 852388976
======================
   8      32 sdc 1701709 12508 249494164 11685832 20365189 509808645 8751065600 839791672 52 36125060 852526400
======================
   8      32 sdc 1701710 12508 249494172 11686068 20365837 509808645 8751397376 839922152 144 36126060 852662304
======================
   8      32 sdc 1701710 12508 249494172 11686068 20366507 509808645 8751740416 840065668 146 36127064 852806096
======================
   8      32 sdc 1701710 12508 249494172 11686068 20367169 509808645 8752079360 840210856 156 36128072 852949980
======================
   8      32 sdc 1701710 12508 249494172 11686068 20367810 509808645 8752407552 840351616 155 36129072 853092672
======================
   8      32 sdc 1701710 12508 249494172 11686068 20368458 509808645 8752739328 840495212 147 36130080 853236524
======================
   8      32 sdc 1701710 12508 249494172 11686068 20369134 509808645 8753085440 840638336 143 36131080 853379320
======================
   8      32 sdc 1701710 12508 249494172 11686068 20369783 509808645 8753417728 840780588 134 36132084 853522648
======================
   8      32 sdc 1701710 12508 249494172 11686068 20370423 509808645 8753745408 840923504 134 36133084 853665528
======================
   8      32 sdc 1701710 12508 249494172 11686068 20371057 509808645 8754070016 841061404 140 36134088 853809468
======================
   8      32 sdc 1701710 12508 249494172 11686068 20371742 509808645 8754420736 841210724 138 36135092 853952652
======================
   8      32 sdc 1701710 12508 249494172 11686068 20372383 509808645 8754748928 841354152 158 36136092 854095744
======================
   8      32 sdc 1701710 12508 249494172 11686068 20372882 509808645 8755004416 841465732 39 36137100 854208172
======================
   8      32 sdc 1701711 12508 249494180 11686504 20373514 509808645 8755328000 841605580 148 36138104 854348248
======================
   8      32 sdc 1701711 12508 249494180 11686504 20374155 509808645 8755656192 841751552 147 36139112 854493204
======================
   8      32 sdc 1701711 12508 249494180 11686504 20374831 509808645 8756002304 841894724 143 36140116 854637036
======================
   8      32 sdc 1701711 12508 249494180 11686504 20375468 509808645 8756328448 842036492 146 36141120 854780256
======================
   8      32 sdc 1701711 12508 249494180 11686504 20376123 509808645 8756663808 842181360 131 36142124 854923428
======================
   8      32 sdc 1701711 12508 249494180 11686504 20376798 509808645 8757009408 842324976 128 36143124 855066248
======================
   8      32 sdc 1701711 12508 249494180 11686504 20377410 509808645 8757322752 842464832 156 36144128 855210136
======================
   8      32 sdc 1701711 12508 249494180 11686504 20378052 509808645 8757651456 842610124 154 36145132 855353564
======================
   8      32 sdc 1701711 12508 249494180 11686504 20378728 509808645 8757997568 842754784 150 36146132 855496400
======================
   8      32 sdc 1701711 12508 249494180 11686504 20379396 509808645 8758339584 842900152 154 36147136 855640072
======================
   8      32 sdc 1701711 12508 249494180 11686504 20380074 509808645 8758686720 843040780 148 36148140 855783552
======================
   8      32 sdc 1701712 12508 249494188 11686740 20380697 509808645 8759005696 843169788 136 36149144 855912468
======================
   8      32 sdc 1701712 12508 249494188 11686740 20381321 509808645 8759325184 843312664 152 36150148 856055944
======================
   8      32 sdc 1701712 12508 249494188 11686740 20381985 509808645 8759665152 843457840 128 36151152 856199404
======================
   8      32 sdc 1701712 12508 249494188 11686740 20382660 509808645 8760010752 843600884 157 36152156 856342876
======================
   8      32 sdc 1701712 12508 249494188 11686740 20383286 509808645 8760331264 843742980 139 36153160 856485640
======================
   8      32 sdc 1701712 12508 249494188 11686740 20383950 509808645 8760671232 843886648 147 36154164 856629096
======================
   8      32 sdc 1701712 12508 249494188 11686740 20384609 509808645 8761008640 844029888 128 36155164 856772076
======================
   8      32 sdc 1701712 12508 249494188 11686740 20385250 509808645 8761336832 844173220 159 36156168 856915688
======================
   8      32 sdc 1701712 12508 249494188 11686740 20385891 509808645 8761665024 844316520 158 36157172 857059320
======================
   8      32 sdc 1701712 12508 249494188 11686740 20386533 509808645 8761993728 844460676 156 36158172 857202980
======================
   8      32 sdc 1701712 12508 249494188 11686740 20387190 509808645 8762330112 844604700 139 36159180 857347212
======================
   8      32 sdc 1701712 12508 249494188 11686740 20387855 509808645 8762670592 844748252 146 36160184 857490552
======================
   8      32 sdc 1701712 12508 249494188 11686740 20388246 509808645 8762870784 844834268 35 36161188 857581784
======================
   8      32 sdc 1701712 12508 249494188 11686740 20388246 509808645 8762870784 844834268 35 36162188 857616784
======================
   8      32 sdc 1701713 12508 249494196 11688524 20389643 509808645 8763586048 844995464 145 36163192 857736496
======================
   8      32 sdc 1701713 12508 249494196 11688524 20390317 509808645 8763931136 845135268 143 36164196 857879952
======================
   8      32 sdc 1701713 12508 249494196 11688524 20390935 509808645 8764247552 845279016 133 36165200 858023328
======================
   8      32 sdc 1701713 12508 249494196 11688524 20391611 509808645 8764593664 845423260 129 36166200 858166344
======================
   8      32 sdc 1701713 12508 249494196 11688524 20392286 509808645 8764939264 845566324 158 36167204 858309740
======================
   8      32 sdc 1701713 12508 249494196 11688524 20392942 509808645 8765275136 845708300 142 36168208 858453916
======================
   8      32 sdc 1701713 12508 249494196 11688524 20393599 509808645 8765611520 845852336 157 36169208 858596728
======================
   8      32 sdc 1701713 12508 249494196 11688524 20394222 509808645 8765930496 845995160 142 36170212 858740220
======================
   8      32 sdc 1701713 12508 249494196 11688524 20394886 509808645 8766270464 846139596 150 36171216 858883496
======================
   8      32 sdc 1701713 12508 249494196 11688524 20395551 509808645 8766610944 846281828 157 36172216 859026264
======================
   8      32 sdc 1701714 12508 249494204 11688728 20396149 509808645 8766917120 846410004 153 36173224 859160388
======================
   8      32 sdc 1701714 12508 249494204 11688728 20396813 509808645 8767257088 846560116 129 36174228 859304144
======================
   8      32 sdc 1701714 12508 249494204 11688728 20397485 509808645 8767601152 846703380 129 36175228 859447348
======================
   8      32 sdc 1701714 12508 249494204 11688728 20398137 509808645 8767934976 846846040 149 36176232 859590800
======================
   8      32 sdc 1701714 12508 249494204 11688728 20398762 509808645 8768254976 846989212 132 36177236 859733996
======================
   8      32 sdc 1701714 12508 249494204 11688728 20399403 509808645 8768583168 847132244 131 36178236 859876752
======================
   8      32 sdc 1701714 12508 249494204 11688728 20400047 509808645 8768912896 847276448 137 36179240 860020856
======================
   8      32 sdc 1701714 12508 249494204 11688728 20400725 509808645 8769260032 847419500 153 36180240 860163244
======================
   8      32 sdc 1701714 12508 249494204 11688728 20401367 509808645 8769588736 847561776 151 36181244 860306536
======================
   8      32 sdc 1701714 12508 249494204 11688728 20402005 509808645 8769915392 847705852 153 36182248 860449756
======================
   8      32 sdc 1701714 12508 249494204 11688728 20402680 509808645 8770260992 847848848 150 36183248 860592704
======================
   8      32 sdc 1701714 12508 249494204 11688728 20403299 509808645 8770577920 847983956 139 36184252 860736040
======================
   8      32 sdc 1701715 12508 249494212 11689172 20403789 509808645 8770828800 848087788 130 36185252 860834696
======================
   8      32 sdc 1701715 12508 249494212 11689172 20404441 509808645 8771162624 848233424 150 36186256 860977724
======================
   8      32 sdc 1701715 12508 249494212 11689172 20405116 509808645 8771508224 848376304 147 36187256 861120500
======================
   8      32 sdc 1701715 12508 249494212 11689172 20405791 509808645 8771853824 848519168 144 36188260 861263472
======================
   8      32 sdc 1701715 12508 249494212 11689172 20406422 509808645 8772176896 848660988 153 36189264 861406692
======================
   8      32 sdc 1701715 12508 249494212 11689172 20407042 509808645 8772494336 848803916 141 36190264 861549908
======================
   8      32 sdc 1701715 12508 249494212 11689172 20407719 509808645 8772840960 848948916 136 36191268 861693148
======================
   8      32 sdc 1701715 12508 249494212 11689172 20408356 509808645 8773167104 849092512 139 36192272 861838016
======================
   8      32 sdc 1701715 12508 249494212 11689172 20409011 509808645 8773502464 849236136 156 36193276 861981136
======================
   8      32 sdc 1701715 12508 249494212 11689172 20409669 509808645 8773839360 849379448 138 36194280 862124716
======================
   8      32 sdc 1701715 12508 249494212 11689172 20410332 509808645 8774178816 849522580 147 36195284 862267892
======================
   8      32 sdc 1701715 12508 249494212 11689172 20410973 509808645 8774507008 849665384 146 36196288 862411192
======================
   8      32 sdc 1701715 12508 249494212 11689172 20411236 509808645 8774641664 849724640 21 36197288 862471020
======================
   8      32 sdc 1701716 12508 249494220 11690844 20411822 509808645 8774941696 849770172 146 36198292 862503132
======================
   8      32 sdc 1701716 12508 249494220 11690844 20412866 509808645 8775476224 849900108 133 36199300 862646692
======================
   8      32 sdc 1701716 12508 249494220 11690844 20413530 509808645 8775816192 850042856 140 36200300 862789552
======================
   8      32 sdc 1701716 12508 249494220 11690844 20414161 509808645 8776139264 850185304 149 36201308 862933196
======================
   8      32 sdc 1701716 12508 249494220 11690844 20414828 509808645 8776480768 850329668 154 36202312 863076384
======================
   8      32 sdc 1701716 12508 249494220 11690844 20415506 509808645 8776827904 850473204 148 36203320 863220456
======================
   8      32 sdc 1701716 12508 249494220 11690844 20416124 509808645 8777144320 850616664 138 36204320 863363532
======================
   8      32 sdc 1701716 12508 249494220 11690844 20416761 509808645 8777470464 850759932 141 36205324 863506948
======================
   8      32 sdc 1701716 12508 249494220 11690844 20417437 509808645 8777816576 850903196 137 36206328 863650292
======================
   8      32 sdc 1701716 12508 249494220 11690844 20418108 509808645 8778160128 851046476 138 36207332 863793384
======================
   8      32 sdc 1701716 12508 249494220 11690844 20418778 509808645 8778503168 851189372 140 36208336 863936568
======================
   8      32 sdc 1701717 12508 249494228 11691236 20419235 509808645 8778737152 851292116 148 36209340 864048548
======================
   8      32 sdc 1701717 12508 249494228 11691236 20419846 509808645 8779049984 851446632 145 36210344 864191192
======================
   8      32 sdc 1701717 12508 249494228 11691236 20420532 509808645 8779401216 851587528 131 36211344 864333272
======================
   8      32 sdc 1701717 12508 249494228 11691236 20421211 509808645 8779748864 851729028 156 36212348 864476316
======================
   8      32 sdc 1701717 12508 249494228 11691236 20421836 509808645 8780068864 851871268 139 36213352 864619864
======================
   8      32 sdc 1701717 12508 249494228 11691236 20422500 509808645 8780408832 852014912 147 36214352 864762340
======================
   8      32 sdc 1701717 12508 249494228 11691236 20423159 509808645 8780746240 852157268 128 36215356 864905392
======================
   8      32 sdc 1701717 12508 249494228 11691236 20423789 509808645 8781068800 852300596 138 36216360 865048296
======================
   8      32 sdc 1701717 12508 249494228 11691236 20424442 509808645 8781403136 852442904 157 36217360 865190772
======================
   8      32 sdc 1701717 12508 249494228 11691236 20425083 509808645 8781731328 852585676 156 36218364 865333848
======================
   8      32 sdc 1701717 12508 249494228 11691236 20425738 509808645 8782066688 852729088 141 36219368 865476972
======================
   8      32 sdc 1701717 12508 249494228 11691236 20426402 509808645 8782406656 852872040 149 36220368 865619736
======================
   8      32 sdc 1701718 12508 249494236 11691480 20426987 509808645 8782706176 852984396 159 36221372 865741148
======================
   8      32 sdc 1701718 12508 249494236 11691480 20427651 509808645 8783046144 853138588 135 36222372 865886924
======================
   8      32 sdc 1701718 12508 249494236 11691480 20428325 509808645 8783391232 853282448 133 36223376 866030228
======================
   8      32 sdc 1701718 12508 249494236 11691480 20428988 509808645 8783730688 853424488 142 36224380 866173776
======================
   8      32 sdc 1701718 12508 249494236 11691480 20429607 509808645 8784047616 853569084 131 36225380 866316572
======================
   8      32 sdc 1701718 12508 249494236 11691480 20430282 509808645 8784393216 853712280 128 36226384 866459856
======================
   8      32 sdc 1701718 12508 249494236 11691480 20430959 509808645 8784739840 853855796 155 36227388 866603384
======================
   8      32 sdc 1701718 12508 249494236 11691480 20431629 509808645 8785082880 853998904 157 36228392 866746732
======================
   8      32 sdc 1701718 12508 249494236 11691480 20432260 509808645 8785405952 854140972 134 36229392 866889884
======================
   8      32 sdc 1701718 12508 249494236 11691480 20432883 509808645 8785724928 854284196 151 36230396 867033424
======================
   8      32 sdc 1701718 12508 249494236 11691480 20433558 509808645 8786070528 854428604 148 36231396 867176184
======================
   8      32 sdc 1701718 12508 249494236 11691480 20434194 509808645 8786396160 854565184 103 36232400 867317184
======================
   8      32 sdc 1701719 12508 249494244 11691732 20434817 509808645 8786715136 854697440 144 36233404 867447852
======================
   8      32 sdc 1701719 12508 249494244 11691732 20435474 509808645 8787051520 854842196 134 36234404 867590656
======================
   8      32 sdc 1701719 12508 249494244 11691732 20436129 509808645 8787386880 854985272 144 36235408 867734692
======================
   8      32 sdc 1701719 12508 249494244 11691732 20436764 509808645 8787712000 855127132 149 36236408 867877668
======================
   8      32 sdc 1701719 12508 249494244 11691732 20437401 509808645 8788038144 855272064 152 36237412 868021256
======================
   8      32 sdc 1701719 12508 249494244 11691732 20438049 509808645 8788369920 855415700 144 36238416 868164704
======================
   8      32 sdc 1701719 12508 249494244 11691732 20438713 509808645 8788709888 855558636 152 36239420 868307636
======================
   8      32 sdc 1701719 12508 249494244 11691732 20439365 509808645 8789043712 855701220 140 36240420 868450592
======================
   8      32 sdc 1701719 12508 249494244 11691732 20440006 509808645 8789371904 855844360 139 36241424 868594032
======================
   8      32 sdc 1701719 12508 249494244 11691732 20440655 509808645 8789704192 855986248 130 36242432 868737892
======================
   8      32 sdc 1701719 12508 249494244 11691732 20441337 509808645 8790053376 856131172 152 36243432 868880448
======================
   8      32 sdc 1701719 12508 249494244 11691732 20441948 509808645 8790366208 856272924 29 36244436 869013316
======================
   8      32 sdc 1701720 12508 249494252 11691984 20442568 509808645 8790683648 856398352 147 36245436 869148040
======================
   8      32 sdc 1701720 12508 249494252 11691984 20443245 509808645 8791030272 856542400 142 36246440 869291736
======================
   8      32 sdc 1701720 12508 249494252 11691984 20443913 509808645 8791372288 856692424 128 36247444 869435116
======================
   8      32 sdc 1701720 12508 249494252 11691984 20444572 509808645 8791709696 856827556 141 36248444 869578256
======================
   8      32 sdc 1701720 12508 249494252 11691984 20445197 509808645 8792029696 856971620 156 36249452 869722076
======================
   8      32 sdc 1701720 12508 249494252 11691984 20445857 509808645 8792367616 857116212 136 36250452 869865348
======================
   8      32 sdc 1701720 12508 249494252 11691984 20446533 509808645 8792713728 857259612 132 36251456 870008664
======================
   8      32 sdc 1701720 12508 249494252 11691984 20447160 509808645 8793034752 857405152 145 36252460 870151516
======================
   8      32 sdc 1701720 12508 249494252 11691984 20447821 509808645 8793373184 857545464 156 36253464 870295104
======================
   8      32 sdc 1701720 12508 249494252 11691984 20448485 509808645 8793713152 857688732 132 36254468 870438552
======================
   8      32 sdc 1701720 12508 249494252 11691984 20449140 509808645 8794048512 857831632 149 36255468 870581740
======================
   8      32 sdc 1701720 12508 249494252 11691984 20449629 509808645 8794298880 857941108 28 36256472 870687508
======================
   8      32 sdc 1701721 12508 249494260 11692432 20450224 509808645 8794603520 858069068 152 36257476 870827804
======================
   8      32 sdc 1701721 12508 249494260 11692432 20450894 509808645 8794946560 858220196 154 36258476 870970452
======================
   8      32 sdc 1701721 12508 249494260 11692432 20451536 509808645 8795275264 858366412 152 36259480 871113692
======================
   8      32 sdc 1701721 12508 249494260 11692432 20452195 509808645 8795612672 858505172 133 36260484 871257336
======================
   8      32 sdc 1701721 12508 249494260 11692432 20452837 509808645 8795941376 858650152 131 36261488 871400856
======================
   8      32 sdc 1701721 12508 249494260 11692432 20453503 509808645 8796282880 858793756 137 36262492 871544220
======================
   8      32 sdc 1701721 12508 249494260 11692432 20454177 509808645 8796627456 858936952 135 36263496 871687924
======================
   8      32 sdc 1701721 12508 249494260 11692432 20454801 509808645 8796946944 859079832 151 36264500 871831656
======================
   8      32 sdc 1701721 12508 249494260 11692432 20455434 509808645 8797271040 859225532 158 36265500 871975512
======================
   8      32 sdc 1701721 12508 249494260 11692432 20456109 509808645 8797616640 859368740 155 36266504 872119292
======================
   8      32 sdc 1701721 12508 249494260 11692432 20456785 509808645 8797962752 859512232 151 36267504 872262328
======================
   8      32 sdc 1701721 12508 249494260 11692432 20457309 509808645 8798231040 859623568 28 36268508 872370248
======================
   8      32 sdc 1701722 12508 249494268 11692876 20457930 509808645 8798548992 859755444 129 36269508 872507092
======================
   8      32 sdc 1701722 12508 249494268 11692876 20458553 509808645 8798867968 859897964 146 36270512 872650120
======================
   8      32 sdc 1701722 12508 249494268 11692876 20459216 509808645 8799207424 860042852 155 36271516 872793536
======================
   8      32 sdc 1701722 12508 249494268 11692876 20459870 509808645 8799542272 860176492 217 36272520 872958660
======================
   8      32 sdc 1701722 12508 249494268 11692876 20460512 509808645 8799870976 860331208 215 36273524 873174628
======================
   8      32 sdc 1701722 12508 249494268 11692876 20461176 509808645 8800210944 860487940 191 36274528 873382236
======================
   8      32 sdc 1701722 12508 249494268 11692876 20461835 509808645 8800548352 860650460 204 36275532 873583328
======================
   8      32 sdc 1701722 12508 249494268 11692876 20462466 509808645 8800871424 860825040 181 36276532 873775796
======================
   8      32 sdc 1701722 12508 249494268 11692876 20463107 509808645 8801199616 861011596 180 36277536 873960168
======================
   8      32 sdc 1701722 12508 249494268 11692876 20463743 509808645 8801525248 861201384 184 36278536 874136244
======================
   8      32 sdc 1701722 12508 249494268 11692876 20464400 509808645 8801861632 861406156 167 36279540 874303772
======================
   8      32 sdc 1701723 12508 249494276 11693108 20465048 509808645 8802193408 861641784 152 36280548 874442608
======================
   8      32 sdc 1701723 12508 249494276 11693108 20465612 509808645 8802482176 861819240 146 36281548 874589780
======================
   8      32 sdc 1701723 12508 249494276 11693108 20466339 509808645 8802854400 861982892 155 36282552 874733708
======================
   8      32 sdc 1701723 12508 249494276 11693108 20467019 509808645 8803202560 862127304 147 36283564 874878524
======================
   8      32 sdc 1701723 12508 249494276 11693108 20467661 509808645 8803531264 862269760 145 36284568 875022192
======================
   8      32 sdc 1701723 12508 249494276 11693108 20468303 509808645 8803859968 862414708 143 36285572 875165852
======================
   8      32 sdc 1701723 12508 249494276 11693108 20468976 509808645 8804204544 862558792 142 36286580 875309952
======================
   8      32 sdc 1701723 12508 249494276 11693108 20469647 509808645 8804548096 862702872 143 36287584 875454096
======================
   8      32 sdc 1701723 12508 249494276 11693108 20470324 509808645 8804894720 862846568 138 36288588 875597604
======================
   8      32 sdc 1701723 12508 249494276 11693108 20470949 509808645 8805214720 862988988 153 36289592 875741060
======================
   8      32 sdc 1701723 12508 249494276 11693108 20471579 509808645 8805537280 863133548 131 36290596 875884880
======================
   8      32 sdc 1701723 12508 249494276 11693108 20472254 509808645 8805882880 863277040 128 36291596 876027676
======================
   8      32 sdc 1701724 12508 249494284 11693600 20472756 509809118 8806139400 863372928 144 36292600 876118648
======================
   8      32 sdc 1701724 12508 249494284 11693600 20473393 509809118 8806465296 863509428 147 36293600 876261464
======================
   8      32 sdc 1701724 12508 249494284 11693600 20474038 509809118 8806795536 863653660 142 36294604 876405128
======================
   8      32 sdc 1701724 12508 249494284 11693600 20474703 509809118 8807136016 863797120 149 36295608 876548616
======================
   8      32 sdc 1701724 12508 249494284 11693600 20475340 509809118 8807462160 863940768 152 36296616 876692940
======================
   8      32 sdc 1701724 12508 249494284 11693600 20475983 509809118 8807791376 864086880 152 36297620 876838452
======================
   8      32 sdc 1701724 12508 249494284 11693600 20476629 509809118 8808122128 864230724 146 36298632 876983064
======================
   8      32 sdc 1701724 12508 249494284 11693600 20477288 509809118 8808459536 864374620 152 36299636 877126432
======================
   8      32 sdc 1701724 12508 249494284 11693600 20477933 509809118 8808789776 864518232 154 36300640 877270216
======================
   8      32 sdc 1701724 12508 249494284 11693600 20478575 509809118 8809118480 864662040 152 36301644 877414124
======================
   8      32 sdc 1701724 12508 249494284 11693600 20479225 509809118 8809451280 864806824 142 36302648 877557724
======================
   8      32 sdc 1701724 12508 249494284 11693600 20479917 509809118 8809805584 864949856 154 36303652 877701080
======================
   8      32 sdc 1701724 12508 249494284 11693600 20480386 509809118 8810045208 865055984 1 36304656 877792596
======================
   8      32 sdc 1701725 12508 249494292 11694120 20480857 509809601 8810262488 865140840 0 36305372 877877476
======================
   8      32 sdc 1701725 12508 249494292 11694120 20480857 509809601 8810262488 865140840 0 36305372 877877476
======================
   8      32 sdc 1701725 12508 249494292 11694120 20480857 509809601 8810262488 865140840 0 36305372 877877476
======================
   8      32 sdc 1701725 12508 249494292 11694120 20480857 509809601 8810262488 865140840 0 36305372 877877476
======================
   8      32 sdc 1701725 12508 249494292 11694120 20480857 509809601 8810262488 865140840 0 36305372 877877476
======================
   8      32 sdc 1701725 12508 249494292 11694120 20480857 509809601 8810262488 865140840 0 36305372 877877476
======================
   8      32 sdc 1701966 12508 249496214 11703392 20480872 509809601 8810262544 865140840 0 36305832 877886748
started
======================
   8      32 sdc 1701966 12508 249496214 11703392 20480872 509809601 8810262544 865140840 0 36305832 877886748
======================
   8      32 sdc 1702093 12508 249497230 11704220 20480872 509809601 8810262544 865140840 1 36306668 877887584
======================
   8      32 sdc 1702248 12508 249498470 11705216 20480872 509809601 8810262544 865140840 1 36307660 877888576
======================
   8      32 sdc 1702403 12508 249499710 11706220 20480872 509809601 8810262544 865140840 1 36308660 877889576
======================
   8      32 sdc 1702557 12508 249500942 11707204 20480872 509809601 8810262544 865140840 1 36309648 877890564
======================
   8      32 sdc 1702701 12508 249502094 11708192 20480872 509809601 8810262544 865140840 1 36310640 877891556
======================
   8      32 sdc 1702849 12508 249503278 11709188 20480875 509809603 8810262584 865140840 1 36311632 877892548
======================
   8      32 sdc 1702993 12508 249504430 11710152 20480875 509809603 8810262584 865140840 1 36312596 877893512
======================
   8      32 sdc 1703151 12508 249505694 11711128 20480875 509809603 8810262584 865140840 1 36313568 877894484
======================
   8      32 sdc 1703299 12508 249506878 11712112 20480875 509809603 8810262584 865140840 1 36314556 877895472
======================
   8      32 sdc 1703447 12508 249508062 11713092 20480875 509809603 8810262584 865140840 1 36315540 877896456
======================
   8      32 sdc 1703591 12508 249509214 11714080 20480875 509809603 8810262584 865140840 1 36316528 877897444
======================
   8      32 sdc 1703728 12508 249510310 11714960 20480875 509809603 8810262584 865140840 1 36317524 877898440
======================
   8      32 sdc 1703858 12508 249511350 11716068 20480875 509809603 8810262584 865140840 1 36318508 877899424
======================
   8      32 sdc 1704014 12508 249512598 11717052 20480875 509809603 8810262584 865140840 1 36319488 877900404
======================
   8      32 sdc 1704165 12508 249513806 11718028 20480875 509809603 8810262584 865140840 1 36320460 877901376
======================
   8      32 sdc 1704317 12508 249515022 11719016 20480875 509809603 8810262584 865140840 1 36321444 877902360
======================
   8      32 sdc 1704468 12508 249516230 11720000 20480875 509809603 8810262584 865140840 1 36322432 877903348
======================
   8      32 sdc 1704615 12508 249517406 11720976 20480875 509809603 8810262584 865140840 1 36323412 877904328
======================
   8      32 sdc 1704776 12508 249518694 11721956 20480875 509809603 8810262584 865140840 1 36324384 877905300
======================
   8      32 sdc 1704935 12508 249519966 11722916 20480875 509809603 8810262584 865140840 1 36325348 877906264
======================
   8      32 sdc 1705085 12508 249521166 11723888 20480875 509809603 8810262584 865140840 1 36326320 877907236
======================
   8      32 sdc 1705237 12508 249522382 11724868 20480875 509809603 8810262584 865140840 1 36327296 877908212
======================
   8      32 sdc 1705379 12508 249523518 11725848 20480875 509809603 8810262584 865140840 1 36328280 877909196
======================
   8      32 sdc 1705532 12508 249524742 11726828 20480875 509809603 8810262584 865140840 1 36329260 877910176
======================
   8      32 sdc 1705688 12508 249525990 11727812 20480875 509809603 8810262584 865140840 1 36330244 877911160
======================
   8      32 sdc 1705845 12508 249527246 11728804 20480875 509809603 8810262584 865140840 1 36331240 877912156
======================
   8      32 sdc 1705994 12508 249528438 11729792 20480875 509809603 8810262584 865140840 1 36332224 877913140
======================
   8      32 sdc 1706149 12508 249529678 11730772 20480875 509809603 8810262584 865140840 1 36333204 877914120
======================
   8      32 sdc 1706295 12508 249530846 11731756 20480875 509809603 8810262584 865140840 1 36334188 877915104
======================
   8      32 sdc 1706448 12508 249532070 11732732 20480875 509809603 8810262584 865140840 1 36335164 877916080
======================
   8      32 sdc 1706602 12508 249533302 11733724 20480875 509809603 8810262584 865140840 1 36336156 877917072
======================
   8      32 sdc 1706750 12508 249534486 11734712 20480875 509809603 8810262584 865140840 1 36337144 877918060
======================
   8      32 sdc 1706909 12508 249535758 11735692 20480875 509809603 8810262584 865140840 1 36338124 877919040
======================
   8      32 sdc 1707062 12508 249536982 11736684 20480875 509809603 8810262584 865140840 1 36339116 877920032
======================
   8      32 sdc 1707214 12508 249538198 11737652 20480875 509809603 8810262584 865140840 1 36340080 877920996
======================
   8      32 sdc 1707366 12508 249539414 11738628 20480875 509809603 8810262584 865140840 1 36341064 877921980
======================
   8      32 sdc 1707532 12508 249540742 11739624 20480875 509809603 8810262584 865140840 1 36342052 877922968
======================
   8      32 sdc 1707683 12508 249541950 11740612 20480875 509809603 8810262584 865140840 1 36343048 877923964
======================
   8      32 sdc 1707834 12508 249543158 11741596 20480875 509809603 8810262584 865140840 1 36344028 877924944
======================
   8      32 sdc 1707989 12508 249544398 11742588 20480875 509809603 8810262584 865140840 1 36345016 877925932
======================
   8      32 sdc 1708141 12508 249545614 11743556 20480877 509809603 8810262600 865140840 1 36345988 877926904
======================
   8      32 sdc 1708295 12508 249546846 11744540 20480877 509809603 8810262600 865140840 1 36346972 877927888
======================
   8      32 sdc 1708450 12508 249548086 11745504 20480877 509809603 8810262600 865140840 1 36347936 877928852
======================
   8      32 sdc 1708610 12508 249549366 11746472 20480877 509809603 8810262600 865140840 1 36348904 877929820
======================
   8      32 sdc 1708765 12508 249550606 11747472 20480877 509809603 8810262600 865140840 1 36349896 877930812
======================
   8      32 sdc 1708914 12508 249551798 11748444 20480877 509809603 8810262600 865140840 1 36350876 877931792
======================
   8      32 sdc 1709071 12508 249553054 11749444 20480877 509809603 8810262600 865140840 1 36351872 877932788
======================
   8      32 sdc 1709198 12508 249554070 11750248 20480877 509809603 8810262600 865140840 1 36352856 877933772
======================
   8      32 sdc 1709345 12508 249555246 11751432 20480877 509809603 8810262600 865140840 1 36353856 877934772
======================
   8      32 sdc 1709500 12508 249556486 11752424 20480877 509809603 8810262600 865140840 1 36354852 877935768
======================
   8      32 sdc 1709654 12508 249557718 11753412 20480877 509809603 8810262600 865140840 1 36355836 877936752
======================
   8      32 sdc 1709810 12508 249558966 11754400 20480877 509809603 8810262600 865140840 1 36356828 877937744
======================
   8      32 sdc 1709960 12508 249560166 11755384 20480877 509809603 8810262600 865140840 1 36357812 877938728
======================
   8      32 sdc 1710120 12508 249561446 11756376 20480877 509809603 8810262600 865140840 1 36358808 877939724
======================
   8      32 sdc 1710269 12508 249562638 11757348 20480877 509809603 8810262600 865140840 1 36359776 877940692
======================
   8      32 sdc 1710429 12508 249563918 11758340 20480877 509809603 8810262600 865140840 1 36360772 877941688
======================
   8      32 sdc 1710577 12508 249565102 11759324 20480877 509809603 8810262600 865140840 1 36361752 877942668
======================
   8      32 sdc 1710724 12508 249566278 11760320 20480877 509809603 8810262600 865140840 1 36362752 877943668
======================
   8      32 sdc 1710875 12508 249567486 11761308 20480877 509809603 8810262600 865140840 1 36363736 877944652
======================
   8      32 sdc 1711022 12508 249568662 11762292 20480877 509809603 8810262600 865140840 1 36364724 877945640
======================
   8      32 sdc 1711172 12508 249569862 11763216 20480877 509809603 8810262600 865140840 0 36365640 877946556
