======================
   8      32 sdc 2650943 31253 342455584 22032164 34376533 717506771 12974015112 3573288900 0 56228064 3597136888
======================
   8      32 sdc 2650943 31253 342455584 22032164 34376533 717506771 12974015112 3573288900 0 56228064 3597136888
======================
   8      32 sdc 2650946 31253 342455608 22032220 34376533 717506771 12974015112 3573288900 0 56228120 3597136944
======================
   8      32 sdc 2650946 31253 342455608 22032220 34376533 717506771 12974015112 3573288900 0 56228120 3597136944
======================
   8      32 sdc 2650947 31253 342455616 22032248 34379164 717506771 12975362184 3573303240 150 56228396 3597153024
======================
   8      32 sdc 2650947 31253 342455616 22032248 34379829 717506771 12975702664 3573431816 157 56229400 3597296576
======================
   8      32 sdc 2650947 31253 342455616 22032248 34379907 717506771 12975742600 3573453560 143 56230404 3597441088
======================
   8      32 sdc 2650947 31253 342455616 22032248 34379907 717506771 12975742600 3573453560 144 56231404 3597584364
======================
   8      32 sdc 2650947 31253 342455616 22032248 34380463 717506798 12976026480 3573864924 134 56232408 3597728168
======================
   8      32 sdc 2650947 31253 342455616 22032248 34381107 717506798 12976355704 3574007360 130 56233412 3597871456
======================
   8      32 sdc 2650947 31253 342455616 22032248 34382205 717506807 12976911400 3574156568 152 56234412 3598014224
======================
   8      32 sdc 2650947 31253 342455616 22032248 34383304 717506807 12977474088 3574309072 141 56235768 3598209888
======================
   8      32 sdc 2650948 31253 342455624 22032312 34384167 717506825 12977915584 3574490692 146 56236772 3598348896
======================
   8      32 sdc 2650948 31253 342455624 22032312 34385157 717506825 12978421960 3574627860 149 56237772 3598491748
======================
   8      32 sdc 2650948 31253 342455624 22032312 34385798 717506825 12978750152 3574771004 148 56238776 3598635208
======================
   8      32 sdc 2650948 31253 342455624 22032312 34386440 717506832 12979076392 3574913280 146 56239780 3598778704
======================
   8      32 sdc 2650948 31253 342455624 22032312 34387100 717506832 12979414312 3575056864 158 56240784 3598922228
======================
   8      32 sdc 2650948 31253 342455624 22032312 34387741 717506845 12979742504 3575201616 112 56241784 3599064748
======================
   8      32 sdc 2650948 31253 342455624 22032312 34388392 717506845 12980074912 3575338568 152 56242788 3599201920
======================
   8      32 sdc 2650948 31253 342455624 22032312 34389068 717506845 12980421024 3575482064 148 56243792 3599345604
======================
   8      32 sdc 2650948 31253 342455624 22032312 34389713 717506845 12980751264 3575623320 143 56244796 3599489168
======================
   8      32 sdc 2650948 31253 342455624 22032312 34390341 717506845 12981072800 3575767840 155 56245796 3599632124
======================
   8      32 sdc 2650948 31253 342455624 22032312 34390980 717506868 12981399496 3575912844 124 56246804 3599776096
======================
   8      32 sdc 2650948 31253 342455624 22032312 34391564 717506868 12981697648 3576036152 102 56247808 3599912516
======================
   8      32 sdc 2650949 31253 342455632 22032640 34392167 717506868 12982006384 3576187828 132 56248808 3600051408
======================
   8      32 sdc 2650949 31253 342455632 22032640 34392831 717506868 12982346352 3576329184 140 56249812 3600194904
======================
   8      32 sdc 2650949 31253 342455632 22032640 34393460 717506868 12982668400 3576473568 151 56250816 3600338468
======================
   8      32 sdc 2650949 31253 342455632 22032640 34394105 717506888 12982995776 3576618564 153 56251820 3600481724
======================
   8      32 sdc 2650949 31253 342455632 22032640 34394758 717506888 12983330112 3576760916 140 56252824 3600625456
======================
   8      32 sdc 2650949 31253 342455632 22032640 34395401 717506888 12983658824 3576904584 138 56253828 3600769188
======================
   8      32 sdc 2650949 31253 342455632 22032640 34396049 717506888 12983990600 3577045572 130 56254828 3600912184
======================
   8      32 sdc 2650949 31253 342455632 22032640 34396713 717506888 12984330568 3577191992 138 56255832 3601055964
======================
   8      32 sdc 2650949 31253 342455632 22032640 34397362 717506910 12984661880 3577335320 121 56256836 3601199216
======================
   8      32 sdc 2650949 31253 342455632 22032640 34398006 717506910 12984990744 3577473672 152 56257840 3601338208
======================
   8      32 sdc 2650949 31253 342455632 22032640 34398648 717506910 12985319448 3577618004 150 56258844 3601482688
======================
   8      32 sdc 2650950 31253 342455640 22032728 34399266 717506910 12985635864 3577758272 147 56259844 3601624020
======================
   8      32 sdc 2650950 31253 342455640 22032728 34399936 717506910 12985978904 3577904100 149 56260852 3601768244
======================
   8      32 sdc 2650950 31253 342455640 22032728 34400593 717506927 12986315288 3578043024 124 56261860 3601907820
======================
   8      32 sdc 2650950 31253 342455640 22032728 34401239 717506941 12986643744 3578185652 110 56262864 3602050264
======================
   8      32 sdc 2650950 31253 342455640 22032728 34401883 717506941 12986971480 3578321128 143 56263868 3602188464
======================
   8      32 sdc 2650950 31253 342455640 22032728 34402526 717506941 12987300696 3578465808 140 56264868 3602331232
======================
   8      32 sdc 2650950 31253 342455640 22032728 34403150 717506941 12987620184 3578609344 156 56265872 3602474788
======================
   8      32 sdc 2650950 31253 342455640 22032728 34403662 717506957 12987882328 3578751028 120 56266876 3602614920
======================
   8      32 sdc 2650950 31253 342455640 22032728 34404340 717506957 12988228584 3578889072 155 56267880 3602753520
======================
   8      32 sdc 2650950 31253 342455640 22032728 34405016 717506957 12988574696 3579031920 151 56268884 3602897176
======================
   8      32 sdc 2650950 31253 342455640 22032728 34405676 717506957 12988912616 3579173800 131 56269884 3603040164
======================
   8      32 sdc 2650950 31253 342455640 22032728 34406306 717506957 12989235176 3579318632 141 56270888 3603183844
======================
   8      32 sdc 2650950 31253 342455640 22032728 34406911 717506957 12989544936 3579455348 89 56271892 3603322276
======================
   8      32 sdc 2650950 31253 342455640 22032728 34406911 717506957 12989544936 3579455348 89 56272900 3603411988
======================
   8      32 sdc 2650951 31253 342455648 22034192 34408264 717506995 12990231928 3579670068 132 56273900 3603536212
======================
   8      32 sdc 2650951 31253 342455648 22034192 34408900 717506995 12990557560 3579813168 136 56274908 3603681424
======================
   8      32 sdc 2650951 31253 342455648 22034192 34409557 717506995 12990893944 3579958252 151 56275908 3603825904
======================
   8      32 sdc 2650951 31253 342455648 22034192 34410204 717506995 12991225208 3580103628 144 56276912 3603969960
======================
   8      32 sdc 2650951 31253 342455648 22034192 34410846 717506995 12991553912 3580247180 142 56277916 3604113584
======================
   8      32 sdc 2650951 31253 342455648 22034192 34411489 717507015 12991882280 3580389568 128 56278920 3604255812
======================
   8      32 sdc 2650951 31253 342455648 22034192 34412128 717507015 12992209448 3580532120 129 56279924 3604399368
======================
   8      32 sdc 2650951 31253 342455648 22034192 34412800 717507015 12992553512 3580676904 129 56280928 3604542844
======================
   8      32 sdc 2650951 31253 342455648 22034192 34413457 717507015 12992889896 3580819396 144 56281936 3604687720
======================
   8      32 sdc 2650951 31253 342455648 22034192 34414100 717507015 12993219112 3580964296 141 56282940 3604831056
======================
   8      32 sdc 2650952 31253 342455656 22034440 34414609 717507033 12993478856 3581077200 150 56283944 3604970772
======================
   8      32 sdc 2650952 31253 342455656 22034440 34415288 717507048 12993823096 3581247448 143 56284948 3605114512
======================
   8      32 sdc 2650952 31253 342455656 22034440 34415920 717507048 12994146680 3581389972 151 56285952 3605258276
======================
   8      32 sdc 2650952 31253 342455656 22034440 34416561 717507048 12994474872 3581535832 150 56286952 3605401664
======================
   8      32 sdc 2650952 31253 342455656 22034440 34417220 717507048 12994812280 3581676252 131 56287956 3605545172
======================
   8      32 sdc 2650952 31253 342455656 22034440 34417897 717507065 12995158032 3581821944 149 56288960 3605688180
======================
   8      32 sdc 2650952 31253 342455656 22034440 34418532 717507065 12995483152 3581963624 154 56289960 3605830636
======================
   8      32 sdc 2650952 31253 342455656 22034440 34419158 717507065 12995803664 3582107012 136 56290964 3605974072
======================
   8      32 sdc 2650952 31253 342455656 22034440 34419829 717507065 12996147216 3582251148 137 56291968 3606117100
======================
   8      32 sdc 2650952 31253 342455656 22034440 34420493 717507065 12996487184 3582393740 145 56292972 3606260528
======================
   8      32 sdc 2650952 31253 342455656 22034440 34421137 717507086 12996816584 3582530740 141 56293976 3606397604
======================
   8      32 sdc 2650952 31253 342455656 22034440 34421790 717507096 12997145952 3582673744 128 56294980 3606540328
======================
   8      32 sdc 2650953 31253 342455664 22034516 34422435 717507096 12997476192 3582815316 152 56295984 3606681752
======================
   8      32 sdc 2650953 31253 342455664 22034516 34423080 717507096 12997806432 3582958532 147 56296988 3606825612
======================
   8      32 sdc 2650953 31253 342455664 22034516 34423723 717507096 12998135648 3583102308 144 56297992 3606969224
======================
   8      32 sdc 2650953 31253 342455664 22034516 34424366 717507115 12998464512 3583245524 158 56298996 3607112068
======================
   8      32 sdc 2650953 31253 342455664 22034516 34424997 717507115 12998787584 3583388072 136 56300000 3607255672
======================
   8      32 sdc 2650953 31253 342455664 22034516 34425656 717507115 12999124488 3583532268 149 56301004 3607399960
======================
   8      32 sdc 2650953 31253 342455664 22034516 34426304 717507115 12999456264 3583677480 141 56302012 3607544380
======================
   8      32 sdc 2650953 31253 342455664 22034516 34426967 717507115 12999795720 3583822960 150 56303024 3607689240
======================
   8      32 sdc 2650953 31253 342455664 22034516 34427650 717507147 13000141640 3583959104 147 56304024 3607824888
======================
   8      32 sdc 2650953 31253 342455664 22034516 34428285 717507147 13000466760 3584101184 152 56305028 3607968516
======================
   8      32 sdc 2650953 31253 342455664 22034516 34428909 717507147 13000786248 3584245008 136 56306032 3608112428
======================
   8      32 sdc 2650953 31253 342455664 22034516 34429581 717507147 13001130312 3584389592 136 56307036 3608255860
======================
   8      32 sdc 2650954 31253 342455672 22034616 34430234 717507147 13001464648 3584531336 143 56308036 3608397372
======================
   8      32 sdc 2650954 31253 342455672 22034616 34430911 717507166 13001810920 3584674080 155 56309040 3608539964
======================
   8      32 sdc 2650954 31253 342455672 22034616 34431559 717507166 13002142192 3584816384 148 56310044 3608683648
======================
   8      32 sdc 2650954 31253 342455672 22034616 34432183 717507166 13002461680 3584958100 132 56311048 3608827124
======================
   8      32 sdc 2650954 31253 342455672 22034616 34432830 717507166 13002792944 3585105928 157 56312048 3608972572
======================
   8      32 sdc 2650954 31253 342455672 22034616 34433485 717507173 13003126344 3585249908 142 56313052 3609116472
======================
   8      32 sdc 2650954 31253 342455672 22034616 34434122 717507190 13003452120 3585387792 149 56314056 3609254904
======================
   8      32 sdc 2650954 31253 342455672 22034616 34434780 717507190 13003788512 3585531884 132 56315056 3609397968
======================
   8      32 sdc 2650954 31253 342455672 22034616 34435441 717507190 13004126944 3585674924 143 56316060 3609541684
======================
   8      32 sdc 2650954 31253 342455672 22034616 34436082 717507190 13004455136 3585818584 142 56317064 3609685708
======================
   8      32 sdc 2650954 31253 342455672 22034616 34436724 717507190 13004783840 3585962180 140 56318068 3609829408
======================
   8      32 sdc 2650954 31253 342455672 22034616 34437369 717507220 13005113208 3586104208 141 56319072 3609970856
======================
   8      32 sdc 2650955 31253 342455680 22034756 34438009 717507220 13005437464 3586239828 134 56320076 3610106036
======================
   8      32 sdc 2650955 31253 342455680 22034756 34438673 717507220 13005777432 3586383104 142 56321080 3610249440
======================
   8      32 sdc 2650955 31253 342455680 22034756 34439176 717507220 13006034968 3586529272 151 56322084 3610396384
======================
   8      32 sdc 2650955 31253 342455680 22034756 34439817 717507220 13006363160 3586673304 150 56323084 3610540276
======================
   8      32 sdc 2650955 31253 342455680 22034756 34440480 717507240 13006701768 3586816552 135 56324088 3610682864
======================
   8      32 sdc 2650955 31253 342455680 22034756 34441113 717507240 13007025864 3586956500 142 56325088 3610825440
======================
   8      32 sdc 2650955 31253 342455680 22034756 34441736 717507240 13007344840 3587099616 152 56326092 3610968400
======================
   8      32 sdc 2650955 31253 342455680 22034756 34442410 717507240 13007689928 3587245600 157 56327096 3611111640
======================
   8      32 sdc 2650955 31253 342455680 22034756 34443086 717507240 13008036040 3587385948 153 56328100 3611255200
======================
   8      32 sdc 2650955 31253 342455680 22034756 34443770 717507260 13008381872 3587528164 140 56329100 3611394184
======================
   8      32 sdc 2650955 31253 342455680 22034756 34444412 717507260 13008710576 3587669964 138 56330104 3611537796
======================
   8      32 sdc 2650955 31253 342455680 22034756 34445037 717507260 13009030576 3587813576 153 56331108 3611681196
======================
   8      32 sdc 2650956 31253 342455688 22034832 34445677 717507260 13009358256 3587954260 136 56332108 3611821232
======================
   8      32 sdc 2650956 31253 342455688 22034832 34446353 717507260 13009704368 3588098408 132 56333112 3611964724
======================
   8      32 sdc 2650956 31253 342455688 22034832 34446996 717507281 13010032744 3588240040 149 56334116 3612107388
======================
   8      32 sdc 2650956 31253 342455688 22034832 34447648 717507297 13010363168 3588383800 137 56335120 3612250824
======================
   8      32 sdc 2650956 31253 342455688 22034832 34448296 717507297 13010694944 3588527176 129 56336124 3612393868
======================
   8      32 sdc 2650956 31253 342455688 22034832 34448916 717507297 13011012384 3588667644 149 56337128 3612536456
======================
   8      32 sdc 2650956 31253 342455688 22034832 34449560 717507297 13011342112 3588812020 145 56338132 3612679616
======================
   8      32 sdc 2650956 31253 342455688 22034832 34450202 717507311 13011670424 3588948304 149 56339136 3612815468
======================
   8      32 sdc 2650956 31253 342455688 22034832 34450857 717507311 13012005280 3589091948 135 56340140 3612958792
======================
   8      32 sdc 2650956 31253 342455688 22034832 34451522 717507311 13012345760 3589235464 142 56341144 3613102420
======================
   8      32 sdc 2650956 31253 342455688 22034832 34452169 717507311 13012677024 3589378412 135 56342148 3613245712
======================
   8      32 sdc 2650956 31253 342455688 22034832 34452813 717507311 13013006752 3589525204 131 56343152 3613391928
======================
   8      32 sdc 2650957 31253 342455696 22034960 34453461 717507327 13013337648 3589666012 148 56344156 3613532904
======================
   8      32 sdc 2650957 31253 342455696 22034960 34454124 717507338 13013675680 3589807520 141 56345156 3613675616
======================
   8      32 sdc 2650957 31253 342455696 22034960 34454750 717507338 13013996192 3589951504 155 56346160 3613818956
======================
   8      32 sdc 2650957 31253 342455696 22034960 34455395 717507338 13014326432 3590096208 150 56347164 3613962712
======================
   8      32 sdc 2650957 31253 342455696 22034960 34455913 717507338 13014591648 3590237400 144 56348168 3614104212
======================
   8      32 sdc 2650957 31253 342455696 22034960 34456591 717507361 13014937960 3590380808 132 56349172 3614247180
======================
   8      32 sdc 2650957 31253 342455696 22034960 34457228 717507361 13015264104 3590522608 130 56350172 3614390380
======================
   8      32 sdc 2650957 31253 342455696 22034960 34457854 717507361 13015584616 3590666596 144 56351176 3614534376
======================
   8      32 sdc 2650957 31253 342455696 22034960 34458516 717507361 13015923560 3590811400 154 56352180 3614677856
======================
   8      32 sdc 2650957 31253 342455696 22034960 34459192 717507361 13016269672 3590954932 150 56353184 3614821504
======================
   8      32 sdc 2650957 31253 342455696 22034960 34459844 717507393 13016598208 3591089740 147 56354188 3614956760
======================
   8      32 sdc 2650957 31253 342455696 22034960 34460493 717507393 13016930496 3591233780 138 56355196 3615100900
======================
   8      32 sdc 2650957 31253 342455696 22034960 34460648 717507393 13017009856 3591266432 135 56356200 3615238084
======================
   8      32 sdc 2650958 31253 342455704 22036160 34461787 717507393 13017593024 3591509304 147 56357204 3615377904
======================
   8      32 sdc 2650958 31253 342455704 22036160 34462428 717507393 13017921216 3591652760 146 56358208 3615521696
======================
   8      32 sdc 2650958 31253 342455704 22036160 34463074 717507414 13018251632 3591797960 128 56359216 3615666252
======================
   8      32 sdc 2650958 31253 342455704 22036160 34463576 717507414 13018508656 3591945248 138 56360220 3615813216
======================
   8      32 sdc 2650958 31253 342455704 22036160 34464247 717507414 13018851704 3592089812 140 56361232 3615958060
======================
   8      32 sdc 2650958 31253 342455704 22036160 34464898 717507414 13019185016 3592233112 129 56362236 3616101384
======================
   8      32 sdc 2650958 31253 342455704 22036160 34465540 717507414 13019513720 3592376644 156 56363240 3616244964
======================
   8      32 sdc 2650958 31253 342455704 22036160 34466216 717507438 13019857000 3592518564 131 56364244 3616386352
======================
   8      32 sdc 2650958 31253 342455704 22036160 34466880 717507438 13020196464 3592661080 139 56365244 3616529804
======================
   8      32 sdc 2650958 31253 342455704 22036160 34467504 717507438 13020515952 3592804616 155 56366248 3616673436
======================
   8      32 sdc 2650958 31253 342455704 22036160 34468142 717507438 13020842608 3592949364 157 56367252 3616817120
======================
   8      32 sdc 2650959 31253 342455712 22036368 34468795 717507438 13021176944 3593081132 137 56368252 3616948832
======================
   8      32 sdc 2650959 31253 342455712 22036368 34469474 717507455 13021523720 3593225388 132 56369260 3617093844
======================
   8      32 sdc 2650959 31253 342455712 22036368 34470157 717507470 13021870512 3593369576 153 56370264 3617237908
======================
   8      32 sdc 2650959 31253 342455712 22036368 34470791 717507470 13022195120 3593513064 152 56371276 3617382560
======================
   8      32 sdc 2650959 31253 342455712 22036368 34471279 717507470 13022444976 3593658932 151 56372284 3617527596
======================
   8      32 sdc 2650959 31253 342455712 22036368 34471958 717507470 13022792624 3593802856 144 56373288 3617671180
======================
   8      32 sdc 2650959 31253 342455712 22036368 34472604 717507492 13023122544 3593943256 157 56374292 3617812340
======================
   8      32 sdc 2650959 31253 342455712 22036368 34473234 717507492 13023445104 3594084212 135 56375296 3617956180
======================
   8      32 sdc 2650959 31253 342455712 22036368 34473911 717507492 13023791728 3594229484 130 56376296 3618097988
======================
   8      32 sdc 2650959 31253 342455712 22036368 34474568 717507492 13024128112 3594372472 145 56377300 3618241780
======================
   8      32 sdc 2650959 31253 342455712 22036368 34475210 717507492 13024456816 3594515908 143 56378304 3618385280
======================
   8      32 sdc 2650959 31253 342455712 22036368 34475855 717507512 13024782680 3594654208 145 56379308 3618523684
======================
   8      32 sdc 2650960 31253 342455720 22036428 34476477 717507512 13025100640 3594798072 158 56380312 3618667416
======================
   8      32 sdc 2650960 31253 342455720 22036428 34477132 717507512 13025436000 3594942616 143 56381312 3618811956
======================
   8      32 sdc 2650960 31253 342455720 22036428 34477799 717507512 13025777504 3595086984 148 56382316 3618955648
======================
   8      32 sdc 2650960 31253 342455720 22036428 34478442 717507512 13026106720 3595230076 145 56383320 3619099460
======================
   8      32 sdc 2650960 31253 342455720 22036428 34479094 717507531 13026439688 3595372008 152 56384320 3619240276
======================
   8      32 sdc 2650960 31253 342455720 22036428 34479768 717507545 13026780352 3595507900 146 56385324 3619377664
======================
   8      32 sdc 2650960 31253 342455720 22036428 34480391 717507545 13027099328 3595651468 131 56386328 3619520780
======================
   8      32 sdc 2650960 31253 342455720 22036428 34481033 717507545 13027428032 3595796692 129 56387332 3619665052
======================
   8      32 sdc 2650960 31253 342455720 22036428 34481710 717507545 13027774656 3595940376 156 56388336 3619808820
======================
   8      32 sdc 2650960 31253 342455720 22036428 34482387 717507565 13028120432 3596078348 156 56389336 3619946304
======================
   8      32 sdc 2650960 31253 342455720 22036428 34483063 717507565 13028466544 3596221548 152 56390340 3620090352
======================
   8      32 sdc 2650960 31253 342455720 22036428 34483687 717507565 13028786032 3596362820 136 56391344 3620232976
======================
   8      32 sdc 2650961 31253 342455728 22036516 34484290 717507565 13029094768 3596503520 147 56392348 3620374092
======================
   8      32 sdc 2650961 31253 342455728 22036516 34484966 717507565 13029440880 3596648164 143 56393352 3620517524
======================
   8      32 sdc 2650961 31253 342455728 22036516 34485630 717507586 13029777488 3596789740 138 56394356 3620659856
======================
   8      32 sdc 2650961 31253 342455728 22036516 34486267 717507586 13030103632 3596933308 141 56395356 3620802896
======================
   8      32 sdc 2650961 31253 342455728 22036516 34486779 717507586 13030365776 3597079068 141 56396364 3620949092
======================
   8      32 sdc 2650961 31253 342455728 22036516 34487454 717507586 13030711376 3597226780 138 56397396 3621097076
======================
   8      32 sdc 2650961 31253 342455728 22036516 34488097 717507586 13031040592 3597370556 135 56398404 3621241236
======================
   8      32 sdc 2650961 31253 342455728 22036516 34488743 717507605 13031370488 3597509888 137 56399408 3621380148
======================
   8      32 sdc 2650961 31253 342455728 22036516 34489400 717507616 13031702928 3597654972 152 56400424 3621524980
======================
   8      32 sdc 2650961 31253 342455728 22036516 34490057 717507616 13032039312 3597798680 135 56401432 3621668516
======================
   8      32 sdc 2650961 31253 342455728 22036516 34490716 717507616 13032376720 3597941932 148 56402440 3621812692
======================
   8      32 sdc 2650961 31253 342455728 22036516 34491357 717507616 13032704912 3598084864 147 56403444 3621956220
======================
   8      32 sdc 2650961 31253 342455728 22036516 34491520 717507616 13032788368 3598121264 90 56404444 3622057224
======================
   8      32 sdc 2650962 31253 342455736 22038008 34492656 717507635 13033369144 3598292000 128 56405452 3622164780
======================
   8      32 sdc 2650962 31253 342455736 22038008 34493305 717507635 13033701432 3598434460 151 56406452 3622307944
======================
   8      32 sdc 2650962 31253 342455736 22038008 34493896 717507635 13034004024 3598570472 136 56407460 3622451696
======================
   8      32 sdc 2650962 31253 342455736 22038008 34494448 717507635 13034286648 3598724040 128 56408464 3622595936
======================
   8      32 sdc 2650962 31253 342455736 22038008 34495109 717507635 13034625080 3598865004 139 56409468 3622739408
======================
   8      32 sdc 2650962 31253 342455736 22038008 34495790 717507660 13034971432 3599010248 149 56410472 3622882488
======================
   8      32 sdc 2650962 31253 342455736 22038008 34496421 717507660 13035294000 3599152868 156 56411476 3623026292
======================
   8      32 sdc 2650962 31253 342455736 22038008 34497047 717507660 13035614512 3599296792 141 56412480 3623170292
======================
   8      32 sdc 2650962 31253 342455736 22038008 34497723 717507660 13035960624 3599441420 137 56413484 3623313804
======================
   8      32 sdc 2650962 31253 342455736 22038008 34498387 717507660 13036300592 3599583804 145 56414484 3623456856
======================
   8      32 sdc 2650962 31253 342455736 22038008 34499029 717507677 13036628928 3599722528 150 56415488 3623594612
======================
   8      32 sdc 2650963 31253 342455744 22038052 34499640 717507684 13036938792 3599859692 128 56416492 3623737248
======================
   8      32 sdc 2650963 31253 342455744 22038052 34500316 717507684 13037284904 3600005188 156 56417492 3623880168
======================
   8      32 sdc 2650963 31253 342455744 22038052 34500942 717507684 13037605416 3600141660 138 56418496 3624023760
======================
   8      32 sdc 2650963 31253 342455744 22038052 34501619 717507684 13037952040 3600292652 133 56419500 3624167360
======================
   8      32 sdc 2650963 31253 342455744 22038052 34502245 717507702 13038272192 3600436876 132 56420500 3624309940
======================
   8      32 sdc 2650963 31253 342455744 22038052 34502908 717507702 13038611144 3600581212 142 56421504 3624454100
======================
   8      32 sdc 2650963 31253 342455744 22038052 34503575 717507713 13038950216 3600721644 154 56422508 3624594540
======================
   8      32 sdc 2650963 31253 342455744 22038052 34504217 717507713 13039278920 3600865028 152 56423512 3624738204
======================
   8      32 sdc 2650963 31253 342455744 22038052 34504870 717507713 13039613256 3601008832 139 56424516 3624881420
======================
   8      32 sdc 2650963 31253 342455744 22038052 34505546 717507734 13039959032 3601147848 139 56425516 3625019528
======================
   8      32 sdc 2650963 31253 342455744 22038052 34506189 717507734 13040288248 3601289412 136 56426520 3625163036
======================
   8      32 sdc 2650963 31253 342455744 22038052 34506796 717507734 13040598528 3601428824 118 56427520 3625304944
======================
   8      32 sdc 2650964 31253 342455752 22038352 34507309 717507734 13040861184 3601569960 131 56428524 3625442288
======================
   8      32 sdc 2650964 31253 342455752 22038352 34507979 717507734 13041204224 3601712924 133 56429528 3625585296
======================
   8      32 sdc 2650964 31253 342455752 22038352 34508650 717507749 13041547392 3601855880 144 56430532 3625728232
======================
   8      32 sdc 2650964 31253 342455752 22038352 34509326 717507762 13041889072 3601998272 130 56431536 3625869836
======================
   8      32 sdc 2650964 31253 342455752 22038352 34509940 717507762 13042203440 3602140144 156 56432536 3626012944
======================
   8      32 sdc 2650964 31253 342455752 22038352 34510616 717507762 13042549552 3602283828 152 56433540 3626156388
======================
   8      32 sdc 2650964 31253 342455752 22038352 34511260 717507762 13042879280 3602425464 148 56434540 3626300376
======================
   8      32 sdc 2650964 31253 342455752 22038352 34511909 717507782 13043211224 3602567452 154 56435544 3626440796
======================
   8      32 sdc 2650964 31253 342455752 22038352 34512558 717507782 13043543512 3602711164 145 56436544 3626583856
======================
   8      32 sdc 2650964 31253 342455752 22038352 34513217 717507782 13043880416 3602855180 140 56437548 3626727684
======================
   8      32 sdc 2650964 31253 342455752 22038352 34513862 717507782 13044210656 3602997824 154 56438548 3626870952
======================
   8      32 sdc 2650964 31253 342455752 22038352 34514504 717507782 13044539360 3603141300 86 56439552 3627012056
======================
   8      32 sdc 2650965 31253 342455760 22038572 34515131 717507799 13044860016 3603274832 155 56440556 3627148228
======================
   8      32 sdc 2650965 31253 342455760 22038572 34515785 717507803 13045190864 3603418620 142 56441560 3627291996
======================
   8      32 sdc 2650965 31253 342455760 22038572 34516449 717507803 13045530832 3603561156 150 56442564 3627435520
======================
   8      32 sdc 2650965 31253 342455760 22038572 34517105 717507803 13045866704 3603705456 134 56443568 3627578988
======================
   8      32 sdc 2650965 31253 342455760 22038572 34517748 717507803 13046195920 3603849612 131 56444568 3627722184
======================
   8      32 sdc 2650965 31253 342455760 22038572 34518419 717507820 13046539104 3603991128 158 56445572 3627863640
======================
   8      32 sdc 2650965 31253 342455760 22038572 34519061 717507820 13046867304 3604133520 156 56446576 3628007496
======================
   8      32 sdc 2650965 31253 342455760 22038572 34519690 717507829 13047186400 3604269468 133 56447576 3628143872
======================
   8      32 sdc 2650965 31253 342455760 22038572 34520345 717507829 13047521760 3604411432 150 56448584 3628287256
======================
   8      32 sdc 2650965 31253 342455760 22038572 34521035 717507829 13047875040 3604555420 132 56449588 3628428068
======================
   8      32 sdc 2650965 31253 342455760 22038572 34521715 717507852 13048222880 3604691724 136 56450596 3628563984
======================
   8      32 sdc 2650966 31253 342455768 22038864 34522196 717507852 13048469152 3604799584 145 56451604 3628701844
======================
   8      32 sdc 2650966 31253 342455768 22038864 34522820 717507852 13048788136 3604970752 130 56452604 3628844788
======================
   8      32 sdc 2650966 31253 342455768 22038864 34523462 717507852 13049116840 3605115208 128 56453608 3628988164
======================
   8      32 sdc 2650966 31253 342455768 22038864 34524137 717507852 13049462440 3605257484 157 56454608 3629130132
======================
   8      32 sdc 2650966 31253 342455768 22038864 34524791 717507867 13049796904 3605398488 148 56455612 3629272492
======================
   8      32 sdc 2650966 31253 342455768 22038864 34525435 717507867 13050126128 3605543512 145 56456620 3629417120
======================
   8      32 sdc 2650966 31253 342455768 22038864 34526108 717507881 13050466280 3605681628 140 56457624 3629555228
======================
   8      32 sdc 2650966 31253 342455768 22038864 34526754 717507881 13050797544 3605824808 134 56458628 3629698652
======================
   8      32 sdc 2650966 31253 342455768 22038864 34527390 717507881 13051122664 3605966908 138 56459632 3629842188
======================
   8      32 sdc 2650966 31253 342455768 22038864 34528040 717507902 13051455128 3606107128 144 56460636 3629980136
======================
   8      32 sdc 2650966 31253 342455768 22038864 34528688 717507902 13051786400 3606250204 137 56461640 3630123752
======================
   8      32 sdc 2650966 31253 342455768 22038864 34529356 717507902 13052128416 3606394376 141 56462648 3630267852
======================
   8      32 sdc 2650966 31253 342455768 22038864 34529911 717507902 13052412576 3606515472 119 56463652 3630407020
======================
   8      32 sdc 2650967 31253 342455776 22039164 34530497 717507902 13052712608 3606672992 154 56464656 3630548192
======================
   8      32 sdc 2650967 31253 342455776 22039164 34531146 717507922 13053044048 3606816556 147 56465660 3630690844
======================
   8      32 sdc 2650967 31253 342455776 22039164 34531829 717507937 13053389832 3606958196 154 56466664 3630832516
======================
   8      32 sdc 2650967 31253 342455776 22039164 34532468 717507937 13053717000 3607102152 155 56467668 3630976708
======================
   8      32 sdc 2650967 31253 342455776 22039164 34533115 717507937 13054048264 3607247260 148 56468672 3631120336
======================
   8      32 sdc 2650967 31253 342455776 22039164 34533793 717507937 13054395400 3607391164 142 56469680 3631264588
======================
   8      32 sdc 2650967 31253 342455776 22039164 34534439 717507954 13054725784 3607533364 140 56470688 3631406860
======================
   8      32 sdc 2650967 31253 342455776 22039164 34535100 717507954 13055064216 3607675976 151 56471692 3631550424
======================
   8      32 sdc 2650967 31253 342455776 22039164 34535725 717507954 13055383712 3607819152 135 56472696 3631694356
======================
   8      32 sdc 2650967 31253 342455776 22039164 34536373 717507954 13055715488 3607964760 132 56473700 3631837932
======================
   8      32 sdc 2650967 31253 342455776 22039164 34537048 717507954 13056061088 3608105040 156 56474700 3631981048
======================
   8      32 sdc 2650967 31253 342455776 22039164 34537613 717507979 13056348048 3608230876 114 56475704 3632108648
======================
   8      32 sdc 2650968 31253 342455784 22039416 34538188 717507979 13056642448 3608374304 133 56476708 3632248980
======================
   8      32 sdc 2650968 31253 342455784 22039416 34538847 717507979 13056979352 3608518584 147 56477708 3632392288
======================
   8      32 sdc 2650968 31253 342455784 22039416 34539511 717507979 13057319320 3608661800 155 56478712 3632535764
======================
   8      32 sdc 2650968 31253 342455784 22039416 34540154 717507979 13057648536 3608805152 152 56479716 3632679852
======================
   8      32 sdc 2650968 31253 342455784 22039416 34540784 717507994 13057970712 3608949172 147 56480724 3632823488
======================
   8      32 sdc 2650968 31253 342455784 22039416 34541433 717508006 13058300552 3609093128 81 56481728 3632964316
======================
   8      32 sdc 2650968 31253 342455784 22039416 34542105 717508006 13058642120 3609233868 141 56482732 3633107632
======================
   8      32 sdc 2650968 31253 342455784 22039416 34542729 717508006 13058961608 3609369736 157 56483748 3633253624
======================
   8      32 sdc 2650968 31253 342455784 22039416 34543407 717508006 13059308744 3609525136 151 56484764 3633400036
======================
   8      32 sdc 2650968 31253 342455784 22039416 34544077 717508027 13059650944 3609664692 158 56485776 3633538224
======================
   8      32 sdc 2650968 31253 342455784 22039416 34544754 717508027 13059997568 3609807836 153 56486780 3633681444
======================
   8      32 sdc 2650968 31253 342455784 22039416 34545280 717508027 13060266880 3609926496 109 56487784 3633818504
======================
   8      32 sdc 2650969 31253 342455792 22039708 34545851 717508027 13060559232 3610083364 140 56488784 3633958356
======================
   8      32 sdc 2650969 31253 342455792 22039708 34546517 717508027 13060900224 3610228964 146 56489788 3634102728
======================
   8      32 sdc 2650969 31253 342455792 22039708 34547199 717508050 13061246064 3610370000 130 56490792 3634245796
======================
   8      32 sdc 2650969 31253 342455792 22039708 34547870 717508050 13061589616 3610514252 131 56491792 3634388616
======================
   8      32 sdc 2650969 31253 342455792 22039708 34548483 717508050 13061902968 3610656612 159 56492796 3634531756
======================
   8      32 sdc 2650969 31253 342455792 22039708 34549132 717508050 13062235256 3610801164 150 56493796 3634674932
======================
   8      32 sdc 2650969 31253 342455792 22039708 34549805 717508050 13062579832 3610944528 149 56494800 3634818356
======================
   8      32 sdc 2650969 31253 342455792 22039708 34550451 717508066 13062910208 3611084708 128 56495804 3634958660
======================
   8      32 sdc 2650969 31253 342455792 22039708 34551101 717508076 13063239064 3611228848 152 56496804 3635091880
======================
   8      32 sdc 2650969 31253 342455792 22039708 34551764 717508076 13063578520 3611361288 129 56497808 3635235524
======================
   8      32 sdc 2650969 31253 342455792 22039708 34552414 717508076 13063911320 3611503384 151 56498808 3635378864
======================
   8      32 sdc 2650969 31253 342455792 22039708 34553035 717508076 13064229272 3611644640 35 56499812 3635511316
======================
   8      32 sdc 2650970 31253 342455800 22040144 34553546 717508096 13064490560 3611755608 142 56500816 3635630952
======================
   8      32 sdc 2650970 31253 342455800 22040144 34554169 717508096 13064809536 3611894952 159 56501816 3635774140
======================
   8      32 sdc 2650970 31253 342455800 22040144 34554824 717508096 13065144392 3612043020 147 56502820 3635921424
======================
   8      32 sdc 2650970 31253 342455800 22040144 34555501 717508096 13065491016 3612190820 142 56503828 3636065772
======================
   8      32 sdc 2650970 31253 342455800 22040144 34556135 717508096 13065815624 3612334068 148 56504832 3636209300
======================
   8      32 sdc 2650970 31253 342455800 22040144 34556809 717508115 13066160360 3612477420 142 56505836 3636351920
======================
   8      32 sdc 2650970 31253 342455800 22040144 34557481 717508119 13066500928 3612619864 143 56506840 3636495784
======================
   8      32 sdc 2650970 31253 342455800 22040144 34558106 717508119 13066820928 3612763872 158 56507844 3636639284
======================
   8      32 sdc 2650970 31253 342455800 22040144 34558749 717508119 13067150144 3612909180 155 56508848 3636783644
======================
   8      32 sdc 2650970 31253 342455800 22040144 34559421 717508119 13067494208 3613053036 155 56509852 3636927124
======================
   8      32 sdc 2650970 31253 342455800 22040144 34560095 717508134 13067838912 3613189092 132 56510860 3637063244
======================
   8      32 sdc 2650971 31253 342455808 22040204 34560754 717508134 13068175816 3613333256 135 56511872 3637207836
======================
   8      32 sdc 2650971 31253 342455808 22040204 34561383 717508147 13068495952 3613475236 135 56512876 3637351140
======================
   8      32 sdc 2650971 31253 342455808 22040204 34562016 717508147 13068820048 3613619116 142 56513880 3637494548
======================
   8      32 sdc 2650971 31253 342455808 22040204 34562695 717508147 13069167696 3613764512 135 56514888 3637638800
======================
   8      32 sdc 2650971 31253 342455808 22040204 34563290 717508170 13069472016 3613900776 134 56516032 3637800500
======================
   8      32 sdc 2650971 31253 342455808 22040204 34563943 717508170 13069805848 3614069848 154 56517040 3637945020
======================
   8      32 sdc 2650971 31253 342455808 22040204 34564603 717508170 13070143768 3614213740 134 56518044 3638088592
======================
   8      32 sdc 2650971 31253 342455808 22040204 34565237 717508170 13070468376 3614352692 140 56519048 3638232232
======================
   8      32 sdc 2650971 31253 342455808 22040204 34565900 717508170 13070807832 3614500740 149 56520056 3638376164
======================
   8      32 sdc 2650971 31253 342455808 22040204 34566542 717508185 13071136152 3614638488 153 56521056 3638513464
======================
   8      32 sdc 2650971 31253 342455808 22040204 34567192 717508201 13071464040 3614781884 144 56522060 3638657412
======================
   8      32 sdc 2650971 31253 342455808 22040204 34567856 717508201 13071804008 3614925824 152 56523060 3638800172
======================
   8      32 sdc 2650972 31253 342455816 22040296 34568484 717508201 13072125544 3615066260 143 56524064 3638940156
======================
   8      32 sdc 2650972 31253 342455816 22040296 34569121 717508201 13072451688 3615208732 146 56525068 3639083968
======================
   8      32 sdc 2650972 31253 342455816 22040296 34569775 717508220 13072786184 3615350028 148 56526072 3639224652
======================
   8      32 sdc 2650972 31253 342455816 22040296 34570461 717508220 13073137416 3615495620 134 56527088 3639369952
======================
   8      32 sdc 2650972 31253 342455816 22040296 34570965 717508220 13073394960 3615610160 143 56528100 3639511552
======================
   8      32 sdc 2650972 31253 342455816 22040296 34571614 717508220 13073727248 3615781416 134 56529112 3639656348
======================
   8      32 sdc 2650972 31253 342455816 22040296 34572293 717508220 13074074896 3615926172 144 56530120 3639800556
======================
   8      32 sdc 2650972 31253 342455816 22040296 34572957 717508241 13074411000 3616060996 140 56531124 3639938616
======================
   8      32 sdc 2650972 31253 342455816 22040296 34573647 717508241 13074764280 3616207560 154 56532132 3640082696
======================
   8      32 sdc 2650972 31253 342455816 22040296 34574273 717508241 13075084792 3616350768 136 56533140 3640226824
======================
   8      32 sdc 2650972 31253 342455816 22040296 34574909 717508241 13075410424 3616494628 140 56534144 3640370560
======================
   8      32 sdc 2650972 31253 342455816 22040296 34575588 717508241 13075758072 3616639908 133 56535148 3640513948
======================
   8      32 sdc 2650973 31253 342455824 22040420 34576227 717508257 13076084360 3616776516 151 56536152 3640651808
======================
   8      32 sdc 2650973 31253 342455824 22040420 34576873 717508268 13076413184 3616920140 145 56537156 3640795484
======================
   8      32 sdc 2650973 31253 342455824 22040420 34577519 717508268 13076743936 3617064368 139 56538160 3640939368
======================
   8      32 sdc 2650973 31253 342455824 22040420 34578175 717508268 13077079808 3617207260 155 56539164 3641082660
======================
   8      32 sdc 2650973 31253 342455824 22040420 34578800 717508268 13077399808 3617350700 138 56540164 3641225908
======================
   8      32 sdc 2650973 31253 342455824 22040420 34579441 717508288 13077727656 3617492192 153 56541168 3641367504
======================
   8      32 sdc 2650973 31253 342455824 22040420 34580096 717508288 13078063016 3617635564 138 56542172 3641510432
======================
   8      32 sdc 2650973 31253 342455824 22040420 34580761 717508288 13078402992 3617778960 146 56543172 3641653468
======================
   8      32 sdc 2650973 31253 342455824 22040420 34581407 717508288 13078733744 3617921352 140 56544176 3641796660
======================
   8      32 sdc 2650973 31253 342455824 22040420 34582042 717508288 13079058864 3618064464 145 56545180 3641940372
======================
   8      32 sdc 2650973 31253 342455824 22040420 34582713 717508304 13079401536 3618201656 151 56546180 3642076572
======================
   8      32 sdc 2650973 31253 342455824 22040420 34583381 717508317 13079739128 3618343276 154 56547184 3642219828
======================
   8      32 sdc 2650974 31253 342455832 22040500 34583964 717508317 13080037624 3618485280 141 56548184 3642365060
======================
   8      32 sdc 2650974 31253 342455832 22040500 34584624 717508317 13080375544 3618633252 153 56549188 3642508588
======================
   8      32 sdc 2650974 31253 342455832 22040500 34585299 717508317 13080721144 3618777408 150 56550192 3642652368
======================
   8      32 sdc 2650974 31253 342455832 22040500 34585975 717508336 13081066904 3618918932 132 56551192 3642794760
======================
   8      32 sdc 2650974 31253 342455832 22040500 34586490 717508336 13081330080 3619065308 129 56552196 3642940872
======================
   8      32 sdc 2650974 31253 342455832 22040500 34587114 717508336 13081649568 3619208380 145 56553196 3643084184
======================
   8      32 sdc 2650974 31253 342455832 22040500 34587772 717508336 13081986464 3619351928 157 56554200 3643226996
======================
   8      32 sdc 2650974 31253 342455832 22040500 34588451 717508336 13082334112 3619495832 152 56555204 3643370752
======================
   8      32 sdc 2650974 31253 342455832 22040500 34589099 717508356 13082662016 3619633292 157 56556204 3643508292
======================
   8      32 sdc 2650974 31253 342455832 22040500 34589745 717508356 13082992768 3619776636 151 56557208 3643651552
======================
   8      32 sdc 2650974 31253 342455832 22040500 34590409 717508356 13083332744 3619919588 128 56558208 3643794240
======================
   8      32 sdc 2650974 31253 342455832 22040500 34591060 717508356 13083665544 3620061440 149 56559212 3643937696
======================
   8      32 sdc 2650975 31253 342455840 22040608 34591659 717508356 13083972232 3620200268 153 56560216 3644081824
======================
   8      32 sdc 2650975 31253 342455840 22040608 34592316 717508373 13084308248 3620350596 153 56561220 3644226236
======================
   8      32 sdc 2650975 31253 342455840 22040608 34592966 717508387 13084637128 3620489644 151 56562224 3644365292
======================
   8      32 sdc 2650975 31253 342455840 22040608 34593626 717508387 13084975560 3620633592 131 56563228 3644508632
======================
   8      32 sdc 2650975 31253 342455840 22040608 34594268 717508387 13085303752 3620776400 129 56564228 3644651496
======================
   8      32 sdc 2650975 31253 342455840 22040608 34594910 717508387 13085632456 3620919824 157 56565232 3644794900
======================
   8      32 sdc 2650975 31253 342455840 22040608 34595462 717508409 13085914248 3621033396 158 56566236 3644936120
======================
   8      32 sdc 2650975 31253 342455840 22040608 34596092 717508409 13086236808 3621204360 136 56567240 3645079900
======================
   8      32 sdc 2650975 31253 342455840 22040608 34596700 717508409 13086548104 3621343224 136 56568240 3645222484
======================
   8      32 sdc 2650975 31253 342455840 22040608 34597349 717508409 13086880392 3621490808 128 56569244 3645365456
======================
   8      32 sdc 2650975 31253 342455840 22040608 34598024 717508409 13087225992 3621633872 156 56570244 3645508268
======================
   8      32 sdc 2650975 31253 342455840 22040608 34598709 717508432 13087572864 3621776576 129 56571252 3645650952
======================
   8      32 sdc 2650976 31253 342455848 22040732 34599371 717508432 13087911304 3621917088 144 56572256 3645791916
======================
   8      32 sdc 2650976 31253 342455848 22040732 34600005 717508432 13088235912 3622059612 150 56573264 3645935948
======================
   8      32 sdc 2650976 31253 342455848 22040732 34600627 717508432 13088554376 3622200296 136 56574264 3646077844
======================
   8      32 sdc 2650976 31253 342455848 22040732 34601298 717508432 13088897928 3622346476 137 56575268 3646221348
======================
   8      32 sdc 2650976 31253 342455848 22040732 34601950 717508454 13089230920 3622487824 133 56576272 3646363492
======================
   8      32 sdc 2650976 31253 342455848 22040732 34602604 717508468 13089561856 3622625220 150 56577272 3646500100
======================
   8      32 sdc 2650976 31253 342455848 22040732 34603268 717508468 13089901824 3622768488 158 56578276 3646643568
======================
   8      32 sdc 2650976 31253 342455848 22040732 34603922 717508468 13090236672 3622909160 144 56579280 3646786656
======================
   8      32 sdc 2650976 31253 342455848 22040732 34604564 717508468 13090565376 3623054616 142 56580284 3646930568
======================
   8      32 sdc 2650976 31253 342455848 22040732 34605210 717508487 13090895776 3623191844 133 56581292 3647067892
======================
   8      32 sdc 2650976 31253 342455848 22040732 34605859 717508487 13091228064 3623337288 156 56582308 3647213144
======================
   8      32 sdc 2650976 31253 342455848 22040732 34606517 717508487 13091564456 3623481428 139 56583312 3647356884
======================
   8      32 sdc 2650976 31253 342455848 22040732 34606845 717508487 13091732392 3623552500 102 56584316 3647478252
======================
   8      32 sdc 2650976 31253 342455848 22040732 34606845 717508487 13091732392 3623552500 102 56585316 3647580252
======================
   8      32 sdc 2650977 31253 342455856 22043000 34608287 717508510 13092467352 3623822460 139 56586320 3647693300
======================
   8      32 sdc 2650977 31253 342455856 22043000 34608970 717508510 13092817048 3623958668 128 56587320 3647835372
======================
   8      32 sdc 2650977 31253 342455856 22043000 34609618 717508510 13093148824 3624100724 152 56588324 3647979176
======================
   8      32 sdc 2650977 31253 342455856 22043000 34610251 717508510 13093472920 3624244904 159 56589328 3648122492
======================
   8      32 sdc 2650977 31253 342455856 22043000 34610921 717508510 13093815960 3624387988 129 56590328 3648265556
======================
   8      32 sdc 2650977 31253 342455856 22043000 34611597 717508535 13094161768 3624530104 145 56591332 3648407288
======================
   8      32 sdc 2650977 31253 342455856 22043000 34612274 717508535 13094507888 3624673592 141 56592336 3648550956
======================
   8      32 sdc 2650977 31253 342455856 22043000 34612902 717508535 13094829424 3624815392 153 56593340 3648693900
======================
   8      32 sdc 2650977 31253 342455856 22043000 34613530 717508535 13095150960 3624959632 133 56594344 3648837368
======================
   8      32 sdc 2650977 31253 342455856 22043000 34614214 717508541 13095497184 3625103640 153 56595344 3648979748
======================
   8      32 sdc 2650978 31253 342455864 22043196 34614848 717508559 13095821432 3625230120 141 56596348 3649108896
======================
   8      32 sdc 2650978 31253 342455864 22043196 34615492 717508559 13096151168 3625374036 138 56597352 3649252540
======================
   8      32 sdc 2650978 31253 342455864 22043196 34616133 717508559 13096478848 3625516560 137 56598352 3649395568
======================
   8      32 sdc 2650978 31253 342455864 22043196 34616826 717508559 13096833664 3625665872 148 56599388 3649543360
======================
   8      32 sdc 2650978 31253 342455864 22043196 34617463 717508559 13097159808 3625810504 151 56600404 3649689024
======================
   8      32 sdc 2650978 31253 342455864 22043196 34618116 717508582 13097493824 3625950252 230 56601420 3649869856
======================
   8      32 sdc 2650978 31253 342455864 22043196 34618760 717508582 13097823552 3626103440 226 56602428 3650087492
======================
   8      32 sdc 2650978 31253 342455864 22043196 34619389 717508582 13098145600 3626252836 205 56603436 3650297352
======================
   8      32 sdc 2650978 31253 342455864 22043196 34620039 717508582 13098478400 3626422248 195 56604448 3650499396
======================
   8      32 sdc 2650978 31253 342455864 22043196 34620556 717508582 13098743104 3626742532 158 56605452 3650683652
======================
   8      32 sdc 2650978 31253 342455864 22043196 34621227 717508582 13099086656 3626926724 159 56606456 3650836988
======================
   8      32 sdc 2650978 31253 342455864 22043196 34621852 717508582 13099406656 3627095052 142 56607464 3650983748
======================
   8      32 sdc 2650979 31253 342455872 22043444 34622516 717508600 13099745256 3627221920 135 56608464 3651100476
======================
   8      32 sdc 2650979 31253 342455872 22043444 34623150 717508600 13100069864 3627366520 141 56609468 3651244312
======================
   8      32 sdc 2650979 31253 342455872 22043444 34623826 717508600 13100415976 3627510264 137 56610472 3651387740
======================
   8      32 sdc 2650979 31253 342455872 22043444 34624456 717508600 13100738536 3627646248 147 56611472 3651530448
======================
   8      32 sdc 2650979 31253 342455872 22043444 34625117 717508600 13101076968 3627795728 158 56612476 3651674272
======================
   8      32 sdc 2650979 31253 342455872 22043444 34625743 717508610 13101396552 3627935220 142 56613480 3651801664
======================
   8      32 sdc 2650979 31253 342455872 22043444 34626405 717508610 13101735496 3628067496 152 56614484 3651945344
======================
   8      32 sdc 2650979 31253 342455872 22043444 34627081 717508610 13102081608 3628211156 148 56615488 3652089024
======================
   8      32 sdc 2650979 31253 342455872 22043444 34627734 717508610 13102415944 3628356628 135 56616508 3652234932
======================
   8      32 sdc 2650979 31253 342455872 22043444 34628383 717508610 13102748232 3628500996 158 56617516 3652378836
======================
   8      32 sdc 2650979 31253 342455872 22043444 34629049 717508623 13103088320 3628636296 150 56618516 3652506328
======================
   8      32 sdc 2650979 31253 342455872 22043444 34629697 717508623 13103420096 3628771704 142 56619520 3652650184
======================
   8      32 sdc 2650980 31253 342455880 22043940 34630184 717508623 13103669440 3628862000 147 56620520 3652741048
======================
   8      32 sdc 2650980 31253 342455880 22043940 34630828 717508623 13103999168 3629005992 143 56621524 3652884732
======================
   8      32 sdc 2650980 31253 342455880 22043940 34631469 717508623 13104327360 3629149528 142 56622528 3653028500
======================
   8      32 sdc 2650980 31253 342455880 22043940 34632126 717508632 13104663320 3629284876 147 56623528 3653155772
======================
   8      32 sdc 2650980 31253 342455880 22043940 34632761 717508632 13104987928 3629420160 152 56624532 3653298984
======================
   8      32 sdc 2650980 31253 342455880 22043940 34633402 717508632 13105316120 3629563188 151 56625536 3653442268
======================
   8      32 sdc 2650980 31253 342455880 22043940 34634066 717508632 13105656088 3629707512 141 56626536 3653585104
======================
   8      32 sdc 2650980 31253 342455880 22043940 34634737 717508632 13105999640 3629850040 128 56627540 3653728476
======================
   8      32 sdc 2650980 31253 342455880 22043940 34635363 717508647 13106319768 3629986188 129 56628544 3653855052
======================
   8      32 sdc 2650980 31253 342455880 22043940 34636002 717508647 13106646432 3630121308 130 56629552 3653999196
======================
   8      32 sdc 2650980 31253 342455880 22043940 34636678 717508647 13106992544 3630264760 158 56630556 3654142764
======================
   8      32 sdc 2650980 31253 342455880 22043940 34637354 717508647 13107338656 3630408312 154 56631556 3654285828
======================
   8      32 sdc 2650981 31253 342455888 22044228 34638001 717508647 13107669920 3630528064 157 56632560 3654406184
======================
   8      32 sdc 2650981 31253 342455888 22044228 34638633 717508657 13107992576 3630668992 156 56633564 3654533356
======================
   8      32 sdc 2650981 31253 342455888 22044228 34639159 717508719 13108252296 3630773944 0 56634488 3654636900
======================
   8      32 sdc 2650981 31253 342455888 22044228 34639160 717508719 13108252296 3630773944 0 56634488 3654636900
======================
   8      32 sdc 2650981 31253 342455888 22044228 34639160 717508719 13108252296 3630773944 0 56634488 3654636900
======================
   8      32 sdc 2650981 31253 342455888 22044228 34639160 717508719 13108252296 3630773944 0 56634488 3654636900
======================
   8      32 sdc 2650981 31253 342455888 22044228 34639160 717508719 13108252296 3630773944 0 56634488 3654636900
======================
   8      32 sdc 2650981 31253 342455888 22044228 34639160 717508719 13108252296 3630773944 0 56634488 3654636900
======================
   8      32 sdc 2651224 31253 342457826 22059668 34639187 717508719 13108252400 3630774012 0 56635208 3654652408
started
======================
   8      32 sdc 2651224 31253 342457826 22059668 34639187 717508719 13108252400 3630774012 0 56635208 3654652408
======================
   8      32 sdc 2651470 31279 342507042 22071068 34639187 717508719 13108252400 3630774012 25 56635840 3654664576
======================
   8      32 sdc 2652174 31279 342687522 22097104 34639187 717508719 13108252400 3630774012 31 56636840 3654692932
======================
   8      32 sdc 2652496 31279 342769954 22128020 34639187 717508719 13108252400 3630774012 28 56637844 3654722820
======================
   8      32 sdc 2652980 31279 342893858 22157024 34639187 717508719 13108252400 3630774012 31 56638844 3654751960
======================
   8      32 sdc 2653491 31279 343024674 22187024 34639187 717508719 13108252400 3630774012 32 56639852 3654782232
======================
   8      32 sdc 2654001 31279 343155234 22215464 34639190 717508723 13108252456 3630774012 33 56640856 3654810932
======================
   8      32 sdc 2654495 31279 343281698 22244924 34639190 717508723 13108252456 3630774012 31 56641860 3654840528
======================
   8      32 sdc 2655011 31279 343413794 22275104 34639190 717508723 13108252456 3630774012 28 56642860 3654870480
======================
   8      32 sdc 2655542 31279 343549730 22305364 34639190 717508723 13108252456 3630774012 26 56643868 3654900228
======================
   8      32 sdc 2656049 31279 343679522 22333916 34639190 717508723 13108252456 3630774012 29 56644872 3654929276
======================
   8      32 sdc 2656550 31279 343807778 22362672 34639190 717508723 13108252456 3630774012 32 56645872 3654958152
======================
   8      32 sdc 2657048 31279 343935266 22392576 34639190 717508723 13108252456 3630774012 31 56646876 3654987292
======================
   8      32 sdc 2657548 31279 344063266 22422772 34639190 717508723 13108252456 3630774012 39 56647880 3655017488
======================
   8      32 sdc 2658034 31280 344187938 22452012 34639190 717508723 13108252456 3630774012 28 56648884 3655046844
======================
   8      32 sdc 2658415 31280 344285474 22481524 34639190 717508723 13108252456 3630774012 31 56649884 3655076268
======================
   8      32 sdc 2658907 31280 344411426 22510380 34639190 717508723 13108252456 3630774012 31 56650888 3655105176
======================
   8      32 sdc 2659388 31280 344534562 22539252 34639190 717508723 13108252456 3630774012 30 56651896 3655134224
======================
   8      32 sdc 2659883 31280 344661282 22568488 34639190 717508723 13108252456 3630774012 27 56652900 3655163392
======================
   8      32 sdc 2660399 31280 344793378 22597540 34639190 717508723 13108252456 3630774012 26 56653904 3655192440
======================
   8      32 sdc 2660906 31280 344923170 22626304 34639190 717508723 13108252456 3630774012 28 56654908 3655221832
======================
   8      32 sdc 2661417 31280 345053986 22656820 34639190 717508723 13108252456 3630774012 26 56655912 3655251560
======================
   8      32 sdc 2661916 31280 345181730 22685664 34639190 717508723 13108252456 3630774012 30 56656912 3655280268
======================
   8      32 sdc 2662395 31280 345304098 22715636 34639190 717508723 13108252456 3630774012 28 56657916 3655310188
======================
   8      32 sdc 2662888 31280 345430306 22744136 34639190 717508723 13108252456 3630774012 32 56658916 3655339180
======================
   8      32 sdc 2663388 31280 345558306 22773452 34639190 717508723 13108252456 3630774012 32 56659920 3655369008
======================
   8      32 sdc 2663839 31283 345673762 22802680 34639190 717508725 13108252456 3630774012 40 56660920 3655398984
======================
   8      32 sdc 2664358 31283 345807394 22833516 34639192 717508725 13108252488 3630774316 27 56661924 3655428656
======================
   8      32 sdc 2664874 31283 345939490 22862220 34639192 717508725 13108252488 3630774316 28 56662928 3655457660
======================
   8      32 sdc 2665356 31283 346062882 22891152 34639192 717508725 13108252488 3630774316 27 56663928 3655486452
======================
   8      32 sdc 2665882 31283 346197538 22920380 34639192 717508725 13108252488 3630774316 28 56664932 3655515380
======================
   8      32 sdc 2666379 31283 346325026 22949320 34639192 717508725 13108252488 3630774316 28 56665932 3655545176
======================
   8      32 sdc 2666879 31283 346452770 22979248 34639192 717508725 13108252488 3630774316 28 56666936 3655574444
======================
   8      32 sdc 2667389 31283 346583330 23008168 34639192 717508725 13108252488 3630774316 26 56667936 3655603388
======================
   8      32 sdc 2667883 31283 346709794 23038120 34639192 717508725 13108252488 3630774316 26 56668940 3655633428
======================
   8      32 sdc 2668379 31283 346836514 23067396 34639192 717508725 13108252488 3630774316 29 56669944 3655662764
======================
   8      32 sdc 2668752 31283 346932002 23098592 34639192 717508725 13108252488 3630774316 24 56670944 3655693800
======================
   8      32 sdc 2669259 31283 347061794 23127804 34639192 717508725 13108252488 3630774316 27 56671948 3655722816
======================
   8      32 sdc 2669770 31283 347192610 23156260 34639192 717508725 13108252488 3630774316 28 56672948 3655751296
======================
   8      32 sdc 2670255 31283 347316770 23185216 34639192 717508725 13108252488 3630774316 33 56673952 3655780128
======================
   8      32 sdc 2670737 31283 347440162 23214012 34639192 717508725 13108252488 3630774316 24 56674956 3655809368
======================
   8      32 sdc 2671252 31283 347571554 23243876 34639192 717508725 13108252488 3630774316 30 56675960 3655838884
======================
   8      32 sdc 2671736 31283 347694114 23273492 34639192 717508725 13108252488 3630774316 29 56676964 3655869188
======================
   8      32 sdc 2672217 31283 347816226 23303192 34639192 717508725 13108252488 3630774316 34 56677968 3655898884
======================
   8      32 sdc 2672712 31283 347942690 23331960 34639192 717508725 13108252488 3630774316 29 56678968 3655927456
======================
   8      32 sdc 2673206 31283 348068706 23360720 34639192 717508725 13108252488 3630774316 31 56679972 3655956164
======================
   8      32 sdc 2673670 31283 348185698 23390368 34639192 717508725 13108252488 3630774316 28 56680972 3655986124
======================
   8      32 sdc 2674174 31283 348314082 23419380 34639192 717508725 13108252488 3630774316 27 56681976 3656014936
======================
   8      32 sdc 2674654 31283 348435746 23447772 34639192 717508725 13108252488 3630774316 28 56682976 3656044024
======================
   8      32 sdc 2675157 31283 348564002 23477952 34639192 717508725 13108252488 3630774316 29 56683980 3656073124
======================
   8      32 sdc 2675650 31283 348690210 23507252 34639192 717508725 13108252488 3630774316 26 56684980 3656102276
======================
   8      32 sdc 2676154 31283 348819234 23535544 34639192 717508725 13108252488 3630774316 33 56685984 3656131212
======================
   8      32 sdc 2676605 31283 348934690 23565840 34639192 717508725 13108252488 3630774316 26 56686988 3656161356
======================
   8      32 sdc 2677124 31283 349067554 23595296 34639192 717508725 13108252488 3630774316 27 56687988 3656190840
======================
   8      32 sdc 2677636 31283 349198626 23625268 34639192 717508725 13108252488 3630774316 27 56688992 3656220804
======================
   8      32 sdc 2678141 31283 349327906 23654048 34639192 717508725 13108252488 3630774316 32 56689992 3656249248
======================
   8      32 sdc 2678639 31283 349455394 23683580 34639192 717508725 13108252488 3630774316 29 56690996 3656278664
======================
   8      32 sdc 2679123 31283 349579298 23712396 34639192 717508725 13108252488 3630774316 29 56692000 3656307644
======================
   8      32 sdc 2679636 31283 349710882 23741088 34639192 717508725 13108252488 3630774316 32 56693000 3656336228
======================
   8      32 sdc 2680128 31283 349836578 23770164 34639192 717508725 13108252488 3630774316 28 56694004 3656365432
======================
   8      32 sdc 2680627 31283 349964322 23798672 34639192 717508725 13108252488 3630774316 28 56695004 3656394120
======================
   8      32 sdc 2681148 31283 350097698 23827828 34639192 717508725 13108252488 3630774316 26 56696008 3656423012
======================
   8      32 sdc 2681285 31283 350132770 23837860 34639192 717508725 13108252488 3630774316 0 56696364 3656431140
