======================
   8      16 sdb 28963580 368941 2594488714 62056712 49928083 355327729 14125141080 2012329376 0 17795980 2074434012
======================
   8      16 sdb 28963580 368941 2594488714 62056712 49928083 355327729 14125141080 2012329376 0 17795980 2074434012
======================
   8      16 sdb 28963580 368941 2594488714 62056712 49928083 355327729 14125141080 2012329376 0 17795980 2074434012
======================
   8      16 sdb 28963580 368941 2594488714 62056712 49928085 355327730 14125141104 2012329376 0 17795980 2074434012
======================
   8      16 sdb 28963580 368941 2594488714 62056712 49928085 355327730 14125141104 2012329376 0 17795980 2074434012
======================
   8      16 sdb 28963580 368941 2594488714 62056712 49928085 355327730 14125141104 2012329376 0 17795980 2074434012
======================
   8      16 sdb 28963580 368941 2594488714 62056712 49928085 355327730 14125141104 2012329376 0 17795980 2074434012
======================
   8      16 sdb 28963580 368941 2594488714 62056712 49928085 355327730 14125141104 2012329376 0 17795980 2074434012
======================
   8      16 sdb 28963580 368941 2594488714 62056712 49928085 355327730 14125141104 2012329376 0 17795980 2074434012
======================
   8      16 sdb 28964065 368941 2594492594 62056776 49928094 355328222 14125145112 2012329392 0 17796048 2074434092
======================
   8      16 sdb 28964065 368941 2594492594 62056776 49928094 355328222 14125145112 2012329392 0 17796048 2074434092
======================
   8      16 sdb 28964065 368941 2594492594 62056776 49928466 355328222 14125335576 2012330024 40 17796076 2074434720
======================
   8      16 sdb 28964071 368941 2594492642 62057064 49931264 355328677 14126753648 2012442364 133 17797080 2074548836
======================
   8      16 sdb 28964077 368941 2594492690 62057364 49933924 355328677 14128115568 2012556000 145 17798084 2074664752
======================
   8      16 sdb 28964082 368941 2594492730 62057676 49936373 355328704 14129368664 2012669208 140 17799084 2074777044
======================
   8      16 sdb 28964086 368941 2594492762 62057780 49938173 355328717 14130285832 2012802928 138 17800088 2074913964
======================
   8      16 sdb 28964090 368941 2594492794 62058076 49940093 355328717 14131268872 2012924952 155 17801084 2075033168
======================
   8      16 sdb 28964093 368941 2594492818 62058320 49941801 355328717 14132143368 2013042200 136 17802092 2075154692
======================
   8      16 sdb 28964098 368941 2594492858 62058356 49943661 355328717 14133095688 2013185644 128 17803092 2075297000
======================
   8      16 sdb 28964102 368941 2594492890 62058408 49945588 355328741 14134082000 2013327928 154 17804096 2075439248
======================
   8      16 sdb 28964105 368941 2594492914 62058456 49947513 355328741 14135067600 2013470880 151 17805100 2075582340
======================
   8      16 sdb 28964109 368941 2594492946 62058532 49949433 355328741 14136050640 2013611892 129 17806104 2075723568
======================
   8      16 sdb 28964114 368941 2594492986 62058676 49951357 355328741 14137035728 2013749264 143 17807108 2075859132
======================
   8      16 sdb 28964118 368941 2594493018 62058816 49953280 355328741 14138020304 2013884568 146 17808108 2075995704
======================
   8      16 sdb 28964121 368941 2594493042 62058916 49955176 355328741 14138991056 2014022260 146 17809112 2076134360
======================
   8      16 sdb 28964125 368941 2594493074 62059080 49957080 355328741 14139965904 2014157648 147 17810116 2076269980
======================
   8      16 sdb 28964129 368941 2594493106 62059272 49958991 355328741 14140943832 2014291416 1 17811120 2076398548
======================
   8      16 sdb 28964133 368941 2594493138 62059464 49960928 355328791 14141933456 2014417892 117 17812120 2076530260
======================
   8      16 sdb 28964137 368941 2594493170 62059684 49962856 355328791 14142920592 2014547044 146 17813128 2076660116
======================
   8      16 sdb 28964141 368941 2594493202 62059924 49964780 355328791 14143905680 2014671508 150 17814128 2076784320
======================
   8      16 sdb 28964144 368941 2594493226 62060120 49966605 355328791 14144840080 2014792756 72 17815136 2076908544
======================
   8      16 sdb 28964150 368941 2594493274 62060624 49968616 355328841 14145867592 2014907388 148 17816140 2077021404
======================
   8      16 sdb 28964153 368941 2594493298 62060636 49970512 355328841 14146838856 2015050504 137 17817140 2077164264
======================
   8      16 sdb 28964157 368941 2594493330 62060676 49972439 355328841 14147824968 2015193816 130 17818144 2077307604
======================
   8      16 sdb 28964162 368941 2594493370 62060760 49974360 355328841 14148809032 2015336100 154 17819148 2077448840
======================
   8      16 sdb 28964165 368941 2594493394 62060844 49976279 355328841 14149791048 2015474020 131 17820152 2077588188
======================
   8      16 sdb 28964169 368941 2594493426 62060948 49978203 355328841 14150776136 2015613952 129 17821152 2077727916
======================
   8      16 sdb 28964173 368941 2594493458 62061080 49980004 355328841 14151698248 2015744176 159 17822156 2077868020
======================
   8      16 sdb 28964178 368941 2594493498 62061216 49982030 355328885 14152733896 2015891516 130 17823160 2078003568
======================
   8      16 sdb 28964181 368941 2594493522 62061356 49983927 355328885 14153705160 2016024972 148 17824164 2078139684
======================
   8      16 sdb 28964185 368941 2594493554 62061564 49985822 355328885 14154675400 2016157004 151 17825164 2078272084
======================
   8      16 sdb 28964189 368941 2594493586 62061764 49987772 355328885 14155673800 2016287388 153 17826168 2078402224
======================
   8      16 sdb 28964192 368941 2594493610 62061936 49989694 355328885 14156657864 2016418168 32 17827172 2078530136
======================
   8      16 sdb 28964197 368941 2594493650 62062204 49991565 355328929 14157614152 2016538176 129 17828172 2078657156
======================
   8      16 sdb 28964201 368941 2594493682 62062456 49993547 355328929 14158628936 2016666652 137 17829176 2078782208
======================
   8      16 sdb 28964205 368941 2594493714 62062744 49995470 355328929 14159613512 2016789388 153 17830180 2078904556
======================
   8      16 sdb 28964208 368941 2594493738 62062976 49997367 355328929 14160584272 2016912940 44 17831184 2079026524
======================
   8      16 sdb 28964213 368941 2594493778 62063312 49999293 355328945 14161568496 2017026992 147 17832184 2079143156
======================
   8      16 sdb 28964217 368941 2594493810 62063612 50001215 355328967 14162551728 2017140652 147 17833188 2079257996
======================
   8      16 sdb 28964221 368941 2594493842 62063920 50003145 355328983 14163539008 2017261092 142 17834188 2079377624
======================
   8      16 sdb 28964224 368941 2594493866 62064136 50005054 355328983 14164516416 2017385996 45 17835192 2079500984
======================
   8      16 sdb 28964229 368941 2594493906 62064448 50006983 355328983 14165504064 2017500296 141 17836192 2079618296
======================
   8      16 sdb 28964233 368941 2594493938 62064752 50008887 355328983 14166478912 2017619844 156 17837200 2079738504
======================
   8      16 sdb 28964237 368941 2594493970 62065056 50010798 355329006 14167456520 2017735000 138 17838204 2079851900
======================
   8      16 sdb 28964240 368941 2594493994 62065288 50012731 355329023 14168445344 2017859004 52 17839208 2079975584
======================
   8      16 sdb 28964245 368941 2594494034 62065604 50014626 355329023 14169415584 2017975000 152 17840212 2080093504
======================
   8      16 sdb 28964249 368941 2594494066 62065904 50016588 355329023 14170420128 2018095736 140 17841224 2080215320
======================
   8      16 sdb 28964253 368941 2594494098 62066212 50018513 355329023 14171405728 2018216472 136 17842224 2080335664
======================
   8      16 sdb 28964256 368941 2594494122 62066436 50020438 355329047 14172390512 2018339012 27 17843224 2080455512
======================
   8      16 sdb 28964261 368941 2594494162 62066756 50022340 355329064 14173362960 2018452944 153 17844224 2080572940
======================
   8      16 sdb 28964264 368941 2594494186 62066984 50023931 355329064 14174177552 2018553468 121 17845228 2080694696
======================
   8      16 sdb 28964269 368941 2594494226 62067568 50026041 355329064 14175257872 2018705752 139 17846232 2080826888
======================
   8      16 sdb 28964272 368941 2594494250 62067584 50027962 355329064 14176241424 2018848328 135 17847236 2080969616
======================
   8      16 sdb 28964277 368941 2594494290 62067656 50029887 355329086 14177226696 2018989448 150 17848236 2081110396
======================
   8      16 sdb 28964281 368941 2594494322 62067720 50031811 355329086 14178211784 2019132520 151 17849240 2081253616
======================
   8      16 sdb 28964285 368941 2594494354 62067808 50033731 355329086 14179194824 2019273404 140 17850244 2081394316
======================
   8      16 sdb 28964288 368941 2594494378 62067884 50035630 355329086 14180167112 2019412112 135 17851244 2081533676
======================
   8      16 sdb 28964293 368941 2594494418 62068048 50037548 355329086 14181149128 2019548376 146 17852248 2081670392
======================
   8      16 sdb 28964297 368941 2594494450 62068196 50039460 355329086 14182128072 2019686736 139 17853256 2081808432
======================
   8      16 sdb 28964301 368941 2594494482 62068368 50041388 355329086 14183115208 2019823988 72 17854260 2081944584
======================
   8      16 sdb 28964304 368941 2594494506 62068508 50043314 355329086 14184101320 2019956412 137 17855264 2082078460
======================
   8      16 sdb 28964309 368941 2594494546 62068764 50045241 355329137 14185086336 2020080432 129 17856264 2082202376
======================
   8      16 sdb 28964313 368941 2594494578 62068988 50047161 355329137 14186069376 2020210096 146 17857268 2082331432
======================
   8      16 sdb 28964316 368941 2594494602 62069176 50049083 355329137 14187053440 2020338508 62 17858272 2082459432
======================
   8      16 sdb 28964320 368941 2594494634 62069444 50050982 355329137 14188025728 2020461768 136 17859276 2082584896
======================
   8      16 sdb 28964325 368941 2594494674 62069748 50052879 355329165 14188995200 2020576252 152 17860276 2082699348
======================
   8      16 sdb 28964329 368941 2594494706 62070048 50054806 355329187 14189980992 2020699596 147 17861276 2082819120
======================
   8      16 sdb 28964332 368941 2594494730 62070204 50056731 355329204 14190965720 2020821892 102 17862280 2082945380
======================
   8      16 sdb 28964336 368941 2594494762 62070512 50058658 355329204 14191952344 2020941708 136 17863280 2083065428
======================
   8      16 sdb 28964341 368941 2594494802 62070836 50060504 355329204 14192897496 2021051104 147 17864288 2083180316
======================
   8      16 sdb 28964345 368941 2594494834 62071124 50062508 355329204 14193923544 2021177696 130 17865284 2083299272
======================
   8      16 sdb 28964348 368941 2594494858 62071348 50064417 355329242 14194899240 2021292804 100 17866288 2083417140
======================
   8      16 sdb 28964352 368941 2594494890 62071688 50066262 355329242 14195843880 2021408940 152 17867292 2083536344
======================
   8      16 sdb 28964357 368941 2594494930 62071996 50068187 355329242 14196829480 2021524716 149 17868288 2083651036
======================
   8      16 sdb 28964360 368941 2594494954 62072220 50070114 355329242 14197816104 2021650016 35 17869288 2083773364
======================
   8      16 sdb 28964364 368941 2594494986 62072540 50072063 355329242 14198813992 2021771256 134 17870288 2083896556
======================
   8      16 sdb 28964368 368941 2594495018 62072844 50073803 355329282 14199703176 2021883852 139 17871288 2084010364
======================
   8      16 sdb 28964373 368941 2594495058 62072892 50075710 355329282 14200679560 2022026708 138 17872292 2084153008
======================
   8      16 sdb 28964376 368941 2594495082 62072920 50077558 355329282 14201625736 2022168908 146 17873296 2084295772
======================
   8      16 sdb 28964380 368941 2594495114 62072976 50079517 355329282 14202628744 2022312404 140 17874300 2084438928
======================
   8      16 sdb 28964384 368941 2594495146 62073056 50081445 355329282 14203615880 2022454052 149 17875304 2084580404
======================
   8      16 sdb 28964388 368941 2594495178 62073172 50083365 355329305 14204598600 2022591356 101 17876308 2084717528
======================
   8      16 sdb 28964392 368941 2594495210 62073348 50085286 355329305 14205582152 2022725916 131 17877312 2084852752
======================
   8      16 sdb 28964396 368941 2594495242 62073372 50087214 355329305 14206569288 2022867772 147 17878316 2084994684
======================
   8      16 sdb 28964400 368941 2594495274 62073420 50089139 355329305 14207554888 2023008364 138 17879316 2085134968
======================
   8      16 sdb 28964404 368941 2594495306 62073516 50090813 355329305 14208411976 2023130764 144 17880320 2085274584
======================
   8      16 sdb 28964408 368941 2594495338 62073580 50092952 355329305 14209507144 2023287232 136 17881324 2085414064
======================
   8      16 sdb 28964412 368941 2594495370 62073692 50094631 355329305 14210366792 2023410916 159 17882328 2085555988
======================
   8      16 sdb 28964416 368941 2594495402 62073820 50096781 355329305 14211467592 2023568452 136 17883332 2085694848
======================
   8      16 sdb 28964420 368941 2594495434 62073992 50098700 355329305 14212450120 2023697588 126 17884336 2085825176
======================
   8      16 sdb 28964424 368941 2594495466 62074160 50100626 355329305 14213436232 2023832680 156 17885336 2085959936
======================
   8      16 sdb 28964428 368941 2594495498 62074348 50102552 355329305 14214422344 2023965496 136 17886340 2086092916
======================
   8      16 sdb 28964432 368941 2594495530 62074568 50104422 355329305 14215379784 2024094464 136 17887344 2086223080
======================
   8      16 sdb 28964436 368941 2594495562 62074784 50106375 355329373 14216379128 2024218768 104 17888348 2086346588
======================
   8      16 sdb 28964440 368941 2594495594 62075032 50108285 355329373 14217355664 2024346424 138 17889352 2086474980
======================
   8      16 sdb 28964444 368941 2594495626 62075304 50110213 355329373 14218342296 2024466908 128 17890356 2086595504
======================
   8      16 sdb 28964447 368941 2594495650 62075520 50112089 355329415 14219300120 2024588516 29 17891364 2086715004
======================
   8      16 sdb 28964452 368941 2594495690 62075872 50114008 355329415 14220282648 2024701108 151 17892368 2086834436
======================
   8      16 sdb 28964456 368941 2594495722 62076152 50115997 355329437 14221300184 2024825220 132 17893372 2086954872
======================
   8      16 sdb 28964460 368941 2594495754 62076456 50117920 355329454 14222283888 2024944312 139 17894372 2087073848
======================
   8      16 sdb 28964464 368941 2594495786 62076756 50119821 355329454 14223257200 2025068384 140 17895376 2087193904
======================
   8      16 sdb 28964468 368941 2594495818 62077016 50121671 355329454 14224204400 2025178984 139 17896380 2087313128
======================
   8      16 sdb 28964472 368941 2594495850 62077164 50123647 355329454 14225216112 2025304524 132 17897388 2087435680
======================
   8      16 sdb 28964476 368941 2594495882 62077504 50125514 355329476 14226171696 2025418452 130 17898392 2087548160
======================
   8      16 sdb 28964480 368941 2594495914 62077776 50127396 355329492 14227133888 2025538968 129 17899396 2087670564
======================
   8      16 sdb 28964484 368941 2594495946 62077816 50129311 355329492 14228114368 2025681772 134 17900400 2087813460
======================
   8      16 sdb 28964488 368941 2594495978 62077856 50131236 355329492 14229099968 2025824332 153 17901400 2087955852
======================
   8      16 sdb 28964492 368941 2594496010 62077928 50133136 355329492 14230072768 2025966488 141 17902404 2088099012
======================
   8      16 sdb 28964495 368941 2594496034 62077980 50135044 355329515 14231049344 2026107368 123 17903408 2088240024
======================
   8      16 sdb 28964500 368941 2594496074 62078436 50136962 355329515 14232031360 2026240980 141 17904408 2088373008
======================
   8      16 sdb 28964504 368941 2594496106 62078460 50138885 355329515 14233015936 2026382660 134 17905412 2088514888
======================
   8      16 sdb 28964508 368941 2594496138 62078508 50140807 355329515 14234000000 2026524328 128 17906416 2088656640
======================
   8      16 sdb 28964511 368941 2594496162 62078552 50142732 355329515 14234985600 2026666008 115 17907416 2088797864
======================
   8      16 sdb 28964516 368941 2594496202 62078672 50144653 355329515 14235969664 2026802784 135 17908420 2088935232
======================
   8      16 sdb 28964520 368941 2594496234 62078772 50146575 355329515 14236953216 2026942180 128 17909424 2089074844
======================
   8      16 sdb 28964524 368941 2594496266 62078896 50148477 355329515 14237927040 2027080664 134 17910424 2089211376
======================
   8      16 sdb 28964527 368941 2594496290 62079008 50150358 355329515 14238890112 2027215496 143 17911428 2089349508
======================
   8      16 sdb 28964532 368941 2594496330 62079216 50152300 355329554 14239883720 2027343236 152 17912428 2089476060
======================
   8      16 sdb 28964539 368941 2594496386 62079524 50154222 355329571 14240866408 2027470584 149 17913432 2089603316
======================
   8      16 sdb 28964542 368941 2594496410 62079756 50156140 355329571 14241848424 2027595580 24 17914436 2089725472
======================
   8      16 sdb 28964546 368941 2594496442 62080068 50158064 355329571 14242833512 2027715824 148 17915436 2089849356
======================
   8      16 sdb 28964551 368941 2594496482 62080400 50159983 355329571 14243816040 2027830152 144 17916440 2089964288
======================
   8      16 sdb 28964555 368941 2594496514 62080700 50161882 355329593 14244787496 2027951336 149 17917444 2090084784
======================
   8      16 sdb 28964558 368941 2594496538 62080924 50163782 355329593 14245760296 2028077088 64 17918444 2090210328
======================
   8      16 sdb 28964562 368941 2594496570 62081236 50165701 355329593 14246742824 2028197236 137 17919444 2090332196
======================
   8      16 sdb 28964567 368941 2594496610 62081564 50167623 355329593 14247726888 2028312176 157 17920448 2090447480
======================
   8      16 sdb 28964571 368941 2594496642 62081860 50169547 355329593 14248711976 2028433792 131 17921448 2090567928
======================
   8      16 sdb 28964574 368941 2594496666 62082088 50171471 355329616 14249696240 2028552104 57 17922448 2090685920
======================
   8      16 sdb 28964578 368941 2594496698 62082388 50173390 355329616 14250678768 2028672052 133 17923448 2090808300
======================
   8      16 sdb 28964579 368941 2594496706 62082464 50174006 355329700 14250987256 2028711508 0 17923760 2090842400
======================
   8      16 sdb 28964579 368941 2594496706 62082464 50174006 355329700 14250987256 2028711508 0 17923760 2090842400
======================
   8      16 sdb 28964579 368941 2594496706 62082464 50174006 355329700 14250987256 2028711508 0 17923760 2090842400
======================
   8      16 sdb 28964579 368941 2594496706 62082464 50174006 355329700 14250987256 2028711508 0 17923760 2090842400
======================
   8      16 sdb 28964579 368941 2594496706 62082464 50174006 355329700 14250987256 2028711508 0 17923760 2090842400
started
======================
   8      16 sdb 28964579 368941 2594496706 62082464 50174006 355329700 14250987256 2028711508 0 17923760 2090842400
======================
   8      16 sdb 28964584 368941 2594496746 62082468 50174006 355329700 14250987256 2028711508 0 17923764 2090842404
======================
   8      16 sdb 28964584 368941 2594496746 62082468 50174006 355329700 14250987256 2028711508 0 17923764 2090842404
======================
   8      16 sdb 28964584 368941 2594496746 62082468 50175926 355329700 14251970296 2028726080 0 17923908 2090856972
======================
   8      16 sdb 28964584 368941 2594496746 62082468 50178493 355329700 14253285112 2028839092 154 17924796 2090975480
======================
   8      16 sdb 28964584 368941 2594496746 62082468 50180229 355329700 14254173432 2028981916 146 17925796 2091117656
======================
   8      16 sdb 28964585 368941 2594496754 62082556 50182159 355329701 14255161104 2029124428 143 17926804 2091260848
======================
   8      16 sdb 28964585 368941 2594496754 62082556 50183932 355329701 14256068368 2029267076 130 17927808 2091403220
======================
   8      16 sdb 28964585 368941 2594496754 62082556 50185758 355329701 14257003280 2029408988 128 17928816 2091545164
======================
   8      16 sdb 28964585 368941 2594496754 62082556 50187454 355329701 14257871632 2029547896 128 17929820 2091686820
======================
   8      16 sdb 28964585 368941 2594496754 62082556 50188992 355329701 14258659088 2029693240 144 17930828 2091829672
======================
   8      16 sdb 28964585 368941 2594496754 62082556 50190870 355329702 14259619624 2029835544 138 17931828 2091971712
======================
   8      16 sdb 28964585 368941 2594496754 62082556 50192681 355329702 14260546856 2029978212 151 17932832 2092114212
======================
   8      16 sdb 28964585 368941 2594496754 62082556 50194495 355329702 14261475624 2030121036 129 17933836 2092257136
======================
   8      16 sdb 28964585 368941 2594496754 62082556 50196199 355329702 14262348072 2030263616 153 17934840 2092400156
======================
   8      16 sdb 28964585 368941 2594496754 62082556 50198001 355329702 14263270696 2030406752 143 17935844 2092543036
======================
   8      16 sdb 28964585 368941 2594496754 62082556 50199762 355329703 14264171328 2030549524 144 17936848 2092685560
======================
   8      16 sdb 28964585 368941 2594496754 62082556 50201520 355329703 14265071424 2030689660 146 17937852 2092828196
======================
   8      16 sdb 28964585 368941 2594496754 62082556 50203422 355329703 14266045248 2030834856 132 17938856 2092971064
======================
   8      16 sdb 28964585 368941 2594496754 62082556 50205153 355329703 14266931520 2030976044 129 17939904 2093119944
======================
   8      16 sdb 28964585 368941 2594496754 62082556 50206840 355329703 14267795264 2031119308 138 17940908 2093262208
======================
   8      16 sdb 28964585 368941 2594496754 62082556 50208645 355329704 14268718424 2031261456 137 17941912 2093404768
======================
   8      16 sdb 28964585 368941 2594496754 62082556 50210434 355329704 14269634392 2031403788 130 17942912 2093546332
======================
   8      16 sdb 28964585 368941 2594496754 62082556 50212200 355329704 14270538584 2031548548 144 17943916 2093691456
======================
   8      16 sdb 28964585 368941 2594496754 62082556 50213981 355329704 14271450456 2031690424 155 17944920 2093833468
======================
   8      16 sdb 28964585 368941 2594496754 62082556 50215865 355329704 14272415576 2031833212 145 17945924 2093976436
======================
   8      16 sdb 28964585 368941 2594496754 62082556 50217673 355329705 14273339760 2031976292 145 17946924 2094119176
======================
   8      16 sdb 28964585 368941 2594496754 62082556 50219458 355329705 14274253680 2032118768 152 17947928 2094261712
======================
   8      16 sdb 28964585 368941 2594496754 62082556 50221220 355329705 14275155824 2032260876 150 17948928 2094403900
======================
   8      16 sdb 28964585 368941 2594496754 62082556 50222969 355329705 14276051312 2032403776 129 17949932 2094546584
======================
   8      16 sdb 28964585 368941 2594496754 62082556 50224803 355329705 14276990320 2032546060 151 17950936 2094688980
======================
   8      16 sdb 28964585 368941 2594496754 62082556 50226531 355329706 14277874056 2032687812 153 17951936 2094830364
======================
   8      16 sdb 28964585 368941 2594496754 62082556 50228387 355329706 14278824328 2032830296 153 17952940 2094973180
======================
   8      16 sdb 28964585 368941 2594496754 62082556 50230054 355329706 14279677832 2032970864 150 17953944 2095115656
======================
   8      16 sdb 28964585 368941 2594496754 62082556 50231957 355329706 14280652168 2033114880 135 17954944 2095257596
======================
   8      16 sdb 28964585 368941 2594496754 62082556 50233640 355329706 14281513864 2033257308 148 17955948 2095400600
======================
   8      16 sdb 28964585 368941 2594496754 62082556 50235410 355329707 14282419104 2033400144 140 17956952 2095543496
======================
   8      16 sdb 28964585 368941 2594496754 62082556 50237229 355329707 14283350432 2033543564 145 17957956 2095686844
======================
   8      16 sdb 28964585 368941 2594496754 62082556 50238958 355329707 14284235680 2033684760 144 17958960 2095830336
======================
   8      16 sdb 28964585 368941 2594496754 62082556 50240753 355329707 14285154720 2033831536 142 17959960 2095976036
======================
   8      16 sdb 28964585 368941 2594496754 62082556 50242559 355329707 14286079392 2033974820 128 17960964 2096118928
======================
   8      16 sdb 28964585 368941 2594496754 62082556 50244389 355329708 14287015352 2034118104 153 17961972 2096262520
======================
   8      16 sdb 28964585 368941 2594496754 62082556 50246103 355329708 14287892920 2034259820 138 17962976 2096404480
======================
   8      16 sdb 28964585 368941 2594496754 62082556 50248022 355329708 14288875448 2034402340 139 17963980 2096547064
======================
   8      16 sdb 28964585 368941 2594496754 62082556 50249774 355329708 14289772472 2034545712 147 17964980 2096690184
======================
   8      16 sdb 28964585 368941 2594496754 62082556 50251574 355329708 14290694072 2034688828 139 17965984 2096833396
======================
   8      16 sdb 28964585 368941 2594496754 62082556 50253319 355329709 14291586512 2034831408 156 17966988 2096976496
======================
   8      16 sdb 28964585 368941 2594496754 62082556 50255138 355329709 14292517840 2034975188 129 17967996 2097119820
======================
   8      16 sdb 28964585 368941 2594496754 62082556 50256793 355329709 14293365200 2035116072 138 17968996 2097261584
======================
   8      16 sdb 28964585 368941 2594496754 62082556 50258366 355329709 14294170576 2035256932 133 17970004 2097404920
======================
   8      16 sdb 28964585 368941 2594496754 62082556 50259895 355329709 14294953424 2035402064 140 17971012 2097547540
======================
   8      16 sdb 28964585 368941 2594496754 62082556 50261384 355329710 14295714792 2035546384 157 17972016 2097691500
======================
   8      16 sdb 28964585 368941 2594496754 62082556 50263219 355329710 14296654312 2035690156 146 17973020 2097834560
======================
   8      16 sdb 28964585 368941 2594496754 62082556 50264799 355329710 14297463272 2035831740 134 17974024 2097977180
======================
   8      16 sdb 28964585 368941 2594496754 62082556 50266407 355329710 14298286568 2035974228 135 17975028 2098119700
======================
   8      16 sdb 28964585 368941 2594496754 62082556 50267949 355329710 14299076072 2036117268 152 17976028 2098262580
======================
   8      16 sdb 28964585 368941 2594496754 62082556 50269471 355329711 14299854848 2036260148 136 17977032 2098407712
======================
   8      16 sdb 28964585 368941 2594496754 62082556 50271364 355329711 14300823552 2036403672 131 17978036 2098550308
======================
   8      16 sdb 28964585 368941 2594496754 62082556 50272872 355329711 14301595648 2036546740 159 17979040 2098693748
======================
   8      16 sdb 28964585 368941 2594496754 62082556 50274414 355329711 14302385152 2036695696 156 17980060 2098844088
======================
   8      16 sdb 28964585 368941 2594496754 62082556 50275904 355329711 14303148032 2036838108 138 17981064 2098986804
======================
   8      16 sdb 28964585 368941 2594496754 62082556 50277466 355329712 14303946776 2036982372 146 17982064 2099130024
======================
   8      16 sdb 28964585 368941 2594496754 62082556 50278945 355329712 14304704024 2037126264 139 17983068 2099274848
