======================
   8      32 sdc 1332484 12462 157497112 9196292 16140307 393260617 6632095880 3940147740 0 27954952 3950122868
======================
   8      32 sdc 1332484 12462 157497112 9196292 16140307 393260617 6632095880 3940147740 0 27954952 3950122868
======================
   8      32 sdc 1332487 12462 157497136 9196332 16140307 393260617 6632095880 3940147740 0 27954992 3950122908
======================
   8      32 sdc 1332487 12462 157497136 9196332 16140307 393260617 6632095880 3940147740 0 27954992 3950122908
======================
   8      32 sdc 1332488 12462 157497144 9196352 16141510 393260617 6632711816 3940182336 131 27955600 3950195584
======================
   8      32 sdc 1332488 12462 157497144 9196352 16141779 393260617 6632849544 3940325564 150 27956604 3950339672
======================
   8      32 sdc 1332488 12462 157497144 9196352 16142035 393260617 6632980616 3940468744 150 27957604 3950482848
======================
   8      32 sdc 1332488 12462 157497144 9196352 16142306 393260617 6633119368 3940614044 136 27958608 3950627076
======================
   8      32 sdc 1332488 12462 157497144 9196352 16142544 393260640 6633240400 3940744172 155 27959612 3950775076
======================
   8      32 sdc 1332488 12462 157497144 9196352 16142847 393260640 6633395536 3940932964 140 27960616 3950920080
======================
   8      32 sdc 1332488 12462 157497144 9196352 16142999 393260640 6633473360 3940962152 148 27961696 3951072476
======================
   8      32 sdc 1332488 12462 157497144 9196352 16143628 393260640 6633795920 3941236600 145 27962700 3951218612
======================
   8      32 sdc 1332488 12462 157497144 9196352 16144508 393260640 6634245968 3941340540 143 27963712 3951365364
======================
   8      32 sdc 1332488 12462 157497144 9196352 16145396 393260640 6634700624 3941527204 151 27964732 3951515276
======================
   8      32 sdc 1332488 12462 157497144 9196352 16145828 393260640 6634921808 3941624896 135 27965740 3951658668
======================
   8      32 sdc 1332488 12462 157497144 9196352 16146712 393260640 6635374416 3941810312 147 27966744 3951801936
======================
   8      32 sdc 1332488 12462 157497144 9196352 16147367 393260640 6635709776 3941954844 132 27967748 3951945528
======================
   8      32 sdc 1332489 12462 157497152 9196528 16148016 393260640 6636042064 3942086968 153 27968752 3952078504
======================
   8      32 sdc 1332489 12462 157497152 9196528 16148652 393260640 6636367696 3942230480 157 27969756 3952221992
======================
   8      32 sdc 1332489 12462 157497152 9196528 16149294 393260640 6636696400 3942373960 155 27970756 3952365016
======================
   8      32 sdc 1332489 12462 157497152 9196528 16149935 393260640 6637024592 3942516644 154 27971760 3952508064
======================
   8      32 sdc 1332489 12462 157497152 9196528 16150576 393260640 6637352784 3942660832 153 27972764 3952651624
======================
   8      32 sdc 1332489 12462 157497152 9196528 16151227 393260640 6637686096 3942803668 142 27973768 3952795332
======================
   8      32 sdc 1332489 12462 157497152 9196528 16151869 393260640 6638014800 3942947108 140 27974772 3952938796
======================
   8      32 sdc 1332489 12462 157497152 9196528 16152533 393260640 6638354768 3943091460 148 27975776 3953082284
======================
   8      32 sdc 1332489 12462 157497152 9196528 16153199 393260640 6638695760 3943234236 154 27976776 3953225272
======================
   8      32 sdc 1332489 12462 157497152 9196528 16153823 393260640 6639015248 3943378144 138 27977780 3953369956
======================
   8      32 sdc 1332489 12462 157497152 9196528 16154393 393260640 6639307088 3943508904 144 27978784 3953513868
======================
   8      32 sdc 1332489 12462 157497152 9196528 16154974 393260640 6639604560 3943666904 139 27979788 3953657444
======================
   8      32 sdc 1332490 12462 157497160 9196740 16155635 393260640 6639942992 3943794972 140 27980792 3953785924
======================
   8      32 sdc 1332490 12462 157497160 9196740 16156287 393260640 6640276816 3943933684 128 27981796 3953928908
======================
   8      32 sdc 1332490 12462 157497160 9196740 16156949 393260640 6640615760 3944080040 138 27982800 3954072508
======================
   8      32 sdc 1332490 12462 157497160 9196740 16157573 393260640 6640935248 3944223792 154 27983800 3954215724
======================
   8      32 sdc 1332490 12462 157497160 9196740 16158231 393260640 6641272144 3944368796 136 27984808 3954359888
======================
   8      32 sdc 1332490 12462 157497160 9196740 16158877 393260640 6641602896 3944511888 130 27985812 3954503528
======================
   8      32 sdc 1332490 12462 157497160 9196740 16159496 393260640 6641919824 3944650596 151 27986816 3954647904
======================
   8      32 sdc 1332490 12462 157497160 9196740 16160186 393260640 6642273104 3944800000 133 27987820 3954791236
======================
   8      32 sdc 1332490 12462 157497160 9196740 16160844 393260640 6642610000 3944943016 147 27988828 3954935416
======================
   8      32 sdc 1332490 12462 157497160 9196740 16161482 393260640 6642936656 3945085592 149 27989832 3955078940
======================
   8      32 sdc 1332490 12462 157497160 9196740 16162127 393260640 6643266896 3945229888 144 27990832 3955222116
======================
   8      32 sdc 1332490 12462 157497160 9196740 16162763 393260640 6643592528 3945373536 148 27991836 3955365888
======================
   8      32 sdc 1332491 12462 157497168 9196960 16163395 393260640 6643916112 3945503328 144 27992840 3955495344
======================
   8      32 sdc 1332491 12462 157497168 9196960 16164059 393260640 6644256080 3945646648 152 27993844 3955638656
======================
   8      32 sdc 1332491 12462 157497168 9196960 16164703 393260640 6644585808 3945789780 148 27994852 3955782952
======================
   8      32 sdc 1332491 12462 157497168 9196960 16165316 393260640 6644899664 3945926520 143 27995856 3955926384
======================
   8      32 sdc 1332491 12462 157497168 9196960 16165998 393260640 6645248848 3946076396 133 27996856 3956069500
======================
   8      32 sdc 1332491 12462 157497168 9196960 16166623 393260640 6645568848 3946219764 148 27997864 3956213660
======================
   8      32 sdc 1332491 12462 157497168 9196960 16167268 393260640 6645899088 3946365184 143 27998872 3956357652
======================
   8      32 sdc 1332491 12462 157497168 9196960 16167938 393260640 6646242128 3946508516 145 27999872 3956500716
======================
   8      32 sdc 1332491 12462 157497168 9196960 16168614 393260640 6646588240 3946651932 141 28000876 3956644168
======================
   8      32 sdc 1332491 12462 157497168 9196960 16169290 393260640 6646934352 3946795276 137 28001880 3956787464
======================
   8      32 sdc 1332491 12462 157497168 9196960 16169914 393260640 6647253840 3946937344 153 28002884 3956930800
======================
   8      32 sdc 1332491 12462 157497168 9196960 16170546 393260640 6647577424 3947082204 129 28003888 3957074356
======================
   8      32 sdc 1332492 12462 157497176 9197176 16171199 393260640 6647911760 3947206740 148 28004892 3957199456
======================
   8      32 sdc 1332492 12462 157497176 9197176 16171856 393260640 6648248144 3947349436 131 28005892 3957342380
======================
   8      32 sdc 1332492 12462 157497176 9197176 16172498 393260640 6648576848 3947492900 129 28006896 3957485740
======================
   8      32 sdc 1332492 12462 157497176 9197176 16173154 393260640 6648912720 3947636660 145 28007900 3957629156
======================
   8      32 sdc 1332492 12462 157497176 9197176 16173790 393260640 6649238352 3947779804 149 28008904 3957772952
======================
   8      32 sdc 1332492 12462 157497176 9197176 16174433 393260640 6649567568 3947923336 146 28009908 3957916380
======================
   8      32 sdc 1332492 12462 157497176 9197176 16175075 393260640 6649896272 3948066560 144 28010912 3958059704
======================
   8      32 sdc 1332492 12462 157497176 9197176 16175717 393260640 6650224976 3948210048 142 28011916 3958203128
======================
   8      32 sdc 1332492 12462 157497176 9197176 16176376 393260640 6650562384 3948354312 155 28012920 3958346772
======================
   8      32 sdc 1332492 12462 157497176 9197176 16177030 393260640 6650897232 3948496916 141 28013924 3958490296
======================
   8      32 sdc 1332492 12462 157497176 9197176 16177671 393260640 6651225424 3948640264 140 28014924 3958633360
======================
   8      32 sdc 1332492 12462 157497176 9197176 16178327 393260640 6651561296 3948784688 127 28015928 3958776724
======================
   8      32 sdc 1332493 12462 157497184 9197620 16178835 393260640 6651821392 3948882292 135 28016932 3958875056
======================
   8      32 sdc 1332493 12462 157497184 9197620 16179477 393260640 6652150096 3949023324 133 28017936 3959018332
======================
   8      32 sdc 1332493 12462 157497184 9197620 16180108 393260640 6652473168 3949167256 142 28018936 3959160668
======================
   8      32 sdc 1332493 12462 157497184 9197620 16180784 393260640 6652819280 3949311032 138 28019940 3959303872
======================
   8      32 sdc 1332493 12462 157497184 9197620 16181438 393260640 6653154128 3949453936 156 28020944 3959446680
======================
   8      32 sdc 1332493 12462 157497184 9197620 16182087 393260640 6653486416 3949595888 147 28021948 3959590356
======================
   8      32 sdc 1332493 12462 157497184 9197620 16182712 393260640 6653806416 3949739688 130 28022948 3959733328
======================
   8      32 sdc 1332493 12462 157497184 9197620 16183369 393260640 6654142800 3949884412 145 28023952 3959877300
======================
   8      32 sdc 1332493 12462 157497184 9197620 16184045 393260640 6654488912 3950027928 141 28024956 3960020820
======================
   8      32 sdc 1332493 12462 157497184 9197620 16184689 393260640 6654818640 3950170692 137 28025960 3960164444
======================
   8      32 sdc 1332493 12462 157497184 9197620 16185305 393260640 6655134032 3950311308 129 28026964 3960308068
======================
   8      32 sdc 1332493 12462 157497184 9197620 16185985 393260640 6655482192 3950458796 117 28027968 3960451184
======================
   8      32 sdc 1332494 12462 157497192 9197844 16186601 393260640 6655797584 3950585088 146 28028972 3960581840
======================
   8      32 sdc 1332494 12462 157497192 9197844 16187255 393260640 6656132432 3950731412 132 28029976 3960725252
======================
   8      32 sdc 1332494 12462 157497192 9197844 16187897 393260640 6656461136 3950874736 130 28030980 3960868608
======================
   8      32 sdc 1332494 12462 157497192 9197844 16188539 393260640 6656789840 3951018344 128 28031980 3961011616
======================
   8      32 sdc 1332494 12462 157497192 9197844 16189056 393260640 6657054544 3951159108 155 28032984 3961152108
======================
   8      32 sdc 1332494 12462 157497192 9197844 16189703 393260640 6657385808 3951302112 148 28033988 3961295664
======================
   8      32 sdc 1332494 12462 157497192 9197844 16190345 393260640 6657714512 3951445736 146 28034992 3961439504
======================
   8      32 sdc 1332494 12462 157497192 9197844 16191021 393260640 6658060624 3951589884 142 28035996 3961583068
======================
   8      32 sdc 1332494 12462 157497192 9197844 16191681 393260640 6658398544 3951732296 154 28037000 3961726300
======================
   8      32 sdc 1332494 12462 157497192 9197844 16192305 393260640 6658718032 3951875168 138 28038004 3961869900
======================
   8      32 sdc 1332494 12462 157497192 9197844 16192953 393260640 6659049808 3952020260 130 28039008 3962013344
======================
   8      32 sdc 1332494 12462 157497192 9197844 16193629 393260640 6659395920 3952163752 153 28040008 3962156412
======================
   8      32 sdc 1332495 12462 157497200 9198836 16193822 393260640 6659494736 3952226648 143 28041012 3962206180
======================
   8      32 sdc 1332495 12462 157497200 9198836 16194944 393260640 6660069200 3952355160 153 28042016 3962349640
======================
   8      32 sdc 1332495 12462 157497200 9198836 16195567 393260640 6660388176 3952497816 138 28043020 3962493380
======================
   8      32 sdc 1332495 12462 157497200 9198836 16196202 393260640 6660713296 3952642568 143 28044020 3962636336
======================
   8      32 sdc 1332495 12462 157497200 9198836 16196730 393260640 6660983632 3952782632 131 28045024 3962776484
======================
   8      32 sdc 1332495 12462 157497200 9198836 16197371 393260640 6661311824 3952925632 158 28046028 3962920212
======================
   8      32 sdc 1332495 12462 157497200 9198836 16198019 393260640 6661643600 3953069696 150 28047032 3963063788
======================
   8      32 sdc 1332495 12462 157497200 9198836 16198683 393260640 6661983568 3953212852 158 28048036 3963207192
======================
   8      32 sdc 1332495 12462 157497200 9198836 16199332 393260640 6662315856 3953355772 149 28049040 3963350792
======================
   8      32 sdc 1332495 12462 157497200 9198836 16199974 393260640 6662644560 3953499288 147 28050044 3963494408
======================
   8      32 sdc 1332495 12462 157497200 9198836 16200606 393260640 6662968144 3953640808 155 28051044 3963637592
======================
   8      32 sdc 1332495 12462 157497200 9198836 16201248 393260640 6663296848 3953784724 153 28052048 3963781580
======================
   8      32 sdc 1332496 12462 157497208 9198964 16201897 393260640 6663629136 3953919276 140 28053052 3963913588
======================
   8      32 sdc 1332496 12462 157497208 9198964 16202550 393260640 6663963472 3954062956 143 28054056 3964057376
======================
   8      32 sdc 1332496 12462 157497208 9198964 16203191 393260640 6664291664 3954206304 158 28055060 3964201280
======================
   8      32 sdc 1332496 12462 157497208 9198964 16203844 393260640 6664626000 3954351152 145 28056064 3964345436
======================
   8      32 sdc 1332496 12462 157497208 9198964 16204489 393260640 6664956240 3954493540 140 28057068 3964489372
======================
   8      32 sdc 1332496 12462 157497208 9198964 16205103 393260640 6665270608 3954636608 134 28058068 3964632208
======================
   8      32 sdc 1332496 12462 157497208 9198964 16205762 393260640 6665608016 3954781660 147 28059072 3964775908
======================
   8      32 sdc 1332496 12462 157497208 9198964 16206438 393260640 6665954128 3954925108 143 28060076 3964919508
======================
   8      32 sdc 1332496 12462 157497208 9198964 16207114 393260640 6666300240 3955068684 139 28061080 3965063224
======================
   8      32 sdc 1332496 12462 157497208 9198964 16207782 393260640 6666642256 3955211260 143 28062080 3965206420
======================
   8      32 sdc 1332496 12462 157497208 9198964 16208392 393260640 6666954576 3955351164 141 28063084 3965349780
======================
   8      32 sdc 1332496 12462 157497208 9198964 16209045 393260640 6667288912 3955499716 65 28064088 3965489220
======================
   8      32 sdc 1332497 12462 157497216 9199180 16209699 393260640 6667623760 3955631092 146 28065092 3965625632
======================
   8      32 sdc 1332497 12462 157497216 9199180 16210355 393260640 6667959632 3955773784 130 28066092 3965768652
======================
   8      32 sdc 1332497 12462 157497216 9199180 16210997 393260640 6668288336 3955917604 128 28067096 3965912428
======================
   8      32 sdc 1332497 12462 157497216 9199180 16211641 393260640 6668618064 3956059416 156 28068100 3966055916
======================
   8      32 sdc 1332497 12462 157497216 9199180 16212289 393260640 6668949840 3956204604 148 28069104 3966199776
======================
   8      32 sdc 1332497 12462 157497216 9199180 16212931 393260640 6669278544 3956348452 146 28070108 3966343744
======================
   8      32 sdc 1332497 12462 157497216 9199180 16213572 393260640 6669606736 3956492364 145 28071112 3966488016
======================
   8      32 sdc 1332497 12462 157497216 9199180 16214217 393260640 6669936976 3956636640 140 28072112 3966631204
======================
   8      32 sdc 1332497 12462 157497216 9199180 16214882 393260640 6670277456 3956780932 147 28073116 3966775256
======================
   8      32 sdc 1332497 12462 157497216 9199180 16215538 393260640 6670613328 3956924016 131 28074120 3966918928
======================
   8      32 sdc 1332497 12462 157497216 9199180 16216180 393260640 6670942032 3957067648 129 28075124 3967062588
======================
   8      32 sdc 1332498 12462 157497224 9199396 16216819 393260640 6671269200 3957204736 130 28076128 3967194588
======================
   8      32 sdc 1332498 12462 157497224 9199396 16217467 393260640 6671600976 3957339420 154 28077132 3967338056
======================
   8      32 sdc 1332498 12462 157497224 9199396 16218123 393260640 6671936848 3957485712 138 28078136 3967481804
======================
   8      32 sdc 1332498 12462 157497224 9199396 16218747 393260640 6672256336 3957629560 154 28079140 3967625544
======================
   8      32 sdc 1332498 12462 157497224 9199396 16219409 393260640 6672595280 3957774448 132 28080140 3967768828
======================
   8      32 sdc 1332498 12462 157497224 9199396 16220085 393260640 6672941392 3957918328 128 28081144 3967912468
======================
   8      32 sdc 1332498 12462 157497224 9199396 16220742 393260640 6673277776 3958060680 143 28082148 3968056424
======================
   8      32 sdc 1332498 12462 157497224 9199396 16221366 393260640 6673597264 3958203868 151 28083152 3968199460
======================
   8      32 sdc 1332498 12462 157497224 9199396 16222018 393260640 6673931088 3958348912 147 28084156 3968343360
======================
   8      32 sdc 1332498 12462 157497224 9199396 16222688 393260640 6674274128 3958492444 149 28085160 3968487092
======================
   8      32 sdc 1332498 12462 157497224 9199396 16223336 393260640 6674605904 3958634816 141 28086164 3968630444
======================
   8      32 sdc 1332498 12462 157497224 9199396 16223979 393260640 6674935120 3958778612 138 28087168 3968774044
======================
   8      32 sdc 1332499 12462 157497232 9199616 16224609 393260640 6675257680 3958907372 150 28088172 3968905496
======================
   8      32 sdc 1332499 12462 157497232 9199616 16225281 393260640 6675601744 3959053424 150 28089176 3969049452
======================
   8      32 sdc 1332499 12462 157497232 9199616 16225923 393260640 6675930448 3959197236 148 28090176 3969192728
======================
   8      32 sdc 1332499 12462 157497232 9199616 16226565 393260640 6676259152 3959340828 146 28091180 3969336348
======================
   8      32 sdc 1332499 12462 157497232 9199616 16227199 393260640 6676583760 3959484848 152 28092184 3969479608
======================
   8      32 sdc 1332499 12462 157497232 9199616 16227859 393260640 6676921680 3959628140 132 28093188 3969623196
======================
   8      32 sdc 1332499 12462 157497232 9199616 16228509 393260640 6677254480 3959771092 154 28094192 3969766748
======================
   8      32 sdc 1332499 12462 157497232 9199616 16229152 393260640 6677583696 3959915028 151 28095196 3969910628
======================
   8      32 sdc 1332499 12462 157497232 9199616 16229821 393260640 6677926224 3960059380 154 28096200 3970054312
======================
   8      32 sdc 1332499 12462 157497232 9199616 16230491 393260640 6678269264 3960202096 156 28097200 3970197404
======================
   8      32 sdc 1332499 12462 157497232 9199616 16231115 393260640 6678588752 3960345232 140 28098204 3970341304
======================
   8      32 sdc 1332499 12462 157497232 9199616 16231752 393260640 6678914896 3960490492 143 28099208 3970485364
======================
   8      32 sdc 1332500 12462 157497240 9200060 16232255 393260640 6679172432 3960598564 153 28100212 3970593272
======================
   8      32 sdc 1332500 12462 157497240 9200060 16232915 393260640 6679510352 3960739176 133 28101216 3970737408
======================
   8      32 sdc 1332500 12462 157497240 9200060 16233607 393260640 6679864656 3960885868 145 28102220 3970880896
======================
   8      32 sdc 1332500 12462 157497240 9200060 16234249 393260640 6680193360 3961027852 143 28103224 3971024548
======================
   8      32 sdc 1332500 12462 157497240 9200060 16234878 393260640 6680515408 3961172940 154 28104228 3971168340
======================
   8      32 sdc 1332500 12462 157497240 9200060 16235554 393260640 6680861520 3961316416 150 28105228 3971311496
======================
   8      32 sdc 1332500 12462 157497240 9200060 16236201 393260640 6681192784 3961459120 143 28106232 3971454948
======================
   8      32 sdc 1332500 12462 157497240 9200060 16236839 393260640 6681519440 3961603676 145 28107236 3971599292
======================
   8      32 sdc 1332500 12462 157497240 9200060 16237498 393260640 6681856848 3961747436 158 28108240 3971742640
======================
   8      32 sdc 1332500 12462 157497240 9200060 16238156 393260640 6682193744 3961890248 140 28109244 3971886300
======================
   8      32 sdc 1332500 12462 157497240 9200060 16238798 393260640 6682522448 3962033688 138 28110248 3972029772
======================
   8      32 sdc 1332500 12462 157497240 9200060 16239440 393260640 6682851152 3962177240 136 28111252 3972173372
======================
   8      32 sdc 1332501 12462 157497248 9200516 16239886 393260640 6683079504 3962280528 138 28112256 3972280300
======================
   8      32 sdc 1332501 12462 157497248 9200516 16240563 393260640 6683426128 3962426944 134 28113260 3972423060
======================
   8      32 sdc 1332501 12462 157497248 9200516 16241222 393260640 6683763536 3962570412 147 28114260 3972566048
======================
   8      32 sdc 1332501 12462 157497248 9200516 16241872 393260640 6684096336 3962713488 137 28115264 3972709772
======================
   8      32 sdc 1332501 12462 157497248 9200516 16242514 393260640 6684425040 3962857656 135 28116268 3972853080
======================
   8      32 sdc 1332501 12462 157497248 9200516 16243190 393260640 6684771152 3963001236 131 28117272 3972996624
======================
   8      32 sdc 1332501 12462 157497248 9200516 16243813 393260640 6685090128 3963144608 148 28118276 3973140688
======================
   8      32 sdc 1332501 12462 157497248 9200516 16244446 393260640 6685414224 3963288132 155 28119280 3973284292
======================
   8      32 sdc 1332501 12462 157497248 9200516 16245122 393260640 6685760336 3963432296 151 28120284 3973428056
======================
   8      32 sdc 1332501 12462 157497248 9200516 16245812 393260640 6686114128 3963580100 133 28121316 3973575716
======================
   8      32 sdc 1332501 12462 157497248 9200516 16246493 393260640 6686462288 3963726156 156 28122336 3973721700
======================
   8      32 sdc 1332501 12462 157497248 9200516 16247117 393260640 6686781776 3963867212 140 28123340 3973865200
======================
   8      32 sdc 1332501 12462 157497248 9200516 16247470 393260640 6686962512 3963946320 40 28124340 3973952860
======================
   8      32 sdc 1332501 12462 157497248 9200516 16247470 393260640 6686962512 3963946320 40 28125392 3973994940
======================
   8      32 sdc 1332502 12462 157497256 9202520 16248911 393260640 6687700304 3964101080 154 28126396 3974100192
======================
   8      32 sdc 1332502 12462 157497256 9202520 16249556 393260640 6688030544 3964243704 149 28127400 3974243804
======================
   8      32 sdc 1332502 12462 157497256 9202520 16250187 393260640 6688353616 3964385720 158 28128404 3974387400
======================
   8      32 sdc 1332502 12462 157497256 9202520 16250853 393260640 6688694608 3964531312 132 28129408 3974531264
======================
   8      32 sdc 1332502 12462 157497256 9202520 16251495 393260640 6689023312 3964674752 130 28130412 3974674792
======================
   8      32 sdc 1332502 12462 157497256 9202520 16252137 393260640 6689352016 3964818364 128 28131416 3974818396
======================
   8      32 sdc 1332502 12462 157497256 9202520 16252779 393260640 6689680720 3964961852 158 28132420 3974961932
======================
   8      32 sdc 1332502 12462 157497256 9202520 16253432 393260640 6690015056 3965105296 145 28133424 3975105544
======================
   8      32 sdc 1332502 12462 157497256 9202520 16254094 393260640 6690354000 3965249196 155 28134428 3975249216
======================
   8      32 sdc 1332502 12462 157497256 9202520 16254745 393260640 6690687312 3965392512 144 28135432 3975393184
======================
   8      32 sdc 1332503 12462 157497264 9202952 16255222 393260640 6690931536 3965504424 133 28136436 3975499816
======================
   8      32 sdc 1332503 12462 157497264 9202952 16255887 393260640 6691272016 3965643024 140 28137440 3975643464
======================
   8      32 sdc 1332503 12462 157497264 9202952 16256564 393260640 6691618640 3965786728 135 28138444 3975786876
======================
   8      32 sdc 1332503 12462 157497264 9202952 16257189 393260640 6691938640 3965928788 150 28139444 3975929844
======================
   8      32 sdc 1332503 12462 157497264 9202952 16257813 393260640 6692258128 3966073340 134 28140448 3976073204
======================
   8      32 sdc 1332503 12462 157497264 9202952 16258490 393260640 6692604752 3966216996 129 28141452 3976216520
======================
   8      32 sdc 1332503 12462 157497264 9202952 16259151 393260640 6692943184 3966359744 140 28142456 3976359548
======================
   8      32 sdc 1332503 12462 157497264 9202952 16259798 393260640 6693274448 3966501768 133 28143460 3976502732
======================
   8      32 sdc 1332503 12462 157497264 9202952 16260422 393260640 6693593936 3966645092 149 28144464 3976646200
======================
   8      32 sdc 1332503 12462 157497264 9202952 16261084 393260640 6693932880 3966790116 137 28145468 3976789492
======================
   8      32 sdc 1332503 12462 157497264 9202952 16261760 393260640 6694278992 3966933408 155 28146472 3976933136
======================
   8      32 sdc 1332503 12462 157497264 9202952 16262402 393260640 6694607696 3967076296 153 28147476 3977076876
======================
   8      32 sdc 1332504 12462 157497272 9203376 16262895 393260640 6694860112 3967187840 139 28148480 3977186320
======================
   8      32 sdc 1332504 12462 157497272 9203376 16263554 393260640 6695197520 3967329436 152 28149484 3977329976
======================
   8      32 sdc 1332504 12462 157497272 9203376 16264209 393260640 6695532880 3967472124 137 28150488 3977473508
======================
   8      32 sdc 1332504 12462 157497272 9203376 16264851 393260640 6695861584 3967616028 135 28151492 3977617128
======================
   8      32 sdc 1332504 12462 157497272 9203376 16265476 393260640 6696182096 3967758980 150 28152496 3977760276
======================
   8      32 sdc 1332504 12462 157497272 9203376 16266113 393260640 6696507728 3967900188 153 28153500 3977904180
======================
   8      32 sdc 1332504 12462 157497272 9203376 16266793 393260640 6696855888 3968047360 145 28154504 3978047868
======================
   8      32 sdc 1332504 12462 157497272 9203376 16267445 393260640 6697189712 3968190596 133 28155512 3978191924
======================
   8      32 sdc 1332504 12462 157497272 9203376 16268088 393260640 6697518928 3968334276 131 28156516 3978335548
======================
   8      32 sdc 1332504 12462 157497272 9203376 16268757 393260640 6697861456 3968478668 133 28157520 3978479268
======================
   8      32 sdc 1332504 12462 157497272 9203376 16269428 393260640 6698205008 3968621240 134 28158524 3978622744
======================
   8      32 sdc 1332504 12462 157497272 9203376 16270052 393260640 6698524496 3968764696 150 28159528 3978766728
======================
   8      32 sdc 1332505 12462 157497280 9203820 16270521 393260640 6698764624 3968881336 129 28160528 3978873752
======================
   8      32 sdc 1332505 12462 157497280 9203820 16271197 393260640 6699110736 3969016668 157 28161532 3979017060
======================
   8      32 sdc 1332505 12462 157497280 9203820 16271874 393260640 6699457360 3969160088 152 28162536 3979160672
======================
   8      32 sdc 1332505 12462 157497280 9203820 16272550 393260640 6699803472 3969303608 148 28163540 3979304300
======================
   8      32 sdc 1332505 12462 157497280 9203820 16273148 393260640 6700109648 3969440288 158 28164544 3979446800
======================
   8      32 sdc 1332505 12462 157497280 9203820 16273818 393260640 6700452688 3969588724 128 28165548 3979590440
======================
   8      32 sdc 1332505 12462 157497280 9203820 16274497 393260640 6700800336 3969733028 153 28166552 3979733952
======================
   8      32 sdc 1332505 12462 157497280 9203820 16275143 393260640 6701131088 3969875848 147 28167556 3979877840
======================
   8      32 sdc 1332505 12462 157497280 9203820 16275787 393260640 6701460816 3970019816 143 28168560 3980021524
======================
   8      32 sdc 1332505 12462 157497280 9203820 16276452 393260640 6701801296 3970163392 150 28169560 3980164196
======================
   8      32 sdc 1332505 12462 157497280 9203820 16277109 393260640 6702137680 3970306520 133 28170564 3980307900
======================
   8      32 sdc 1332505 12462 157497280 9203820 16277730 393260640 6702455632 3970450232 152 28171568 3980451652
======================
   8      32 sdc 1332506 12462 157497288 9204032 16278361 393260640 6702778704 3970581948 128 28172572 3980583528
======================
   8      32 sdc 1332506 12462 157497288 9204032 16278998 393260640 6703104848 3970725580 131 28173576 3980727204
======================
   8      32 sdc 1332506 12462 157497288 9204032 16279646 393260640 6703436624 3970869328 155 28174580 3980870176
======================
   8      32 sdc 1332506 12462 157497288 9204032 16280320 393260640 6703781712 3971012644 153 28175584 3981013872
======================
   8      32 sdc 1332506 12462 157497288 9204032 16280809 393260640 6704032080 3971151868 144 28176588 3981153996
======================
   8      32 sdc 1332506 12462 157497288 9204032 16281474 393260640 6704372560 3971296392 151 28177592 3981297576
======================
   8      32 sdc 1332506 12462 157497288 9204032 16282150 393260640 6704718672 3971439768 147 28178596 3981441108
======================
   8      32 sdc 1332506 12462 157497288 9204032 16282772 393260640 6705037136 3971581088 133 28179596 3981583992
======================
   8      32 sdc 1332506 12462 157497288 9204032 16283406 393260640 6705361744 3971726000 139 28180600 3981727188
======================
   8      32 sdc 1332506 12462 157497288 9204032 16284082 393260640 6705707856 3971869788 135 28181604 3981870564
======================
   8      32 sdc 1332506 12462 157497288 9204032 16284759 393260640 6706054480 3972013428 130 28182608 3982013968
======================
   8      32 sdc 1332506 12462 157497288 9204032 16285434 393260640 6706400080 3972156764 155 28183612 3982157616
======================
   8      32 sdc 1332507 12462 157497296 9204272 16286050 393260640 6706715472 3972284700 153 28184616 3982287048
======================
   8      32 sdc 1332507 12462 157497296 9204272 16286675 393260640 6707035472 3972428704 136 28185620 3982431116
======================
   8      32 sdc 1332507 12462 157497296 9204272 16287339 393260640 6707375440 3972573036 144 28186624 3982574240
======================
   8      32 sdc 1332507 12462 157497296 9204272 16288004 393260640 6707715920 3972715868 151 28187628 3982717940
======================
   8      32 sdc 1332507 12462 157497296 9204272 16288632 393260640 6708037456 3972859280 131 28188632 3982860940
======================
   8      32 sdc 1332507 12462 157497296 9204272 16289296 393260640 6708377424 3973002728 139 28189632 3983004084
======================
   8      32 sdc 1332507 12462 157497296 9204272 16289929 393260640 6708701520 3973140108 146 28190636 3983147576
======================
   8      32 sdc 1332507 12462 157497296 9204272 16290594 393260640 6709042000 3973289056 153 28191640 3983291272
======================
   8      32 sdc 1332507 12462 157497296 9204272 16291236 393260640 6709370704 3973432676 151 28192644 3983434884
======================
   8      32 sdc 1332507 12462 157497296 9204272 16291878 393260640 6709699408 3973576188 149 28193648 3983578440
======================
   8      32 sdc 1332507 12462 157497296 9204272 16292528 393260640 6710032208 3973719688 139 28194652 3983721864
======================
   8      32 sdc 1332507 12462 157497296 9204272 16293202 393260640 6710377296 3973863416 137 28195652 3983864728
======================
   8      32 sdc 1332508 12462 157497304 9204500 16293823 393260640 6710695248 3973992264 127 28196656 3983994116
======================
   8      32 sdc 1332508 12462 157497304 9204500 16294470 393260640 6711026512 3974136500 152 28197660 3984137964
======================
   8      32 sdc 1332508 12462 157497304 9204500 16295146 393260640 6711372624 3974279936 148 28198664 3984281568
======================
   8      32 sdc 1332508 12462 157497304 9204500 16295799 393260640 6711706960 3974422676 135 28199668 3984425396
======================
   8      32 sdc 1332508 12462 157497304 9204500 16296424 393260640 6712026960 3974566924 150 28200672 3984568400
======================
   8      32 sdc 1332508 12462 157497304 9204500 16297095 393260640 6712370512 3974710392 151 28201676 3984711932
======================
   8      32 sdc 1332508 12462 157497304 9204500 16297771 393260640 6712716624 3974854068 147 28202680 3984855644
======================
   8      32 sdc 1332508 12462 157497304 9204500 16298444 393260640 6713061200 3974997000 146 28203684 3984999380
======================
   8      32 sdc 1332508 12462 157497304 9204500 16299068 393260640 6713380688 3975139972 130 28204684 3985142284
======================
   8      32 sdc 1332508 12462 157497304 9204500 16299702 393260640 6713705296 3975286456 136 28205688 3985285680
======================
   8      32 sdc 1332508 12462 157497304 9204500 16300378 393260640 6714051408 3975427860 132 28206692 3985429204
======================
   8      32 sdc 1332508 12462 157497304 9204500 16301038 393260640 6714389328 3975570688 144 28207696 3985572884
======================
   8      32 sdc 1332509 12462 157497312 9204732 16301653 393260640 6714704208 3975698884 136 28208700 3985701540
======================
   8      32 sdc 1332509 12462 157497312 9204732 16302310 393260640 6715040592 3975843056 151 28209704 3985845008
======================
   8      32 sdc 1332509 12462 157497312 9204732 16302968 393260640 6715377488 3975987076 133 28210708 3985989064
======================
   8      32 sdc 1332509 12462 157497312 9204732 16303619 393260640 6715710800 3976130004 154 28211712 3986132816
======================
   8      32 sdc 1332509 12462 157497312 9204732 16304246 393260640 6716031824 3976273932 135 28212716 3986276544
======================
   8      32 sdc 1332509 12462 157497312 9204732 16304884 393260640 6716358480 3976417236 137 28213720 3986420188
======================
   8      32 sdc 1332509 12462 157497312 9204732 16305548 393260640 6716698448 3976561372 145 28214720 3986563184
======================
   8      32 sdc 1332509 12462 157497312 9204732 16306182 393260640 6717023056 3976699320 151 28215724 3986707352
======================
   8      32 sdc 1332509 12462 157497312 9204732 16306837 393260640 6717358416 3976847424 136 28216728 3986851072
======================
   8      32 sdc 1332509 12462 157497312 9204732 16307497 393260640 6717696336 3976993024 148 28217732 3986994800
======================
   8      32 sdc 1332509 12462 157497312 9204732 16308173 393260640 6718042448 3977136540 144 28218736 3987138420
======================
   8      32 sdc 1332509 12462 157497312 9204732 16308807 393260640 6718367056 3977278976 79 28219740 3987278644
======================
   8      32 sdc 1332510 12462 157497320 9205172 16309281 393260640 6718609744 3977385200 157 28220744 3987388668
======================
   8      32 sdc 1332510 12462 157497320 9205172 16309942 393260640 6718948176 3977530144 136 28221748 3987532588
======================
   8      32 sdc 1332510 12462 157497320 9205172 16310612 393260640 6719291216 3977673632 138 28222748 3987675652
======================
   8      32 sdc 1332510 12462 157497320 9205172 16311282 393260640 6719634256 3977817252 140 28223752 3987819516
======================
   8      32 sdc 1332510 12462 157497320 9205172 16311898 393260640 6719949648 3977959476 132 28224756 3987962708
======================
   8      32 sdc 1332510 12462 157497320 9205172 16312541 393260640 6720278864 3978104284 129 28225760 3988106256
======================
   8      32 sdc 1332510 12462 157497320 9205172 16313194 393260640 6720613200 3978244020 148 28226764 3988250020
======================
   8      32 sdc 1332510 12462 157497320 9205172 16313864 393260640 6720956240 3978390544 150 28227768 3988393640
======================
   8      32 sdc 1332510 12462 157497320 9205172 16314505 393260640 6721284432 3978534340 149 28228772 3988537128
======================
   8      32 sdc 1332510 12462 157497320 9205172 16315169 393260640 6721624400 3978677540 156 28229772 3988679672
======================
   8      32 sdc 1332510 12462 157497320 9205172 16315817 393260640 6721956176 3978820236 149 28230776 3988823108
======================
   8      32 sdc 1332510 12462 157497320 9205172 16316456 393260640 6722283344 3978963336 78 28231780 3988963280
======================
   8      32 sdc 1332510 12462 157497320 9205172 16316502 393260640 6722306896 3978977984 32 28232784 3989001188
======================
   8      32 sdc 1332511 12462 157497328 9207056 16317564 393260640 6722850640 3979061196 151 28233788 3989059276
======================
   8      32 sdc 1332511 12462 157497328 9207056 16318219 393260640 6723186000 3979197856 136 28234788 3989201996
======================
   8      32 sdc 1332511 12462 157497328 9207056 16318884 393260640 6723526480 3979340984 143 28235792 3989345244
======================
   8      32 sdc 1332511 12462 157497328 9207056 16319518 393260640 6723851088 3979483884 149 28236796 3989488688
======================
   8      32 sdc 1332511 12462 157497328 9207056 16320118 393260640 6724158288 3979614352 157 28237800 3989633272
======================
   8      32 sdc 1332511 12462 157497328 9207056 16320853 393260640 6724534608 3979772680 158 28238804 3989777480
======================
   8      32 sdc 1332511 12462 157497328 9207056 16321477 393260640 6724854096 3979915772 142 28239808 3989921372
======================
   8      32 sdc 1332511 12462 157497328 9207056 16322115 393260640 6725180752 3980060500 144 28240812 3990064852
======================
   8      32 sdc 1332511 12462 157497328 9207056 16322791 393260640 6725526864 3980204008 140 28241816 3990208368
======================
   8      32 sdc 1332511 12462 157497328 9207056 16323468 393260640 6725873488 3980347560 135 28242816 3990351140
======================
   8      32 sdc 1332511 12462 157497328 9207056 16324136 393260640 6726215504 3980492600 78 28243824 3990491768
======================
   8      32 sdc 1332512 12462 157497336 9207236 16324742 393260640 6726525776 3980618704 135 28244828 3990624012
======================
   8      32 sdc 1332512 12462 157497336 9207236 16325367 393260640 6726845776 3980762356 142 28245832 3990767856
======================
   8      32 sdc 1332512 12462 157497336 9207236 16326043 393260640 6727191888 3980906904 138 28246832 3990910876
======================
   8      32 sdc 1332512 12462 157497336 9207236 16326692 393260640 6727524176 3981046520 129 28247836 3991054388
======================
   8      32 sdc 1332512 12462 157497336 9207236 16327329 393260640 6727850320 3981193332 132 28248840 3991198096
======================
   8      32 sdc 1332512 12462 157497336 9207236 16328006 393260640 6728196944 3981337488 135 28249844 3991341560
======================
   8      32 sdc 1332512 12462 157497336 9207236 16328658 393260640 6728530768 3981479908 147 28250848 3991485020
======================
   8      32 sdc 1332512 12462 157497336 9207236 16329300 393260640 6728859472 3981623720 145 28251852 3991628732
======================
   8      32 sdc 1332512 12462 157497336 9207236 16329937 393260640 6729185616 3981767064 148 28252856 3991772232
======================
   8      32 sdc 1332512 12462 157497336 9207236 16330579 393260640 6729514320 3981910612 146 28253860 3991915756
======================
   8      32 sdc 1332512 12462 157497336 9207236 16331241 393260640 6729853264 3982054992 156 28254860 3992059040
======================
   8      32 sdc 1332513 12462 157497344 9207472 16331873 393260640 6730176848 3982192412 44 28255864 3992186440
======================
   8      32 sdc 1332513 12462 157497344 9207472 16332517 393260640 6730506576 3982324824 128 28256868 3992329828
======================
   8      32 sdc 1332513 12462 157497344 9207472 16333171 393260640 6730841424 3982469172 146 28257872 3992473504
======================
   8      32 sdc 1332513 12462 157497344 9207472 16333842 393260640 6731184976 3982612236 147 28258876 3992617216
======================
   8      32 sdc 1332513 12462 157497344 9207472 16334467 393260640 6731504976 3982755676 130 28259880 3992760152
======================
   8      32 sdc 1332513 12462 157497344 9207472 16335124 393260640 6731841360 3982899232 145 28260884 3992903776
======================
   8      32 sdc 1332513 12462 157497344 9207472 16335800 393260640 6732187472 3983042776 141 28261888 3993047524
======================
   8      32 sdc 1332513 12462 157497344 9207472 16336477 393260640 6732534096 3983186716 136 28262892 3993191236
======================
   8      32 sdc 1332513 12462 157497344 9207472 16337141 393260640 6732874064 3983328832 144 28263892 3993334308
======================
   8      32 sdc 1332513 12462 157497344 9207472 16337743 393260640 6733182288 3983467864 150 28264896 3993477500
======================
   8      32 sdc 1332513 12462 157497344 9207472 16338403 393260640 6733520208 3983615816 130 28265900 3993620840
======================
   8      32 sdc 1332513 12462 157497344 9207472 16339084 393260640 6733868880 3983759908 153 28266908 3993764880
======================
   8      32 sdc 1332514 12462 157497352 9207920 16339579 393260640 6734122320 3983873300 138 28267908 3993867452
======================
   8      32 sdc 1332514 12462 157497352 9207920 16340221 393260640 6734451024 3984005404 136 28268912 3994010940
======================
   8      32 sdc 1332514 12462 157497352 9207920 16340871 393260640 6734783824 3984149520 158 28269916 3994154440
======================
   8      32 sdc 1332514 12462 157497352 9207920 16341528 393260640 6735120208 3984291856 141 28270920 3994297728
======================
   8      32 sdc 1332514 12462 157497352 9207920 16342152 393260640 6735439696 3984434380 157 28271924 3994441204
======================
   8      32 sdc 1332514 12462 157497352 9207920 16342795 393260640 6735768912 3984578784 154 28272924 3994584256
======================
   8      32 sdc 1332514 12462 157497352 9207920 16343442 393260640 6736100176 3984722856 147 28273928 3994728228
======================
   8      32 sdc 1332514 12462 157497352 9207920 16344108 393260640 6736441168 3984866876 153 28274932 3994871680
======================
   8      32 sdc 1332514 12462 157497352 9207920 16344756 393260640 6736772944 3985010192 145 28275936 3995015884
======================
   8      32 sdc 1332514 12462 157497352 9207920 16345397 393260640 6737101136 3985153384 144 28276940 3995159332
======================
   8      32 sdc 1332514 12462 157497352 9207920 16346072 393260640 6737446736 3985298100 141 28277944 3995302892
======================
   8      32 sdc 1332514 12462 157497352 9207920 16346739 393260640 6737788240 3985440812 146 28278952 3995447052
======================
   8      32 sdc 1332515 12462 157497360 9208152 16347343 393260640 6738097488 3985569000 151 28279956 3995574220
======================
   8      32 sdc 1332515 12462 157497360 9208152 16347985 393260640 6738426192 3985715040 149 28280960 3995718428
======================
   8      32 sdc 1332515 12462 157497360 9208152 16348655 393260640 6738769232 3985856760 151 28281968 3995862596
======================
   8      32 sdc 1332515 12462 157497360 9208152 16349333 393260640 6739116368 3986000764 145 28282968 3996005820
======================
   8      32 sdc 1332515 12462 157497360 9208152 16349975 393260640 6739445072 3986143164 143 28283972 3996149424
======================
   8      32 sdc 1332515 12462 157497360 9208152 16350599 393260640 6739764560 3986286816 142 28284976 3996292744
======================
   8      32 sdc 1332515 12462 157497360 9208152 16351260 393260640 6740102992 3986431968 138 28285980 3996436144
======================
   8      32 sdc 1332515 12462 157497360 9208152 16351939 393260640 6740450640 3986573808 131 28286984 3996579572
======================
   8      32 sdc 1332515 12462 157497360 9208152 16352578 393260640 6740777808 3986717608 132 28287992 3996723588
======================
   8      32 sdc 1332515 12462 157497360 9208152 16353229 393260640 6741111120 3986861604 153 28288996 3996867172
======================
   8      32 sdc 1332515 12462 157497360 9208152 16353893 393260640 6741451088 3987005136 129 28289996 3997010000
======================
   8      32 sdc 1332515 12462 157497360 9208152 16354566 393260640 6741795664 3987153140 128 28291036 3997158792
======================
   8      32 sdc 1332516 12462 157497368 9208376 16355186 393260640 6742113104 3987279888 150 28292040 3997286268
======================
   8      32 sdc 1332516 12462 157497368 9208376 16355828 393260640 6742441808 3987423348 148 28293044 3997429744
======================
   8      32 sdc 1332516 12462 157497368 9208376 16356471 393260640 6742771024 3987566944 145 28294048 3997573252
======================
   8      32 sdc 1332516 12462 157497368 9208376 16357130 393260640 6743108432 3987710476 158 28295048 3997715452
======================
   8      32 sdc 1332516 12462 157497368 9208376 16357767 393260640 6743434576 3987853004 129 28296052 3997858840
======================
   8      32 sdc 1332516 12462 157497368 9208376 16358409 393260640 6743763280 3987997956 159 28297056 3998002240
======================
   8      32 sdc 1332516 12462 157497368 9208376 16359093 393260640 6744113488 3988140744 147 28298060 3998145980
======================
   8      32 sdc 1332516 12462 157497368 9208376 16359742 393260640 6744445776 3988282776 138 28299064 3998289444
======================
   8      32 sdc 1332516 12462 157497368 9208376 16360366 393260640 6744765264 3988426288 154 28300068 3998432984
======================
   8      32 sdc 1332516 12462 157497368 9208376 16361024 393260640 6745102160 3988570948 136 28301072 3998576584
======================
   8      32 sdc 1332516 12462 157497368 9208376 16361617 393260640 6745405776 3988697820 151 28302100 3998724636
======================
   8      32 sdc 1332516 12462 157497368 9208376 16362383 393260640 6745797968 3988862984 153 28303104 3998868240
======================
   8      32 sdc 1332516 12462 157497368 9208376 16362589 393260640 6745903440 3988906652 25 28304108 3998918976
======================
   8      32 sdc 1332516 12462 157497368 9208376 16362589 393260640 6745903440 3988906652 25 28305112 3998944076
======================
   8      32 sdc 1332517 12462 157497376 9210776 16364284 393260640 6746771280 3989017292 134 28306120 3999025092
======================
   8      32 sdc 1332517 12462 157497376 9210776 16364964 393260640 6747119440 3989161616 158 28307128 3999169076
======================
   8      32 sdc 1332517 12462 157497376 9210776 16365604 393260640 6747447632 3989305936 129 28308132 3999314328
======================
   8      32 sdc 1332517 12462 157497376 9210776 16366278 393260640 6747792208 3989447920 222 28309156 3999550340
======================
   8      32 sdc 1332517 12462 157497376 9210776 16366942 393260640 6748132176 3989602688 230 28310160 3999775176
======================
   8      32 sdc 1332517 12462 157497376 9210776 16367584 393260640 6748460880 3989769192 197 28311164 3999992248
======================
   8      32 sdc 1332517 12462 157497376 9210776 16368212 393260640 6748782416 3989950896 208 28312164 4000199296
======================
   8      32 sdc 1332517 12462 157497376 9210776 16368851 393260640 6749109584 3990135728 202 28313168 4000397704
======================
   8      32 sdc 1332517 12462 157497376 9210776 16369506 393260640 6749444944 3990322996 194 28314172 4000587052
======================
   8      32 sdc 1332517 12462 157497376 9210776 16370171 393260640 6749785424 3990512584 123 28315176 4000766360
======================
   8      32 sdc 1332517 12462 157497376 9210776 16370259 393260640 6749830480 3990538656 35 28316180 4000807380
======================
   8      32 sdc 1332518 12462 157497384 9212444 16371434 393260640 6750432080 3990876648 153 28317184 4000887260
======================
   8      32 sdc 1332518 12462 157497384 9212444 16372105 393260640 6750775632 3991021072 154 28318184 4001030092
======================
   8      32 sdc 1332518 12462 157497384 9212444 16372764 393260640 6751113040 3991162004 135 28319188 4001173524
======================
   8      32 sdc 1332518 12462 157497384 9212444 16373392 393260640 6751434576 3991306960 147 28320188 4001316544
======================
   8      32 sdc 1332518 12462 157497384 9212444 16374067 393260640 6751780176 3991450632 144 28321192 4001459984
======================
   8      32 sdc 1332518 12462 157497384 9212444 16374742 393260640 6752125776 3991593732 141 28322196 4001603168
======================
   8      32 sdc 1332518 12462 157497384 9212444 16375418 393260640 6752471888 3991737004 137 28323196 4001746272
======================
   8      32 sdc 1332518 12462 157497384 9212444 16376048 393260640 6752794448 3991880964 147 28324200 4001889992
======================
   8      32 sdc 1332518 12462 157497384 9212444 16376674 393260640 6753114960 3992023036 129 28325204 4002033460
======================
   8      32 sdc 1332518 12462 157497384 9212444 16377343 393260640 6753457488 3992167708 132 28326204 4002176556
======================
   8      32 sdc 1332519 12462 157497392 9212712 16377987 393261111 6753786712 3992301304 157 28327208 4002296828
======================
   8      32 sdc 1332519 12462 157497392 9212712 16378629 393261111 6754115152 3992430000 155 28328212 4002440456
======================
   8      32 sdc 1332519 12462 157497392 9212712 16379278 393261111 6754447440 3992573936 146 28329212 4002583692
======================
   8      32 sdc 1332519 12462 157497392 9212712 16379942 393261111 6754787408 3992717608 154 28330216 4002727324
======================
   8      32 sdc 1332519 12462 157497392 9212712 16380583 393261111 6755115600 3992860532 153 28331220 4002870836
======================
   8      32 sdc 1332519 12462 157497392 9212712 16381224 393261111 6755443792 3993003876 152 28332220 4003013888
======================
   8      32 sdc 1332519 12462 157497392 9212712 16381865 393261111 6755771984 3993147240 151 28333224 4003157636
======================
   8      32 sdc 1332519 12462 157497392 9212712 16382524 393261111 6756109392 3993291624 132 28334228 4003301172
======================
   8      32 sdc 1332519 12462 157497392 9212712 16383166 393261111 6756438096 3993433792 130 28335228 4003443880
======================
   8      32 sdc 1332519 12462 157497392 9212712 16383807 393261111 6756766288 3993577260 129 28336232 4003587524
======================
   8      32 sdc 1332519 12462 157497392 9212712 16384470 393261111 6757105744 3993721472 138 28337236 4003731292
======================
   8      32 sdc 1332519 12462 157497392 9212712 16385149 393261111 6757453392 3993865816 131 28338240 4003875076
======================
   8      32 sdc 1332519 12462 157497392 9212712 16385663 393261111 6757716056 3993981960 1 28339244 4003976636
======================
   8      32 sdc 1332520 12462 157497400 9213236 16386134 393261594 6757933336 3994066312 0 28340108 4004061076
======================
   8      32 sdc 1332520 12462 157497400 9213236 16386134 393261594 6757933336 3994066312 0 28340108 4004061076
======================
   8      32 sdc 1332520 12462 157497400 9213236 16386134 393261594 6757933336 3994066312 0 28340108 4004061076
======================
   8      32 sdc 1332520 12462 157497400 9213236 16386134 393261594 6757933336 3994066312 0 28340108 4004061076
======================
   8      32 sdc 1332520 12462 157497400 9213236 16386134 393261594 6757933336 3994066312 0 28340108 4004061076
======================
   8      32 sdc 1332520 12462 157497400 9213236 16386147 393261594 6757933384 3994066312 0 28340108 4004061076
======================
   8      32 sdc 1332756 12462 157499282 9229576 16386147 393261594 6757933384 3994066312 1 28340932 4004077576
started
======================
   8      32 sdc 1332761 12462 157499322 9229744 16386149 393261594 6757933392 3994066312 0 28340940 4004077584
======================
   8      32 sdc 1333734 12462 157747418 9230928 16386149 393261594 6757933392 3994066312 1 28341664 4004078768
======================
   8      32 sdc 1334994 12462 158069978 9232636 16386149 393261594 6757933392 3994066312 2 28342664 4004080476
======================
   8      32 sdc 1336149 12462 158365658 9234328 16386149 393261594 6757933392 3994066312 2 28343668 4004082172
======================
   8      32 sdc 1337489 12462 158708698 9235952 16386149 393261594 6757933392 3994066312 2 28344668 4004083788
======================
   8      32 sdc 1338811 12462 159047130 9237628 16386149 393261594 6757933392 3994066312 2 28345676 4004085468
======================
   8      32 sdc 1340084 12462 159373018 9239288 16386149 393261594 6757933392 3994066312 2 28346676 4004087112
======================
   8      32 sdc 1341371 12463 159702746 9240968 16386152 393261596 6757933432 3994066412 2 28347680 4004088892
======================
   8      32 sdc 1342699 12463 160042714 9242632 16386152 393261596 6757933432 3994066412 2 28348684 4004090560
======================
   8      32 sdc 1343991 12463 160373466 9244320 16386152 393261596 6757933432 3994066412 2 28349684 4004092244
======================
   8      32 sdc 1345276 12463 160702426 9246024 16386152 393261596 6757933432 3994066412 2 28350692 4004093952
======================
   8      32 sdc 1346559 12463 161030874 9247724 16386152 393261596 6757933432 3994066412 2 28351692 4004095648
======================
   8      32 sdc 1347843 12463 161359578 9249408 16386152 393261596 6757933432 3994066412 2 28352696 4004097328
======================
   8      32 sdc 1348829 12463 161611994 9251156 16386152 393261596 6757933432 3994066412 2 28353700 4004099080
======================
   8      32 sdc 1350116 12463 161941466 9252812 16386152 393261596 6757933432 3994066412 2 28354704 4004100736
======================
   8      32 sdc 1351410 12463 162272730 9254472 16386152 393261596 6757933432 3994066412 2 28355704 4004102388
======================
   8      32 sdc 1352761 12463 162618586 9256116 16386152 393261596 6757933432 3994066412 2 28356708 4004104028
======================
   8      32 sdc 1354067 12463 162952922 9257732 16386152 393261596 6757933432 3994066412 2 28357712 4004105636
======================
   8      32 sdc 1355315 12463 163272410 9259392 16386152 393261596 6757933432 3994066412 2 28358716 4004107296
======================
   8      32 sdc 1356616 12463 163605466 9261076 16386152 393261596 6757933432 3994066412 2 28359720 4004108984
======================
   8      32 sdc 1357957 12463 163948762 9262732 16386152 393261596 6757933432 3994066412 2 28360720 4004110636
======================
   8      32 sdc 1359290 12463 164290010 9264372 16386152 393261596 6757933432 3994066412 1 28361724 4004112276
======================
   8      32 sdc 1360609 12463 164627674 9266024 16386152 393261596 6757933432 3994066412 2 28362728 4004113932
======================
   8      32 sdc 1361856 12463 164946906 9267720 16386152 393261596 6757933432 3994066412 1 28363732 4004115628
======================
   8      32 sdc 1363150 12463 165278170 9269412 16386152 393261596 6757933432 3994066412 1 28364736 4004117324
======================
   8      32 sdc 1364467 12463 165615322 9271068 16386152 393261596 6757933432 3994066412 1 28365736 4004118976
======================
   8      32 sdc 1365750 12463 165943770 9272764 16386152 393261596 6757933432 3994066412 2 28366740 4004120672
======================
   8      32 sdc 1367055 12463 166277850 9274392 16386152 393261596 6757933432 3994066412 2 28367744 4004122296
======================
   8      32 sdc 1368383 12463 166617818 9276024 16386152 393261596 6757933432 3994066412 2 28368748 4004123932
======================
   8      32 sdc 1369658 12463 166944218 9277732 16386152 393261596 6757933432 3994066412 1 28369748 4004125636
======================
   8      32 sdc 1370942 12463 167272922 9279468 16386152 393261596 6757933432 3994066412 1 28370752 4004127368
======================
   8      32 sdc 1372226 12463 167601626 9281172 16386154 393261596 6757933448 3994066412 2 28371756 4004129072
======================
   8      32 sdc 1373524 12463 167933914 9282892 16386154 393261596 6757933448 3994066412 2 28372760 4004130792
======================
   8      32 sdc 1374852 12463 168273882 9284608 16386154 393261596 6757933448 3994066412 2 28373764 4004132508
======================
   8      32 sdc 1376157 12463 168607962 9286324 16386154 393261596 6757933448 3994066412 1 28374768 4004134216
======================
   8      32 sdc 1377431 12463 168934106 9287988 16386154 393261596 6757933448 3994066412 2 28375772 4004135876
======================
   8      32 sdc 1378746 12463 169270746 9289688 16386154 393261596 6757933448 3994066412 2 28376772 4004137580
======================
   8      32 sdc 1380011 12463 169594586 9291336 16386154 393261596 6757933448 3994066412 2 28377776 4004139228
======================
   8      32 sdc 1380919 12463 169827034 9293112 16386154 393261596 6757933448 3994066412 2 28378780 4004140996
======================
   8      32 sdc 1382243 12463 170165978 9294812 16386154 393261596 6757933448 3994066412 2 28379784 4004142696
======================
   8      32 sdc 1383595 12463 170512090 9296472 16386154 393261596 6757933448 3994066412 2 28380788 4004144352
======================
   8      32 sdc 1384949 12463 170858714 9298148 16386154 393261596 6757933448 3994066412 0 28381792 4004146024
======================
   8      32 sdc 1386250 12463 171191770 9299824 16386154 393261596 6757933448 3994066412 2 28382796 4004147704
======================
   8      32 sdc 1387490 12463 171509210 9301524 16386154 393261596 6757933448 3994066412 2 28383800 4004149400
======================
   8      32 sdc 1388791 12463 171842266 9303160 16386154 393261596 6757933448 3994066412 1 28384804 4004151036
======================
   8      32 sdc 1390145 12463 172188890 9304856 16386154 393261596 6757933448 3994066412 1 28385808 4004152732
======================
   8      32 sdc 1391442 12463 172520922 9306460 16386154 393261596 6757933448 3994066412 1 28386812 4004154336
======================
   8      32 sdc 1392729 12463 172850394 9308132 16386154 393261596 6757933448 3994066412 2 28387816 4004156008
======================
   8      32 sdc 1394052 12463 173189082 9309820 16386154 393261596 6757933448 3994066412 2 28388824 4004157696
======================
   8      32 sdc 1395327 12463 173515482 9311532 16386154 393261596 6757933448 3994066412 1 28389828 4004159404
======================
   8      32 sdc 1396599 12463 173841114 9313204 16386154 393261596 6757933448 3994066412 2 28390832 4004161080
======================
   8      32 sdc 1397882 12463 174169562 9314892 16386154 393261596 6757933448 3994066412 2 28391832 4004162760
======================
   8      32 sdc 1399185 12463 174503130 9316588 16386154 393261596 6757933448 3994066412 2 28392836 4004164456
======================
   8      32 sdc 1400516 12463 174843866 9318288 16386154 393261596 6757933448 3994066412 1 28393840 4004166156
======================
   8      32 sdc 1401819 12463 175177434 9319996 16386154 393261596 6757933448 3994066412 2 28394844 4004167864
======================
   8      32 sdc 1403102 12463 175505882 9321716 16386154 393261596 6757933448 3994066412 2 28395848 4004169584
======================
   8      32 sdc 1404432 12463 175846362 9323384 16386154 393261596 6757933448 3994066412 2 28396848 4004171248
======================
   8      32 sdc 1405762 12463 176186842 9325036 16386154 393261596 6757933448 3994066412 2 28397852 4004172904
======================
   8      32 sdc 1407006 12463 176505306 9326736 16386154 393261596 6757933448 3994066412 1 28398860 4004174600
======================
   8      32 sdc 1408329 12463 176843994 9328372 16386154 393261596 6757933448 3994066412 2 28399860 4004176228
======================
   8      32 sdc 1409673 12463 177188058 9330036 16386154 393261596 6757933448 3994066412 2 28400868 4004177896
======================
   8      32 sdc 1411004 12463 177528794 9331708 16386154 393261596 6757933448 3994066412 2 28401868 4004179560
