======================
   8      16 sdb 28826691 368938 2526436282 58755164 45533726 355319664 13487890024 1924776336 0 17045800 1983584264
======================
   8      16 sdb 28826691 368938 2526436282 58755164 45533726 355319664 13487890024 1924776336 0 17045800 1983584264
======================
   8      16 sdb 28826692 368938 2526436290 58755164 45533726 355319664 13487890024 1924776336 0 17045800 1983584264
======================
   8      16 sdb 28826692 368938 2526436290 58755164 45533726 355319664 13487890024 1924776336 0 17045800 1983584264
======================
   8      16 sdb 28826692 368938 2526436290 58755164 45533726 355319664 13487890024 1924776336 0 17045800 1983584264
======================
   8      16 sdb 28826692 368938 2526436290 58755164 45533726 355319664 13487890024 1924776336 0 17045800 1983584264
======================
   8      16 sdb 28827176 368938 2526440162 58755180 45533726 355319664 13487890024 1924776336 0 17045816 1983584280
======================
   8      16 sdb 28827180 368938 2526440194 58755196 45535695 355320616 13488881072 1924791248 0 17045988 1983599188
======================
   8      16 sdb 28827185 368938 2526440234 58755368 45538254 355320616 13490191280 1924878516 98 17046776 1983691264
======================
   8      16 sdb 28827188 368938 2526440258 58755760 45539432 355320616 13490794416 1924956732 150 17047776 1983801000
======================
   8      16 sdb 28827191 368938 2526440282 58755792 45540865 355320616 13491528112 1925130304 154 17048780 1983943928
======================
   8      16 sdb 28827194 368938 2526440306 58755836 45542789 355320616 13492513200 1925272496 138 17049784 1984086796
======================
   8      16 sdb 28827199 368938 2526440346 58755928 45544783 355320642 13493534344 1925415288 138 17050784 1984227560
======================
   8      16 sdb 28827203 368938 2526440378 58755976 45546636 355320642 13494482568 1925553968 138 17051788 1984368616
======================
   8      16 sdb 28827207 368938 2526440410 58756064 45548746 355320642 13495562888 1925696744 128 17052792 1984509380
======================
   8      16 sdb 28827210 368938 2526440434 58756256 45550451 355320642 13496435848 1925828628 150 17053796 1984643032
======================
   8      16 sdb 28827216 368938 2526440482 58756300 45552943 355320642 13497711752 1925972388 129 17054800 1984785836
======================
   8      16 sdb 28827221 368938 2526440522 58756340 45555472 355320642 13499006600 1926115504 128 17055800 1984929176
======================
   8      16 sdb 28827225 368938 2526440554 58756392 45557450 355320642 13500019336 1926257912 134 17056804 1985072148
======================
   8      16 sdb 28827230 368938 2526440594 58756508 45559372 355320642 13501003400 1926398044 141 17057808 1985212340
======================
   8      16 sdb 28827233 368938 2526440618 58756576 45561296 355320642 13501988488 1926538844 97 17058812 1985352916
======================
   8      16 sdb 28827237 368938 2526440650 58756692 45563174 355320642 13502950024 1926678280 149 17059816 1985492748
======================
   8      16 sdb 28827241 368938 2526440682 58756832 45565099 355320642 13503935624 1926815200 149 17060820 1985630332
======================
   8      16 sdb 28827246 368938 2526440722 58757052 45567004 355320642 13504910984 1926947728 129 17061820 1985760360
======================
   8      16 sdb 28827249 368938 2526440746 58757188 45568927 355320642 13505895560 1927080320 137 17062824 1985895508
======================
   8      16 sdb 28827253 368938 2526440778 58757388 45570852 355320642 13506881160 1927212920 130 17063828 1986028296
======================
   8      16 sdb 28827255 368938 2526440794 58757500 45571918 355320642 13507426952 1927284992 132 17064832 1986159768
======================
   8      16 sdb 28827262 368938 2526440850 58757796 45574706 355320771 13508849392 1927464188 156 17065836 1986276288
======================
   8      16 sdb 28827265 368938 2526440874 58757996 45576633 355320771 13509836016 1927589244 132 17066836 1986404880
======================
   8      16 sdb 28827269 368938 2526440906 58758280 45578537 355320771 13510810864 1927710984 147 17067844 1986527692
======================
   8      16 sdb 28827273 368938 2526440938 58758584 45580440 355320771 13511785200 1927830140 142 17068844 1986647836
======================
   8      16 sdb 28827276 368938 2526440962 58758744 45581718 355320771 13512439536 1927910956 149 17069844 1986777404
======================
   8      16 sdb 28827281 368938 2526441002 58758968 45584265 355320808 13513740872 1928080264 128 17070844 1986896892
======================
   8      16 sdb 28827285 368938 2526441034 58759268 45586192 355320808 13514727496 1928199212 153 17071844 1987016092
======================
   8      16 sdb 28827289 368938 2526441066 58759568 45588113 355320808 13515711048 1928321392 153 17072848 1987137056
======================
   8      16 sdb 28827293 368938 2526441098 58759804 45590041 355320808 13516698184 1928439936 42 17073852 1987254952
======================
   8      16 sdb 28827297 368938 2526441130 58760112 45591965 355320808 13517683272 1928557808 144 17074856 1987375676
======================
   8      16 sdb 28827301 368938 2526441162 58760424 45593877 355320850 13518660536 1928671024 153 17075860 1987489088
======================
   8      16 sdb 28827305 368938 2526441194 58760748 45595777 355320850 13519633336 1928792708 152 17076864 1987608516
======================
   8      16 sdb 28827308 368938 2526441218 58760912 45596877 355320850 13520196536 1928858488 134 17077868 1987734100
======================
   8      16 sdb 28827313 368938 2526441258 58761152 45599624 355320850 13521603000 1929037040 137 17078872 1987855928
======================
   8      16 sdb 28827317 368938 2526441290 58761456 45601545 355320850 13522586552 1929155892 135 17079876 1987975204
======================
   8      16 sdb 28827321 368938 2526441322 58761760 45603470 355320873 13523571328 1929275328 132 17080880 1988093216
======================
   8      16 sdb 28827325 368938 2526441354 58762032 45605396 355320890 13524556568 1929393572 55 17081884 1988211460
======================
   8      16 sdb 28827329 368938 2526441386 58762344 45607286 355320890 13525524248 1929512920 141 17082884 1988332792
======================
   8      16 sdb 28827333 368938 2526441418 58762660 45609196 355320890 13526502168 1929632456 136 17083884 1988453016
======================
   8      16 sdb 28827337 368938 2526441450 58762964 45611117 355320890 13527485720 1929755704 149 17084884 1988572648
======================
   8      16 sdb 28827341 368938 2526441482 58763144 45613046 355320929 13528471672 1929870960 90 17085888 1988691440
======================
   8      16 sdb 28827345 368938 2526441514 58763444 45614968 355320929 13529455224 1929989332 129 17086888 1988810656
======================
   8      16 sdb 28827349 368938 2526441546 58763744 45616865 355320929 13530426488 1930109696 131 17087892 1988930860
======================
   8      16 sdb 28827353 368938 2526441578 58764040 45618820 355320929 13531427448 1930231492 129 17088896 1989050620
======================
   8      16 sdb 28827357 368938 2526441610 58764288 45620720 355320929 13532400248 1930350356 96 17089896 1989171664
======================
   8      16 sdb 28827361 368938 2526441642 58764592 45622627 355320968 13533374424 1930462800 152 17090896 1989284696
======================
   8      16 sdb 28827363 368938 2526441658 58764752 45623669 355320968 13533907928 1930528616 137 17091904 1989414520
======================
   8      16 sdb 28827369 368938 2526441706 58765068 45626483 355320968 13535349208 1930710860 152 17092908 1989529612
======================
   8      16 sdb 28827373 368938 2526441738 58765304 45628409 355320968 13536334808 1930827176 92 17093904 1989649684
======================
   8      16 sdb 28827377 368938 2526441770 58765632 45630331 355320968 13537319384 1930944876 133 17094908 1989768284
======================
   8      16 sdb 28827381 368938 2526441802 58765936 45632260 355321008 13538304824 1931058660 157 17095908 1989882556
======================
   8      16 sdb 28827385 368938 2526441834 58766248 45634159 355321008 13539277112 1931181104 147 17096912 1990003068
======================
   8      16 sdb 28827389 368938 2526441866 58766496 45636070 355321008 13540255544 1931300464 83 17097908 1990123640
======================
   8      16 sdb 28827393 368938 2526441898 58766800 45637995 355321008 13541241144 1931419044 151 17098916 1990243924
======================
   8      16 sdb 28827397 368938 2526441930 58767096 45639919 355321008 13542226232 1931539116 155 17099920 1990363932
======================
   8      16 sdb 28827400 368938 2526441954 58767312 45641665 355321048 13543119360 1931664444 125 17100924 1990489616
======================
   8      16 sdb 28827405 368938 2526441994 58767628 45643591 355321048 13544104096 1931780336 144 17101924 1990606108
======================
   8      16 sdb 28827409 368938 2526442026 58767924 45645515 355321048 13545089184 1931898620 137 17102924 1990724576
======================
   8      16 sdb 28827412 368938 2526442050 58768140 45647419 355321048 13546064032 1932025036 3 17103928 1990846276
======================
   8      16 sdb 28827416 368938 2526442082 58768436 45649348 355321048 13547052192 1932144236 122 17104928 1990970752
======================
   8      16 sdb 28827421 368938 2526442122 58768772 45651252 355321086 13548025696 1932253412 132 17105932 1991080416
======================
   8      16 sdb 28827425 368938 2526442154 58769068 45653174 355321086 13549008880 1932372380 150 17106936 1991199100
======================
   8      16 sdb 28827428 368938 2526442178 58769292 45655104 355321086 13549997040 1932496988 2 17107940 1991319268
======================
   8      16 sdb 28827432 368938 2526442210 58769588 45657031 355321086 13550983664 1932615696 123 17108940 1991443444
======================
   8      16 sdb 28827437 368938 2526442250 58769908 45658955 355321086 13551968752 1932731824 142 17109936 1991559636
======================
   8      16 sdb 28827441 368938 2526442282 58770204 45660874 355321125 13552950456 1932850332 132 17110940 1991678136
======================
   8      16 sdb 28827444 368938 2526442306 58770436 45662781 355321125 13553925456 1932974588 10 17111944 1991798508
======================
   8      16 sdb 28827448 368938 2526442338 58770748 45664684 355321125 13554899792 1933092792 132 17112948 1991921552
======================
   8      16 sdb 28827453 368938 2526442378 58771072 45666606 355321125 13555883856 1933207448 145 17113952 1992036608
======================
   8      16 sdb 28827457 368938 2526442410 58771364 45668532 355321125 13556869968 1933325084 130 17114952 1992154092
======================
   8      16 sdb 28827460 368938 2526442434 58771580 45670445 355321148 13557848600 1933450120 28 17115956 1992276188
======================
   8      16 sdb 28827464 368938 2526442466 58771868 45672383 355321165 13558839480 1933570028 141 17116960 1992399812
======================
   8      16 sdb 28827469 368938 2526442506 58772180 45674310 355321165 13559826104 1933685168 152 17117952 1992514992
======================
   8      16 sdb 28827473 368938 2526442538 58772476 45676230 355321165 13560809144 1933803144 143 17118956 1992633248
======================
   8      16 sdb 28827476 368938 2526442562 58772704 45678140 355321165 13561787064 1933925684 17 17119956 1992752196
======================
   8      16 sdb 28827480 368938 2526442594 58772988 45680067 355321203 13562772856 1934037104 128 17120960 1992868352
======================
   8      16 sdb 28827485 368938 2526442634 58773312 45681966 355321203 13563744264 1934153540 131 17121960 1992984840
======================
   8      16 sdb 28827489 368938 2526442666 58773612 45683918 355321203 13564744200 1934271856 140 17122960 1993103896
======================
   8      16 sdb 28827493 368938 2526442698 58773920 45685841 355321203 13565728264 1934396632 23 17123964 1993223748
======================
   8      16 sdb 28827496 368938 2526442722 58774168 45687766 355321203 13566713864 1934514644 122 17124968 1993347344
======================
   8      16 sdb 28827500 368938 2526442754 58774736 45689201 355321226 13567447760 1934604464 139 17125972 1993434276
======================
   8      16 sdb 28827505 368938 2526442794 58774760 45691573 355321243 13568661352 1934741600 130 17126976 1993574984
======================
   8      16 sdb 28827509 368938 2526442826 58774792 45693494 355321243 13569644904 1934884216 157 17127980 1993717736
======================
   8      16 sdb 28827512 368938 2526442850 58774828 45695418 355321243 13570630504 1935026896 145 17128980 1993860084
======================
   8      16 sdb 28827517 368938 2526442890 58774932 45697342 355321243 13571615080 1935166660 147 17129984 1994000048
======================
   8      16 sdb 28827519 368938 2526442906 58774984 45698548 355321267 13572232240 1935253036 97 17130988 1994122332
======================
   8      16 sdb 28827525 368938 2526442954 58775480 45701189 355321267 13573584432 1935425828 127 17131992 1994259588
======================
   8      16 sdb 28827528 368938 2526442978 58775496 45703084 355321267 13574554672 1935568272 133 17132996 1994401952
======================
   8      16 sdb 28827533 368938 2526443018 58775568 45705010 355321267 13575540784 1935707664 142 17133996 1994541396
======================
   8      16 sdb 28827537 368938 2526443050 58775648 45706930 355321267 13576523824 1935847952 147 17135000 1994681984
======================
   8      16 sdb 28827541 368938 2526443082 58775740 45708845 355321267 13577504304 1935988772 148 17136004 1994822056
======================
   8      16 sdb 28827544 368938 2526443106 58775820 45710769 355321267 13578489392 1936127804 132 17137008 1994962048
======================
   8      16 sdb 28827549 368938 2526443146 58775996 45712478 355321300 13579363656 1936257792 152 17138012 1995091436
======================
   8      16 sdb 28827553 368938 2526443178 58776152 45714432 355321316 13580362216 1936394744 148 17139016 1995228356
======================
   8      16 sdb 28827556 368938 2526443202 58776280 45716338 355321316 13581338088 1936528644 131 17140016 1995363088
======================
   8      16 sdb 28827560 368938 2526443234 58776472 45718242 355321316 13582312936 1936660000 142 17141020 1995494816
======================
   8      16 sdb 28827565 368938 2526443274 58776712 45720168 355321316 13583298544 1936787700 152 17142024 1995621624
======================
   8      16 sdb 28827568 368938 2526443298 58776896 45722095 355321364 13584283536 1936918448 81 17143028 1995752832
======================
   8      16 sdb 28827572 368938 2526443330 58777148 45724010 355321364 13585264016 1937043524 149 17144032 1995878796
======================
   8      16 sdb 28827576 368938 2526443362 58777424 45725940 355321364 13586252176 1937165480 133 17145036 1996001464
======================
   8      16 sdb 28827581 368938 2526443402 58777736 45727866 355321364 13587237784 1937284024 129 17146040 1996117276
======================
   8      16 sdb 28827584 368938 2526443426 58777960 45729769 355321381 13588211248 1937404596 90 17147040 1996239988
======================
   8      16 sdb 28827588 368938 2526443458 58778264 45731672 355321404 13589184760 1937517956 148 17148040 1996354256
======================
   8      16 sdb 28827592 368938 2526443490 58778560 45733564 355321420 13590152080 1937638032 150 17149044 1996474220
======================
   8      16 sdb 28827597 368938 2526443530 58778880 45735520 355321420 13591153552 1937758728 103 17150048 1996590872
======================
   8      16 sdb 28827600 368938 2526443554 58779108 45737443 355321420 13592138128 1937876720 101 17151048 1996713744
======================
   8      16 sdb 28827604 368938 2526443586 58779408 45739362 355321420 13593120656 1937995384 145 17152048 1996833168
======================
   8      16 sdb 28827608 368938 2526443618 58779708 45741289 355321443 13594106456 1938108164 141 17153052 1996946296
======================
   8      16 sdb 28827612 368938 2526443650 58779940 45743175 355321460 13595071216 1938230620 5 17154052 1997063956
======================
   8      16 sdb 28827616 368938 2526443682 58780240 45745137 355321460 13596075760 1938347032 91 17155056 1997185108
======================
   8      16 sdb 28827620 368938 2526443714 58780548 45747045 355321460 13597052656 1938464836 145 17156060 1997303964
======================
   8      16 sdb 28827624 368938 2526443746 58780864 45748946 355321460 13598025968 1938583164 131 17157060 1997421932
======================
   8      16 sdb 28827628 368938 2526443778 58781108 45750861 355321483 13599005624 1938704208 1 17158064 1997538400
======================
   8      16 sdb 28827632 368938 2526443810 58781448 45752794 355321500 13599994448 1938819088 118 17159068 1997658596
======================
   8      16 sdb 28827636 368938 2526443842 58781732 45754719 355321500 13600980048 1938937692 155 17160068 1997777628
======================
   8      16 sdb 28827640 368938 2526443874 58782032 45756644 355321500 13601965648 1939057000 147 17161072 1997897144
======================
   8      16 sdb 28827648 368939 2526443946 58782352 45758538 355321500 13602935376 1939178380 6 17162072 1998014096
======================
   8      16 sdb 28827652 368939 2526443978 58782648 45760473 355321524 13603925784 1939294100 120 17163072 1998135124
======================
   8      16 sdb 28827656 368939 2526444010 58782944 45762377 355321524 13604900128 1939412912 145 17164076 1998254412
======================
   8      16 sdb 28827660 368939 2526444042 58783256 45764299 355321524 13605884192 1939533468 143 17165080 1998375040
======================
   8      16 sdb 28827664 368939 2526444074 58783492 45766225 355321524 13606870304 1939656464 1 17166076 1998492972
======================
   8      16 sdb 28827668 368939 2526444106 58783788 45768148 355321524 13607854880 1939774332 126 17167076 1998616084
======================
   8      16 sdb 28827672 368939 2526444138 58784096 45770073 355321546 13608839648 1939894020 134 17168076 1998736092
======================
   8      16 sdb 28827676 368939 2526444170 58784396 45771994 355321546 13609823200 1940013736 130 17169080 1998856076
======================
   8      16 sdb 28827680 368939 2526444202 58784636 45773896 355321546 13610797024 1940136916 12 17170080 1998975308
======================
   8      16 sdb 28827684 368939 2526444234 58784948 45775782 355321546 13611762656 1940255360 152 17171084 1999097952
======================
   8      16 sdb 28827688 368939 2526444266 58785244 45777722 355321546 13612755936 1940374164 130 17172080 1999217452
======================
   8      16 sdb 28827692 368939 2526444298 58785556 45779645 355321626 13613736096 1940488892 4 17173084 1999327320
======================
   8      16 sdb 28827692 368939 2526444298 58785556 45779650 355321626 13613736136 1940489388 0 17173204 1999327800
======================
   8      16 sdb 28827692 368939 2526444298 58785556 45779650 355321626 13613736136 1940489388 0 17173204 1999327800
======================
   8      16 sdb 28827692 368939 2526444298 58785556 45779650 355321626 13613736136 1940489388 0 17173204 1999327800
======================
   8      16 sdb 28827692 368939 2526444298 58785556 45779650 355321626 13613736136 1940489388 0 17173204 1999327800
======================
   8      16 sdb 28827692 368939 2526444298 58785556 45779650 355321626 13613736136 1940489388 0 17173204 1999327800
started
======================
   8      16 sdb 28827693 368939 2526444306 58785556 45779650 355321626 13613736136 1940489388 0 17173204 1999327800
======================
   8      16 sdb 28828298 368939 2526752562 58790460 45779650 355321626 13613736136 1940489388 56 17173580 1999344204
======================
   8      16 sdb 28830428 368939 2527842610 58856092 45779650 355321626 13613736136 1940489388 40 17174580 1999398932
======================
   8      16 sdb 28832589 368939 2528948530 58909324 45779650 355321626 13613736136 1940489388 56 17175584 1999452332
======================
   8      16 sdb 28834777 368939 2530068786 58962588 45779650 355321626 13613736136 1940489388 46 17176588 1999505416
======================
   8      16 sdb 28836980 368939 2531196722 59015704 45779650 355321626 13613736136 1940489388 52 17177588 1999558588
======================
   8      16 sdb 28839183 368939 2532324658 59068756 45779652 355321627 13613736160 1940489388 52 17178592 1999611520
======================
   8      16 sdb 28841356 368939 2533437234 59121812 45779652 355321627 13613736160 1940489388 54 17179596 1999664884
======================
   8      16 sdb 28843542 368939 2534556466 59175024 45779652 355321627 13613736160 1940489388 55 17180596 1999717840
======================
   8      16 sdb 28845724 368939 2535673650 59228208 45779652 355321627 13613736160 1940489388 47 17181600 1999771032
======================
   8      16 sdb 28847899 368939 2536787250 59281104 45779652 355321627 13613736160 1940489388 52 17182604 1999824064
======================
   8      16 sdb 28850106 368939 2537917234 59333892 45779652 355321627 13613736160 1940489388 54 17183604 1999876764
======================
   8      16 sdb 28852289 368939 2539034930 59386708 45779652 355321627 13613736160 1940489388 53 17184608 1999929624
======================
   8      16 sdb 28854466 368939 2540149554 59439196 45779652 355321627 13613736160 1940489388 52 17185612 1999982112
======================
   8      16 sdb 28856667 368939 2541276466 59491832 45779652 355321627 13613736160 1940489388 50 17186612 2000034756
======================
   8      16 sdb 28858864 368939 2542401330 59544304 45779652 355321627 13613736160 1940489388 58 17187616 2000087252
======================
   8      16 sdb 28861054 368939 2543522610 59597204 45779652 355321627 13613736160 1940489388 55 17188616 2000139976
======================
   8      16 sdb 28863250 368939 2544647474 59650072 45779652 355321627 13613736160 1940489388 51 17189620 2000192892
======================
   8      16 sdb 28865422 368939 2545759026 59702896 45779652 355321627 13613736160 1940489388 52 17190624 2000245692
======================
   8      16 sdb 28867594 368939 2546871090 59755700 45779652 355321627 13613736160 1940489388 48 17191624 2000298424
======================
   8      16 sdb 28869770 368939 2547985202 59807772 45779652 355321627 13613736160 1940489388 54 17192628 2000350644
======================
   8      16 sdb 28871962 368939 2549107506 59860792 45779652 355321627 13613736160 1940489388 58 17193632 2000403732
======================
   8      16 sdb 28874139 368939 2550222130 59913588 45779652 355321627 13613736160 1940489388 49 17194632 2000456324
======================
   8      16 sdb 28876336 368939 2551346994 59966316 45779652 355321627 13613736160 1940489388 52 17195636 2000509052
======================
   8      16 sdb 28878544 368939 2552477490 60019120 45779652 355321627 13613736160 1940489388 51 17196640 2000561940
======================
   8      16 sdb 28880748 368939 2553605938 60071788 45779652 355321627 13613736160 1940489388 50 17197644 2000614656
======================
   8      16 sdb 28882920 368939 2554718002 60123876 45779652 355321627 13613736160 1940489388 57 17198644 2000667152
======================
   8      16 sdb 28885126 368939 2555847474 60176964 45779652 355321627 13613736160 1940489388 51 17199648 2000719676
======================
   8      16 sdb 28887313 368939 2556967218 60229584 45779652 355321627 13613736160 1940489388 56 17200652 2000772380
======================
   8      16 sdb 28889509 368939 2558091570 60282480 45779652 355321627 13613736160 1940489388 49 17201656 2000825348
======================
   8      16 sdb 28891701 368939 2559213874 60335056 45779652 355321627 13613736160 1940489388 56 17202656 2000877844
======================
   8      16 sdb 28893878 368939 2560328498 60387448 45779652 355321627 13613736160 1940489388 52 17203660 2000930296
======================
   8      16 sdb 28896084 368939 2561457970 60439436 45779652 355321627 13613736160 1940489388 52 17204664 2000982508
======================
   8      16 sdb 28898288 368939 2562586418 60491912 45779652 355321627 13613736160 1940489388 51 17205668 2001034964
======================
   8      16 sdb 28900470 368939 2563703602 60543784 45779652 355321627 13613736160 1940489388 52 17206672 2001086864
======================
   8      16 sdb 28902651 368939 2564820274 60595680 45779652 355321627 13613736160 1940489388 51 17207672 2001138596
======================
   8      16 sdb 28904849 368939 2565945650 60648076 45779652 355321627 13613736160 1940489388 53 17208680 2001191116
======================
   8      16 sdb 28907029 368939 2567061810 60700252 45779653 355321627 13613736168 1940489408 53 17209680 2001243180
======================
   8      16 sdb 28909205 368939 2568175922 60752968 45779653 355321627 13613736168 1940489408 53 17210684 2001295896
======================
   8      16 sdb 28911386 368939 2569292594 60804520 45779653 355321627 13613736168 1940489408 53 17211688 2001347608
======================
   8      16 sdb 28913575 368939 2570413362 60856384 45779653 355321627 13613736168 1940489408 54 17212692 2001399472
======================
   8      16 sdb 28915767 368939 2571535666 60908280 45779653 355321627 13613736168 1940489408 47 17213696 2001451284
======================
   8      16 sdb 28917962 368939 2572659506 60960200 45779653 355321627 13613736168 1940489408 54 17214700 2001503352
======================
   8      16 sdb 28920172 368939 2573791026 61011580 45779653 355321627 13613736168 1940489408 54 17215700 2001554572
======================
   8      16 sdb 28922364 368939 2574913330 61063212 45779653 355321627 13613736168 1940489408 54 17216704 2001606260
======================
   8      16 sdb 28924570 368939 2576042802 61114468 45779653 355321627 13613736168 1940489408 53 17217708 2001657496
======================
   8      16 sdb 28926750 368939 2577158962 61165976 45779653 355321627 13613736168 1940489408 49 17218708 2001708812
======================
   8      16 sdb 28928940 368939 2578280242 61217336 45779653 355321627 13613736168 1940489408 53 17219712 2001760296
======================
   8      16 sdb 28931131 368939 2579402034 61268744 45779653 355321627 13613736168 1940489408 48 17220716 2001811752
======================
   8      16 sdb 28933295 368939 2580510002 61320184 45779653 355321627 13613736168 1940489408 50 17221720 2001863200
======================
   8      16 sdb 28935485 368939 2581631282 61372088 45779653 355321627 13613736168 1940489408 50 17222720 2001914964
======================
   8      16 sdb 28937692 368939 2582757682 61422848 45779653 355321627 13613736168 1940489408 53 17223724 2001966708
======================
   8      16 sdb 28939856 368939 2583865650 61475816 45779653 355321627 13613736168 1940489408 51 17224728 2002018856
======================
   8      16 sdb 28942045 368939 2584986418 61526900 45779653 355321627 13613736168 1940489408 53 17225732 2002069912
======================
   8      16 sdb 28944235 368939 2586107698 61578424 45779653 355321627 13613736168 1940489408 53 17226736 2002121388
======================
   8      16 sdb 28946424 368939 2587228466 61629588 45779653 355321627 13613736168 1940489408 48 17227736 2002172508
======================
   8      16 sdb 28948613 368939 2588349234 61680836 45779653 355321627 13613736168 1940489408 55 17228740 2002223836
======================
   8      16 sdb 28950784 368939 2589460738 61732320 45779653 355321627 13613736168 1940489408 50 17229744 2002275292
======================
   8      16 sdb 28952963 368939 2590576386 61783352 45779653 355321627 13613736168 1940489408 44 17230748 2002326276
======================
   8      16 sdb 28955134 368939 2591687938 61834548 45779653 355321627 13613736168 1940489408 45 17231748 2002377328
======================
   8      16 sdb 28957333 368939 2592813826 61885128 45779653 355321627 13613736168 1940489408 51 17232752 2002428032
======================
   8      16 sdb 28959520 368939 2593933570 61936144 45779653 355321627 13613736168 1940489408 51 17233756 2002479136
