======================
   8      16 sdb 38758906 525811 3431625274 82996212 65762657 381772272 17846110528 2517149952 0 22983480 2600241496
======================
   8      16 sdb 38758906 525811 3431625274 82996212 65762657 381772272 17846110528 2517149952 0 22983480 2600241496
======================
   8      16 sdb 38758907 525811 3431625282 82996212 65762657 381772272 17846110528 2517149952 0 22983480 2600241496
======================
   8      16 sdb 38758907 525811 3431625282 82996212 65762657 381772272 17846110528 2517149952 0 22983480 2600241496
======================
   8      16 sdb 38758913 525811 3431625330 82996244 65765374 381772272 17847501128 2517166080 67 22983740 2600257856
======================
   8      16 sdb 38758917 525811 3431625362 82996476 65767347 381773241 17848510304 2517271724 146 22984724 2600365504
======================
   8      16 sdb 38758921 525811 3431625394 82996676 65769198 381773241 17849440560 2517393264 129 22985720 2600488640
======================
   8      16 sdb 38758924 525811 3431625418 82996852 65770811 381773241 17850266416 2517521268 92 22986724 2600616596
======================
   8      16 sdb 38758927 525811 3431625442 82997032 65772412 381773241 17851086128 2517607348 27 22987724 2600708724
======================
   8      16 sdb 38758931 525811 3431625474 82997508 65774171 381773241 17851986736 2517740120 155 22988728 2600837236
======================
   8      16 sdb 38758936 525811 3431625514 82997588 65776109 381773263 17852978664 2517868764 138 22989732 2600980928
======================
   8      16 sdb 38758941 525811 3431625554 82997644 65778522 381773263 17854214120 2518024952 149 22990736 2601121604
======================
   8      16 sdb 38758946 525811 3431625594 82997712 65781078 381773263 17855523304 2518165260 156 22991740 2601263120
======================
   8      16 sdb 38758949 525811 3431625618 82997772 65783085 381773263 17856550376 2518305392 107 22992744 2601403488
======================
   8      16 sdb 38758954 525811 3431625658 82997928 65784985 381773263 17857523176 2518441196 154 22993748 2601539936
======================
   8      16 sdb 38758958 525811 3431625690 82998088 65786877 381773263 17858491880 2518575160 154 22994748 2601673276
======================
   8      16 sdb 38758962 525811 3431625722 82998104 65788809 381773263 17859481064 2518718048 142 22995752 2601816572
======================
   8      16 sdb 38758965 525811 3431625746 82998140 65790735 381773263 17860467176 2518861176 137 22996756 2601959832
======================
   8      16 sdb 38758970 525811 3431625786 82998228 65792660 381773263 17861452776 2519002364 138 22997760 2602101188
======================
   8      16 sdb 38758974 525811 3431625818 82998312 65794585 381773263 17862438376 2519142996 152 22998764 2602242020
======================
   8      16 sdb 38758978 525811 3431625850 82998412 65796478 381773263 17863408104 2519283992 140 22999768 2602381724
======================
   8      16 sdb 38758981 525811 3431625874 82998504 65798416 381773263 17864399848 2519420732 136 23000772 2602520044
======================
   8      16 sdb 38758986 525811 3431625914 82998704 65800314 381773263 17865371624 2519551200 133 23001772 2602650208
======================
   8      16 sdb 38758990 525811 3431625946 82998872 65802241 381773263 17866358248 2519686824 154 23002776 2602785980
======================
   8      16 sdb 38758994 525811 3431625978 82999060 65804162 381773263 17867341800 2519824092 134 23003780 2602921404
======================
   8      16 sdb 38758997 525811 3431626002 82999212 65806032 381773263 17868299240 2519958268 136 23004784 2603057484
======================
   8      16 sdb 38759002 525811 3431626042 82999500 65808006 381773343 17869308048 2520079740 137 23005788 2603179356
======================
   8      16 sdb 38759006 525811 3431626074 82999736 65809940 381773343 17870298256 2520205900 128 23006792 2603306088
======================
   8      16 sdb 38759009 525811 3431626098 82999944 65811838 381773343 17871270032 2520332960 31 23007796 2603430236
======================
   8      16 sdb 38759013 525811 3431626130 83000236 65813762 381773399 17872252544 2520453676 128 23008800 2603554612
======================
   8      16 sdb 38759018 525811 3431626170 83000540 65815686 381773399 17873237632 2520570776 134 23009800 2603671620
======================
   8      16 sdb 38759022 525811 3431626202 83000848 65817613 381773423 17874223440 2520689320 129 23010804 2603790036
======================
   8      16 sdb 38759025 525811 3431626226 83001076 65819541 381773440 17875209200 2520814380 19 23011808 2603912000
======================
   8      16 sdb 38759029 525811 3431626258 83001372 65821466 381773440 17876194800 2520933348 142 23012808 2604035184
======================
   8      16 sdb 38759034 525811 3431626298 83001688 65823386 381773440 17877177840 2521048012 151 23013808 2604150232
======================
   8      16 sdb 38759038 525811 3431626330 83002024 65825263 381773440 17878138864 2521168612 131 23014812 2604269120
======================
   8      16 sdb 38759041 525811 3431626354 83002248 65827191 381773462 17879125168 2521292340 51 23015816 2604393240
======================
   8      16 sdb 38759045 525811 3431626386 83002560 65829119 381773479 17880111432 2521412500 150 23016816 2604515680
======================
   8      16 sdb 38759050 525811 3431626426 83002884 65831040 381773479 17881094984 2521526608 149 23017820 2604630252
======================
   8      16 sdb 38759054 525811 3431626458 83003188 65832966 381773479 17882081096 2521647064 143 23018824 2604750048
======================
   8      16 sdb 38759057 525811 3431626482 83003456 65834850 381773479 17883045704 2521768976 74 23019824 2604871460
======================
   8      16 sdb 38759061 525811 3431626514 83003744 65836819 381773517 17884052120 2521883744 133 23020824 2604987600
======================
   8      16 sdb 38759066 525811 3431626554 83004100 65838724 381773517 17885027480 2521997192 150 23021824 2605101204
======================
   8      16 sdb 38759070 525811 3431626586 83004400 65840651 381773517 17886014104 2522118068 142 23022828 2605221808
======================
   8      16 sdb 38759073 525811 3431626610 83004660 65842553 381773517 17886987928 2522239112 55 23023832 2605342096
======================
   8      16 sdb 38759077 525811 3431626642 83004968 65844457 381773517 17887962776 2522358656 144 23024840 2605464492
======================
   8      16 sdb 38759082 525811 3431626682 83005288 65846380 381773558 17888945160 2522472556 149 23025844 2605578600
======================
   8      16 sdb 38759086 525811 3431626714 83005584 65848304 381773558 17889930248 2522593752 142 23026844 2605698144
======================
   8      16 sdb 38759089 525811 3431626738 83005848 65850203 381773558 17890902536 2522710936 90 23027848 2605816684
======================
   8      16 sdb 38759093 525811 3431626770 83006144 65852147 381773558 17891897864 2522830644 139 23028848 2605937848
======================
   8      16 sdb 38759098 525811 3431626810 83006456 65854072 381773558 17892883464 2522944660 135 23029848 2606052152
======================
   8      16 sdb 38759102 525811 3431626842 83006756 65855972 381773581 17893855440 2523064708 146 23030852 2606169720
======================
   8      16 sdb 38759105 525811 3431626866 83006984 65857876 381773598 17894829416 2523187296 102 23031856 2606294984
======================
   8      16 sdb 38759109 525811 3431626898 83007284 65859753 381773598 17895790440 2523308268 154 23032852 2606415748
======================
   8      16 sdb 38759114 525811 3431626938 83007604 65861727 381773598 17896801128 2523422824 131 23033856 2606531056
======================
   8      16 sdb 38759118 525811 3431626970 83007900 65863643 381773598 17897782120 2523546580 136 23034856 2606651708
======================
   8      16 sdb 38759121 525811 3431626994 83008068 65865572 381773636 17898768056 2523666160 89 23035860 2606774168
======================
   8      16 sdb 38759125 525811 3431627026 83008560 65867368 381773636 17899687608 2523786248 139 23036860 2606892040
======================
   8      16 sdb 38759130 525811 3431627066 83008604 65869422 381773636 17900739256 2523925912 142 23037864 2607035384
======================
   8      16 sdb 38759134 525811 3431627098 83008640 65871324 381773636 17901713080 2524069292 128 23038868 2607178756
======================
   8      16 sdb 38759138 525811 3431627130 83008696 65873251 381773636 17902699704 2524212464 153 23039872 2607322028
======================
   8      16 sdb 38759141 525811 3431627154 83008756 65875166 381773659 17903679864 2524354336 149 23040876 2607464132
======================
   8      16 sdb 38759146 525811 3431627194 83008892 65877083 381773659 17904661368 2524491032 136 23041880 2607600684
======================
   8      16 sdb 38759150 525811 3431627226 83009000 65879007 381773659 17905646456 2524631504 128 23042884 2607741168
======================
   8      16 sdb 38759153 525811 3431627250 83009096 65880915 381773659 17906623352 2524769876 107 23043888 2607880664
======================
   8      16 sdb 38759157 525811 3431627282 83009244 65882840 381773659 17907608952 2524908100 128 23044888 2608017928
======================
   8      16 sdb 38759162 525811 3431627322 83009476 65884744 381773700 17908582112 2525033968 139 23045892 2608143988
======================
   8      16 sdb 38759166 525811 3431627354 83009676 65886670 381773700 17909568224 2525167648 148 23046896 2608275572
======================
   8      16 sdb 38759169 525811 3431627378 83009832 65888590 381773700 17910551264 2525299016 116 23047900 2608409444
======================
   8      16 sdb 38759173 525811 3431627410 83010072 65890517 381773700 17911537888 2525422804 136 23048904 2608533608
======================
   8      16 sdb 38759178 525811 3431627450 83010360 65892440 381773717 17912520584 2525541228 141 23049908 2608652444
======================
   8      16 sdb 38759182 525811 3431627482 83010640 65894366 381773739 17913505864 2525666868 140 23050908 2608774440
======================
   8      16 sdb 38759185 525811 3431627506 83010876 65896269 381773756 17914479328 2525788804 125 23051912 2608900232
======================
   8      16 sdb 38759189 525811 3431627538 83011176 65898143 381773756 17915438816 2525908948 149 23052916 2609020412
======================
   8      16 sdb 38759194 525811 3431627578 83011484 65900090 381773756 17916435680 2526023204 153 23053912 2609135272
======================
   8      16 sdb 38759197 525811 3431627602 83011684 65902010 381773756 17917418720 2526146692 16 23054908 2609254880
======================
   8      16 sdb 38759201 525811 3431627634 83011980 65903936 381773794 17918403120 2526259960 142 23055912 2609372332
======================
   8      16 sdb 38759205 525811 3431627666 83012280 65905863 381773794 17919389744 2526379044 145 23056912 2609492008
======================
   8      16 sdb 38759210 525811 3431627706 83012612 65907787 381773794 17920374832 2526493808 140 23057916 2609606864
======================
   8      16 sdb 38759213 525811 3431627730 83012840 65909674 381773794 17921340976 2526618556 36 23058916 2609728960
======================
   8      16 sdb 38759217 525811 3431627762 83013168 65911578 381773794 17922315824 2526735208 131 23059920 2609848724
======================
   8      16 sdb 38759221 525811 3431627794 83013464 65913515 381773835 17923305376 2526851884 131 23060920 2609965828
======================
   8      16 sdb 38759226 525811 3431627834 83013784 65915435 381773835 17924288416 2526965348 146 23061920 2610079008
======================
   8      16 sdb 38759229 525811 3431627858 83014016 65917363 381773835 17925275552 2527089508 32 23062924 2610201016
======================
   8      16 sdb 38759233 525811 3431627890 83014320 65919289 381773835 17926261664 2527208936 131 23063928 2610324024
======================
   8      16 sdb 38759236 525811 3431627914 83014480 65920590 381773835 17926927776 2527337436 4 23064932 2610447316
======================
   8      16 sdb 38759241 525811 3431627954 83014716 65922983 381773857 17928152160 2527440192 46 23065932 2610553320
======================
   8      16 sdb 38759245 525811 3431627986 83015028 65924904 381773873 17929134832 2527559328 153 23066936 2610675728
======================
   8      16 sdb 38759249 525811 3431628018 83015252 65926804 381773873 17930107632 2527684416 140 23067940 2610800500
======================
   8      16 sdb 38759253 525811 3431628050 83015540 65928736 381773873 17931096816 2527805296 129 23068944 2610920568
======================
   8      16 sdb 38759257 525811 3431628082 83015784 65930661 381773873 17932082416 2527923736 50 23069948 2611038576
======================
   8      16 sdb 38759261 525811 3431628114 83016116 65932582 381773912 17933065144 2528038132 141 23070952 2611155108
======================
   8      16 sdb 38759265 525811 3431628146 83016416 65934514 381773912 17934052944 2528156800 147 23071952 2611273952
======================
   8      16 sdb 38759269 525811 3431628178 83016720 65936440 381773912 17935039056 2528277032 152 23072952 2611393412
======================
   8      16 sdb 38759273 525811 3431628210 83016964 65938341 381773912 17936012368 2528395752 55 23073952 2611511800
======================
   8      16 sdb 38759277 525811 3431628242 83017256 65940253 381773912 17936991312 2528515256 136 23074952 2611633472
======================
   8      16 sdb 38759281 525811 3431628274 83017560 65942138 381773956 17937955632 2528634064 142 23075956 2611752348
======================
   8      16 sdb 38759285 525811 3431628306 83017860 65944104 381773956 17938960352 2528754864 143 23076956 2611871828
======================
   8      16 sdb 38759289 525811 3431628338 83018112 65946028 381773956 17939945440 2528872944 54 23077960 2611990220
======================
   8      16 sdb 38759293 525811 3431628370 83018400 65947955 381773956 17940932064 2528992084 152 23078956 2612111796
======================
   8      16 sdb 38759297 525811 3431628402 83018688 65949867 381773956 17941911008 2529112276 130 23079956 2612231228
======================
   8      16 sdb 38759301 525811 3431628434 83018992 65951790 381773996 17942894760 2529230752 135 23080960 2612349264
======================
   8      16 sdb 38759305 525811 3431628466 83019248 65953692 381773996 17943867712 2529348948 74 23081964 2612468092
======================
   8      16 sdb 38759309 525811 3431628498 83019544 65955614 381773996 17944851776 2529468052 145 23082964 2612588648
======================
   8      16 sdb 38759313 525811 3431628530 83019852 65957540 381773996 17945837888 2529587576 142 23083964 2612708400
======================
   8      16 sdb 38759317 525811 3431628562 83020052 65959439 381773996 17946810176 2529711620 137 23084968 2612832580
======================
   8      16 sdb 38759322 525811 3431628602 83020104 65961389 381774018 17947808248 2529852836 129 23085972 2612973972
======================
   8      16 sdb 38759325 525811 3431628626 83020132 65963314 381774018 17948793848 2529995132 150 23086976 2613116416
======================
   8      16 sdb 38759329 525811 3431628658 83020192 65965213 381774018 17949766648 2530137280 145 23087976 2613258372
======================
   8      16 sdb 38759333 525811 3431628690 83020292 65967114 381774018 17950739448 2530276576 132 23088980 2613397616
======================
   8      16 sdb 38759338 525811 3431628730 83020444 65969039 381774018 17951725048 2530412800 151 23089984 2613533332
======================
   8      16 sdb 38759341 525811 3431628754 83020532 65970965 381774018 17952711160 2530551672 131 23090988 2613673080
======================
   8      16 sdb 38759345 525811 3431628786 83020676 65972890 381774018 17953696760 2530686892 151 23091992 2613808504
======================
   8      16 sdb 38759349 525811 3431628818 83020840 65974815 381774018 17954682360 2530821712 144 23092996 2613943464
======================
   8      16 sdb 38759353 525811 3431628850 83021040 65976741 381774054 17955667752 2530950376 68 23094000 2614071044
======================
   8      16 sdb 38759357 525811 3431628882 83021200 65978639 381774070 17956638648 2531085216 132 23095000 2614206768
======================
   8      16 sdb 38759361 525811 3431628914 83021428 65980549 381774070 17957616568 2531213632 133 23096004 2614335740
======================
   8      16 sdb 38759365 525811 3431628946 83021680 65982473 381774070 17958601656 2531339600 140 23097008 2614460404
======================
   8      16 sdb 38759369 525811 3431628978 83021876 65984390 381774070 17959582656 2531460568 102 23098012 2614582756
======================
   8      16 sdb 38759373 525811 3431629010 83022160 65986327 381774137 17960571776 2531580208 148 23099012 2614703076
======================
   8      16 sdb 38759412 525811 3431629322 83022864 65988218 381774137 17961539096 2531698776 141 23100012 2614822072
======================
   8      16 sdb 38759416 525811 3431629354 83023152 65990161 381774137 17962533912 2531822704 151 23101016 2614942612
======================
   8      16 sdb 38759420 525811 3431629386 83023336 65992033 381774137 17963492376 2531949068 140 23102020 2615072984
======================
   8      16 sdb 38759424 525811 3431629418 83023656 65993966 381774137 17964482072 2532065348 154 23103024 2615189628
======================
   8      16 sdb 38759428 525811 3431629450 83023932 65995895 381774159 17965468888 2532178856 135 23104024 2615303684
======================
   8      16 sdb 38759432 525811 3431629482 83024240 65997819 381774159 17966453976 2532304192 82 23105028 2615424344
======================
   8      16 sdb 38759436 525811 3431629514 83024492 65999741 381774159 17967438040 2532419696 121 23106032 2615545124
======================
   8      16 sdb 38759440 525811 3431629546 83024792 66001668 381774159 17968424664 2532540040 154 23107036 2615665896
======================
   8      16 sdb 38759444 525811 3431629578 83025100 66003594 381774159 17969410776 2532659872 131 23108036 2615785984
======================
   8      16 sdb 38759447 525811 3431629602 83025316 66005489 381774183 17970380200 2532779756 7 23109036 2615901164
======================
   8      16 sdb 38759452 525811 3431629642 83025640 66007396 381774183 17971356584 2532894420 141 23110040 2616021200
======================
   8      16 sdb 38759454 525811 3431629658 83025784 66008580 381774236 17971956648 2532968968 0 23110648 2616090344
======================
   8      16 sdb 38759454 525811 3431629658 83025784 66008580 381774236 17971956648 2532968968 0 23110648 2616090344
======================
   8      16 sdb 38759454 525811 3431629658 83025784 66008580 381774236 17971956648 2532968968 0 23110648 2616090344
======================
   8      16 sdb 38759454 525811 3431629658 83025784 66008580 381774236 17971956648 2532968968 0 23110648 2616090344
======================
   8      16 sdb 38759454 525811 3431629658 83025784 66008580 381774236 17971956648 2532968968 0 23110648 2616090344
started
======================
   8      16 sdb 38759454 525811 3431629658 83025784 66008580 381774236 17971956648 2532968968 0 23110648 2616090344
======================
   8      16 sdb 38759493 525811 3431629970 83025824 66008580 381774236 17971956648 2532968968 0 23110652 2616090384
======================
   8      16 sdb 38759493 525811 3431629970 83025824 66008580 381774236 17971956648 2532968968 0 23110652 2616090384
======================
   8      16 sdb 38759493 525811 3431629970 83025824 66008580 381774236 17971956648 2532968968 0 23110652 2616090384
======================
   8      16 sdb 38759493 525811 3431629970 83025824 66023833 381774236 17972988200 2532993632 134 23111120 2616115952
======================
   8      16 sdb 38759493 525811 3431629970 83025824 66037484 381774236 17973928040 2533135144 147 23112120 2616257132
======================
   8      16 sdb 38759493 525811 3431629970 83025824 66050818 381774237 17974866368 2533277216 145 23113124 2616399384
======================
   8      16 sdb 38759493 525811 3431629970 83025824 66064074 381774237 17975810880 2533418912 137 23114128 2616541204
======================
   8      16 sdb 38759493 525811 3431629970 83025824 66077015 381774237 17976741056 2533560004 137 23115132 2616682348
======================
   8      16 sdb 38759493 525811 3431629970 83025824 66089837 381774237 17977673984 2533699704 147 23116136 2616823820
======================
   8      16 sdb 38759493 525811 3431629970 83025824 66102599 381774238 17978615808 2533843084 140 23117140 2616965324
======================
   8      16 sdb 38759493 525811 3431629970 83025824 66115258 381774239 17979557976 2533984064 135 23118140 2617105816
======================
   8      16 sdb 38759493 525811 3431629970 83025824 66127766 381774239 17980501528 2534125596 130 23119144 2617247304
======================
   8      16 sdb 38759493 525811 3431629970 83025824 66140188 381774239 17981442392 2534266852 134 23120148 2617388600
======================
   8      16 sdb 38759493 525811 3431629970 83025824 66152535 381774239 17982385048 2534408516 129 23121152 2617530288
======================
   8      16 sdb 38759493 525811 3431629970 83025824 66164641 381774239 17983320536 2534549584 151 23122156 2617671504
======================
   8      16 sdb 38759493 525811 3431629970 83025824 66176737 381774240 17984267440 2534690772 152 23123160 2617812704
======================
   8      16 sdb 38759493 525811 3431629970 83025824 66188576 381774241 17985191664 2534831804 153 23124164 2617953744
======================
   8      16 sdb 38759493 525811 3431629970 83025824 66200537 381774241 17986131760 2534973132 128 23125168 2618095180
======================
   8      16 sdb 38759493 525811 3431629970 83025824 66212477 381774241 17987085808 2535114804 142 23126172 2618236836
======================
   8      16 sdb 38759493 525811 3431629970 83025824 66224649 381774242 17988011632 2535255872 142 23127176 2618377892
======================
   8      16 sdb 38759493 525811 3431629970 83025824 66236966 381774243 17988954632 2535397920 139 23128176 2618519444
======================
   8      16 sdb 38759493 525811 3431629970 83025824 66249175 381774245 17989895016 2535540172 139 23129180 2618661688
======================
   8      16 sdb 38759493 525811 3431629970 83025824 66261194 381774247 17990823272 2535681816 147 23130184 2618803360
======================
   8      16 sdb 38759493 525811 3431629970 83025824 66273184 381774249 17991753448 2535823588 141 23131188 2618945264
======================
   8      16 sdb 38759493 525811 3431629970 83025824 66285282 381774251 17992695784 2535966104 146 23132192 2619087700
======================
   8      16 sdb 38759493 525811 3431629970 83025824 66297375 381774254 17993635712 2536106800 151 23133196 2619228492
======================
   8      16 sdb 38759493 525811 3431629970 83025824 66309607 381774255 17994574272 2536249080 143 23134200 2619370724
======================
   8      16 sdb 38759493 525811 3431629970 83025824 66321823 381774257 17995516288 2536390348 151 23135204 2619512060
======================
   8      16 sdb 38759493 525811 3431629970 83025824 66334086 381774259 17996457600 2536533312 144 23136208 2619655000
======================
   8      16 sdb 38759493 525811 3431629970 83025824 66346036 381774261 17997387264 2536675088 148 23137212 2619796844
======================
   8      16 sdb 38759493 525811 3431629970 83025824 66358155 381774264 17998322136 2536817328 129 23138216 2619939092
======================
   8      16 sdb 38759493 525811 3431629970 83025824 66370273 381774266 17999263320 2536959736 137 23139220 2620081484
======================
   8      16 sdb 38759493 525811 3431629970 83025824 66382492 381774268 18000202392 2537101716 142 23140220 2620222920
======================
   8      16 sdb 38759493 525811 3431629970 83025824 66394608 381774270 18001146776 2537243604 146 23141224 2620364892
======================
   8      16 sdb 38759493 525811 3431629970 83025824 66406714 381774272 18002087128 2537385704 131 23142228 2620507028
======================
   8      16 sdb 38759493 525811 3431629970 83025824 66418889 381774275 18003026160 2537528144 150 23143232 2620649560
======================
   8      16 sdb 38759493 525811 3431629970 83025824 66430868 381774277 18003955568 2537670424 153 23144236 2620791872
======================
   8      16 sdb 38759493 525811 3431629970 83025824 66442861 381774279 18004884080 2537813188 128 23145240 2620934704
======================
   8      16 sdb 38759493 525811 3431629970 83025824 66455000 381774281 18005821744 2537955392 149 23146244 2621076900
======================
   8      16 sdb 38759493 525811 3431629970 83025824 66467135 381774283 18006768944 2538097832 128 23147248 2621219304
======================
   8      16 sdb 38759493 525811 3431629970 83025824 66479346 381774286 18007707080 2538239436 143 23148252 2621360960
======================
   8      16 sdb 38759493 525811 3431629970 83025824 66491540 381774288 18008651272 2538381680 141 23149256 2621503252
======================
   8      16 sdb 38759493 525811 3431629970 83025824 66503662 381774290 18009588808 2538523472 147 23150260 2621645104
======================
   8      16 sdb 38759493 525811 3431629970 83025824 66515627 381774292 18010514952 2538665180 131 23151264 2621786744
======================
   8      16 sdb 38759493 525811 3431629970 83025824 66527652 381774294 18011441544 2538806636 133 23152264 2621927708
======================
   8      16 sdb 38759493 525811 3431629970 83025824 66539854 381774297 18012383008 2538947668 140 23153268 2622068728
======================
   8      16 sdb 38759493 525811 3431629970 83025824 66551990 381774299 18013324768 2539089804 149 23154272 2622211000
======================
   8      16 sdb 38759493 525811 3431629970 83025824 66564146 381774301 18014263200 2539232660 146 23155276 2622353868
======================
   8      16 sdb 38759493 525811 3431629970 83025824 66576395 381774303 18015208352 2539374404 128 23156280 2622495536
======================
   8      16 sdb 38759493 525811 3431629970 83025824 66588555 381774305 18016146720 2539516188 143 23157284 2622637348
======================
   8      16 sdb 38759493 525811 3431629970 83025824 66600730 381774308 18017084856 2539658112 135 23158288 2622779360
======================
   8      16 sdb 38759493 525811 3431629970 83025824 66612655 381774310 18018014840 2539800464 133 23159292 2622921672
======================
   8      16 sdb 38759493 525811 3431629970 83025824 66624838 381774312 18018958456 2539942072 141 23160296 2623063356
======================
   8      16 sdb 38759493 525811 3431629970 83025824 66636946 381774314 18019896504 2540084616 129 23161300 2623205872
======================
   8      16 sdb 38759493 525811 3431629970 83025824 66649074 381774316 18020830200 2540226976 147 23162304 2623348292
======================
   8      16 sdb 38759493 525811 3431629970 83025824 66661278 381774319 18021771536 2540368908 137 23163304 2623489716
======================
   8      16 sdb 38759493 525811 3431629970 83025824 66673399 381774321 18022713744 2540510228 144 23164308 2623631036
======================
   8      16 sdb 38759493 525811 3431629970 83025824 66685398 381774323 18023643088 2540651840 152 23165312 2623773204
======================
   8      16 sdb 38759493 525811 3431629970 83025824 66697416 381774325 18024572176 2540792828 135 23166316 2623914316
======================
   8      16 sdb 38759493 525811 3431629970 83025824 66709584 381774327 18025516880 2540934028 129 23167320 2624055424
======================
   8      16 sdb 38759493 525811 3431629970 83025824 66721778 381774330 18026457640 2541075236 129 23168324 2624196756
======================
   8      16 sdb 38759493 525811 3431629970 83025824 66733957 381774332 18027393960 2541217216 145 23169328 2624338796
