======================
   8      16 sdb 38765249 525837 3431676226 83173464 71265132 381784974 18844110688 2664973840 0 24120532 2748282364
======================
   8      16 sdb 38765249 525837 3431676226 83173464 71265132 381784974 18844110688 2664973840 0 24120532 2748282364
======================
   8      16 sdb 38765250 525837 3431676234 83173464 71265132 381784974 18844110688 2664973840 0 24120532 2748282364
======================
   8      16 sdb 38765250 525837 3431676234 83173464 71265132 381784974 18844110688 2664973840 0 24120532 2748282364
======================
   8      16 sdb 38765253 525837 3431676258 83173652 71266943 381785430 18845022416 2665017308 146 24121224 2748344232
======================
   8      16 sdb 38765254 525837 3431676266 83173928 71267466 381785449 18845289840 2665135492 136 24122228 2748464068
======================
   8      16 sdb 38765255 525837 3431676274 83173944 71267676 381785449 18845397360 2665194824 149 24123232 2748613920
======================
   8      16 sdb 38765255 525837 3431676274 83173944 71268036 381785449 18845581680 2665444612 141 24124236 2748761728
======================
   8      16 sdb 38765257 525837 3431676290 83174032 71269046 381785449 18846098800 2665578656 155 24125240 2748901500
======================
   8      16 sdb 38765258 525837 3431676298 83174108 71269289 381785449 18846223216 2665631244 157 24126244 2749047060
======================
   8      16 sdb 38765258 525837 3431676298 83174108 71269526 381785449 18846344560 2665815988 144 24127252 2749197400
======================
   8      16 sdb 38765259 525837 3431676306 83174180 71269813 381785449 18846491504 2666004440 141 24128256 2749340060
======================
   8      16 sdb 38765259 525837 3431676306 83174180 71270052 381785449 18846613872 2666149736 158 24129260 2749477772
======================
   8      16 sdb 38765261 525837 3431676322 83174376 71271161 381785449 18847181680 2666293040 138 24130264 2749611304
======================
   8      16 sdb 38765264 525837 3431676346 83174656 71272357 381785449 18847794032 2666419860 131 24131268 2749739192
======================
   8      16 sdb 38765266 525837 3431676362 83174672 71273281 381785469 18848261232 2666558112 95 24132272 2749870652
======================
   8      16 sdb 38765270 525837 3431676394 83174948 71274956 381785479 18849118408 2666681756 141 24133276 2749996500
======================
   8      16 sdb 38765273 525837 3431676418 83175164 71276657 381785479 18849989320 2666805800 146 24134276 2750122264
======================
   8      16 sdb 38765276 525837 3431676442 83175376 71278345 381785479 18850853576 2666933360 142 24135280 2750250196
======================
   8      16 sdb 38765280 525837 3431676474 83175688 71280129 381785479 18851766984 2667053700 131 24136284 2750369704
======================
   8      16 sdb 38765285 525837 3431676514 83176024 71282024 381785501 18852736896 2667170252 105 24137288 2750482144
======================
   8      16 sdb 38765288 525837 3431676538 83176244 71283953 381785517 18853723160 2667290396 84 24138288 2750606728
======================
   8      16 sdb 38765292 525837 3431676570 83176552 71285880 381785517 18854709784 2667409148 129 24139292 2750726564
======================
   8      16 sdb 38765296 525837 3431676602 83176840 71287804 381785517 18855694872 2667530464 146 24140296 2750848268
======================
   8      16 sdb 38765301 525837 3431676642 83177164 71289727 381785517 18856679448 2667647232 143 24141300 2750963368
======================
   8      16 sdb 38765304 525837 3431676666 83177388 71291650 381785517 18857664024 2667769784 67 24142304 2751086620
======================
   8      16 sdb 38765308 525837 3431676698 83177688 71293557 381785557 18858638712 2667886404 137 24143308 2751205156
======================
   8      16 sdb 38765312 525837 3431676730 83177976 71295450 381785557 18859607928 2668007804 152 24144312 2751326552
======================
   8      16 sdb 38765317 525837 3431676770 83178296 71297363 381785557 18860587384 2668128088 117 24145312 2751442040
======================
   8      16 sdb 38765320 525837 3431676794 83178524 71299303 381785557 18861580664 2668248524 98 24146312 2751567348
======================
   8      16 sdb 38765324 525837 3431676826 83178832 71301225 381785557 18862564728 2668368496 137 24147316 2751688108
======================
   8      16 sdb 38765328 525837 3431676858 83179072 71303153 381785596 18863551040 2668485840 131 24148320 2751805672
======================
   8      16 sdb 38765333 525837 3431676898 83179392 71305077 381785596 18864534744 2668603472 130 24149320 2751920548
======================
   8      16 sdb 38765336 525837 3431676922 83179616 71306979 381785596 18865508568 2668724916 107 24150324 2752044980
======================
   8      16 sdb 38765340 525837 3431676954 83180272 71308497 381785596 18866285784 2668787584 129 24151328 2752105116
======================
   8      16 sdb 38765344 525837 3431676986 83180280 71310804 381785596 18867466968 2668926184 154 24152332 2752247400
======================
   8      16 sdb 38765349 525837 3431677026 83180340 71312726 381785619 18868450712 2669067948 148 24153336 2752389100
======================
   8      16 sdb 38765352 525837 3431677050 83180380 71314648 381785619 18869434776 2669209204 119 24154336 2752530004
======================
   8      16 sdb 38765356 525837 3431677082 83180452 71316564 381785619 18870415768 2669351880 144 24155344 2752673120
======================
   8      16 sdb 38765360 525837 3431677114 83180540 71318497 381785619 18871405464 2669492388 138 24156344 2752813568
======================
   8      16 sdb 38765365 525837 3431677154 83180704 71320420 381785619 18872390040 2669626432 148 24157348 2752947732
======================
   8      16 sdb 38765368 525837 3431677178 83180808 71322319 381785619 18873362328 2669764840 96 24158352 2753085812
======================
   8      16 sdb 38765372 525837 3431677210 83180964 71324242 381785619 18874346904 2669901332 141 24159356 2753223016
======================
   8      16 sdb 38765376 525837 3431677242 83181144 71326148 381785619 18875322776 2670036056 149 24160360 2753358084
======================
   8      16 sdb 38765381 525837 3431677282 83181384 71328067 381785672 18876303712 2670165336 152 24161364 2753485072
======================
   8      16 sdb 38765384 525837 3431677306 83181544 71329994 381785672 18877290336 2670296588 105 24162368 2753618636
======================
   8      16 sdb 38765388 525837 3431677338 83181784 71331917 381785672 18878274912 2670426776 138 24163372 2753749428
======================
   8      16 sdb 38765392 525837 3431677370 83182040 71333839 381785672 18879258976 2670552316 144 24164376 2753875380
======================
   8      16 sdb 38765397 525837 3431677410 83182344 71335766 381785700 18880243304 2670672236 140 24165372 2753991396
======================
   8      16 sdb 38765400 525837 3431677434 83182564 71337676 381785723 18881220400 2670792716 110 24166376 2754115244
======================
   8      16 sdb 38765404 525837 3431677466 83182864 71339581 381785740 18882194888 2670911672 137 24167380 2754235196
======================
   8      16 sdb 38765408 525837 3431677498 83183200 71341501 381785740 18883177928 2671029800 136 24168380 2754353492
======================
   8      16 sdb 38765413 525837 3431677538 83183512 71343423 381785740 18884161992 2671150636 60 24169380 2754469540
======================
   8      16 sdb 38765416 525837 3431677562 83183728 71345327 381785740 18885136840 2671273228 141 24170384 2754597328
======================
   8      16 sdb 38765420 525837 3431677594 83184016 71347273 381785762 18886132360 2671392924 148 24171388 2754717676
======================
   8      16 sdb 38765424 525837 3431677626 83184324 71349202 381785779 18887119136 2671512872 151 24172392 2754838452
======================
   8      16 sdb 38765429 525837 3431677666 83184560 71351100 381785779 18888090912 2671638280 128 24173392 2754964048
======================
   8      16 sdb 38765432 525837 3431677690 83184572 71353003 381785779 18889065248 2671779020 142 24174396 2755105124
======================
   8      16 sdb 38765436 525837 3431677722 83184608 71354915 381785779 18890044192 2671920784 146 24175400 2755246488
======================
   8      16 sdb 38765440 525837 3431677754 83184672 71356851 381785801 18891035096 2672061160 134 24176400 2755386760
======================
   8      16 sdb 38765445 525837 3431677794 83184800 71358773 381785801 18892019160 2672199540 138 24177404 2755524692
======================
   8      16 sdb 38765448 525837 3431677818 83184876 71360695 381785801 18893003736 2672339028 138 24178408 2755665100
======================
   8      16 sdb 38765452 525837 3431677850 83184996 71362622 381785801 18893989848 2672477364 142 24179412 2755803428
======================
   8      16 sdb 38765456 525837 3431677882 83185128 71364517 381785801 18894960088 2672614896 151 24180416 2755940624
======================
   8      16 sdb 38765461 525837 3431677922 83185340 71366442 381785841 18895943992 2672739588 147 24181420 2756063576
======================
   8      16 sdb 38765464 525837 3431677946 83185476 71368368 381785841 18896930104 2672871712 142 24182424 2756198488
======================
   8      16 sdb 38765468 525837 3431677978 83185676 71370295 381785841 18897916728 2673003116 133 24183428 2756329992
======================
   8      16 sdb 38765472 525837 3431678010 83185904 71372222 381785841 18898903352 2673131816 156 24184432 2756458860
======================
   8      16 sdb 38765477 525837 3431678050 83186188 71374147 381785858 18899887072 2673256944 133 24185432 2756580172
======================
   8      16 sdb 38765480 525837 3431678074 83186344 71376078 381785896 18900874032 2673377872 127 24186440 2756705864
======================
   8      16 sdb 38765484 525837 3431678106 83186628 71377987 381785896 18901851440 2673499200 147 24187444 2756827636
======================
   8      16 sdb 38765488 525837 3431678138 83186928 71379890 381785896 18902825776 2673619008 133 24188448 2756947092
======================
   8      16 sdb 38765492 525837 3431678170 83187176 71381813 381785896 18903810352 2673737236 24 24189452 2757062480
======================
   8      16 sdb 38765496 525837 3431678202 83187468 71383740 381785896 18904796976 2673856404 145 24190456 2757185668
======================
   8      16 sdb 38765500 525837 3431678234 83187760 71385658 381785936 18905777296 2673971936 142 24191456 2757301084
======================
   8      16 sdb 38765504 525837 3431678266 83188100 71387588 381785936 18906765456 2674087256 151 24192456 2757416304
======================
   8      16 sdb 38765508 525837 3431678298 83188352 71389514 381785936 18907751568 2674206716 7 24193460 2757531932
======================
   8      16 sdb 38765512 525837 3431678330 83188648 71391418 381785936 18908726416 2674325252 134 24194464 2757655316
======================
   8      16 sdb 38765516 525837 3431678362 83188956 71393321 381785936 18909700752 2674442800 145 24195468 2757773280
======================
   8      16 sdb 38765520 525837 3431678394 83189264 71395244 381785977 18910684512 2674557268 144 24196468 2757887268
======================
   8      16 sdb 38765524 525837 3431678426 83189384 71397163 381785977 18911665664 2674690972 43 24197468 2758019184
======================
   8      16 sdb 38765528 525837 3431678458 83189672 71399019 381785977 18912615936 2674805504 148 24198472 2758141608
======================
   8      16 sdb 38765529 525837 3431678466 83189936 71399592 381785977 18912909312 2674922420 144 24199476 2758266624
======================
   8      16 sdb 38765531 525837 3431678482 83189972 71400148 381785977 18913193984 2675065620 129 24200480 2758409904
======================
   8      16 sdb 38765533 525837 3431678498 83189996 71401274 381785994 18913770128 2675222696 148 24201484 2758553960
======================
   8      16 sdb 38765536 525837 3431678522 83190044 71403163 381785994 18914737296 2675364664 128 24202488 2758696484
======================
   8      16 sdb 38765541 525837 3431678562 83190172 71405092 381785994 18915724944 2675503056 130 24203492 2758834856
======================
   8      16 sdb 38765545 525837 3431678594 83190276 71407012 381785994 18916707984 2675641808 146 24204492 2758973476
======================
   8      16 sdb 38765549 525837 3431678626 83190404 71408938 381785994 18917694096 2675781612 131 24205496 2759112436
======================
   8      16 sdb 38765550 525837 3431678634 83190440 71409809 381785994 18918140048 2675845916 136 24206500 2759252840
======================
   8      16 sdb 38765557 525837 3431678690 83190812 71412667 381786030 18919601616 2676047596 141 24207500 2759380012
======================
   8      16 sdb 38765561 525837 3431678722 83190832 71414593 381786030 18920587728 2676189160 131 24208504 2759521568
======================
   8      16 sdb 38765564 525837 3431678746 83190856 71416494 381786030 18921561040 2676332736 147 24209508 2759665312
======================
   8      16 sdb 38765568 525837 3431678778 83190920 71418402 381786030 18922537936 2676474744 144 24210512 2759807436
======================
   8      16 sdb 38765573 525837 3431678818 83191040 71420324 381786030 18923522000 2676613608 129 24211516 2759946424
======================
   8      16 sdb 38765577 525837 3431678850 83191144 71422246 381786030 18924506064 2676754020 154 24212516 2760085664
======================
   8      16 sdb 38765580 525837 3431678874 83191236 71424169 381786030 18925490640 2676894184 147 24213520 2760226784
======================
   8      16 sdb 38765584 525837 3431678906 83191432 71426046 381786030 18926451664 2677028032 143 24214524 2760360544
======================
   8      16 sdb 38765589 525837 3431678946 83191644 71428019 381786084 18927460256 2677156196 148 24215528 2760489516
======================
   8      16 sdb 38765592 525837 3431678970 83191776 71429921 381786084 18928434080 2677293184 62 24216532 2760624900
======================
   8      16 sdb 38765596 525837 3431679002 83191976 71431822 381786084 18929407392 2677423820 145 24217532 2760757112
======================
   8      16 sdb 38765600 525837 3431679034 83192204 71433749 381786084 18930394016 2677554080 132 24218536 2760887468
======================
   8      16 sdb 38765605 525837 3431679074 83192580 71435672 381786112 18931376800 2677677072 151 24219540 2761010800
======================
   8      16 sdb 38765609 525837 3431679106 83192600 71437595 381786134 18932361048 2677819076 145 24220544 2761152972
======================
   8      16 sdb 38765612 525837 3431679130 83192632 71439520 381786134 18933346648 2677960652 137 24221548 2761294704
======================
   8      16 sdb 38765616 525837 3431679162 83192684 71441444 381786134 18934331736 2678103204 132 24222552 2761437300
======================
   8      16 sdb 38765621 525837 3431679202 83192796 71443343 381786134 18935304024 2678242296 149 24223556 2761576768
======================
   8      16 sdb 38765625 525837 3431679234 83192900 71445241 381786134 18936275800 2678383264 106 24224560 2761716580
======================
   8      16 sdb 38765628 525837 3431679258 83192992 71447166 381786134 18937261400 2678520708 157 24225564 2761855312
======================
   8      16 sdb 38765632 525837 3431679290 83193132 71449086 381786134 18938244440 2678657500 130 24226568 2761992296
======================
   8      16 sdb 38765637 525837 3431679330 83193336 71450981 381786183 18939213056 2678787600 149 24227568 2762120736
======================
   8      16 sdb 38765640 525837 3431679354 83193472 71452926 381786183 18940209408 2678921744 74 24228572 2762255388
======================
   8      16 sdb 38765644 525837 3431679386 83193672 71454848 381786183 18941192960 2679053116 155 24229576 2762388032
======================
   8      16 sdb 38765648 525837 3431679418 83193900 71456750 381786183 18942167296 2679182800 153 24230580 2762518040
======================
   8      16 sdb 38765653 525837 3431679458 83194188 71458655 381786207 18943139816 2679306408 154 24231584 2762639448
======================
   8      16 sdb 38765656 525837 3431679482 83194336 71460571 381786229 18944119976 2679427868 116 24232588 2762763184
======================
   8      16 sdb 38765660 525837 3431679514 83194608 71462502 381786245 18945107768 2679548204 153 24233592 2762884512
======================
   8      16 sdb 38765664 525837 3431679546 83194920 71464421 381786245 18946090296 2679664720 132 24234588 2763000912
======================
   8      16 sdb 38765669 525837 3431679586 83195232 71466369 381786245 18947087672 2679783084 153 24235604 2763116996
======================
   8      16 sdb 38765672 525837 3431679610 83195456 71468291 381786245 18948071736 2679905380 78 24236604 2763241088
======================
   8      16 sdb 38765676 525837 3431679642 83195796 71470170 381786268 18949032960 2680017832 132 24237608 2763354656
======================
   8      16 sdb 38765680 525837 3431679674 83196080 71472096 381786285 18950018200 2680137300 132 24238612 2763474884
======================
   8      16 sdb 38765685 525837 3431679714 83196304 71474008 381786285 18950997144 2680260432 153 24239612 2763597440
======================
   8      16 sdb 38765689 525837 3431679746 83196332 71475936 381786285 18951984280 2680401296 141 24240616 2763738768
======================
   8      16 sdb 38765692 525837 3431679770 83196368 71477862 381786285 18952970392 2680542536 132 24241620 2763880332
======================
   8      16 sdb 38765696 525837 3431679802 83196424 71479788 381786308 18953956184 2680682832 132 24242624 2764020824
======================
   8      16 sdb 38765701 525837 3431679842 83196544 71481703 381786308 18954936664 2680819488 153 24243628 2764156944
======================
   8      16 sdb 38765704 525837 3431679866 83196612 71483615 381786308 18955915608 2680959076 119 24244628 2764296792
======================
   8      16 sdb 38765708 525837 3431679898 83196736 71485516 381786308 18956888920 2681097676 131 24245632 2764435784
======================
   8      16 sdb 38765712 525837 3431679930 83196880 71487413 381786308 18957860184 2681233988 147 24246636 2764572468
======================
   8      16 sdb 38765717 525837 3431679970 83197084 71489322 381786349 18958835904 2681363976 153 24247636 2764699964
======================
   8      16 sdb 38765755 525837 3431680274 83197740 71491255 381786349 18959825600 2681495500 147 24248640 2764834484
======================
   8      16 sdb 38765759 525837 3431680306 83198036 71493179 381786349 18960810184 2681614652 148 24249640 2764953820
======================
   8      16 sdb 38765763 525837 3431680338 83198332 71495105 381786349 18961796296 2681734196 141 24250644 2765072884
======================
   8      16 sdb 38765767 525837 3431680370 83198568 71497030 381786349 18962781896 2681852728 21 24251640 2765188812
======================
   8      16 sdb 38765771 525837 3431680402 83198864 71498948 381786372 18963763088 2681970324 142 24252644 2765310436
======================
   8      16 sdb 38765775 525837 3431680434 83199208 71500819 381786372 18964721552 2682084224 131 24253648 2765424196
======================
   8      16 sdb 38765779 525837 3431680466 83199504 71502779 381786372 18965724560 2682205008 148 24254648 2765544552
======================
   8      16 sdb 38765783 525837 3431680498 83199752 71504704 381786372 18966710160 2682323164 29 24255652 2765660860
======================
   8      16 sdb 38765787 525837 3431680530 83200060 71506626 381786372 18967694224 2682442340 141 24256656 2765783528
======================
   8      16 sdb 38765791 525837 3431680562 83200364 71508554 381786394 18968680528 2682562364 157 24257660 2765903784
======================
   8      16 sdb 38765795 525837 3431680594 83200668 71510429 381786394 18969640528 2682684748 150 24258660 2766024036
======================
   8      16 sdb 38765797 525837 3431680610 83200752 71511053 381786465 18969953008 2682716308 0 24259040 2766053064
======================
   8      16 sdb 38765797 525837 3431680610 83200752 71511053 381786465 18969953008 2682716308 0 24259040 2766053064
======================
   8      16 sdb 38765797 525837 3431680610 83200752 71511053 381786465 18969953008 2682716308 0 24259040 2766053064
======================
   8      16 sdb 38765797 525837 3431680610 83200752 71511053 381786465 18969953008 2682716308 0 24259040 2766053064
======================
   8      16 sdb 38765797 525837 3431680610 83200752 71511053 381786465 18969953008 2682716308 0 24259040 2766053064
======================
started
   8      16 sdb 38765797 525837 3431680610 83200752 71511053 381786465 18969953008 2682716308 0 24259040 2766053064
======================
   8      16 sdb 38765797 525837 3431680610 83200752 71511053 381786465 18969953008 2682716308 0 24259040 2766053064
======================
   8      16 sdb 38765836 525837 3431680922 83200888 71511053 381786465 18969953008 2682716308 0 24259048 2766053200
======================
   8      16 sdb 38765836 525837 3431680922 83200888 71511053 381786465 18969953008 2682716308 0 24259048 2766053200
======================
   8      16 sdb 38765836 525837 3431680922 83200888 71513933 381786465 18971427568 2682723268 0 24259316 2766060152
======================
   8      16 sdb 38765836 525837 3431680922 83200888 71515136 381786465 18972043504 2682850460 148 24260264 2766191864
======================
   8      16 sdb 38765836 525837 3431680922 83200888 71517151 381786465 18973075184 2682998760 140 24261308 2766339756
======================
   8      16 sdb 38765836 525837 3431680922 83200888 71517810 381786466 18973411592 2683128036 155 24262312 2766483848
======================
   8      16 sdb 38765836 525837 3431680922 83200888 71518343 381786466 18973684488 2683271580 134 24263316 2766627300
======================
   8      16 sdb 38765836 525837 3431680922 83200888 71518897 381786466 18973968136 2683416152 156 24264320 2766771408
======================
   8      16 sdb 38765836 525837 3431680922 83200888 71519438 381786466 18974245128 2683559508 159 24265324 2766915140
======================
   8      16 sdb 38765836 525837 3431680922 83200888 71519954 381786466 18974509320 2683702432 155 24266328 2767059280
======================
   8      16 sdb 38765836 525837 3431680922 83200888 71520491 381786467 18974783264 2683861640 132 24267332 2767205144
======================
   8      16 sdb 38765836 525837 3431680922 83200888 71521029 381786467 18975058720 2683994056 138 24268336 2767349656
======================
   8      16 sdb 38765836 525837 3431680922 83200888 71521549 381786467 18975324960 2684131608 130 24269340 2767493440
======================
   8      16 sdb 38765836 525837 3431680922 83200888 71522120 381786467 18975617312 2684285084 135 24270344 2767637624
======================
   8      16 sdb 38765836 525837 3431680922 83200888 71522669 381786467 18975898400 2684426684 130 24271352 2767782156
======================
   8      16 sdb 38765836 525837 3431680922 83200888 71523226 381786468 18976182584 2684571852 151 24272356 2767926096
======================
   8      16 sdb 38765836 525837 3431680922 83200888 71523776 381786468 18976464184 2684714296 145 24273360 2768070136
======================
   8      16 sdb 38765836 525837 3431680922 83200888 71524312 381786468 18976738616 2684857772 153 24274368 2768214808
======================
   8      16 sdb 38765836 525837 3431680922 83200888 71524863 381786468 18977020728 2685004784 146 24275372 2768357520
======================
   8      16 sdb 38765836 525837 3431680922 83200888 71525397 381786468 18977294136 2685144348 156 24276376 2768501332
======================
   8      16 sdb 38765836 525837 3431680922 83200888 71525942 381786469 18977572176 2685289820 157 24277384 2768645440
======================
   8      16 sdb 38765836 525837 3431680922 83200888 71526481 381786469 18977848144 2685433456 130 24278388 2768787396
======================
   8      16 sdb 38765836 525837 3431680922 83200888 71527018 381786469 18978123088 2685575628 137 24279388 2768932340
======================
   8      16 sdb 38765836 525837 3431680922 83200888 71527554 381786469 18978397520 2685718728 145 24280392 2769076056
======================
   8      16 sdb 38765836 525837 3431680922 83200888 71528099 381786469 18978676560 2685863940 144 24281400 2769220284
======================
   8      16 sdb 38765836 525837 3431680922 83200888 71528620 381786470 18978942312 2686009532 137 24282404 2769364660
======================
   8      16 sdb 38765836 525837 3431680922 83200888 71529164 381786470 18979220840 2686150116 137 24283408 2769507300
======================
   8      16 sdb 38765836 525837 3431680922 83200888 71529712 381786470 18979501416 2686294764 133 24284412 2769651588
======================
   8      16 sdb 38765836 525837 3431680922 83200888 71530248 381786470 18979775848 2686437000 141 24285416 2769792740
======================
   8      16 sdb 38765836 525837 3431680922 83200888 71530780 381786470 18980048232 2686579356 153 24286420 2769936960
======================
   8      16 sdb 38765836 525837 3431680922 83200888 71531289 381786471 18980307840 2686723240 158 24287424 2770081148
======================
   8      16 sdb 38765836 525837 3431680922 83200888 71531817 381786471 18980578176 2686867656 142 24288428 2770224868
======================
   8      16 sdb 38765836 525837 3431680922 83200888 71532342 381786471 18980846976 2687011044 129 24289432 2770368476
======================
   8      16 sdb 38765836 525837 3431680922 83200888 71532835 381786471 18981099392 2687159304 148 24290436 2770512340
======================
   8      16 sdb 38765836 525837 3431680922 83200888 71533397 381786471 18981387136 2687299652 130 24291440 2770656716
======================
   8      16 sdb 38765836 525837 3431680922 83200888 71533945 381786472 18981666712 2687444112 128 24292444 2770800060
======================
   8      16 sdb 38765836 525837 3431680922 83200888 71534492 381786472 18981946776 2687586936 157 24293448 2770944056
======================
   8      16 sdb 38765836 525837 3431680922 83200888 71535023 381786472 18982218648 2687730692 138 24294452 2771087828
======================
   8      16 sdb 38765836 525837 3431680922 83200888 71535551 381786472 18982488984 2687873936 154 24295456 2771231560
======================
   8      16 sdb 38765836 525837 3431680922 83200888 71536078 381786473 18982758808 2688024932 140 24296476 2771377808
======================
   8      16 sdb 38765836 525837 3431680922 83200888 71536617 381786473 18983033776 2688163556 146 24297480 2771521524
======================
   8      16 sdb 38765836 525837 3431680922 83200888 71537150 381786473 18983306672 2688308636 157 24298484 2771665060
======================
   8      16 sdb 38765836 525837 3431680922 83200888 71537654 381786473 18983564720 2688450120 133 24299488 2771809112
======================
   8      16 sdb 38765836 525837 3431680922 83200888 71538156 381786473 18983821744 2688595776 143 24300492 2771953208
======================
   8      16 sdb 38765836 525837 3431680922 83200888 71538693 381786474 18984096688 2688739544 151 24301496 2772096680
======================
   8      16 sdb 38765836 525837 3431680922 83200888 71539223 381786474 18984367048 2688883856 134 24302500 2772241740
======================
   8      16 sdb 38765836 525837 3431680922 83200888 71539763 381786474 18984643528 2689029544 138 24303504 2772386124
======================
   8      16 sdb 38765836 525837 3431680922 83200888 71540283 381786474 18984909768 2689171036 130 24304508 2772529528
======================
   8      16 sdb 38765836 525837 3431680922 83200888 71540783 381786474 18985165768 2689315144 142 24305512 2772673460
======================
   8      16 sdb 38765836 525837 3431680922 83200888 71541316 381786475 18985438664 2689459328 154 24306512 2772816200
======================
   8      16 sdb 38765836 525837 3431680922 83200888 71541843 381786475 18985707488 2689605468 140 24307516 2772961960
======================
   8      16 sdb 38765836 525837 3431680922 83200888 71542373 381786475 18985978848 2689748468 154 24308520 2773105576
======================
   8      16 sdb 38765836 525837 3431680922 83200888 71542898 381786475 18986247648 2689892572 141 24309524 2773249516
======================
   8      16 sdb 38765836 525837 3431680922 83200888 71543442 381786475 18986526176 2690036388 141 24310528 2773392952
======================
   8      16 sdb 38765836 525837 3431680922 83200888 71543970 381786476 18986796512 2690179072 158 24311532 2773536492
======================
   8      16 sdb 38765836 525837 3431680922 83200888 71544498 381786476 18987066360 2690327308 143 24312536 2773681436
======================
   8      16 sdb 38765836 525837 3431680922 83200888 71545051 381786476 18987348984 2690467580 134 24313540 2773824872
======================
   8      16 sdb 38765836 525837 3431680922 83200888 71545579 381786476 18987619320 2690611972 150 24314544 2773968924
======================
   8      16 sdb 38765836 525837 3431680922 83200888 71546107 381786476 18987889656 2690754484 134 24315548 2774112652
======================
   8      16 sdb 38765836 525837 3431680922 83200888 71546635 381786477 18988159992 2690898060 151 24316552 2774256236
======================
   8      16 sdb 38765836 525837 3431680922 83200888 71547148 381786477 18988421648 2691048504 151 24317556 2774401600
======================
   8      16 sdb 38765836 525837 3431680922 83200888 71547665 381786477 18988686352 2691188032 146 24318560 2774546188
