======================
   8      32 sdc 3178889 102008 435347120 34818680 45399265 1002630851 18325415368 2301729812 0 77031224 2339015956
======================
   8      32 sdc 3178889 102008 435347120 34818680 45399265 1002630851 18325415368 2301729812 0 77031224 2339015956
======================
   8      32 sdc 3178892 102008 435347144 34818720 45399265 1002630851 18325415368 2301729812 0 77031264 2339015996
======================
   8      32 sdc 3178892 102008 435347144 34818720 45399265 1002630851 18325415368 2301729812 0 77031264 2339015996
======================
   8      32 sdc 3178892 102008 435347144 34818720 45399265 1002630851 18325415368 2301729812 1 77031856 2339016588
======================
   8      32 sdc 3178893 102008 435347152 34820240 45399585 1002630851 18325579208 2301733896 0 77032836 2339021596
======================
   8      32 sdc 3178893 102008 435347152 34820240 45401893 1002630851 18326760904 2301809904 157 77033636 2339112668
======================
   8      32 sdc 3178893 102008 435347152 34820240 45402551 1002630876 18327096992 2301952152 140 77034640 2339256532
======================
   8      32 sdc 3178893 102008 435347152 34820240 45403105 1002630876 18327380640 2302081304 130 77035644 2339398796
======================
   8      32 sdc 3178893 102008 435347152 34820240 45403487 1002630876 18327576224 2302203544 132 77036648 2339537780
======================
   8      32 sdc 3178893 102008 435347152 34820240 45404415 1002630876 18328051360 2302436740 132 77038116 2339738572
======================
   8      32 sdc 3178893 102008 435347152 34820240 45405114 1002630876 18328409248 2302551600 137 77039124 2339877052
======================
   8      32 sdc 3178893 102008 435347152 34820240 45405848 1002630876 18328785056 2302729700 139 77040128 2340024512
======================
   8      32 sdc 3178893 102008 435347152 34820240 45405936 1002630876 18328830112 2302738572 147 77041132 2340171840
======================
   8      32 sdc 3178893 102008 435347152 34820240 45405980 1002630876 18328852640 2302826608 135 77042132 2340318612
======================
   8      32 sdc 3178894 102008 435347160 34820344 45407425 1002630876 18329592480 2303160596 139 77043136 2340455296
======================
   8      32 sdc 3178894 102008 435347160 34820344 45408475 1002630876 18330130080 2303298048 145 77044140 2340598680
======================
   8      32 sdc 3178894 102008 435347160 34820344 45409118 1002630876 18330459296 2303438164 142 77045144 2340742352
======================
   8      32 sdc 3178894 102008 435347160 34820344 45409773 1002630876 18330794656 2303582440 134 77046148 2340885468
======================
   8      32 sdc 3178894 102008 435347160 34820344 45410415 1002630876 18331123360 2303725124 157 77047148 2341028508
======================
   8      32 sdc 3178894 102008 435347160 34820344 45411062 1002630876 18331454624 2303869888 150 77048152 2341172828
======================
   8      32 sdc 3178894 102008 435347160 34820344 45411738 1002630876 18331800736 2304013252 146 77049156 2341316372
======================
   8      32 sdc 3178894 102008 435347160 34820344 45412390 1002630876 18332134560 2304155452 134 77050156 2341459400
======================
   8      32 sdc 3178894 102008 435347160 34820344 45413014 1002630876 18332454048 2304299036 150 77051164 2341603644
======================
   8      32 sdc 3178894 102008 435347160 34820344 45413642 1002630876 18332775584 2304443600 130 77052168 2341746968
======================
   8      32 sdc 3178894 102008 435347160 34820344 45414318 1002630876 18333121696 2304586972 86 77053172 2341887924
======================
   8      32 sdc 3178895 102008 435347168 34820728 45414986 1002630935 18333455616 2304696652 139 77054176 2342000844
======================
   8      32 sdc 3178895 102008 435347168 34820728 45415647 1002630935 18333794048 2304838976 150 77055176 2342143956
======================
   8      32 sdc 3178895 102008 435347168 34820728 45416271 1002630935 18334113536 2304982604 134 77056180 2342287724
======================
   8      32 sdc 3178895 102008 435347168 34820728 45416905 1002630935 18334438144 2305125284 140 77057184 2342431168
======================
   8      32 sdc 3178895 102008 435347168 34820728 45417565 1002630935 18334776064 2305270068 152 77058188 2342575004
======================
   8      32 sdc 3178895 102008 435347168 34820728 45418207 1002630945 18335104344 2305412684 137 77059188 2342717164
======================
   8      32 sdc 3178895 102008 435347168 34820728 45418863 1002630945 18335440216 2305549864 155 77060192 2342854068
======================
   8      32 sdc 3178895 102008 435347168 34820728 45419528 1002630945 18335780696 2305693516 130 77061196 2342997488
======================
   8      32 sdc 3178895 102008 435347168 34820728 45420172 1002630945 18336110424 2305838848 158 77062200 2343143564
======================
   8      32 sdc 3178895 102008 435347168 34820728 45420814 1002630945 18336439128 2305980148 157 77063200 2343284324
======================
   8      32 sdc 3178895 102008 435347168 34820728 45421455 1002630945 18336767320 2306123416 156 77064204 2343427840
======================
   8      32 sdc 3178895 102008 435347168 34820728 45422079 1002630945 18337086808 2306262620 23 77065208 2343556672
======================
   8      32 sdc 3178896 102008 435347176 34820952 45422747 1002630945 18337428824 2306395288 131 77066212 2343699304
======================
   8      32 sdc 3178896 102008 435347176 34820952 45423400 1002630945 18337763160 2306538036 150 77067216 2343843176
======================
   8      32 sdc 3178896 102008 435347176 34820952 45424042 1002630945 18338091864 2306681712 148 77068220 2343986876
======================
   8      32 sdc 3178896 102008 435347176 34820952 45424691 1002630945 18338424152 2306828228 139 77069220 2344132312
======================
   8      32 sdc 3178896 102008 435347176 34820952 45425326 1002630945 18338749272 2306970460 144 77070224 2344276096
======================
   8      32 sdc 3178896 102008 435347176 34820952 45425950 1002630945 18339068760 2307114348 128 77071228 2344419616
======================
   8      32 sdc 3178896 102008 435347176 34820952 45426616 1002630945 18339409752 2307258248 134 77072232 2344563208
======================
   8      32 sdc 3178896 102008 435347176 34820952 45427289 1002630945 18339754328 2307401900 133 77073236 2344706796
======================
   8      32 sdc 3178896 102008 435347176 34820952 45427963 1002630945 18340099416 2307546136 131 77074240 2344850408
======================
   8      32 sdc 3178896 102008 435347176 34820952 45428610 1002630945 18340430680 2307688892 156 77075240 2344993784
======================
   8      32 sdc 3178896 102008 435347176 34820952 45429234 1002630945 18340750168 2307832164 140 77076244 2345137432
======================
   8      32 sdc 3178897 102008 435347184 34821172 45429872 1002630945 18341076824 2307962832 129 77077248 2345266980
======================
   8      32 sdc 3178897 102008 435347184 34821172 45430548 1002630945 18341422936 2308106372 157 77078252 2345410516
======================
   8      32 sdc 3178897 102008 435347184 34821172 45431191 1002630945 18341752152 2308248792 154 77079256 2345554000
======================
   8      32 sdc 3178897 102008 435347184 34821172 45431836 1002630945 18342082392 2308392232 149 77080256 2345696912
======================
   8      32 sdc 3178897 102008 435347184 34821172 45432475 1002630945 18342409560 2308534868 150 77081260 2345840212
======================
   8      32 sdc 3178897 102008 435347184 34821172 45433116 1002630945 18342738264 2308678008 149 77082260 2345983176
======================
   8      32 sdc 3178897 102008 435347184 34821172 45433758 1002630945 18343066456 2308821444 147 77083268 2346127276
======================
   8      32 sdc 3178897 102008 435347184 34821172 45434399 1002630945 18343394648 2308964712 146 77084268 2346270244
======================
   8      32 sdc 3178897 102008 435347184 34821172 45435052 1002630945 18343728984 2309108656 133 77085272 2346413832
======================
   8      32 sdc 3178897 102008 435347184 34821172 45435716 1002630945 18344069464 2309253328 141 77086276 2346558632
======================
   8      32 sdc 3178897 102008 435347184 34821172 45436358 1002630945 18344397656 2309396164 139 77087276 2346701680
======================
   8      32 sdc 3178897 102008 435347184 34821172 45436999 1002630945 18344725848 2309539548 138 77088280 2346845340
======================
   8      32 sdc 3178898 102008 435347192 34821596 45437512 1002630945 18344988504 2309641488 137 77089284 2346944568
======================
   8      32 sdc 3178898 102008 435347192 34821596 45438187 1002630945 18345334104 2309783120 134 77090288 2347088668
======================
   8      32 sdc 3178898 102008 435347192 34821596 45438805 1002630945 18345650520 2309925648 156 77091292 2347232372
======================
   8      32 sdc 3178898 102008 435347192 34821596 45439462 1002630945 18345986904 2310071992 139 77092296 2347377716
======================
   8      32 sdc 3178898 102008 435347192 34821596 45440122 1002630945 18346324824 2310215548 151 77093296 2347520696
======================
   8      32 sdc 3178898 102008 435347192 34821596 45440788 1002630945 18346665816 2310356508 157 77094300 2347662456
======================
   8      32 sdc 3178898 102008 435347192 34821596 45441411 1002630945 18346984792 2310499196 142 77095300 2347805648
======================
   8      32 sdc 3178898 102008 435347192 34821596 45442046 1002630945 18347309912 2310644100 147 77096304 2347949416
======================
   8      32 sdc 3178898 102008 435347192 34821596 45442721 1002630945 18347655512 2310787312 144 77097308 2348092928
======================
   8      32 sdc 3178898 102008 435347192 34821596 45443381 1002630945 18347993432 2310925492 156 77098316 2348232024
======================
   8      32 sdc 3178898 102008 435347192 34821596 45444013 1002630945 18348317016 2311067624 132 77099320 2348375448
======================
   8      32 sdc 3178898 102008 435347192 34821596 45444677 1002630945 18348656984 2311212712 140 77100324 2348519336
======================
   8      32 sdc 3178898 102008 435347192 34821596 45445061 1002630945 18348853592 2311296184 17 77101328 2348597584
======================
   8      32 sdc 3178898 102008 435347192 34821596 45445061 1002630945 18348853592 2311296184 17 77102332 2348614652
======================
   8      32 sdc 3178899 102008 435347200 34823248 45446586 1002630945 18349634392 2311443408 142 77103336 2348751340
======================
   8      32 sdc 3178899 102008 435347200 34823248 45447228 1002630945 18349963096 2311586888 140 77104344 2348895612
======================
   8      32 sdc 3178899 102008 435347200 34823248 45447874 1002630945 18350293848 2311732420 134 77105344 2349039880
======================
   8      32 sdc 3178899 102008 435347200 34823248 45448526 1002630945 18350627672 2311875268 155 77106348 2349183388
======================
   8      32 sdc 3178899 102008 435347200 34823248 45449168 1002630945 18350956376 2312018928 152 77107352 2349326940
======================
   8      32 sdc 3178899 102008 435347200 34823248 45449830 1002630945 18351295320 2312163132 130 77108356 2349470516
======================
   8      32 sdc 3178899 102008 435347200 34823248 45450502 1002630945 18351639384 2312305796 130 77109360 2349613920
======================
   8      32 sdc 3178899 102008 435347200 34823248 45451126 1002630945 18351958872 2312448644 146 77110360 2349757276
======================
   8      32 sdc 3178899 102008 435347200 34823248 45451761 1002630945 18352283992 2312593392 151 77111364 2349900736
======================
   8      32 sdc 3178899 102008 435347200 34823248 45452436 1002630945 18352630104 2312736536 148 77112368 2350044264
======================
   8      32 sdc 3178900 102008 435347208 34823448 45453090 1002630945 18352964440 2312866776 153 77113372 2350174560
======================
   8      32 sdc 3178900 102008 435347208 34823448 45453766 1002630945 18353310552 2313010204 149 77114372 2350317624
======================
   8      32 sdc 3178900 102008 435347208 34823448 45454397 1002630945 18353633624 2313152004 158 77115376 2350460836
======================
   8      32 sdc 3178900 102008 435347208 34823448 45455020 1002630945 18353952600 2313296696 143 77116380 2350606180
======================
   8      32 sdc 3178900 102008 435347208 34823448 45455538 1002630945 18354217816 2313439768 137 77117384 2350747604
======================
   8      32 sdc 3178900 102008 435347208 34823448 45456187 1002630945 18354550104 2313582656 128 77118384 2350890584
======================
   8      32 sdc 3178900 102008 435347208 34823448 45456828 1002630945 18354878296 2313725856 153 77119388 2351034036
======================
   8      32 sdc 3178900 102008 435347208 34823448 45457492 1002630945 18355218264 2313869688 135 77120392 2351177724
======================
   8      32 sdc 3178900 102008 435347208 34823448 45458151 1002630945 18355555672 2314013428 148 77121392 2351321516
======================
   8      32 sdc 3178900 102008 435347208 34823448 45458792 1002630945 18355883864 2314156452 147 77122396 2351465096
======================
   8      32 sdc 3178900 102008 435347208 34823448 45459433 1002630945 18356212056 2314300016 146 77123400 2351608632
======================
   8      32 sdc 3178900 102008 435347208 34823448 45460073 1002630945 18356539736 2314442844 146 77124400 2351751652
======================
   8      32 sdc 3178901 102008 435347216 34823648 45460697 1002630945 18356859224 2314574236 140 77125404 2351882692
======================
   8      32 sdc 3178901 102008 435347216 34823648 45461361 1002630945 18357199192 2314717752 148 77126404 2352025824
======================
   8      32 sdc 3178901 102008 435347216 34823648 45461996 1002630945 18357524312 2314860924 153 77127408 2352169524
======================
   8      32 sdc 3178901 102008 435347216 34823648 45462637 1002630945 18357852504 2315004464 152 77128412 2352313112
======================
   8      32 sdc 3178901 102008 435347216 34823648 45463169 1002630945 18358124888 2315149032 132 77129416 2352456944
======================
   8      32 sdc 3178901 102008 435347216 34823648 45463799 1002630945 18358447448 2315290300 142 77130420 2352599764
======================
   8      32 sdc 3178901 102008 435347216 34823648 45464424 1002630945 18358767448 2315434436 157 77131420 2352742824
======================
   8      32 sdc 3178901 102008 435347216 34823648 45465102 1002630945 18359114584 2315579360 151 77132428 2352887232
======================
   8      32 sdc 3178901 102008 435347216 34823648 45465779 1002630945 18359461208 2315723148 146 77133432 2353030608
======================
   8      32 sdc 3178901 102008 435347216 34823648 45466456 1002630945 18359807832 2315866600 141 77134436 2353174308
======================
   8      32 sdc 3178901 102008 435347216 34823648 45467097 1002630945 18360136024 2316009100 140 77135444 2353318432
======================
   8      32 sdc 3178901 102008 435347216 34823648 45467722 1002630945 18360456024 2316149380 155 77136448 2353458432
======================
   8      32 sdc 3178902 102008 435347224 34823868 45468378 1002630945 18360791896 2316279792 144 77137468 2353588200
======================
   8      32 sdc 3178902 102008 435347224 34823868 45469043 1002630945 18361132376 2316421312 151 77138472 2353731908
======================
   8      32 sdc 3178902 102008 435347224 34823868 45469688 1002630945 18361462616 2316567372 146 77139476 2353876348
======================
   8      32 sdc 3178902 102008 435347224 34823868 45470337 1002630945 18361794904 2316711436 137 77140480 2354019988
======================
   8      32 sdc 3178902 102008 435347224 34823868 45470979 1002630945 18362123608 2316854356 135 77141480 2354162944
======================
   8      32 sdc 3178902 102008 435347224 34823868 45471620 1002630945 18362451800 2316997508 134 77142484 2354306300
======================
   8      32 sdc 3178902 102008 435347224 34823868 45472261 1002630945 18362779992 2317140860 133 77143488 2354449632
======================
   8      32 sdc 3178902 102008 435347224 34823868 45472903 1002630945 18363108696 2317282692 131 77144488 2354591204
======================
   8      32 sdc 3178902 102008 435347224 34823868 45473551 1002630945 18363440472 2317425052 155 77145492 2354733912
======================
   8      32 sdc 3178902 102008 435347224 34823868 45474214 1002630945 18363779928 2317569356 132 77146496 2354877484
======================
   8      32 sdc 3178902 102008 435347224 34823868 45474857 1002630945 18364109144 2317712200 129 77147500 2355021132
======================
   8      32 sdc 3178902 102008 435347224 34823868 45475502 1002630945 18364439384 2317856232 156 77148500 2355164240
======================
   8      32 sdc 3178903 102008 435347232 34824088 45476149 1002630945 18364770648 2317982316 149 77149504 2355290964
======================
   8      32 sdc 3178903 102008 435347232 34824088 45476805 1002630945 18365106520 2318124392 133 77150504 2355433796
======================
   8      32 sdc 3178903 102008 435347232 34824088 45477428 1002630945 18365425496 2318266704 150 77151508 2355576628
======================
   8      32 sdc 3178903 102008 435347232 34824088 45478073 1002630945 18365755736 2318412088 145 77152508 2355720160
======================
   8      32 sdc 3178903 102008 435347232 34824088 45478765 1002630945 18366110040 2318562948 157 77153564 2355871200
======================
   8      32 sdc 3178903 102008 435347232 34824088 45479447 1002630945 18366459224 2318707500 147 77154576 2356015912
======================
   8      32 sdc 3178903 102008 435347232 34824088 45480073 1002630945 18366779736 2318849792 129 77155580 2356159280
======================
   8      32 sdc 3178903 102008 435347232 34824088 45480701 1002630945 18367101272 2318993652 141 77156580 2356302496
======================
   8      32 sdc 3178903 102008 435347232 34824088 45481377 1002630945 18367447384 2319139072 137 77157584 2356447456
======================
   8      32 sdc 3178903 102008 435347232 34824088 45482039 1002630945 18367786328 2319281520 147 77158584 2356590348
======================
   8      32 sdc 3178903 102008 435347232 34824088 45482680 1002630945 18368114520 2319424964 146 77159588 2356734244
======================
   8      32 sdc 3178903 102008 435347232 34824088 45483334 1002630945 18368449368 2319568592 112 77160592 2356876552
======================
   8      32 sdc 3178904 102008 435347240 34824312 45483971 1002630945 18368775512 2319694884 135 77161592 2357003576
======================
   8      32 sdc 3178904 102008 435347240 34824312 45484617 1002630945 18369106264 2319837832 129 77162596 2357147120
======================
   8      32 sdc 3178904 102008 435347240 34824312 45485258 1002630945 18369434456 2319981148 128 77163596 2357290092
======================
   8      32 sdc 3178904 102008 435347240 34824312 45485900 1002630945 18369763160 2320125684 158 77164600 2357434632
======================
   8      32 sdc 3178904 102008 435347240 34824312 45486552 1002630945 18370096984 2320269524 146 77165604 2357578428
======================
   8      32 sdc 3178904 102008 435347240 34824312 45487208 1002630945 18370432856 2320412552 130 77166608 2357721732
======================
   8      32 sdc 3178904 102008 435347240 34824312 45487850 1002630945 18370761560 2320555972 128 77167612 2357865068
======================
   8      32 sdc 3178904 102008 435347240 34824312 45488506 1002630945 18371097432 2320700336 144 77168616 2358008740
======================
   8      32 sdc 3178904 102008 435347240 34824312 45489180 1002630945 18371443032 2320842108 142 77169616 2358150676
======================
   8      32 sdc 3178904 102008 435347240 34824312 45489821 1002630945 18371770712 2320984544 141 77170620 2358294364
======================
   8      32 sdc 3178904 102008 435347240 34824312 45490448 1002630945 18372091736 2321128704 154 77171628 2358438416
======================
   8      32 sdc 3178904 102008 435347240 34824312 45491103 1002630945 18372427096 2321270732 23 77172632 2358568904
======================
   8      32 sdc 3178905 102008 435347248 34824528 45491762 1002630945 18372764504 2321399948 152 77173632 2358708212
======================
   8      32 sdc 3178905 102008 435347248 34824528 45492432 1002630945 18373107544 2321542836 154 77174636 2358851560
======================
   8      32 sdc 3178905 102008 435347248 34824528 45493086 1002630945 18373442392 2321685300 140 77175644 2358995728
======================
   8      32 sdc 3178905 102008 435347248 34824528 45493704 1002630945 18373758808 2321829364 130 77176644 2359138704
======================
   8      32 sdc 3178905 102008 435347248 34824528 45494380 1002630945 18374104920 2321973724 158 77177648 2359282232
======================
   8      32 sdc 3178905 102008 435347248 34824528 45495033 1002630945 18374439256 2322116072 145 77178656 2359426504
======================
   8      32 sdc 3178905 102008 435347248 34824528 45495688 1002630945 18374774616 2322262520 130 77179672 2359571548
======================
   8      32 sdc 3178905 102008 435347248 34824528 45496357 1002630945 18375117144 2322408424 133 77180696 2359717852
======================
   8      32 sdc 3178905 102008 435347248 34824528 45497018 1002630945 18375455576 2322557192 136 77181700 2359866736
======================
   8      32 sdc 3178905 102008 435347248 34824528 45497660 1002630945 18375784280 2322700552 134 77182704 2360010216
======================
   8      32 sdc 3178905 102008 435347248 34824528 45498302 1002630945 18376112984 2322844236 132 77183708 2360153880
======================
   8      32 sdc 3178906 102008 435347256 34824756 45498922 1002630945 18376430424 2322971836 153 77184708 2360281392
======================
   8      32 sdc 3178906 102008 435347256 34824756 45499575 1002630945 18376764760 2323116076 140 77185712 2360425260
======================
   8      32 sdc 3178906 102008 435347256 34824756 45500228 1002630945 18377099096 2323257024 159 77186716 2360568740
======================
   8      32 sdc 3178906 102008 435347256 34824756 45500887 1002630945 18377436504 2323408460 148 77187720 2360718604
======================
   8      32 sdc 3178906 102008 435347256 34824756 45501531 1002630945 18377766232 2323552892 144 77188720 2360861660
======================
   8      32 sdc 3178906 102008 435347256 34824756 45502207 1002630945 18378112344 2323695896 140 77189724 2361004904
======================
   8      32 sdc 3178906 102008 435347256 34824756 45502831 1002630945 18378431832 2323838120 156 77190728 2361148292
======================
   8      32 sdc 3178906 102008 435347256 34824756 45503462 1002630945 18378754904 2323982568 133 77191732 2361291696
======================
   8      32 sdc 3178906 102008 435347256 34824756 45504121 1002630945 18379092312 2324120400 155 77192732 2361428984
======================
   8      32 sdc 3178906 102008 435347256 34824756 45504797 1002630945 18379438424 2324263652 151 77193736 2361572200
======================
   8      32 sdc 3178906 102008 435347256 34824756 45505473 1002630945 18379784536 2324399976 149 77194740 2361708952
======================
   8      32 sdc 3178906 102008 435347256 34824756 45506103 1002630945 18380107096 2324542464 158 77195744 2361852580
======================
   8      32 sdc 3178907 102008 435347264 34825192 45506582 1002630945 18380352344 2324652388 136 77196748 2361962852
======================
   8      32 sdc 3178907 102008 435347264 34825192 45507240 1002630945 18380689240 2324796520 150 77197748 2362105844
======================
   8      32 sdc 3178907 102008 435347264 34825192 45507916 1002630945 18381035352 2324939984 146 77198752 2362249464
======================
   8      32 sdc 3178907 102008 435347264 34825192 45508559 1002630945 18381364568 2325083008 143 77199756 2362393536
======================
   8      32 sdc 3178907 102008 435347264 34825192 45509194 1002630945 18381689688 2325226536 148 77200756 2362536084
======================
   8      32 sdc 3178907 102008 435347264 34825192 45509855 1002630945 18382028120 2325370464 142 77201760 2362680440
======================
   8      32 sdc 3178907 102008 435347264 34825192 45510491 1002630945 18382353752 2325513468 131 77202764 2362823704
======================
   8      32 sdc 3178907 102008 435347264 34825192 45511127 1002630945 18382679384 2325656872 135 77203764 2362966876
======================
   8      32 sdc 3178907 102008 435347264 34825192 45511763 1002630945 18383005016 2325800496 139 77204768 2363110792
======================
   8      32 sdc 3178907 102008 435347264 34825192 45512417 1002630945 18383339864 2325944760 157 77205772 2363254292
======================
   8      32 sdc 3178907 102008 435347264 34825192 45513081 1002630945 18383679832 2326089696 133 77206776 2363398792
======================
   8      32 sdc 3178907 102008 435347264 34825192 45513728 1002630945 18384011096 2326231752 158 77207776 2363541500
======================
   8      32 sdc 3178908 102008 435347272 34825636 45514209 1002630945 18384257368 2326341304 157 77208784 2363648360
======================
   8      32 sdc 3178908 102008 435347272 34825636 45514876 1002630945 18384598872 2326481676 130 77209788 2363791976
======================
   8      32 sdc 3178908 102008 435347272 34825636 45515551 1002630945 18384944472 2326624984 150 77210788 2363934984
======================
   8      32 sdc 3178908 102008 435347272 34825636 45516174 1002630945 18385263448 2326767060 144 77211792 2364078916
======================
   8      32 sdc 3178908 102008 435347272 34825636 45516799 1002630945 18385583448 2326912032 156 77212792 2364221800
======================
   8      32 sdc 3178908 102008 435347272 34825636 45517476 1002630945 18385930072 2327056188 151 77213800 2364366616
======================
   8      32 sdc 3178908 102008 435347272 34825636 45518143 1002630945 18386271576 2327200740 156 77214804 2364511084
======================
   8      32 sdc 3178908 102008 435347272 34825636 45518791 1002630945 18386603352 2327343644 148 77215812 2364655364
======================
   8      32 sdc 3178908 102008 435347272 34825636 45519416 1002630945 18386923352 2327487440 131 77216816 2364798928
======================
   8      32 sdc 3178908 102008 435347272 34825636 45520074 1002630945 18387260248 2327632472 145 77217820 2364942864
======================
   8      32 sdc 3178908 102008 435347272 34825636 45520744 1002630945 18387603288 2327776088 147 77218824 2365086440
======================
   8      32 sdc 3178908 102008 435347272 34825636 45521386 1002630945 18387931992 2327920184 145 77219828 2365231204
======================
   8      32 sdc 3178909 102008 435347280 34826076 45521875 1002630945 18388182360 2328030528 136 77220836 2365339960
======================
   8      32 sdc 3178909 102008 435347280 34826076 45522542 1002630945 18388523864 2328172720 141 77221840 2365483492
======================
   8      32 sdc 3178909 102008 435347280 34826076 45523201 1002630945 18388861272 2328315584 154 77222844 2365627056
======================
   8      32 sdc 3178909 102008 435347280 34826076 45523843 1002630945 18389189976 2328459296 152 77223848 2365770792
======================
   8      32 sdc 3178909 102008 435347280 34826076 45524468 1002630945 18389509976 2328602560 135 77224852 2365914248
======================
   8      32 sdc 3178909 102008 435347280 34826076 45525113 1002630945 18389840216 2328739360 138 77225852 2366050304
======================
   8      32 sdc 3178909 102008 435347280 34826076 45525777 1002630945 18390180184 2328882492 146 77226856 2366193624
======================
   8      32 sdc 3178909 102008 435347280 34826076 45526427 1002630945 18390512984 2329025260 136 77227860 2366336936
======================
   8      32 sdc 3178909 102008 435347280 34826076 45527068 1002630945 18390841176 2329168708 135 77228860 2366480180
======================
   8      32 sdc 3178909 102008 435347280 34826076 45527738 1002630945 18391184216 2329312932 137 77229864 2366623644
======================
   8      32 sdc 3178909 102008 435347280 34826076 45528407 1002630945 18391526744 2329454976 140 77230868 2366767012
======================
   8      32 sdc 3178909 102008 435347280 34826076 45529017 1002630945 18391839064 2329594084 138 77231872 2366909612
======================
   8      32 sdc 3178910 102008 435347288 34826516 45529505 1002630945 18392088920 2329710588 132 77232872 2367012412
======================
   8      32 sdc 3178910 102008 435347288 34826516 45530181 1002630945 18392435032 2329844944 128 77233876 2367156048
======================
   8      32 sdc 3178910 102008 435347288 34826516 45530856 1002630945 18392780632 2329988180 157 77234876 2367299024
======================
   8      32 sdc 3178910 102008 435347288 34826516 45531532 1002630945 18393126744 2330131664 153 77235880 2367442784
======================
   8      32 sdc 3178910 102008 435347288 34826516 45532158 1002630945 18393447256 2330272620 135 77236884 2367585140
======================
   8      32 sdc 3178910 102008 435347288 34826516 45532813 1002630945 18393782616 2330417088 152 77237884 2367728124
======================
   8      32 sdc 3178910 102008 435347288 34826516 45533484 1002630945 18394126168 2330559864 153 77238888 2367872000
======================
   8      32 sdc 3178910 102008 435347288 34826516 45534128 1002630945 18394455896 2330703436 149 77239892 2368015740
======================
   8      32 sdc 3178910 102008 435347288 34826516 45534767 1002630945 18394783064 2330847520 150 77240896 2368159504
======================
   8      32 sdc 3178910 102008 435347288 34826516 45535431 1002630945 18395123032 2330992336 158 77241896 2368303324
======================
   8      32 sdc 3178910 102008 435347288 34826516 45536087 1002630945 18395458904 2331135048 142 77242900 2368447348
======================
   8      32 sdc 3178910 102008 435347288 34826516 45536728 1002630945 18395787096 2331278396 141 77243900 2368590404
======================
   8      32 sdc 3178911 102008 435347296 34826748 45537348 1002630945 18396104536 2331405072 133 77244904 2368717308
======================
   8      32 sdc 3178911 102008 435347296 34826748 45537989 1002630945 18396432728 2331548440 132 77245904 2368860452
======================
   8      32 sdc 3178911 102008 435347296 34826748 45538646 1002630945 18396769112 2331692276 147 77246908 2369004172
======================
   8      32 sdc 3178911 102008 435347296 34826748 45539307 1002630945 18397107544 2331835928 158 77247916 2369147752
======================
   8      32 sdc 3178911 102008 435347296 34826748 45539934 1002630945 18397428568 2331978940 139 77248916 2369291068
======================
   8      32 sdc 3178911 102008 435347296 34826748 45540611 1002630945 18397775192 2332124064 134 77249928 2369435516
======================
   8      32 sdc 3178911 102008 435347296 34826748 45541277 1002630945 18398116184 2332266248 140 77250932 2369579308
======================
   8      32 sdc 3178911 102008 435347296 34826748 45541901 1002630945 18398435672 2332409940 156 77251932 2369722120
======================
   8      32 sdc 3178911 102008 435347296 34826748 45542543 1002630945 18398764376 2332554704 154 77252936 2369865740
======================
   8      32 sdc 3178911 102008 435347296 34826748 45543219 1002630945 18399110488 2332696820 150 77253940 2370008108
======================
   8      32 sdc 3178911 102008 435347296 34826748 45543889 1002630945 18399453528 2332840112 152 77254944 2370151460
======================
   8      32 sdc 3178911 102008 435347296 34826748 45544565 1002630945 18399799640 2332983544 148 77255948 2370295180
======================
   8      32 sdc 3178912 102008 435347304 34826980 45545168 1002630945 18400108376 2333108680 152 77256952 2370421848
======================
   8      32 sdc 3178912 102008 435347304 34826980 45545798 1002630945 18400430936 2333251932 130 77257952 2370563416
======================
   8      32 sdc 3178912 102008 435347304 34826980 45546473 1002630945 18400776536 2333396400 156 77258956 2370707892
======================
   8      32 sdc 3178912 102008 435347304 34826980 45547135 1002630945 18401115480 2333538820 137 77259960 2370851508
======================
   8      32 sdc 3178912 102008 435347304 34826980 45547768 1002630945 18401439576 2333682704 144 77260960 2370994772
======================
   8      32 sdc 3178912 102008 435347304 34826980 45548427 1002630945 18401776984 2333826440 157 77261964 2371138292
======================
   8      32 sdc 3178912 102008 435347304 34826980 45549077 1002630945 18402109784 2333968916 147 77262968 2371281764
======================
   8      32 sdc 3178912 102008 435347304 34826980 45549718 1002630945 18402437976 2334114028 146 77263968 2371426324
======================
   8      32 sdc 3178912 102008 435347304 34826980 45550361 1002630945 18402767192 2334257528 143 77264972 2371569956
======================
   8      32 sdc 3178912 102008 435347304 34826980 45551002 1002630945 18403095384 2334397796 142 77265976 2371710424
======================
   8      32 sdc 3178912 102008 435347304 34826980 45551666 1002630945 18403435352 2334541592 150 77266976 2371853256
======================
   8      32 sdc 3178912 102008 435347304 34826980 45552322 1002630945 18403771224 2334685364 134 77267984 2371997892
======================
   8      32 sdc 3178913 102008 435347312 34827208 45552938 1002630945 18404086616 2334812356 158 77268988 2372124660
======================
   8      32 sdc 3178913 102008 435347312 34827208 45553592 1002630945 18404421464 2334956180 144 77269992 2372268360
======================
   8      32 sdc 3178913 102008 435347312 34827208 45554268 1002630945 18404767576 2335099568 140 77270992 2372411172
======================
   8      32 sdc 3178913 102008 435347312 34827208 45554908 1002630945 18405095256 2335241220 140 77271996 2372554372
======================
   8      32 sdc 3178913 102008 435347312 34827208 45555414 1002630945 18405354328 2335386640 146 77273000 2372698880
======================
   8      32 sdc 3178913 102008 435347312 34827208 45556087 1002630945 18405698904 2335529920 145 77274000 2372842460
======================
   8      32 sdc 3178913 102008 435347312 34827208 45556765 1002630945 18406046040 2335674020 139 77275004 2372986032
======================
   8      32 sdc 3178913 102008 435347312 34827208 45557431 1002630945 18406387032 2335816352 145 77276008 2373129356
======================
   8      32 sdc 3178913 102008 435347312 34827208 45558055 1002630945 18406706520 2335959368 129 77277008 2373272136
======================
   8      32 sdc 3178913 102008 435347312 34827208 45558691 1002630945 18407032152 2336102708 133 77278012 2373414320
======================
   8      32 sdc 3178913 102008 435347312 34827208 45559366 1002630945 18407377752 2336245936 130 77279016 2373557884
======================
   8      32 sdc 3178913 102008 435347312 34827208 45560026 1002630945 18407715672 2336388856 142 77280020 2373701544
======================
   8      32 sdc 3178914 102008 435347320 34827440 45560646 1002630945 18408033112 2336514648 133 77281024 2373827572
======================
   8      32 sdc 3178914 102008 435347320 34827440 45561297 1002630945 18408366424 2336658504 154 77282024 2373970528
======================
   8      32 sdc 3178914 102008 435347320 34827440 45561968 1002630945 18408709976 2336803508 155 77283040 2374114496
======================
   8      32 sdc 3178914 102008 435347320 34827440 45562614 1002630945 18409040728 2336945428 149 77284044 2374258096
======================
   8      32 sdc 3178914 102008 435347320 34827440 45563243 1002630945 18409362776 2337089736 128 77285052 2374402208
======================
   8      32 sdc 3178914 102008 435347320 34827440 45563887 1002630945 18409692504 2337238592 135 77286056 2374550912
======================
   8      32 sdc 3178914 102008 435347320 34827440 45564553 1002630945 18410033496 2337382616 141 77287064 2374695156
======================
   8      32 sdc 3178914 102008 435347320 34827440 45565211 1002630945 18410370392 2337525896 155 77288068 2374838712
======================
   8      32 sdc 3178914 102008 435347320 34827440 45565842 1002630945 18410693464 2337668796 132 77289072 2374982344
======================
   8      32 sdc 3178914 102008 435347320 34827440 45566499 1002630945 18411029848 2337807092 139 77290076 2375119132
======================
   8      32 sdc 3178914 102008 435347320 34827440 45567170 1002630945 18411373400 2337950332 140 77291080 2375262896
======================
   8      32 sdc 3178914 102008 435347320 34827440 45567801 1002630945 18411696472 2338092640 61 77292084 2375400680
======================
   8      32 sdc 3178915 102008 435347328 34827884 45568275 1002630945 18411939160 2338191320 155 77293084 2375504688
======================
   8      32 sdc 3178915 102008 435347328 34827884 45568937 1002630945 18412278104 2338335780 133 77294088 2375648264
======================
   8      32 sdc 3178915 102008 435347328 34827884 45569612 1002630945 18412623704 2338478404 130 77295092 2375791040
======================
   8      32 sdc 3178915 102008 435347328 34827884 45570288 1002630945 18412969816 2338621824 141 77296092 2375933984
======================
   8      32 sdc 3178915 102008 435347328 34827884 45570900 1002630945 18413283160 2338764120 154 77297096 2376077928
======================
   8      32 sdc 3178915 102008 435347328 34827884 45571540 1002630945 18413610840 2338907800 154 77298100 2376221520
======================
   8      32 sdc 3178915 102008 435347328 34827884 45572213 1002630945 18413955416 2339052312 153 77299100 2376364472
======================
   8      32 sdc 3178915 102008 435347328 34827884 45572860 1002630945 18414286680 2339194584 146 77300104 2376508004
======================
   8      32 sdc 3178915 102008 435347328 34827884 45573501 1002630945 18414614872 2339337872 145 77301108 2376651164
======================
   8      32 sdc 3178915 102008 435347328 34827884 45574166 1002630945 18414955352 2339481972 152 77302112 2376794924
======================
   8      32 sdc 3178915 102008 435347328 34827884 45574818 1002630945 18415289176 2339624648 140 77303112 2376937924
======================
   8      32 sdc 3178915 102008 435347328 34827884 45575456 1002630945 18415615832 2339767552 54 77304116 2377074976
======================
   8      32 sdc 3178916 102008 435347336 34828328 45575938 1002630945 18415862616 2339867180 139 77305120 2377181236
======================
   8      32 sdc 3178916 102008 435347336 34828328 45576579 1002630945 18416190808 2340010616 138 77306120 2377324440
======================
   8      32 sdc 3178916 102008 435347336 34828328 45577236 1002630945 18416527192 2340155108 153 77307128 2377469216
======================
   8      32 sdc 3178916 102008 435347336 34828328 45577900 1002630945 18416867160 2340298608 129 77308128 2377612044
======================
   8      32 sdc 3178916 102008 435347336 34828328 45578531 1002630945 18417190232 2340441356 138 77309132 2377756144
======================
   8      32 sdc 3178916 102008 435347336 34828328 45579204 1002630945 18417534808 2340585772 137 77310136 2377899604
======================
   8      32 sdc 3178916 102008 435347336 34828328 45579870 1002630945 18417875800 2340728032 143 77311140 2378043424
======================
   8      32 sdc 3178916 102008 435347336 34828328 45580497 1002630945 18418196824 2340873900 156 77312148 2378188916
======================
   8      32 sdc 3178916 102008 435347336 34828328 45581138 1002630945 18418525016 2341018496 155 77313152 2378332540
======================
   8      32 sdc 3178916 102008 435347336 34828328 45581820 1002630945 18418874200 2341166332 148 77314160 2378480016
======================
   8      32 sdc 3178916 102008 435347336 34828328 45582495 1002630945 18419219800 2341309528 145 77315160 2378622920
======================
   8      32 sdc 3178916 102008 435347336 34828328 45583171 1002630945 18419565912 2341453340 19 77316164 2378755484
======================
   8      32 sdc 3178917 102008 435347344 34828548 45583773 1002630945 18419874136 2341578116 134 77317168 2378893244
======================
   8      32 sdc 3178917 102008 435347344 34828548 45584404 1002630945 18420197208 2341728568 143 77318172 2379042620
======================
   8      32 sdc 3178917 102008 435347344 34828548 45585074 1002630945 18420540248 2341871636 145 77319176 2379185432
======================
   8      32 sdc 3178917 102008 435347344 34828548 45585714 1002630945 18420867928 2342011696 145 77320176 2379328368
======================
   8      32 sdc 3178917 102008 435347344 34828548 45586364 1002630945 18421200728 2342157860 135 77321180 2379471816
======================
   8      32 sdc 3178917 102008 435347344 34828548 45587028 1002630945 18421540696 2342301252 143 77322184 2379615504
======================
   8      32 sdc 3178917 102008 435347344 34828548 45587679 1002630945 18421874008 2342443276 132 77323184 2379757444
======================
   8      32 sdc 3178917 102008 435347344 34828548 45588321 1002630945 18422202712 2342586828 130 77324188 2379900860
======================
   8      32 sdc 3178917 102008 435347344 34828548 45588963 1002630945 18422531416 2342730132 128 77325192 2380044136
======================
   8      32 sdc 3178917 102008 435347344 34828548 45589608 1002630945 18422861656 2342874228 155 77326200 2380188348
======================
   8      32 sdc 3178917 102008 435347344 34828548 45590269 1002630945 18423200088 2343018284 134 77327208 2380332200
======================
   8      32 sdc 3178918 102008 435347352 34828776 45590901 1002630945 18423523672 2343150864 142 77328212 2380459760
======================
   8      32 sdc 3178918 102008 435347352 34828776 45591542 1002630945 18423851864 2343283840 141 77329212 2380598668
======================
   8      32 sdc 3178918 102008 435347352 34828776 45592199 1002630945 18424188248 2343428364 156 77330220 2380742516
======================
   8      32 sdc 3178918 102008 435347352 34828776 45592875 1002630945 18424534360 2343571684 152 77331220 2380885396
======================
   8      32 sdc 3178918 102008 435347352 34828776 45593357 1002630945 18424781144 2343683344 150 77332224 2381028968
======================
   8      32 sdc 3178918 102008 435347352 34828776 45594010 1002630945 18425115480 2343858780 137 77333224 2381171912
======================
   8      32 sdc 3178918 102008 435347352 34828776 45594680 1002630945 18425458520 2344001512 139 77334228 2381315484
======================
   8      32 sdc 3178918 102008 435347352 34828776 45595355 1002630945 18425804120 2344144696 136 77335232 2381458896
======================
   8      32 sdc 3178918 102008 435347352 34828776 45596042 1002630945 18426155864 2344290612 153 77336260 2381605716
======================
   8      32 sdc 3178918 102008 435347352 34828776 45596671 1002630945 18426477912 2344434892 132 77337268 2381749940
======================
   8      32 sdc 3178918 102008 435347352 34828776 45597313 1002630945 18426806616 2344582072 130 77338280 2381895992
======================
   8      32 sdc 3178918 102008 435347352 34828776 45597989 1002630945 18427152728 2344725572 158 77339284 2382039500
======================
   8      32 sdc 3178919 102008 435347360 34829008 45598623 1002630945 18427477336 2344853980 133 77340292 2382166960
======================
   8      32 sdc 3178919 102008 435347360 34829008 45599259 1002630945 18427802968 2344994880 137 77341296 2382310104
======================
   8      32 sdc 3178919 102008 435347360 34829008 45599912 1002630945 18428137304 2345138884 156 77342300 2382453360
======================
   8      32 sdc 3178919 102008 435347360 34829008 45600570 1002630945 18428474200 2345282084 138 77343308 2382597260
======================
   8      32 sdc 3178919 102008 435347360 34829008 45601195 1002630945 18428794200 2345427024 153 77344308 2382741816
======================
   8      32 sdc 3178919 102008 435347360 34829008 45601838 1002630945 18429123416 2345570500 150 77345316 2382885812
======================
   8      32 sdc 3178919 102008 435347360 34829008 45602493 1002630945 18429458776 2345714108 135 77346316 2383028500
======================
   8      32 sdc 3178919 102008 435347360 34829008 45603158 1002630945 18429799256 2345857460 142 77347320 2383171772
======================
   8      32 sdc 3178919 102008 435347360 34829008 45603798 1002630945 18430126936 2346000448 142 77348324 2383315204
======================
   8      32 sdc 3178919 102008 435347360 34829008 45604403 1002630945 18430436696 2346135200 145 77349328 2383458744
======================
   8      32 sdc 3178919 102008 435347360 34829008 45605116 1002630945 18430801752 2346287840 149 77350332 2383602468
======================
   8      32 sdc 3178919 102008 435347360 34829008 45605775 1002630945 18431139160 2346430128 130 77351332 2383745372
======================
   8      32 sdc 3178920 102008 435347368 34829248 45606374 1002630945 18431445848 2346553448 140 77352336 2383869144
======================
   8      32 sdc 3178920 102008 435347368 34829248 45607020 1002630945 18431776600 2346698348 134 77353340 2384012776
======================
   8      32 sdc 3178920 102008 435347368 34829248 45607690 1002630945 18432119640 2346841472 136 77354344 2384156060
======================
   8      32 sdc 3178920 102008 435347368 34829248 45608361 1002630945 18432463192 2346984432 137 77355348 2384299028
======================
   8      32 sdc 3178920 102008 435347368 34829248 45608874 1002630945 18432725848 2347129792 136 77356352 2384445580
======================
   8      32 sdc 3178920 102008 435347368 34829248 45609498 1002630945 18433045336 2347273092 152 77357360 2384589644
======================
   8      32 sdc 3178920 102008 435347368 34829248 45610162 1002630945 18433385304 2347417952 128 77358360 2384732476
======================
   8      32 sdc 3178920 102008 435347368 34829248 45610837 1002630945 18433730904 2347561040 157 77359368 2384876464
======================
   8      32 sdc 3178920 102008 435347368 34829248 45611480 1002630945 18434060120 2347705700 154 77360372 2385021436
======================
   8      32 sdc 3178920 102008 435347368 34829248 45612128 1002630945 18434391896 2347850660 146 77361384 2385166140
======================
   8      32 sdc 3178920 102008 435347368 34829248 45612787 1002630945 18434729304 2347993988 154 77362388 2385309244
======================
   8      32 sdc 3178920 102008 435347368 34829248 45613445 1002630945 18435066200 2348137940 141 77363396 2385453688
======================
   8      32 sdc 3178921 102008 435347376 34829468 45614066 1002630945 18435384152 2348261144 133 77364400 2385576872
======================
   8      32 sdc 3178921 102008 435347376 34829468 45614710 1002630945 18435713880 2348401580 129 77365408 2385717388
======================
   8      32 sdc 3178921 102008 435347376 34829468 45615352 1002630945 18436042584 2348545308 133 77366412 2385861052
======================
   8      32 sdc 3178921 102008 435347376 34829468 45616013 1002630945 18436381016 2348689152 138 77367416 2386004864
======================
   8      32 sdc 3178921 102008 435347376 34829468 45616653 1002630945 18436708696 2348831972 138 77368416 2386147360
======================
   8      32 sdc 3178921 102008 435347376 34829468 45617286 1002630945 18437032792 2348972856 145 77369420 2386290956
======================
   8      32 sdc 3178921 102008 435347376 34829468 45617968 1002630945 18437381976 2349120344 135 77370424 2386435680
======================
   8      32 sdc 3178921 102008 435347376 34829468 45618624 1002630945 18437717848 2349262444 151 77371424 2386578804
======================
   8      32 sdc 3178921 102008 435347376 34829468 45619248 1002630945 18438037336 2349406032 135 77372428 2386722332
======================
   8      32 sdc 3178921 102008 435347376 34829468 45619898 1002630945 18438370136 2349550892 157 77373432 2386865696
======================
   8      32 sdc 3178921 102008 435347376 34829468 45620574 1002630945 18438716248 2349694024 153 77374436 2387009352
======================
   8      32 sdc 3178921 102008 435347376 34829468 45621213 1002630945 18439043416 2349829772 154 77375436 2387153132
======================
   8      32 sdc 3178921 102008 435347376 34829468 45621548 1002630945 18439214936 2349907652 42 77376440 2387236940
======================
   8      32 sdc 3178922 102008 435347384 34831092 45621939 1002630945 18439415128 2349982056 130 77377444 2387285536
======================
   8      32 sdc 3178922 102008 435347384 34831092 45623135 1002630945 18440027480 2350111708 140 77378444 2387428244
======================
   8      32 sdc 3178922 102008 435347384 34831092 45623812 1002630945 18440374616 2350255272 135 77379452 2387572268
======================
   8      32 sdc 3178922 102008 435347384 34831092 45624322 1002630945 18440635224 2350389172 210 77380456 2387732548
======================
   8      32 sdc 3178922 102008 435347384 34831092 45624974 1002630945 18440969048 2350542412 198 77381464 2387946544
======================
   8      32 sdc 3178922 102008 435347384 34831092 45625652 1002630945 18441316184 2350700388 192 77382488 2388154356
======================
   8      32 sdc 3178922 102008 435347384 34831092 45626313 1002630945 18441654616 2350868416 203 77383508 2388354992
======================
   8      32 sdc 3178922 102008 435347384 34831092 45626947 1002630945 18441979224 2351048032 177 77384516 2388544920
======================
   8      32 sdc 3178922 102008 435347384 34831092 45627597 1002630945 18442312024 2351239740 167 77385548 2388730620
======================
   8      32 sdc 3178922 102008 435347384 34831092 45628252 1002630945 18442647384 2351425484 177 77386556 2388902864
======================
   8      32 sdc 3178922 102008 435347384 34831092 45628931 1002630945 18442995544 2351627252 145 77387580 2389070368
======================
   8      32 sdc 3178923 102008 435347392 34831324 45629574 1002630945 18443324248 2351844452 152 77388588 2389204820
======================
   8      32 sdc 3178923 102008 435347392 34831324 45630219 1002630945 18443654488 2352032376 147 77389596 2389350352
======================
   8      32 sdc 3178923 102008 435347392 34831324 45630878 1002630945 18443991896 2352176732 128 77390600 2389493848
======================
   8      32 sdc 3178923 102008 435347392 34831324 45631493 1002630945 18444306776 2352307004 153 77391600 2389637588
======================
   8      32 sdc 3178923 102008 435347392 34831324 45632128 1002630945 18444631896 2352453536 158 77392604 2389783016
======================
   8      32 sdc 3178923 102008 435347392 34831324 45632835 1002630945 18444993880 2352609828 155 77393608 2389926848
======================
   8      32 sdc 3178923 102008 435347392 34831324 45633511 1002630945 18445339992 2352753112 151 77394608 2390069948
======================
   8      32 sdc 3178923 102008 435347392 34831324 45634187 1002630945 18445686104 2352896572 147 77395612 2390213492
======================
   8      32 sdc 3178923 102008 435347392 34831324 45634841 1002630945 18446020952 2353038828 133 77396616 2390357088
======================
   8      32 sdc 3178923 102008 435347392 34831324 45635465 1002630945 18446340440 2353182288 149 77397620 2390500816
======================
   8      32 sdc 3178923 102008 435347392 34831324 45636118 1002630945 18446674776 2353327224 136 77398624 2390644516
======================
   8      32 sdc 3178923 102008 435347392 34831324 45636794 1002630945 18447020888 2353470972 132 77399624 2390787700
======================
   8      32 sdc 3178923 102008 435347392 34831324 45636950 1002630945 18447100256 2353503924 1 77400628 2390806676
======================
   8      32 sdc 3178924 102008 435347400 34833244 45637907 1002631385 18447590232 2353511108 136 77401632 2390816200
======================
   8      32 sdc 3178924 102008 435347400 34833244 45638566 1002631385 18447927640 2353640064 149 77402632 2390959040
======================
   8      32 sdc 3178924 102008 435347400 34833244 45639230 1002631385 18448267608 2353784188 157 77403636 2391103256
======================
   8      32 sdc 3178924 102008 435347400 34833244 45639860 1002631385 18448590168 2353926792 135 77404640 2391246712
======================
   8      32 sdc 3178924 102008 435347400 34833244 45640502 1002631385 18448918872 2354069896 133 77405640 2391389320
======================
   8      32 sdc 3178924 102008 435347400 34833244 45641141 1002631385 18449246040 2354213232 134 77406644 2391532612
======================
   8      32 sdc 3178924 102008 435347400 34833244 45641806 1002631385 18449586520 2354356644 141 77407648 2391675952
======================
   8      32 sdc 3178924 102008 435347400 34833244 45642440 1002631385 18449911128 2354499328 147 77408652 2391819248
======================
   8      32 sdc 3178924 102008 435347400 34833244 45643091 1002631385 18450244440 2354644568 136 77409664 2391963808
======================
   8      32 sdc 3178924 102008 435347400 34833244 45643770 1002631385 18450592088 2354788952 129 77410672 2392107668
======================
   8      32 sdc 3178924 102008 435347400 34833244 45644428 1002631385 18450928984 2354931544 143 77411680 2392251988
======================
   8      32 sdc 3178925 102008 435347408 34833724 45644888 1002631405 18451163656 2355013448 137 77412676 2392333820
======================
   8      32 sdc 3178925 102008 435347408 34833724 45645099 1002631837 18451252952 2355064100 0 77413116 2392368208
======================
   8      32 sdc 3178925 102008 435347408 34833724 45645099 1002631837 18451252952 2355064100 0 77413116 2392368208
======================
   8      32 sdc 3178925 102008 435347408 34833724 45645099 1002631837 18451252952 2355064100 0 77413116 2392368208
======================
   8      32 sdc 3178925 102008 435347408 34833724 45645099 1002631837 18451252952 2355064100 0 77413116 2392368208
======================
   8      32 sdc 3178925 102008 435347408 34833724 45645099 1002631837 18451252952 2355064100 0 77413116 2392368208
======================
started
   8      32 sdc 3179166 102008 435349330 34836216 45645116 1002631837 18451253016 2355064100 0 77413144 2392370700
======================
   8      32 sdc 3179166 102008 435349330 34836216 45645116 1002631837 18451253016 2355064100 0 77413144 2392370700
======================
   8      32 sdc 3180206 102008 435611490 34836724 45645116 1002631837 18451253016 2355064100 0 77413572 2392371208
======================
   8      32 sdc 3181306 102008 435890082 34837192 45645116 1002631837 18451253016 2355064100 2 77414060 2392371856
======================
   8      32 sdc 3181358 102008 435903010 34839128 45645116 1002631837 18451253016 2355064100 1 77415060 2392373608
======================
   8      32 sdc 3182587 102008 436215026 34839840 45645116 1002631837 18451253016 2355064100 1 77415656 2392374320
======================
   8      32 sdc 3183766 102008 436513634 34840396 45645116 1002631837 18451253016 2355064100 1 77416120 2392374876
======================
   8      32 sdc 3185012 102010 436831282 34841032 45645119 1002631839 18451253056 2355064224 1 77416704 2392375636
======================
   8      32 sdc 3186258 102010 437148162 34841752 45645119 1002631839 18451253056 2355064224 0 77417292 2392376356
======================
   8      32 sdc 3187505 102010 437464914 34842336 45645119 1002631839 18451253056 2355064224 2 77417796 2392376936
======================
   8      32 sdc 3188754 102010 437780546 34842816 45645119 1002631839 18451253056 2355064224 1 77418224 2392377416
======================
   8      32 sdc 3190008 102010 438098658 34843376 45645119 1002631839 18451253056 2355064224 0 77418704 2392377976
======================
   8      32 sdc 3191271 102010 438418738 34843980 45645119 1002631839 18451253056 2355064224 1 77419228 2392378580
======================
   8      32 sdc 3192259 102010 438669410 34844588 45645119 1002631839 18451253056 2355064224 2 77419844 2392379468
======================
   8      32 sdc 3193422 102010 438962610 34845500 45645119 1002631839 18451253056 2355064224 1 77420356 2392380100
======================
   8      32 sdc 3194604 102010 439262626 34846172 45645119 1002631839 18451253056 2355064224 2 77420896 2392380772
======================
   8      32 sdc 3195828 102010 439573194 34846796 45645119 1002631839 18451253056 2355064224 1 77421416 2392381396
======================
   8      32 sdc 3197001 102010 439868522 34847444 45645119 1002631839 18451253056 2355064224 0 77421948 2392382044
======================
   8      32 sdc 3198203 102010 440172106 34848100 45645119 1002631839 18451253056 2355064224 0 77422492 2392382700
======================
   8      32 sdc 3199480 102010 440495498 34848632 45645119 1002631839 18451253056 2355064224 1 77422940 2392383232
======================
   8      32 sdc 3200718 102010 440806650 34849192 45645119 1002631839 18451253056 2355064224 0 77423416 2392383792
======================
   8      32 sdc 3201918 102010 441110298 34849768 45645119 1002631839 18451253056 2355064224 1 77423908 2392384368
======================
   8      32 sdc 3203127 102010 441416674 34850460 45645119 1002631839 18451253056 2355064224 1 77424460 2392385060
======================
   8      32 sdc 3204344 102010 441725010 34851064 45645119 1002631839 18451253056 2355064224 0 77424964 2392385664
======================
   8      32 sdc 3205593 102010 442040786 34851504 45645119 1002631839 18451253056 2355064224 0 77425356 2392386104
======================
   8      32 sdc 3206829 102010 442355586 34852024 45645119 1002631839 18451253056 2355064224 1 77425820 2392386624
======================
   8      32 sdc 3208026 102010 442658418 34852648 45645119 1002631839 18451253056 2355064224 1 77426344 2392387248
======================
   8      32 sdc 3209230 102010 442964770 34853276 45645119 1002631839 18451253056 2355064224 1 77426884 2392387876
======================
   8      32 sdc 3210461 102010 443276322 34853884 45645119 1002631839 18451253056 2355064224 1 77427420 2392388484
======================
   8      32 sdc 3211652 102010 443579234 34854496 45645119 1002631839 18451253056 2355064224 1 77427916 2392389092
======================
   8      32 sdc 3212853 102010 443883570 34855032 45645119 1002631839 18451253056 2355064224 1 77428380 2392389628
======================
   8      32 sdc 3214138 102010 444209330 34855556 45645119 1002631839 18451253056 2355064224 0 77428852 2392390152
======================
   8      32 sdc 3215373 102010 444521490 34856100 45645119 1002631839 18451253056 2355064224 1 77429336 2392390692
======================
   8      32 sdc 3216550 102010 444819178 34856604 45645119 1002631839 18451253056 2355064224 0 77429784 2392391192
======================
   8      32 sdc 3217795 102010 445134810 34857064 45645119 1002631839 18451253056 2355064224 1 77430200 2392391652
======================
   8      32 sdc 3219030 102010 445445306 34857608 45645119 1002631839 18451253056 2355064224 1 77430704 2392392196
======================
   8      32 sdc 3220230 102010 445748730 34858240 45645119 1002631839 18451253056 2355064224 1 77431228 2392392828
======================
   8      32 sdc 3221440 102010 446054730 34858768 45645121 1002631839 18451253072 2355064224 1 77431692 2392393356
======================
   8      32 sdc 3222669 102010 446366634 34859268 45645121 1002631839 18451253072 2355064224 0 77432156 2392393856
======================
   8      32 sdc 3223865 102010 446670586 34859784 45645121 1002631839 18451253072 2355064224 0 77432592 2392394372
======================
   8      32 sdc 3225112 102010 446987730 34860428 45645121 1002631839 18451253072 2355064224 1 77433148 2392395016
======================
   8      32 sdc 3226338 102010 447297282 34860928 45645121 1002631839 18451253072 2355064224 0 77433576 2392395516
======================
   8      32 sdc 3227522 102010 447596978 34861364 45645121 1002631839 18451253072 2355064224 1 77433980 2392395952
======================
   8      32 sdc 3228393 102010 447816530 34862332 45645121 1002631839 18451253072 2355064224 0 77434600 2392396920
======================
   8      32 sdc 3229645 102010 448135538 34862952 45645121 1002631839 18451253072 2355064224 0 77435136 2392397540
======================
   8      32 sdc 3230848 102010 448441266 34863432 45645121 1002631839 18451253072 2355064224 1 77435548 2392398020
======================
   8      32 sdc 3232116 102010 448763010 34864032 45645121 1002631839 18451253072 2355064224 2 77436028 2392398624
======================
   8      32 sdc 3233286 102010 449059474 34864592 45645121 1002631839 18451253072 2355064224 0 77436508 2392399180
======================
   8      32 sdc 3234465 102010 449358002 34865088 45645121 1002631839 18451253072 2355064224 1 77436940 2392399676
======================
   8      32 sdc 3235659 102010 449660786 34865688 45645121 1002631839 18451253072 2355064224 0 77437436 2392400276
======================
   8      32 sdc 3236899 102010 449976050 34866128 45645121 1002631839 18451253072 2355064224 0 77437856 2392400716
======================
   8      32 sdc 3238152 102010 450294834 34866636 45645121 1002631839 18451253072 2355064224 2 77438320 2392401220
======================
   8      32 sdc 3239318 102010 450591186 34867312 45645121 1002631839 18451253072 2355064224 2 77438880 2392401896
======================
   8      32 sdc 3240541 102010 450902098 34868092 45645121 1002631839 18451253072 2355064224 1 77439524 2392402676
======================
   8      32 sdc 3241741 102010 451204690 34868556 45645121 1002631839 18451253072 2355064224 1 77439944 2392403140
======================
   8      32 sdc 3242955 102010 451509906 34869184 45645121 1002631839 18451253072 2355064224 0 77440452 2392403768
======================
   8      32 sdc 3244132 102010 451804098 34869828 45645121 1002631839 18451253072 2355064224 1 77440980 2392404412
======================
   8      32 sdc 3245346 102010 452111634 34870616 45645121 1002631839 18451253072 2355064224 2 77441580 2392405200
======================
   8      32 sdc 3246493 102010 452402306 34871104 45645121 1002631839 18451253072 2355064224 2 77441976 2392405688
======================
   8      32 sdc 3247713 102010 452710210 34871588 45645121 1002631839 18451253072 2355064224 1 77442392 2392406172
======================
   8      32 sdc 3248908 102010 453011314 34872104 45645121 1002631839 18451253072 2355064224 0 77442812 2392406684
======================
   8      32 sdc 3250029 102010 453295314 34872592 45645121 1002631839 18451253072 2355064224 0 77443256 2392407172
======================
   8      32 sdc 3251043 102010 453551090 34872972 45645121 1002631839 18451253072 2355064224 0 77443604 2392407552
