======================
   8      32 sdc 2923067 31572 394209992 33739976 43601695 935078549 17522892128 1805307632 0 73599356 1841391376
======================
   8      32 sdc 2923067 31572 394209992 33739976 43601695 935078549 17522892128 1805307632 0 73599356 1841391376
======================
   8      32 sdc 2923070 31572 394210016 33740028 43601695 935078549 17522892128 1805307632 0 73599408 1841391428
======================
   8      32 sdc 2923070 31572 394210016 33740028 43601695 935078549 17522892128 1805307632 0 73599408 1841391428
======================
   8      32 sdc 2923070 31572 394210016 33740028 43601695 935078549 17522892128 1805307632 0 73599408 1841391428
======================
   8      32 sdc 2923070 31572 394210016 33740028 43601695 935078549 17522892128 1805307632 1 73600120 1841392140
======================
   8      32 sdc 2923070 31572 394210016 33740028 43601695 935078549 17522892128 1805307632 1 73601120 1841393140
======================
   8      32 sdc 2923071 31572 394210024 33742292 43601695 935078549 17522892128 1805307632 1 73602108 1841394128
======================
   8      32 sdc 2923071 31572 394210024 33742292 43601695 935078549 17522892128 1805307632 2 73603112 1841395532
======================
   8      32 sdc 2923072 31572 394210032 33744528 43601719 935079913 17522903232 1805308840 1 73604108 1841397332
======================
   8      32 sdc 2923077 31572 394210072 33745100 43601719 935079913 17522903232 1805308840 0 73604492 1841397716
======================
   8      32 sdc 2923077 31572 394210072 33745100 43601719 935079913 17522903232 1805308840 0 73604492 1841397716
======================
   8      32 sdc 2923077 31572 394210072 33745100 43601719 935079913 17522903232 1805308840 0 73604492 1841397716
======================
   8      32 sdc 2923077 31572 394210072 33745100 43601719 935079913 17522903232 1805308840 0 73604492 1841397716
======================
   8      32 sdc 2923077 31572 394210072 33745100 43601719 935079913 17522903232 1805308840 0 73604492 1841397716
======================
   8      32 sdc 2923077 31572 394210072 33745100 43601767 935082818 17522926856 1805313356 0 73604844 1841402232
======================
   8      32 sdc 2923077 31572 394210072 33745100 43601767 935082818 17522926856 1805313356 0 73604844 1841402232
======================
   8      32 sdc 2923077 31572 394210072 33745100 43601869 935087021 17522961296 1805319828 0 73604976 1841408704
======================
   8      32 sdc 2923077 31572 394210072 33745100 43601869 935087021 17522961296 1805319828 0 73604976 1841408704
======================
   8      32 sdc 2923077 31572 394210072 33745100 43601869 935087021 17522961296 1805319828 0 73604976 1841408704
======================
   8      32 sdc 2923077 31572 394210072 33745100 43601869 935087021 17522961296 1805319828 0 73604976 1841408704
======================
   8      32 sdc 2923077 31572 394210072 33745100 43601869 935087021 17522961296 1805319828 0 73604976 1841408704
======================
   8      32 sdc 2923077 31572 394210072 33745100 43601869 935087021 17522961296 1805319828 0 73604976 1841408704
======================
   8      32 sdc 2923077 31572 394210072 33745100 43601869 935087021 17522961296 1805319828 0 73604976 1841408704
started
======================
   8      32 sdc 2923079 31572 394210088 33745100 43601876 935087027 17522961392 1805319848 0 73604996 1841408724
======================
   8      32 sdc 2923115 31572 394210376 33745100 43601876 935087027 17522961392 1805319848 0 73604996 1841408724
======================
   8      32 sdc 2923122 31572 394210432 33745100 43601876 935087027 17522961392 1805319848 0 73604996 1841408724
======================
   8      32 sdc 2923127 31572 394210472 33745100 43601876 935087027 17522961392 1805319848 0 73604996 1841408724
======================
   8      32 sdc 2923135 31572 394210536 33745104 43601876 935087027 17522961392 1805319848 0 73605000 1841408728
======================
   8      32 sdc 2923142 31572 394210592 33745104 43602029 935096606 17523039248 1805319988 0 73605104 1841408868
======================
   8      32 sdc 2923148 31572 394210640 33745128 43602054 935098094 17523051352 1805320000 0 73605136 1841408904
======================
   8      32 sdc 2923155 31572 394210696 33745128 43602054 935098094 17523051352 1805320000 0 73605136 1841408904
======================
   8      32 sdc 2923162 31572 394210752 33745128 43602054 935098094 17523051352 1805320000 0 73605136 1841408904
======================
   8      32 sdc 2923167 31572 394210792 33745128 43602054 935098094 17523051352 1805320000 0 73605136 1841408904
======================
   8      32 sdc 2923172 31572 394210832 33745128 43602159 935104686 17523104928 1805320088 0 73605208 1841408992
======================
   8      32 sdc 2923173 31572 394210840 33745128 43602190 935106550 17523120088 1805320100 0 73605216 1841409004
======================
   8      32 sdc 2923176 31572 394210864 33745132 43602190 935106550 17523120088 1805320100 0 73605220 1841409008
======================
   8      32 sdc 2923180 31572 394210896 33745132 43602190 935106550 17523120088 1805320100 0 73605220 1841409008
======================
   8      32 sdc 2923185 31572 394210936 33745132 43602190 935106550 17523120088 1805320100 0 73605220 1841409008
======================
   8      32 sdc 2923189 31572 394210968 33745132 43602190 935106550 17523120088 1805320100 0 73605220 1841409008
======================
   8      32 sdc 2923195 31572 394211016 33745132 43602211 935107765 17523129976 1805320104 0 73605224 1841409012
======================
   8      32 sdc 2923200 31572 394211056 33745132 43602211 935107765 17523129976 1805320104 0 73605224 1841409012
======================
   8      32 sdc 2923204 31572 394211088 33745132 43602211 935107765 17523129976 1805320104 0 73605224 1841409012
======================
   8      32 sdc 2923209 31572 394211128 33745132 43602211 935107765 17523129976 1805320104 0 73605224 1841409012
======================
   8      32 sdc 2923213 31572 394211160 33745136 43602211 935107765 17523129976 1805320104 0 73605228 1841409016
======================
   8      32 sdc 2923215 31572 394211176 33745136 43602237 935109334 17523142736 1805320112 0 73605232 1841409024
======================
   8      32 sdc 2923218 31572 394211200 33745136 43602237 935109334 17523142736 1805320112 0 73605232 1841409024
======================
   8      32 sdc 2923222 31572 394211232 33745136 43602237 935109334 17523142736 1805320112 0 73605232 1841409024
======================
   8      32 sdc 2923227 31572 394211272 33745136 43602237 935109334 17523142736 1805320112 0 73605232 1841409024
======================
   8      32 sdc 2923232 31572 394211312 33745136 43602237 935109334 17523142736 1805320112 0 73605232 1841409024
======================
   8      32 sdc 2923237 31572 394211352 33745136 43602259 935110603 17523153064 1805320112 0 73605232 1841409024
======================
   8      32 sdc 2923242 31572 394211392 33745136 43602259 935110603 17523153064 1805320112 0 73605232 1841409024
======================
   8      32 sdc 2923249 31572 394211448 33745136 43602259 935110603 17523153064 1805320112 0 73605232 1841409024
======================
   8      32 sdc 2923254 31572 394211488 33745136 43602259 935110603 17523153064 1805320112 0 73605232 1841409024
======================
   8      32 sdc 2923260 31572 394211536 33745140 43602612 935132451 17523330672 1805320432 0 73605404 1841409344
======================
   8      32 sdc 2923266 31572 394211584 33745140 43602659 935135289 17523353752 1805320444 0 73605416 1841409356
======================
   8      32 sdc 2923271 31572 394211624 33745144 43602659 935135289 17523353752 1805320444 0 73605420 1841409360
======================
   8      32 sdc 2923277 31572 394211672 33745144 43602659 935135289 17523353752 1805320444 0 73605420 1841409360
======================
   8      32 sdc 2923283 31572 394211720 33745148 43602659 935135289 17523353752 1805320444 0 73605424 1841409364
======================
   8      32 sdc 2923288 31572 394211760 33745148 43602659 935135289 17523353752 1805320444 0 73605424 1841409364
======================
   8      32 sdc 2923295 31572 394211816 33745148 43604082 935224865 17524081368 1805322364 1 73606344 1841411276
======================
   8      32 sdc 2923300 31572 394211856 33745164 43604187 935231395 17524134824 1805322460 0 73606428 1841411388
======================
   8      32 sdc 2923306 31572 394211904 33745176 43604187 935231395 17524134824 1805322460 0 73606440 1841411400
======================
   8      32 sdc 2923311 31572 394211944 33745196 43604187 935231395 17524134824 1805322460 0 73606460 1841411420
======================
   8      32 sdc 2923316 31572 394211984 33745224 43604187 935231395 17524134824 1805322460 0 73606488 1841411448
======================
   8      32 sdc 2923318 31572 394212000 33745236 43604284 935237434 17524183912 1805322500 0 73606528 1841411500
======================
   8      32 sdc 2923322 31572 394212032 33745272 43604284 935237434 17524183912 1805322500 0 73606564 1841411536
======================
   8      32 sdc 2923327 31572 394212072 33745300 43604284 935237434 17524183912 1805322500 0 73606592 1841411564
======================
   8      32 sdc 2923333 31572 394212120 33745324 43604284 935237434 17524183912 1805322500 0 73606616 1841411588
======================
   8      32 sdc 2923338 31572 394212160 33745324 43604284 935237434 17524183912 1805322500 0 73606616 1841411588
======================
   8      32 sdc 2923344 31572 394212208 33745340 43604309 935238914 17524195952 1805322520 0 73606636 1841411620
======================
   8      32 sdc 2923349 31572 394212248 33745344 43604309 935238914 17524195952 1805322520 0 73606640 1841411624
======================
   8      32 sdc 2923355 31572 394212296 33745348 43604309 935238914 17524195952 1805322520 0 73606644 1841411628
======================
   8      32 sdc 2923360 31572 394212336 33745348 43604309 935238914 17524195952 1805322520 0 73606644 1841411628
======================
   8      32 sdc 2923366 31572 394212384 33745348 43604309 935238914 17524195952 1805322520 0 73606644 1841411628
======================
   8      32 sdc 2923368 31572 394212400 33745348 43604341 935240823 17524211480 1805322540 0 73606648 1841411648
======================
   8      32 sdc 2923371 31572 394212424 33745380 43604341 935240823 17524211480 1805322540 0 73606680 1841411680
======================
   8      32 sdc 2923377 31572 394212472 33745416 43604341 935240823 17524211480 1805322540 0 73606716 1841411716
======================
   8      32 sdc 2923382 31572 394212512 33745444 43604341 935240823 17524211480 1805322540 0 73606744 1841411744
======================
   8      32 sdc 2923388 31572 394212560 33745472 43604341 935240823 17524211480 1805322540 0 73606772 1841411772
======================
   8      32 sdc 2923393 31572 394212600 33745524 43604366 935242291 17524223424 1805322544 0 73606828 1841411828
======================
   8      32 sdc 2923399 31572 394212648 33745616 43604784 935267092 17524425176 1805323524 0 73607052 1841412900
======================
   8      32 sdc 2923404 31572 394212688 33745648 43604784 935267092 17524425176 1805323524 0 73607084 1841412932
======================
   8      32 sdc 2923409 31572 394212728 33745664 43604784 935267092 17524425176 1805323524 1 73607100 1841412948
======================
   8      32 sdc 2923415 31572 394212776 33745704 43604784 935267092 17524425176 1805323524 0 73607140 1841412988
======================
   8      32 sdc 2923416 31572 394212784 33745728 43604828 935269800 17524447192 1805323540 0 73607172 1841413028
