======================
   8      16 sdb 22754203 368933 2269509346 52657044 43266974 355299862 12328825320 1771491424 0 15479876 1824105900
======================
   8      16 sdb 22754203 368933 2269509346 52657044 43266974 355299862 12328825320 1771491424 0 15479876 1824105900
======================
   8      16 sdb 22754203 368933 2269509346 52657044 43266974 355299862 12328825320 1771491424 0 15479876 1824105900
======================
   8      16 sdb 22754203 368933 2269509346 52657044 43266976 355299879 12328825472 1771491424 0 15479876 1824105900
======================
   8      16 sdb 22754204 368933 2269509354 52657048 43266976 355299879 12328825472 1771491424 0 15479880 1824105904
======================
   8      16 sdb 22754755 368933 2269513762 52657136 43267520 355299879 12329104000 1771504572 1 15480100 1824119188
======================
   8      16 sdb 22754756 368933 2269513770 52657192 43270837 355299907 12330801016 1771672992 138 15481336 1824291540
======================
   8      16 sdb 22754756 368933 2269513770 52657192 43273459 355299907 12332143480 1771813600 140 15482336 1824432020
======================
   8      16 sdb 22754757 368933 2269513778 52657260 43275864 355299907 12333374840 1771949080 138 15483344 1824569096
======================
   8      16 sdb 22754757 368933 2269513778 52657260 43277784 355299907 12334357880 1772091120 138 15484348 1824711232
======================
   8      16 sdb 22754757 368933 2269513778 52657260 43279713 355300463 12335345440 1772227708 147 15485352 1824847664
======================
   8      16 sdb 22754757 368933 2269513778 52657260 43281635 355300463 12336329504 1772369932 154 15486356 1824989944
======================
   8      16 sdb 22754758 368933 2269513786 52657344 43283552 355300463 12337310504 1772504320 153 15487360 1825124296
======================
   8      16 sdb 22754758 368933 2269513786 52657344 43283823 355300997 12337426576 1772520508 0 15487476 1825135180
======================
   8      16 sdb 22754758 368933 2269513786 52657344 43283823 355300997 12337426576 1772520508 0 15487476 1825135180
======================
   8      16 sdb 22754758 368933 2269513786 52657344 43283823 355300997 12337426576 1772520508 0 15487476 1825135180
======================
   8      16 sdb 22754758 368933 2269513786 52657344 43283823 355300997 12337426576 1772520508 0 15487476 1825135180
started
======================
   8      16 sdb 22754758 368933 2269513786 52657344 43283823 355300997 12337426576 1772520508 0 15487476 1825135180
======================
   8      16 sdb 22754765 368933 2269513842 52657344 43283823 355300997 12337426576 1772520508 0 15487476 1825135180
======================
   8      16 sdb 22754765 368933 2269513842 52657344 43287762 355301022 12339417184 1772624296 128 15488308 1825244080
======================
   8      16 sdb 22754765 368933 2269513842 52657344 43289702 355301022 12340410464 1772768552 140 15489336 1825390216
======================
   8      16 sdb 22754766 368933 2269513850 52657444 43291630 355301022 12341396640 1772903880 138 15490336 1825523792
======================
   8      16 sdb 22754766 368933 2269513850 52657444 43293528 355301022 12342368416 1773046748 128 15491340 1825666620
======================
   8      16 sdb 22754766 368933 2269513850 52657444 43295450 355301051 12343351704 1773184016 137 15492340 1825803756
======================
   8      16 sdb 22754766 368933 2269513850 52657444 43297373 355301051 12344336280 1773326524 134 15493344 1825946504
======================
   8      16 sdb 22754767 368933 2269513858 52657532 43299295 355301051 12345320344 1773461700 128 15494348 1826081948
======================
   8      16 sdb 22754767 368933 2269513858 52657532 43301218 355301051 12346304920 1773603196 156 15495348 1826223140
======================
   8      16 sdb 22754767 368933 2269513858 52657532 43303141 355301051 12347289496 1773744464 153 15496352 1826364676
======================
   8      16 sdb 22754767 368933 2269513858 52657532 43305044 355301076 12348263024 1773881048 136 15497352 1826501012
======================
   8      16 sdb 22754768 368933 2269513866 52657616 43306945 355301076 12349236336 1774016196 152 15498356 1826636452
======================
   8      16 sdb 22754768 368933 2269513866 52657616 43308864 355301076 12350219376 1774158832 153 15499356 1826778864
======================
   8      16 sdb 22754768 368933 2269513866 52657616 43310558 355301076 12351086192 1774308360 131 15500360 1826923912
======================
   8      16 sdb 22754768 368933 2269513866 52657616 43312674 355301076 12352169344 1774446740 151 15501360 1827066112
======================
   8      16 sdb 22754769 368933 2269513874 52657704 43314637 355301100 12353172208 1774580512 133 15502364 1827200608
======================
   8      16 sdb 22754770 368933 2269513882 52657780 43316562 355301100 12354157104 1774716260 155 15503368 1827336680
======================
   8      16 sdb 22754770 368933 2269513882 52657780 43318481 355301100 12355138792 1774858756 156 15504368 1827478996
======================
   8      16 sdb 22754770 368933 2269513882 52657780 43320394 355301100 12356117520 1775001672 131 15505372 1827621828
======================
   8      16 sdb 22754771 368933 2269513890 52657864 43322316 355301100 12357100792 1775136608 155 15506376 1827757140
======================
   8      16 sdb 22754771 368933 2269513890 52657864 43324236 355301133 12358083088 1775273388 143 15507376 1827893560
======================
   8      16 sdb 22754771 368933 2269513890 52657864 43326157 355301133 12359066640 1775416088 142 15508380 1828036420
======================
   8      16 sdb 22754771 368933 2269513890 52657864 43328080 355301133 12360051216 1775558488 139 15509380 1828178536
======================
   8      16 sdb 22754772 368933 2269513898 52657944 43330003 355301133 12361034960 1775693432 149 15510384 1828313732
======================
   8      16 sdb 22754772 368933 2269513898 52657944 43331905 355301133 12362007992 1775836016 135 15511388 1828456480
======================
   8      16 sdb 22754772 368933 2269513898 52657944 43333813 355301168 12362983032 1775972416 147 15512388 1828593036
======================
   8      16 sdb 22754772 368933 2269513898 52657944 43335735 355301168 12363965880 1776115968 156 15513392 1828736412
======================
   8      16 sdb 22754773 368933 2269513906 52658032 43337655 355301168 12364947800 1776251680 140 15514392 1828871948
======================
   8      16 sdb 22754773 368933 2269513906 52658032 43339582 355301168 12365933880 1776394528 133 15515396 1829014900
======================
   8      16 sdb 22754773 368933 2269513906 52658032 43341522 355301246 12366918400 1776532448 134 15516400 1829153072
======================
   8      16 sdb 22754773 368933 2269513906 52658032 43343444 355301287 12367901512 1776669312 129 15517400 1829289556
======================
   8      16 sdb 22754774 368933 2269513914 52658108 43345371 355301287 12368886640 1776805352 133 15518404 1829425976
======================
   8      16 sdb 22754774 368933 2269513914 52658108 43347283 355301287 12369864464 1776947736 141 15519404 1829568008
======================
   8      16 sdb 22754774 368933 2269513914 52658108 43349179 355301287 12370834336 1777090400 133 15520408 1829710884
======================
   8      16 sdb 22754774 368933 2269513914 52658108 43351101 355301287 12371817400 1777232244 131 15521408 1829852364
======================
   8      16 sdb 22754775 368933 2269513922 52658188 43353027 355301333 12372801640 1777366856 142 15522412 1829987464
======================
   8      16 sdb 22754775 368933 2269513922 52658188 43354948 355301333 12373784296 1777509192 141 15523416 1830129924
======================
   8      16 sdb 22754775 368933 2269513922 52658188 43356878 355301333 12374771568 1777652032 131 15524420 1830272556
======================
   8      16 sdb 22754775 368933 2269513922 52658188 43358803 355301333 12375756104 1777794844 143 15525420 1830415056
======================
   8      16 sdb 22754776 368933 2269513930 52658284 43360665 355301333 12376708232 1777931164 140 15526424 1830551372
======================
   8      16 sdb 22754776 368933 2269513930 52658284 43362613 355301382 12377704320 1778067300 141 15527428 1830687840
======================
   8      16 sdb 22754776 368933 2269513930 52658284 43364538 355301382 12378688680 1778209768 136 15528428 1830830136
======================
   8      16 sdb 22754776 368933 2269513930 52658284 43366466 355301382 12379674840 1778352596 128 15529432 1830972876
======================
   8      16 sdb 22754777 368933 2269513938 52658372 43368392 355301382 12380659872 1778488224 150 15530432 1831108648
======================
   8      16 sdb 22754777 368933 2269513938 52658372 43370242 355301382 12381606088 1778625788 156 15531520 1831265280
======================
   8      16 sdb 22754777 368933 2269513938 52658372 43372378 355301429 12382697968 1778782276 132 15532524 1831403236
======================
   8      16 sdb 22754777 368933 2269513938 52658372 43374296 355301429 12383679104 1778924708 134 15533528 1831545948
======================
   8      16 sdb 22754778 368933 2269513946 52658448 43376198 355301429 12384651752 1779060552 157 15534528 1831681452
======================
   8      16 sdb 22754778 368933 2269513946 52658448 43378116 355301429 12385632880 1779203404 135 15535532 1831824508
======================
   8      16 sdb 22754778 368933 2269513946 52658448 43380042 355301429 12386617928 1779346000 153 15536532 1831966816
======================
   8      16 sdb 22754778 368933 2269513946 52658448 43381955 355301476 12387595536 1779481104 131 15537536 1832101804
======================
   8      16 sdb 22754779 368933 2269513954 52658524 43383888 355301476 12388584560 1779615476 128 15538536 1832236880
======================
   8      16 sdb 22754779 368933 2269513954 52658524 43385810 355301476 12389567384 1779758272 138 15539536 1832379292
======================
   8      16 sdb 22754779 368933 2269513954 52658524 43387710 355301476 12390539208 1779900716 146 15540540 1832522168
======================
   8      16 sdb 22754779 368933 2269513954 52658524 43389615 355301476 12391513240 1780043336 129 15541540 1832664404
======================
   8      16 sdb 22754780 368933 2269513962 52658604 43391511 355301521 12392482312 1780178976 132 15542544 1832800404
======================
   8      16 sdb 22754780 368933 2269513962 52658604 43393433 355301521 12393465544 1780326428 130 15543544 1832947520
======================
   8      16 sdb 22754780 368933 2269513962 52658604 43395384 355301656 12394447384 1780464728 141 15544548 1833086060
======================
   8      16 sdb 22754780 368933 2269513962 52658604 43397302 355301656 12395428312 1780606848 143 15545548 1833227988
======================
   8      16 sdb 22754781 368933 2269513970 52658684 43399224 355301656 12396411984 1780741948 151 15546552 1833363308
======================
   8      16 sdb 22754781 368933 2269513970 52658684 43400946 355301700 12397291696 1780871532 149 15547552 1833510980
======================
   8      16 sdb 22754781 368933 2269513970 52658684 43402893 355301700 12398287536 1781016904 154 15548556 1833654292
