======================
   8      32 sdc 1831025 12937 270835008 12988476 26056836 626364120 11546921496 2354296024 0 46733176 2368609352
======================
   8      32 sdc 1831025 12937 270835008 12988476 26056836 626364120 11546921496 2354296024 0 46733176 2368609352
======================
   8      32 sdc 1831028 12937 270835032 12988496 26056836 626364120 11546921496 2354296024 0 46733196 2368609372
======================
   8      32 sdc 1831028 12937 270835032 12988496 26056836 626364120 11546921496 2354296024 0 46733196 2368609372
======================
   8      32 sdc 1831029 12937 270835040 12988496 26058047 626364120 11547541528 2354329588 154 46733764 2368679412
======================
   8      32 sdc 1831029 12937 270835040 12988496 26058315 626364120 11547678744 2354472640 142 46734768 2368823292
======================
   8      32 sdc 1831029 12937 270835040 12988496 26058842 626364120 11547948568 2354637932 138 46735772 2368966360
======================
   8      32 sdc 1831029 12937 270835040 12988496 26059168 626364120 11548115480 2354713556 154 46736776 2369112144
======================
   8      32 sdc 1831029 12937 270835040 12988496 26059734 626364144 11548404456 2354862204 133 46737776 2369257256
======================
   8      32 sdc 1831029 12937 270835040 12988496 26060008 626364144 11548544744 2355056196 147 46738780 2369394836
======================
   8      32 sdc 1831029 12937 270835040 12988496 26060964 626364144 11549034216 2355218736 151 46739784 2369539408
======================
   8      32 sdc 1831029 12937 270835040 12988496 26061794 626364144 11549459176 2355363364 153 46740788 2369683444
======================
   8      32 sdc 1831029 12937 270835040 12988496 26062461 626364144 11549801192 2355505820 153 46741792 2369825944
======================
   8      32 sdc 1831029 12937 270835040 12988496 26062637 626364144 11549891304 2355623584 142 46742796 2369956204
======================
   8      32 sdc 1831029 12937 270835040 12988496 26063604 626364144 11550385896 2355729136 135 46743800 2370096688
======================
   8      32 sdc 1831030 12937 270835048 12988552 26064391 626364144 11550788840 2355914684 130 46744804 2370234624
======================
   8      32 sdc 1831030 12937 270835048 12988552 26065141 626364144 11551172840 2356048508 148 46745808 2370378336
======================
   8      32 sdc 1831030 12937 270835048 12988552 26065784 626364144 11551502056 2356192360 145 46746812 2370521816
======================
   8      32 sdc 1831030 12937 270835048 12988552 26066432 626364144 11551833832 2356336536 137 46747816 2370665704
======================
   8      32 sdc 1831030 12937 270835048 12988552 26067076 626364144 11552163560 2356479804 133 46748820 2370809416
======================
   8      32 sdc 1831030 12937 270835048 12988552 26067722 626364144 11552494312 2356624196 132 46749820 2370952376
======================
   8      32 sdc 1831030 12937 270835048 12988552 26068387 626364144 11552834792 2356768972 134 46750824 2371097404
======================
   8      32 sdc 1831030 12937 270835048 12988552 26069042 626364144 11553170152 2356910988 151 46751828 2371240952
======================
   8      32 sdc 1831030 12937 270835048 12988552 26069667 626364144 11553490152 2357054984 134 46752832 2371384400
======================
   8      32 sdc 1831030 12937 270835048 12988552 26070148 626364144 11553736424 2357188372 133 46753836 2371527404
======================
   8      32 sdc 1831030 12937 270835048 12988552 26070826 626364144 11554083560 2357342440 132 46754840 2371670676
======================
   8      32 sdc 1831030 12937 270835048 12988552 26071496 626364144 11554426600 2357485604 129 46755844 2371814216
======================
   8      32 sdc 1831031 12937 270835056 12988784 26072173 626364173 11554772448 2357615060 156 46756848 2371944344
======================
   8      32 sdc 1831031 12937 270835056 12988784 26072807 626364180 11555090560 2357757792 130 46757852 2372087952
======================
   8      32 sdc 1831031 12937 270835056 12988784 26073440 626364180 11555414656 2357902408 137 46758852 2372231020
======================
   8      32 sdc 1831031 12937 270835056 12988784 26074097 626364180 11555751040 2358045244 152 46759856 2372374672
======================
   8      32 sdc 1831031 12937 270835056 12988784 26074739 626364180 11556079744 2358188488 150 46760860 2372518052
======================
   8      32 sdc 1831031 12937 270835056 12988784 26075390 626364180 11556413056 2358334564 139 46761864 2372664268
======================
   8      32 sdc 1831031 12937 270835056 12988784 26076055 626364180 11556753536 2358478112 146 46762868 2372807820
======================
   8      32 sdc 1831031 12937 270835056 12988784 26076705 626364180 11557086336 2358621236 136 46763872 2372951460
======================
   8      32 sdc 1831031 12937 270835056 12988784 26077347 626364180 11557415040 2358764868 134 46764876 2373095088
======================
   8      32 sdc 1831031 12937 270835056 12988784 26077988 626364180 11557743232 2358908140 133 46765876 2373238124
======================
   8      32 sdc 1831031 12937 270835056 12988784 26078631 626364180 11558072448 2359051896 130 46766880 2373381576
======================
   8      32 sdc 1831031 12937 270835056 12988784 26079290 626364180 11558409856 2359194976 143 46767884 2373524632
======================
   8      32 sdc 1831032 12937 270835064 12988956 26079948 626364180 11558746752 2359326784 147 46768888 2373657472
======================
   8      32 sdc 1831032 12937 270835064 12988956 26080590 626364180 11559075456 2359470128 145 46769888 2373800248
======================
   8      32 sdc 1831032 12937 270835064 12988956 26081248 626364180 11559412352 2359614528 133 46770892 2373943544
======================
   8      32 sdc 1831032 12937 270835064 12988956 26081863 626364180 11559727232 2359756588 152 46771896 2374087512
======================
   8      32 sdc 1831032 12937 270835064 12988956 26082487 626364180 11560046720 2359900400 136 46772900 2374231428
======================
   8      32 sdc 1831032 12937 270835064 12988956 26083121 626364180 11560371328 2360045496 142 46773904 2374375540
======================
   8      32 sdc 1831032 12937 270835064 12988956 26083797 626364180 11560717440 2360189268 138 46774904 2374518592
======================
   8      32 sdc 1831032 12937 270835064 12988956 26084467 626364180 11561060480 2360332804 140 46775908 2374662452
======================
   8      32 sdc 1831032 12937 270835064 12988956 26085129 626364180 11561399424 2360475264 150 46776912 2374806104
======================
   8      32 sdc 1831032 12937 270835064 12988956 26085753 626364180 11561718912 2360619404 134 46777916 2374950268
======================
   8      32 sdc 1831032 12937 270835064 12988956 26086399 626364180 11562049664 2360764468 128 46778920 2375093972
======================
   8      32 sdc 1831032 12937 270835064 12988956 26087075 626364180 11562395776 2360908016 156 46779924 2375237672
======================
   8      32 sdc 1831033 12937 270835072 12989128 26087727 626364180 11562729600 2361041636 135 46780924 2375371884
======================
   8      32 sdc 1831033 12937 270835072 12989128 26088369 626364180 11563058304 2361184772 133 46781928 2375515016
======================
   8      32 sdc 1831033 12937 270835072 12989128 26088912 626364180 11563336320 2361304260 134 46782932 2375657080
======================
   8      32 sdc 1831033 12937 270835072 12989128 26089511 626364180 11563643008 2361467544 143 46783936 2375798244
======================
   8      32 sdc 1831033 12937 270835072 12989128 26090153 626364180 11563971712 2361611144 141 46784940 2375941884
======================
   8      32 sdc 1831033 12937 270835072 12989128 26090795 626364180 11564300416 2361754792 139 46785944 2376085616
======================
   8      32 sdc 1831033 12937 270835072 12989128 26091438 626364180 11564629632 2361898536 136 46786944 2376228508
======================
   8      32 sdc 1831033 12937 270835072 12989128 26092103 626364180 11564970112 2362042356 143 46787948 2376372264
======================
   8      32 sdc 1831033 12937 270835072 12989128 26092756 626364180 11565304448 2362185840 130 46788952 2376515912
======================
   8      32 sdc 1831033 12937 270835072 12989128 26093397 626364180 11565632640 2362329308 129 46789956 2376659584
======================
   8      32 sdc 1831033 12937 270835072 12989128 26094057 626364180 11565970560 2362473776 141 46790960 2376803384
======================
   8      32 sdc 1831033 12937 270835072 12989128 26094733 626364180 11566316672 2362617480 137 46791964 2376947184
======================
   8      32 sdc 1831034 12937 270835080 12989312 26095363 626364180 11566639232 2362751148 139 46792968 2377082456
======================
   8      32 sdc 1831034 12937 270835080 12989312 26096008 626364180 11566969472 2362896016 134 46793972 2377225872
======================
   8      32 sdc 1831034 12937 270835080 12989312 26096624 626364180 11567284864 2363035176 158 46795144 2377397468
======================
   8      32 sdc 1831034 12937 270835080 12989312 26097308 626364180 11567635072 2363213856 146 46796168 2377544080
======================
   8      32 sdc 1831034 12937 270835080 12989312 26097886 626364180 11567931008 2363343092 144 46797196 2377691160
======================
   8      32 sdc 1831034 12937 270835080 12989312 26098589 626364180 11568290944 2363504872 145 46798208 2377835892
======================
   8      32 sdc 1831034 12937 270835080 12989312 26099269 626364180 11568639104 2363650820 137 46799220 2377980708
======================
   8      32 sdc 1831034 12937 270835080 12989312 26099937 626364180 11568981120 2363793904 141 46800224 2378124344
======================
   8      32 sdc 1831034 12937 270835080 12989312 26100581 626364180 11569310848 2363937804 137 46801232 2378268396
======================
   8      32 sdc 1831034 12937 270835080 12989312 26101201 626364180 11569628288 2364076384 157 46802240 2378411376
======================
   8      32 sdc 1831034 12937 270835080 12989312 26101896 626364180 11569984128 2364224068 134 46803240 2378553888
======================
   8      32 sdc 1831034 12937 270835080 12989312 26102537 626364180 11570312320 2364367020 109 46804244 2378696632
======================
   8      32 sdc 1831035 12937 270835088 12989552 26103153 626364180 11570627712 2364490536 128 46805248 2378821020
======================
   8      32 sdc 1831035 12937 270835088 12989552 26103794 626364180 11570955904 2364633564 139 46806252 2378964344
======================
   8      32 sdc 1831035 12937 270835088 12989552 26104404 626364180 11571268224 2364770720 157 46807256 2379108536
======================
   8      32 sdc 1831035 12937 270835088 12989552 26105092 626364180 11571620480 2364921264 141 46808260 2379252356
======================
   8      32 sdc 1831035 12937 270835088 12989552 26105733 626364180 11571948672 2365064644 140 46809264 2379395928
======================
   8      32 sdc 1831035 12937 270835088 12989552 26106390 626364180 11572285056 2365209080 155 46810268 2379539232
======================
   8      32 sdc 1831035 12937 270835088 12989552 26107060 626364180 11572628096 2365352464 157 46811268 2379682124
======================
   8      32 sdc 1831035 12937 270835088 12989552 26107692 626364180 11572951680 2365494556 133 46812272 2379825692
======================
   8      32 sdc 1831035 12937 270835088 12989552 26108315 626364180 11573270656 2365637628 150 46813276 2379969168
======================
   8      32 sdc 1831035 12937 270835088 12989552 26108991 626364180 11573616768 2365782376 146 46814280 2380112736
======================
   8      32 sdc 1831035 12937 270835088 12989552 26109667 626364180 11573962880 2365924728 142 46815280 2380254648
======================
   8      32 sdc 1831035 12937 270835088 12989552 26110310 626364180 11574292096 2366060976 16 46816284 2380379836
======================
   8      32 sdc 1831036 12937 270835096 12989784 26110953 626364180 11574621312 2366190260 136 46817288 2380521860
======================
   8      32 sdc 1831036 12937 270835096 12989784 26111576 626364180 11574940288 2366333592 153 46818288 2380664908
======================
   8      32 sdc 1831036 12937 270835096 12989784 26112232 626364180 11575276160 2366478008 137 46819292 2380808324
======================
   8      32 sdc 1831036 12937 270835096 12989784 26112839 626364180 11575586944 2366611276 138 46820296 2380951476
======================
   8      32 sdc 1831036 12937 270835096 12989784 26113522 626364180 11575936640 2366763220 147 46821296 2381093784
======================
   8      32 sdc 1831036 12937 270835096 12989784 26114186 626364180 11576276608 2366906660 135 46822300 2381237164
======================
   8      32 sdc 1831036 12937 270835096 12989784 26114844 626364180 11576613504 2367049180 149 46823304 2381380652
======================
   8      32 sdc 1831036 12937 270835096 12989784 26115486 626364180 11576942208 2367192568 147 46824304 2381523548
======================
   8      32 sdc 1831036 12937 270835096 12989784 26116120 626364180 11577266816 2367334284 153 46825308 2381667108
======================
   8      32 sdc 1831036 12937 270835096 12989784 26116741 626364180 11577584768 2367473080 140 46826308 2381810000
======================
   8      32 sdc 1831036 12937 270835096 12989784 26117389 626364180 11577916544 2367616552 132 46827312 2381952704
======================
   8      32 sdc 1831037 12937 270835104 12990020 26118049 626364180 11578254464 2367747716 144 46828316 2382075784
======================
   8      32 sdc 1831037 12937 270835104 12990020 26118551 626364180 11578511488 2367884384 154 46829316 2382215444
======================
   8      32 sdc 1831037 12937 270835104 12990020 26119192 626364180 11578839680 2368027552 153 46830320 2382358884
======================
   8      32 sdc 1831037 12937 270835104 12990020 26119856 626364180 11579179648 2368171684 129 46831324 2382502060
======================
   8      32 sdc 1831037 12937 270835104 12990020 26120487 626364180 11579502720 2368313800 138 46832328 2382645696
======================
   8      32 sdc 1831037 12937 270835104 12990020 26121111 626364180 11579822208 2368457768 154 46833328 2382789116
======================
   8      32 sdc 1831037 12937 270835104 12990020 26121787 626364180 11580168320 2368602352 150 46834332 2382932724
======================
   8      32 sdc 1831037 12937 270835104 12990020 26122462 626364180 11580513920 2368745504 147 46835336 2383076284
======================
   8      32 sdc 1831037 12937 270835104 12990020 26123138 626364180 11580860032 2368888920 143 46836340 2383219772
======================
   8      32 sdc 1831037 12937 270835104 12990020 26123760 626364180 11581178496 2369026992 129 46837344 2383362812
======================
   8      32 sdc 1831037 12937 270835104 12990020 26124404 626364180 11581508224 2369171404 158 46838344 2383502664
======================
   8      32 sdc 1831037 12937 270835104 12990020 26125069 626364180 11581848704 2369315596 132 46839348 2383646104
======================
   8      32 sdc 1831038 12937 270835112 12990252 26125709 626364180 11582176384 2369443960 133 46840352 2383769680
======================
   8      32 sdc 1831038 12937 270835112 12990252 26126355 626364180 11582507136 2369582252 128 46841360 2383913488
======================
   8      32 sdc 1831038 12937 270835112 12990252 26127008 626364180 11582841472 2369726916 146 46842372 2384058048
======================
   8      32 sdc 1831038 12937 270835112 12990252 26127659 626364180 11583174784 2369867852 135 46843376 2384199120
======================
   8      32 sdc 1831038 12937 270835112 12990252 26128304 626364180 11583505024 2370011996 130 46844388 2384343584
======================
   8      32 sdc 1831038 12937 270835112 12990252 26128948 626364180 11583834752 2370156100 158 46845392 2384487176
======================
   8      32 sdc 1831038 12937 270835112 12990252 26129594 626364180 11584165504 2370300288 152 46846404 2384631976
======================
   8      32 sdc 1831038 12937 270835112 12990252 26130248 626364180 11584500352 2370444608 138 46847408 2384775544
======================
   8      32 sdc 1831038 12937 270835112 12990252 26130884 626364180 11584825984 2370585100 142 46848416 2384919192
======================
   8      32 sdc 1831038 12937 270835112 12990252 26131558 626364180 11585171072 2370730932 140 46849420 2385062748
======================
   8      32 sdc 1831038 12937 270835112 12990252 26132205 626364180 11585502336 2370875472 133 46850424 2385206336
======================
   8      32 sdc 1831038 12937 270835112 12990252 26132884 626364180 11585849984 2371019720 158 46851432 2385350276
======================
   8      32 sdc 1831039 12937 270835120 12990488 26133436 626364180 11586132608 2371125480 150 46852432 2385473496
======================
   8      32 sdc 1831039 12937 270835120 12990488 26134120 626364180 11586482816 2371284752 138 46853436 2385617496
======================
   8      32 sdc 1831039 12937 270835120 12990488 26134780 626364180 11586820736 2371429364 150 46854440 2385760496
======================
   8      32 sdc 1831039 12937 270835120 12990488 26135438 626364180 11587157632 2371572780 132 46855444 2385903860
======================
   8      32 sdc 1831039 12937 270835120 12990488 26136115 626364180 11587504256 2371716260 130 46856448 2386047124
======================
   8      32 sdc 1831039 12937 270835120 12990488 26136743 626364180 11587825792 2371857892 139 46857448 2386190092
======================
   8      32 sdc 1831039 12937 270835120 12990488 26137326 626364180 11588124288 2371992012 132 46858452 2386332816
======================
   8      32 sdc 1831039 12937 270835120 12990488 26138045 626364180 11588492416 2372144092 149 46859456 2386475324
======================
   8      32 sdc 1831039 12937 270835120 12990488 26138709 626364180 11588832384 2372286748 157 46860460 2386618684
======================
   8      32 sdc 1831039 12937 270835120 12990488 26139350 626364180 11589160576 2372430120 156 46861460 2386761840
======================
   8      32 sdc 1831039 12937 270835120 12990488 26139999 626364180 11589492864 2372574192 147 46862464 2386905744
======================
   8      32 sdc 1831039 12937 270835120 12990488 26140663 626364180 11589832832 2372717556 155 46863468 2387048964
======================
   8      32 sdc 1831040 12937 270835128 12990696 26141283 626364180 11590150272 2372840628 148 46864468 2387172692
======================
   8      32 sdc 1831040 12937 270835128 12990696 26141925 626364180 11590478976 2372984256 146 46865472 2387316336
======================
   8      32 sdc 1831040 12937 270835128 12990696 26142566 626364180 11590807168 2373127580 145 46866476 2387459908
======================
   8      32 sdc 1831040 12937 270835128 12990696 26143217 626364180 11591140480 2373271604 134 46867476 2387602796
======================
   8      32 sdc 1831040 12937 270835128 12990696 26143878 626364180 11591478912 2373414560 145 46868480 2387746732
======================
   8      32 sdc 1831040 12937 270835128 12990696 26144462 626364180 11591777920 2373545296 137 46869484 2387889820
======================
   8      32 sdc 1831040 12937 270835128 12990696 26145172 626364180 11592141952 2373701140 131 46870484 2388032132
======================
   8      32 sdc 1831040 12937 270835128 12990696 26145848 626364180 11592487552 2373844668 157 46871488 2388175792
======================
   8      32 sdc 1831040 12937 270835128 12990696 26146492 626364180 11592817280 2373987324 155 46872492 2388319572
======================
   8      32 sdc 1831040 12937 270835128 12990696 26147116 626364180 11593136768 2374130836 139 46873496 2388463436
======================
   8      32 sdc 1831040 12937 270835128 12990696 26147781 626364180 11593477248 2374275776 146 46874500 2388607060
======================
   8      32 sdc 1831040 12937 270835128 12990696 26148452 626364180 11593820800 2374418508 147 46875504 2388750180
======================
   8      32 sdc 1831040 12937 270835128 12990696 26148651 626364180 11593922688 2374461228 43 46876508 2388815604
======================
   8      32 sdc 1831040 12937 270835128 12990696 26148651 626364180 11593922688 2374461228 43 46877508 2388858604
======================
   8      32 sdc 1831041 12937 270835136 12993092 26150369 626364180 11594802304 2374614760 136 46878512 2388949252
======================
   8      32 sdc 1831041 12937 270835136 12993092 26151044 626364180 11595148416 2374758836 133 46879516 2389092680
======================
   8      32 sdc 1831041 12937 270835136 12993092 26151699 626364180 11595483264 2374901288 150 46880516 2389235680
======================
   8      32 sdc 1831041 12937 270835136 12993092 26152342 626364180 11595812480 2375044044 147 46881520 2389378328
======================
   8      32 sdc 1831041 12937 270835136 12993092 26153006 626364180 11596152448 2375188752 155 46882532 2389522748
======================
   8      32 sdc 1831041 12937 270835136 12993092 26153665 626364180 11596489856 2375332300 136 46883532 2389665860
======================
   8      32 sdc 1831041 12937 270835136 12993092 26154308 626364180 11596819072 2375475724 133 46884540 2389810092
======================
   8      32 sdc 1831041 12937 270835136 12993092 26154951 626364180 11597148288 2375619672 130 46885544 2389953712
======================
   8      32 sdc 1831041 12937 270835136 12993092 26155563 626364180 11597461632 2375759176 158 46886548 2390097244
======================
   8      32 sdc 1831041 12937 270835136 12993092 26156244 626364180 11597810816 2375906720 130 46887552 2390240388
======================
   8      32 sdc 1831042 12937 270835144 12993288 26156850 626364180 11598120576 2376030888 130 46888556 2390370984
======================
   8      32 sdc 1831042 12937 270835144 12993288 26157531 626364180 11598469248 2376179364 153 46889556 2390513604
======================
   8      32 sdc 1831042 12937 270835144 12993288 26158097 626364180 11598759040 2376307440 131 46890560 2390655608
======================
   8      32 sdc 1831042 12937 270835144 12993288 26158847 626364180 11599143040 2376463204 149 46891564 2390797200
======================
   8      32 sdc 1831042 12937 270835144 12993288 26159476 626364180 11599465088 2376605200 128 46892564 2390939676
======================
   8      32 sdc 1831042 12937 270835144 12993288 26160101 626364180 11599785088 2376748284 143 46893568 2391082976
======================
   8      32 sdc 1831042 12937 270835144 12993288 26160777 626364180 11600131200 2376892180 139 46894572 2391226104
======================
   8      32 sdc 1831042 12937 270835144 12993288 26161453 626364180 11600477312 2377035428 135 46895572 2391368840
======================
   8      32 sdc 1831042 12937 270835144 12993288 26162122 626364180 11600819840 2377177848 138 46896576 2391512884
======================
   8      32 sdc 1831042 12937 270835144 12993288 26162767 626364180 11601150080 2377320968 133 46897580 2391656096
======================
   8      32 sdc 1831042 12937 270835144 12993288 26163391 626364180 11601469568 2377464340 149 46898580 2391799044
======================
   8      32 sdc 1831042 12937 270835144 12993288 26164041 626364180 11601802368 2377604968 13 46899584 2391926572
======================
   8      32 sdc 1831043 12937 270835152 12993516 26164675 626364180 11602126976 2377725212 147 46900588 2392066196
======================
   8      32 sdc 1831043 12937 270835152 12993516 26165345 626364180 11602470016 2377875024 149 46901592 2392210080
======================
   8      32 sdc 1831043 12937 270835152 12993516 26165824 626364180 11602715264 2378012968 150 46902592 2392351568
======================
   8      32 sdc 1831043 12937 270835152 12993516 26166459 626364180 11603040384 2378148852 155 46903596 2392496252
======================
   8      32 sdc 1831043 12937 270835152 12993516 26167155 626364180 11603396736 2378305984 131 46904600 2392640644
======================
   8      32 sdc 1831043 12937 270835152 12993516 26167754 626364180 11603703424 2378439968 140 46905604 2392784124
======================
   8      32 sdc 1831043 12937 270835152 12993516 26168437 626364180 11604053120 2378591880 129 46906604 2392926480
======================
   8      32 sdc 1831043 12937 270835152 12993516 26169090 626364180 11604387456 2378735928 148 46907608 2393070196
======================
   8      32 sdc 1831043 12937 270835152 12993516 26169755 626364180 11604727936 2378879584 155 46908612 2393213924
======================
   8      32 sdc 1831043 12937 270835152 12993516 26170403 626364180 11605059712 2379022588 147 46909616 2393357688
======================
   8      32 sdc 1831043 12937 270835152 12993516 26171044 626364180 11605387904 2379166000 146 46910616 2393500752
======================
   8      32 sdc 1831043 12937 270835152 12993516 26171694 626364180 11605720704 2379304676 40 46911620 2393632208
======================
   8      32 sdc 1831044 12937 270835160 12993740 26172350 626364180 11606056576 2379438416 155 46912624 2393774092
======================
   8      32 sdc 1831044 12937 270835160 12993740 26172974 626364180 11606376064 2379581988 139 46913624 2393917416
======================
   8      32 sdc 1831044 12937 270835160 12993740 26173616 626364180 11606704768 2379727400 137 46914632 2394061588
======================
   8      32 sdc 1831044 12937 270835160 12993740 26174294 626364180 11607051904 2379871528 131 46915640 2394205648
======================
   8      32 sdc 1831044 12937 270835160 12993740 26174953 626364180 11607389312 2380013188 144 46916644 2394349300
======================
   8      32 sdc 1831044 12937 270835160 12993740 26175599 626364180 11607720064 2380157612 138 46917652 2394493356
======================
   8      32 sdc 1831044 12937 270835160 12993740 26176225 626364180 11608040576 2380301540 152 46918656 2394636840
======================
   8      32 sdc 1831044 12937 270835160 12993740 26176893 626364180 11608382592 2380446772 156 46919664 2394781004
======================
   8      32 sdc 1831044 12937 270835160 12993740 26177558 626364180 11608723072 2380589364 131 46920668 2394924328
======================
   8      32 sdc 1831044 12937 270835160 12993740 26178201 626364180 11609052288 2380733204 128 46921672 2395067760
======================
   8      32 sdc 1831044 12937 270835160 12993740 26178853 626364180 11609386112 2380877160 148 46922676 2395211508
======================
   8      32 sdc 1831045 12937 270835168 12993964 26179489 626364180 11609711744 2381006960 152 46923680 2395341836
======================
   8      32 sdc 1831045 12937 270835168 12993964 26180140 626364180 11610045056 2381149952 141 46924684 2395485332
======================
   8      32 sdc 1831045 12937 270835168 12993964 26180781 626364180 11610373248 2381293476 140 46925688 2395629132
======================
   8      32 sdc 1831045 12937 270835168 12993964 26181412 626364180 11610696320 2381437068 149 46926692 2395772792
======================
   8      32 sdc 1831045 12937 270835168 12993964 26182035 626364180 11611015296 2381573436 134 46927700 2395916384
======================
   8      32 sdc 1831045 12937 270835168 12993964 26182730 626364180 11611371136 2381723940 143 46928704 2396059876
======================
   8      32 sdc 1831045 12937 270835168 12993964 26183372 626364180 11611699840 2381866800 141 46929708 2396203328
======================
   8      32 sdc 1831045 12937 270835168 12993964 26184020 626364180 11612032128 2382010916 133 46930708 2396346244
======================
   8      32 sdc 1831045 12937 270835168 12993964 26184696 626364180 11612377728 2382154344 129 46931712 2396489672
======================
   8      32 sdc 1831045 12937 270835168 12993964 26185345 626364180 11612710016 2382296116 152 46932716 2396633132
======================
   8      32 sdc 1831045 12937 270835168 12993964 26185956 626364180 11613022848 2382437468 149 46933716 2396776952
======================
   8      32 sdc 1831045 12937 270835168 12993964 26186626 626364180 11613365888 2382585076 151 46934720 2396920544
======================
   8      32 sdc 1831046 12937 270835176 12994196 26187262 626364180 11613691520 2382714068 156 46935720 2397049344
======================
   8      32 sdc 1831046 12937 270835176 12994196 26187937 626364180 11614037120 2382857424 153 46936724 2397193104
======================
   8      32 sdc 1831046 12937 270835176 12994196 26188600 626364180 11614376576 2382999592 130 46937728 2397336500
======================
   8      32 sdc 1831046 12937 270835176 12994196 26189189 626364180 11614678144 2383138280 149 46938728 2397479960
======================
   8      32 sdc 1831046 12937 270835176 12994196 26189899 626364180 11615041664 2383289212 144 46939732 2397624792
======================
   8      32 sdc 1831046 12937 270835176 12994196 26190558 626364180 11615379072 2383431460 157 46940732 2397767260
======================
   8      32 sdc 1831046 12937 270835176 12994196 26191199 626364180 11615707264 2383574336 156 46941736 2397910736
======================
   8      32 sdc 1831046 12937 270835176 12994196 26191850 626364180 11616040576 2383718252 145 46942736 2398054104
======================
   8      32 sdc 1831046 12937 270835176 12994196 26192515 626364180 11616381056 2383862064 152 46943740 2398197608
======================
   8      32 sdc 1831046 12937 270835176 12994196 26193162 626364180 11616712320 2384005564 145 46944752 2398342532
======================
   8      32 sdc 1831046 12937 270835176 12994196 26193773 626364180 11617025152 2384142872 142 46945752 2398486120
======================
   8      32 sdc 1831046 12937 270835176 12994196 26194441 626364180 11617367168 2384293196 146 46946756 2398629544
======================
   8      32 sdc 1831047 12937 270835184 12994648 26194919 626364180 11617611904 2384399184 148 46947760 2398735776
======================
   8      32 sdc 1831047 12937 270835184 12994648 26195583 626364180 11617951872 2384543200 156 46948764 2398879404
======================
   8      32 sdc 1831047 12937 270835184 12994648 26196235 626364180 11618285696 2384685664 144 46949768 2399022852
======================
   8      32 sdc 1831047 12937 270835184 12994648 26196874 626364180 11618612864 2384829468 145 46950768 2399165660
======================
   8      32 sdc 1831047 12937 270835184 12994648 26197512 626364180 11618939520 2384964972 147 46951772 2399309512
======================
   8      32 sdc 1831047 12937 270835184 12994648 26198197 626364180 11619290240 2385115436 134 46952776 2399452936
======================
   8      32 sdc 1831047 12937 270835184 12994648 26198820 626364180 11619609216 2385258572 151 46953776 2399595896
======================
   8      32 sdc 1831047 12937 270835184 12994648 26199479 626364180 11619946624 2385402936 132 46954780 2399739196
======================
   8      32 sdc 1831047 12937 270835184 12994648 26200155 626364180 11620292736 2385545864 128 46955780 2399881536
======================
   8      32 sdc 1831047 12937 270835184 12994648 26200825 626364180 11620635776 2385689244 130 46956784 2400025252
======================
   8      32 sdc 1831047 12937 270835184 12994648 26201482 626364180 11620972160 2385831916 145 46957788 2400169704
======================
   8      32 sdc 1831047 12937 270835184 12994648 26202105 626364180 11621291136 2385975336 130 46958788 2400312532
======================
   8      32 sdc 1831048 12937 270835192 12995096 26202586 626364180 11621537408 2386082544 130 46959792 2400419084
======================
   8      32 sdc 1831048 12937 270835192 12995096 26203261 626364180 11621883008 2386225664 152 46960792 2400561804
======================
   8      32 sdc 1831048 12937 270835192 12995096 26203920 626364180 11622220416 2386367988 140 46961796 2400705052
======================
   8      32 sdc 1831048 12937 270835192 12995096 26204527 626364180 11622531200 2386505036 141 46962800 2400847424
======================
   8      32 sdc 1831048 12937 270835192 12995096 26205225 626364180 11622888576 2386654828 147 46963808 2400991296
======================
   8      32 sdc 1831048 12937 270835192 12995096 26205844 626364180 11623205504 2386791836 136 46964816 2401135620
======================
   8      32 sdc 1831048 12937 270835192 12995096 26206516 626364180 11623550080 2386941508 136 46965820 2401279044
======================
   8      32 sdc 1831048 12937 270835192 12995096 26207159 626364180 11623878784 2387085164 133 46966824 2401422332
======================
   8      32 sdc 1831048 12937 270835192 12995096 26207805 626364180 11624209536 2387229036 136 46967828 2401565540
======================
   8      32 sdc 1831048 12937 270835192 12995096 26208469 626364180 11624549504 2387371996 135 46968832 2401708764
======================
   8      32 sdc 1831048 12937 270835192 12995096 26209124 626364180 11624884864 2387513968 152 46969832 2401851052
======================
   8      32 sdc 1831048 12937 270835192 12995096 26209765 626364180 11625213056 2387657560 151 46970836 2401995008
======================
   8      32 sdc 1831049 12937 270835200 12995540 26210252 626364180 11625462912 2387763712 145 46971840 2402101320
======================
   8      32 sdc 1831049 12937 270835200 12995540 26210928 626364180 11625808512 2387907312 141 46972840 2402244348
======================
   8      32 sdc 1831049 12937 270835200 12995540 26211571 626364180 11626137728 2388049540 138 46973844 2402388056
======================
   8      32 sdc 1831049 12937 270835200 12995540 26212156 626364180 11626437248 2388181948 129 46974848 2402530292
======================
   8      32 sdc 1831049 12937 270835200 12995540 26212859 626364180 11626797184 2388331440 130 46975848 2402672180
======================
   8      32 sdc 1831049 12937 270835200 12995540 26213527 626364180 11627139200 2388472960 156 46976852 2402812652
======================
   8      32 sdc 1831049 12937 270835200 12995540 26214204 626364180 11627485824 2388617796 151 46977856 2402955700
======================
   8      32 sdc 1831049 12937 270835200 12995540 26214799 626364180 11627790464 2388754732 132 46978856 2403098732
======================
   8      32 sdc 1831049 12937 270835200 12995540 26215468 626364180 11628132992 2388904940 135 46979860 2403241920
======================
   8      32 sdc 1831049 12937 270835200 12995540 26216144 626364180 11628479104 2389048168 131 46980864 2403385116
======================
   8      32 sdc 1831049 12937 270835200 12995540 26216799 626364180 11628814464 2389190588 148 46981868 2403528680
======================
   8      32 sdc 1831049 12937 270835200 12995540 26217443 626364180 11629144192 2389334552 144 46982876 2403672740
======================
   8      32 sdc 1831050 12937 270835208 12995772 26218075 626364180 11629467776 2389458148 152 46983880 2403796016
======================
   8      32 sdc 1831050 12937 270835208 12995772 26218735 626364180 11629805696 2389600484 132 46984884 2403938576
======================
   8      32 sdc 1831050 12937 270835208 12995772 26219376 626364180 11630133888 2389742704 131 46985892 2404081844
======================
   8      32 sdc 1831050 12937 270835208 12995772 26220012 626364180 11630459520 2389886672 135 46986900 2404225640
======================
   8      32 sdc 1831050 12937 270835208 12995772 26220659 626364180 11630790784 2390030704 128 46987904 2404368860
======================
   8      32 sdc 1831050 12937 270835208 12995772 26221323 626364180 11631130752 2390173676 136 46988904 2404511868
======================
   8      32 sdc 1831050 12937 270835208 12995772 26221978 626364180 11631466112 2390316588 153 46989908 2404655128
======================
   8      32 sdc 1831050 12937 270835208 12995772 26222482 626364180 11631724160 2390437964 129 46990936 2404799124
======================
   8      32 sdc 1831050 12937 270835208 12995772 26223147 626364180 11632064640 2390606384 136 46991952 2404944300
======================
   8      32 sdc 1831050 12937 270835208 12995772 26223825 626364180 11632411776 2390751148 130 46992964 2405088456
======================
   8      32 sdc 1831050 12937 270835208 12995772 26224462 626364180 11632737920 2390894488 133 46993980 2405233416
======================
   8      32 sdc 1831050 12937 270835208 12995772 26225086 626364180 11633057408 2391037732 149 46994984 2405376904
======================
   8      32 sdc 1831051 12937 270835216 12995988 26225742 626364180 11633393280 2391163112 147 46995996 2405501264
======================
   8      32 sdc 1831051 12937 270835216 12995988 26226420 626364180 11633740416 2391307132 141 46997004 2405645400
======================
   8      32 sdc 1831051 12937 270835216 12995988 26227066 626364180 11634071168 2391444876 135 46998012 2405789144
======================
   8      32 sdc 1831051 12937 270835216 12995988 26227688 626364180 11634389632 2391589000 153 46999016 2405932504
======================
   8      32 sdc 1831051 12937 270835216 12995988 26228347 626364180 11634727040 2391735632 134 47000020 2406076156
======================
   8      32 sdc 1831051 12937 270835216 12995988 26229018 626364180 11635070592 2391882456 135 47001024 2406220140
======================
   8      32 sdc 1831051 12937 270835216 12995988 26229661 626364180 11635399808 2392025292 132 47002032 2406364240
======================
   8      32 sdc 1831051 12937 270835216 12995988 26230308 626364180 11635731072 2392169604 157 47003036 2406507664
======================
   8      32 sdc 1831051 12937 270835216 12995988 26230972 626364180 11636071040 2392312632 133 47004040 2406650932
======================
   8      32 sdc 1831051 12937 270835216 12995988 26231572 626364180 11636378240 2392444628 141 47005044 2406794556
======================
   8      32 sdc 1831051 12937 270835216 12995988 26232188 626364180 11636694144 2392584748 133 47006168 2406954896
======================
   8      32 sdc 1831051 12937 270835216 12995988 26232845 626364180 11637030016 2392762564 148 47007192 2407101172
======================
   8      32 sdc 1831052 12937 270835224 12996208 26233472 626364180 11637351040 2392892884 131 47008208 2407231916
======================
   8      32 sdc 1831052 12937 270835224 12996208 26234114 626364180 11637679744 2393031824 129 47009212 2407374436
======================
   8      32 sdc 1831052 12937 270835224 12996208 26234790 626364180 11638025856 2393179044 157 47010224 2407518688
======================
   8      32 sdc 1831052 12937 270835224 12996208 26235441 626364180 11638359168 2393323944 146 47011228 2407662124
======================
   8      32 sdc 1831052 12937 270835224 12996208 26236120 626364180 11638706816 2393467752 139 47012236 2407805976
======================
   8      32 sdc 1831052 12937 270835224 12996208 26236779 626364180 11639044224 2393611968 152 47013256 2407951432
======================
   8      32 sdc 1831052 12937 270835224 12996208 26237405 626364180 11639364736 2393755708 134 47014260 2408095024
======================
   8      32 sdc 1831052 12937 270835224 12996208 26238055 626364180 11639697536 2393900724 156 47015268 2408238852
======================
   8      32 sdc 1831052 12937 270835224 12996208 26238730 626364180 11640043136 2394043688 153 47016268 2408381672
======================
   8      32 sdc 1831052 12937 270835224 12996208 26239405 626364180 11640388736 2394186772 150 47017272 2408525112
======================
   8      32 sdc 1831052 12937 270835224 12996208 26240063 626364180 11640725632 2394328864 132 47018276 2408668576
======================
   8      32 sdc 1831052 12937 270835224 12996208 26240688 626364180 11641045632 2394472140 70 47019276 2408807140
======================
   8      32 sdc 1831052 12937 270835224 12996208 26240728 626364180 11641066112 2394481328 30 47020280 2408838636
======================
   8      32 sdc 1831053 12937 270835232 12997828 26241977 626364180 11641705600 2394585168 128 47021284 2408925052
======================
   8      32 sdc 1831053 12937 270835232 12997828 26242618 626364180 11642033792 2394727736 159 47022288 2409068568
======================
   8      32 sdc 1831053 12937 270835232 12997828 26243277 626364180 11642371200 2394871828 140 47023292 2409211952
======================
   8      32 sdc 1831053 12937 270835232 12997828 26243898 626364180 11642689152 2395005668 159 47024300 2409356904
======================
   8      32 sdc 1831053 12937 270835232 12997828 26244588 626364180 11643042432 2395161460 141 47025304 2409502392
======================
   8      32 sdc 1831053 12937 270835232 12997828 26245229 626364180 11643370624 2395304560 140 47026304 2409645136
======================
   8      32 sdc 1831053 12937 270835232 12997828 26245871 626364180 11643699328 2395447992 138 47027308 2409788676
======================
   8      32 sdc 1831053 12937 270835232 12997828 26246514 626364180 11644028544 2395591984 135 47028312 2409932384
======================
   8      32 sdc 1831053 12937 270835232 12997828 26247128 626364180 11644342912 2395725976 129 47029316 2410074968
======================
   8      32 sdc 1831053 12937 270835232 12997828 26247822 626364180 11644698240 2395873668 133 47030320 2410214140
======================
   8      32 sdc 1831054 12937 270835240 12998044 26248437 626364180 11645013120 2396012004 145 47031324 2410340488
======================
   8      32 sdc 1831054 12937 270835240 12998044 26249104 626364180 11645354624 2396143948 150 47032328 2410484000
======================
   8      32 sdc 1831054 12937 270835240 12998044 26249779 626364180 11645700224 2396287272 147 47033332 2410627776
======================
   8      32 sdc 1831054 12937 270835240 12998044 26250393 626364180 11646014592 2396429404 141 47034332 2410770796
======================
   8      32 sdc 1831054 12937 270835240 12998044 26251060 626364180 11646356096 2396573096 146 47035336 2410913296
======================
   8      32 sdc 1831054 12937 270835240 12998044 26251730 626364180 11646699136 2396716460 148 47036336 2411056456
======================
   8      32 sdc 1831054 12937 270835240 12998044 26252405 626364180 11647044736 2396859548 145 47037340 2411199768
======================
   8      32 sdc 1831054 12937 270835240 12998044 26253049 626364180 11647374464 2397001404 141 47038340 2411342796
======================
   8      32 sdc 1831054 12937 270835240 12998044 26253673 626364180 11647693952 2397144984 157 47039344 2411486056
======================
   8      32 sdc 1831054 12937 270835240 12998044 26254297 626364180 11648013440 2397281356 141 47040348 2411629664
======================
   8      32 sdc 1831054 12937 270835240 12998044 26254999 626364180 11648372864 2397432344 143 47041348 2411772168
======================
   8      32 sdc 1831054 12937 270835240 12998044 26255640 626364180 11648701056 2397574556 142 47042352 2411915248
======================
   8      32 sdc 1831055 12937 270835248 12998280 26256248 626364180 11649012352 2397700016 145 47043356 2412040972
======================
   8      32 sdc 1831055 12937 270835248 12998280 26256880 626364180 11649335936 2397836652 153 47044360 2412184924
======================
   8      32 sdc 1831055 12937 270835248 12998280 26257563 626364180 11649685632 2397988332 142 47045372 2412329428
======================
   8      32 sdc 1831055 12937 270835248 12998280 26258196 626364180 11650009728 2398132212 149 47046376 2412473132
======================
   8      32 sdc 1831055 12937 270835248 12998280 26259062 626364180 11650453120 2398330976 148 47047716 2412666372
======================
   8      32 sdc 1831055 12937 270835248 12998280 26259817 626364180 11650839680 2398489284 129 47048856 2412829432
======================
   8      32 sdc 1831055 12937 270835248 12998280 26260468 626364180 11651172992 2398632884 150 47049868 2412974232
======================
   8      32 sdc 1831055 12937 270835248 12998280 26261111 626364180 11651502208 2398776748 147 47050872 2413117972
======================
   8      32 sdc 1831055 12937 270835248 12998280 26261790 626364180 11651849856 2398921668 140 47051880 2413261956
======================
   8      32 sdc 1831055 12937 270835248 12998280 26262454 626364180 11652189824 2399067444 148 47052888 2413406216
======================
   8      32 sdc 1831055 12937 270835248 12998280 26263079 626364180 11652509824 2399208304 131 47053892 2413549592
======================
   8      32 sdc 1831055 12937 270835248 12998280 26263725 626364180 11652840576 2399352092 73 47054896 2413688532
======================
   8      32 sdc 1831056 12937 270835256 12998512 26264367 626364180 11653169280 2399476604 155 47055900 2413817264
======================
   8      32 sdc 1831056 12937 270835256 12998512 26265037 626364180 11653512320 2399619944 157 47056900 2413960044
======================
   8      32 sdc 1831056 12937 270835256 12998512 26265552 626364180 11653776000 2399764636 154 47057904 2414106100
======================
   8      32 sdc 1831056 12937 270835256 12998512 26266176 626364180 11654095488 2399908124 138 47058908 2414249896
======================
   8      32 sdc 1831056 12937 270835256 12998512 26266839 626364180 11654434944 2400054664 147 47059912 2414393488
======================
   8      32 sdc 1831056 12937 270835256 12998512 26267514 626364180 11654780544 2400195832 144 47060916 2414536760
======================
   8      32 sdc 1831056 12937 270835256 12998512 26268156 626364180 11655109248 2400338888 142 47061920 2414680352
======================
   8      32 sdc 1831056 12937 270835256 12998512 26268804 626364180 11655441024 2400483060 134 47062924 2414823740
======================
   8      32 sdc 1831056 12937 270835256 12998512 26269462 626364180 11655777920 2400626216 148 47063928 2414967468
======================
   8      32 sdc 1831056 12937 270835256 12998512 26270116 626364180 11656112768 2400769464 134 47064932 2415111020
======================
   8      32 sdc 1831056 12937 270835256 12998512 26270756 626364180 11656440448 2400914688 134 47065932 2415253284
======================
   8      32 sdc 1831056 12937 270835256 12998512 26271399 626364180 11656769664 2401055388 79 47066936 2415393428
======================
   8      32 sdc 1831057 12937 270835264 12998756 26272014 626364180 11657084544 2401178984 131 47067940 2415520592
======================
   8      32 sdc 1831057 12937 270835264 12998756 26272674 626364180 11657422464 2401322680 143 47068940 2415663724
======================
   8      32 sdc 1831057 12937 270835264 12998756 26273187 626364180 11657685120 2401459160 142 47069944 2415804020
======================
   8      32 sdc 1831057 12937 270835264 12998756 26273828 626364180 11658013312 2401605572 141 47070944 2415947108
======================
   8      32 sdc 1831057 12937 270835264 12998756 26274492 626364180 11658353280 2401748228 149 47071948 2416089740
======================
   8      32 sdc 1831057 12937 270835264 12998756 26275162 626364180 11658696320 2401891336 151 47072952 2416233216
======================
   8      32 sdc 1831057 12937 270835264 12998756 26275787 626364180 11659016320 2402034644 134 47073956 2416376736
======================
   8      32 sdc 1831057 12937 270835264 12998756 26276425 626364180 11659342976 2402179544 136 47074960 2416520208
======================
   8      32 sdc 1831057 12937 270835264 12998756 26277102 626364180 11659689600 2402323224 131 47075964 2416663756
======================
   8      32 sdc 1831057 12937 270835264 12998756 26277778 626364180 11660035712 2402466180 159 47076968 2416806684
======================
   8      32 sdc 1831057 12937 270835264 12998756 26278448 626364180 11660378752 2402608604 129 47077972 2416950248
======================
   8      32 sdc 1831057 12937 270835264 12998756 26279075 626364180 11660699776 2402751276 83 47078976 2417090752
======================
   8      32 sdc 1831058 12937 270835272 12999008 26279669 626364180 11661003904 2402873708 158 47079976 2417215696
======================
   8      32 sdc 1831058 12937 270835272 12999008 26280346 626364180 11661350528 2403018392 153 47080980 2417359152
======================
   8      32 sdc 1831058 12937 270835272 12999008 26280995 626364180 11661682816 2403161564 144 47081984 2417503136
======================
   8      32 sdc 1831058 12937 270835272 12999008 26281642 626364180 11662014080 2403295972 234 47082988 2417666120
======================
   8      32 sdc 1831058 12937 270835272 12999008 26282306 626364180 11662354048 2403448384 210 47083988 2417876064
======================
   8      32 sdc 1831058 12937 270835272 12999008 26282959 626364180 11662688384 2403605708 197 47084992 2418079224
======================
   8      32 sdc 1831058 12937 270835272 12999008 26283590 626364180 11663011456 2403774044 183 47085996 2418273304
======================
   8      32 sdc 1831058 12937 270835272 12999008 26284226 626364180 11663337088 2403947724 178 47086996 2418458780
======================
   8      32 sdc 1831058 12937 270835272 12999008 26284866 626364180 11663664768 2404141548 178 47088000 2418635992
======================
   8      32 sdc 1831058 12937 270835272 12999008 26285531 626364180 11664005248 2404323668 153 47089004 2418804444
======================
   8      32 sdc 1831058 12937 270835272 12999008 26286193 626364180 11664344192 2404514404 163 47090008 2418966244
======================
   8      32 sdc 1831058 12937 270835272 12999008 26286829 626364180 11664669824 2404708436 9 47091012 2419101100
======================
   8      32 sdc 1831059 12937 270835280 12999248 26287476 626364180 11665001088 2404900308 136 47092020 2419241568
======================
   8      32 sdc 1831059 12937 270835280 12999248 26288152 626364180 11665347200 2405043484 132 47093024 2419384716
======================
   8      32 sdc 1831059 12937 270835280 12999248 26288778 626364180 11665667712 2405185108 146 47094024 2419527580
======================
   8      32 sdc 1831059 12937 270835280 12999248 26289435 626364180 11666004096 2405328184 129 47095028 2419668772
======================
   8      32 sdc 1831059 12937 270835280 12999248 26290110 626364180 11666349696 2405471048 158 47096032 2419812000
======================
   8      32 sdc 1831059 12937 270835280 12999248 26290786 626364180 11666695808 2405614180 154 47097036 2419955408
======================
   8      32 sdc 1831059 12937 270835280 12999248 26291447 626364180 11667034240 2405756036 133 47098036 2420098176
======================
   8      32 sdc 1831059 12937 270835280 12999248 26292070 626364180 11667353216 2405898960 150 47099040 2420241424
======================
   8      32 sdc 1831059 12937 270835280 12999248 26292715 626364180 11667683456 2406043272 145 47100044 2420384816
======================
   8      32 sdc 1831059 12937 270835280 12999248 26293386 626364180 11668027008 2406186424 146 47101048 2420527968
======================
   8      32 sdc 1831059 12937 270835280 12999248 26294038 626364180 11668360832 2406329044 134 47102048 2420670768
======================
   8      32 sdc 1831060 12937 270835288 12999544 26294655 626364625 11668676232 2406448316 130 47103052 2420790056
======================
   8      32 sdc 1831060 12937 270835288 12999544 26295317 626364625 11669014704 2406592076 140 47104056 2420933744
======================
   8      32 sdc 1831060 12937 270835288 12999544 26295959 626364625 11669343408 2406740808 138 47105060 2421079604
======================
   8      32 sdc 1831060 12937 270835288 12999544 26296609 626364625 11669676208 2406880620 128 47106064 2421222956
======================
   8      32 sdc 1831060 12937 270835288 12999544 26297250 626364625 11670004400 2407023964 159 47107064 2421366064
======================
   8      32 sdc 1831060 12937 270835288 12999544 26297898 626364625 11670336176 2407167920 151 47108068 2421509988
======================
   8      32 sdc 1831060 12937 270835288 12999544 26298557 626364625 11670674096 2407311668 132 47109072 2421653672
======================
   8      32 sdc 1831060 12937 270835288 12999544 26299189 626364625 11670997168 2407455052 140 47110076 2421797624
======================
   8      32 sdc 1831060 12937 270835288 12999544 26299839 626364625 11671329968 2407599912 130 47111080 2421941020
======================
   8      32 sdc 1831060 12937 270835288 12999544 26300514 626364625 11671675568 2407743308 156 47112084 2422084668
======================
   8      32 sdc 1831060 12937 270835288 12999544 26301166 626364625 11672009392 2407885504 147 47113088 2422228556
======================
   8      32 sdc 1831060 12937 270835288 12999544 26301791 626364625 11672329392 2408029564 130 47114092 2422372296
======================
   8      32 sdc 1831061 12937 270835296 13000052 26302269 626364645 11672572776 2408124460 134 47115096 2422456652
======================
   8      32 sdc 1831061 12937 270835296 13000052 26302670 626365100 11672759032 2408204936 0 47115668 2422531628
======================
   8      32 sdc 1831061 12937 270835296 13000052 26302670 626365100 11672759032 2408204936 0 47115668 2422531628
======================
   8      32 sdc 1831061 12937 270835296 13000052 26302670 626365100 11672759032 2408204936 0 47115668 2422531628
======================
   8      32 sdc 1831061 12937 270835296 13000052 26302670 626365100 11672759032 2408204936 0 47115668 2422531628
======================
   8      32 sdc 1831061 12937 270835296 13000052 26302670 626365100 11672759032 2408204936 0 47115668 2422531628
======================
   8      32 sdc 1831061 12937 270835296 13000052 26302674 626365100 11672759032 2408204936 1 47115732 2422531692
======================
   8      32 sdc 1831073 12937 270835386 13000092 26302685 626365100 11672759088 2408205816 153 47116716 2422557988
======================
   8      32 sdc 1831272 12937 270836978 13035928 26302685 626365100 11672759088 2408205816 24 47117716 2422591016
started
======================
   8      32 sdc 1831302 12937 270837218 13063904 26302687 626365100 11672759096 2408205816 0 47118192 2422596360
======================
   8      32 sdc 1831307 12937 270837258 13063904 26302687 626365100 11672759096 2408205816 0 47118192 2422596360
======================
   8      32 sdc 1831307 12937 270837258 13063904 26302687 626365100 11672759096 2408205816 0 47118192 2422596360
======================
   8      32 sdc 1831307 12937 270837258 13063904 26302687 626365100 11672759096 2408205816 0 47118192 2422596360
======================
   8      32 sdc 1831307 12937 270837258 13063904 26302687 626365100 11672759096 2408205816 0 47118192 2422596360
======================
   8      32 sdc 1831307 12937 270837258 13063904 26302687 626365100 11672759096 2408205816 0 47118192 2422596360
======================
   8      32 sdc 1831307 12937 270837258 13063904 26302690 626365102 11672759136 2408205816 0 47118192 2422596360
======================
   8      32 sdc 1831307 12937 270837258 13063904 26303987 626365102 11673422696 2408211192 0 47118288 2422601732
======================
   8      32 sdc 1831307 12937 270837258 13063904 26305441 626365102 11674167144 2408237016 134 47118820 2422654996
======================
   8      32 sdc 1831307 12937 270837258 13063904 26305768 626365102 11674334568 2408376460 159 47119824 2422797716
======================
   8      32 sdc 1831307 12937 270837258 13063904 26306129 626365102 11674519400 2408520088 150 47120824 2422939772
======================
   8      32 sdc 1831307 12937 270837258 13063904 26306519 626365103 11674719080 2408666904 145 47121828 2423084184
======================
   8      32 sdc 1831307 12937 270837258 13063904 26306873 626365103 11674899328 2408808984 144 47122828 2423226300
======================
   8      32 sdc 1831307 12937 270837258 13063904 26307240 626365103 11675087744 2408950552 129 47123832 2423369512
======================
   8      32 sdc 1831307 12937 270837258 13063904 26307599 626365103 11675271040 2409093400 154 47124836 2423512964
======================
   8      32 sdc 1831307 12937 270837258 13063904 26307965 626365103 11675458432 2409238708 140 47125836 2423656232
======================
   8      32 sdc 1831307 12937 270837258 13063904 26308343 626365104 11675650968 2409386320 129 47126840 2423803504
======================
   8      32 sdc 1831307 12937 270837258 13063904 26308703 626365104 11675835288 2409530432 153 47127840 2423946772
======================
   8      32 sdc 1831307 12937 270837258 13063904 26309075 626365104 11676025752 2409671232 133 47128844 2424090780
======================
   8      32 sdc 1831307 12937 270837258 13063904 26309449 626365104 11676217240 2409816232 143 47129852 2424234828
======================
   8      32 sdc 1831307 12937 270837258 13063904 26309816 626365104 11676405144 2409959100 128 47130852 2424377724
======================
   8      32 sdc 1831307 12937 270837258 13063904 26310120 626365105 11676560792 2410086208 145 47131856 2424520648
======================
   8      32 sdc 1831307 12937 270837258 13063904 26310538 626365105 11676773808 2410250468 144 47132860 2424664820
======================
   8      32 sdc 1831307 12937 270837258 13063904 26310922 626365105 11676970416 2410388420 144 47133864 2424808612
======================
   8      32 sdc 1831307 12937 270837258 13063904 26311278 626365105 11677152688 2410533852 140 47134868 2424952336
======================
   8      32 sdc 1831307 12937 270837258 13063904 26311681 626365105 11677359024 2410680568 153 47135872 2425095680
======================
   8      32 sdc 1831307 12937 270837258 13063904 26312087 626365106 11677565896 2410830636 133 47136872 2425240764
======================
   8      32 sdc 1831307 12937 270837258 13063904 26312491 626365106 11677772744 2410967404 145 47137876 2425384096
======================
   8      32 sdc 1831307 12937 270837258 13063904 26312874 626365106 11677968840 2411111028 146 47138876 2425526104
======================
   8      32 sdc 1831307 12937 270837258 13063904 26313237 626365106 11678154696 2411252764 135 47139884 2425670392
======================
   8      32 sdc 1831307 12937 270837258 13063904 26313643 626365106 11678362568 2411397732 145 47140884 2425813888
======================
   8      32 sdc 1831307 12937 270837258 13063904 26314045 626365107 11678567392 2411540044 129 47141888 2425956932
======================
   8      32 sdc 1831307 12937 270837258 13063904 26314421 626365107 11678759904 2411683740 137 47142896 2426101584
======================
   8      32 sdc 1831307 12937 270837258 13063904 26314797 626365107 11678952416 2411831012 145 47143900 2426246720
======================
   8      32 sdc 1831307 12937 270837258 13063904 26315166 626365107 11679141344 2411974164 128 47144904 2426390520
======================
   8      32 sdc 1831307 12937 270837258 13063904 26315527 626365107 11679326176 2412103460 151 47146028 2426553920
======================
   8      32 sdc 1831307 12937 270837258 13063904 26315918 626365108 11679525368 2412281032 146 47147036 2426697652
======================
   8      32 sdc 1831307 12937 270837258 13063904 26316310 626365108 11679726072 2412422240 138 47148040 2426841208
======================
   8      32 sdc 1831307 12937 270837258 13063904 26316720 626365108 11679935992 2412567512 144 47149044 2426984864
======================
   8      32 sdc 1831307 12937 270837258 13063904 26317121 626365108 11680141304 2412710880 154 47150048 2427126468
======================
   8      32 sdc 1831307 12937 270837258 13063904 26317507 626365108 11680338936 2412850880 157 47151048 2427269356
======================
   8      32 sdc 1831307 12937 270837258 13063904 26317913 626365109 11680545808 2412998360 137 47152052 2427414148
======================
   8      32 sdc 1831307 12937 270837258 13063904 26318297 626365109 11680742416 2413140588 137 47153056 2427557536
======================
   8      32 sdc 1831307 12937 270837258 13063904 26318700 626365109 11680948752 2413285724 150 47154056 2427700340
======================
   8      32 sdc 1831307 12937 270837258 13063904 26319078 626365109 11681142288 2413433924 156 47155060 2427843524
======================
   8      32 sdc 1831307 12937 270837258 13063904 26319461 626365109 11681338384 2413567272 157 47156064 2427986456
======================
   8      32 sdc 1831307 12937 270837258 13063904 26319822 626365110 11681522216 2413714540 150 47157068 2428129720
======================
   8      32 sdc 1831307 12937 270837258 13063904 26320222 626365110 11681727016 2413854452 134 47158072 2428273196
======================
   8      32 sdc 1831307 12937 270837258 13063904 26320632 626365110 11681936936 2414000484 140 47159076 2428417116
======================
   8      32 sdc 1831307 12937 270837258 13063904 26320999 626365110 11682124840 2414140988 157 47160080 2428559284
======================
   8      32 sdc 1831307 12937 270837258 13063904 26321293 626365110 11682275368 2414287992 151 47161080 2428704076
======================
   8      32 sdc 1831307 12937 270837258 13063904 26321655 626365111 11682459712 2414428120 143 47162084 2428846824
======================
   8      32 sdc 1831307 12937 270837258 13063904 26322033 626365111 11682653248 2414571588 149 47163084 2428989524
======================
   8      32 sdc 1831307 12937 270837258 13063904 26322435 626365111 11682859072 2414717600 131 47164096 2429134956
======================
   8      32 sdc 1831307 12937 270837258 13063904 26322838 626365111 11683065408 2414863404 144 47165100 2429278304
======================
   8      32 sdc 1831307 12937 270837258 13063904 26323206 626365111 11683253824 2414997280 128 47166104 2429420144
======================
   8      32 sdc 1831307 12937 270837258 13063904 26323582 626365112 11683445336 2415149764 138 47167108 2429563296
======================
   8      32 sdc 1831307 12937 270837258 13063904 26323981 626365112 11683649624 2415289492 155 47168112 2429707676
======================
   8      32 sdc 1831307 12937 270837258 13063904 26324379 626365112 11683853400 2415435188 141 47169112 2429852072
======================
   8      32 sdc 1831307 12937 270837258 13063904 26324771 626365112 11684054104 2415576556 133 47170116 2429994504
======================
   8      32 sdc 1831307 12937 270837258 13063904 26325142 626365112 11684244056 2415719056 146 47171120 2430139696
======================
   8      32 sdc 1831307 12937 270837258 13063904 26325545 626365113 11684449392 2415865716 129 47172120 2430281996
======================
   8      32 sdc 1831307 12937 270837258 13063904 26325934 626365113 11684648560 2416008404 156 47173124 2430425512
