======================
   8      16 sdb 31065984 514760 2673783058 63078260 58242638 381729250 15273446104 2189512108 0 19463356 2252651872
======================
   8      16 sdb 31065984 514760 2673783058 63078260 58242638 381729250 15273446104 2189512108 0 19463356 2252651872
======================
   8      16 sdb 31065986 514760 2673783074 63078264 58242638 381729250 15273446104 2189512108 0 19463360 2252651876
======================
   8      16 sdb 31065987 514760 2673783082 63078268 58243677 381730726 15273950064 2189519068 0 19463448 2252658836
======================
   8      16 sdb 31065993 514760 2673783130 63078308 58246206 381730726 15275244912 2189548572 96 19463780 2252692800
======================
   8      16 sdb 31065998 514760 2673783170 63078624 58248137 381730726 15276233584 2189663744 147 19464784 2252809304
======================
   8      16 sdb 31066001 514760 2673783194 63078836 58249563 381730726 15276963696 2189755088 148 19465784 2252933004
======================
   8      16 sdb 31066004 514760 2673783218 63079004 58251258 381730726 15277831536 2189874416 149 19466784 2253057660
======================
   8      16 sdb 31066008 514760 2673783250 63079264 58253226 381730765 15278838336 2190029592 137 19467784 2253174632
======================
   8      16 sdb 31066011 514760 2673783274 63079648 58254853 381730765 15279668960 2190152696 143 19468788 2253298288
======================
   8      16 sdb 31066018 514760 2673783330 63079696 58257714 381730765 15281133792 2190305052 146 19469872 2253451000
======================
   8      16 sdb 31066022 514760 2673783362 63079720 58259737 381730765 15282169568 2190449472 139 19470892 2253596064
======================
   8      16 sdb 31066024 514760 2673783378 63079752 58260929 381730787 15282779544 2190589832 140 19471908 2253735900
======================
   8      16 sdb 31066029 514760 2673783418 63079848 58262675 381730787 15283673496 2190728272 159 19472924 2253874128
======================
   8      16 sdb 31066034 514760 2673783458 63079956 58265344 381730787 15285040024 2190863200 155 19473924 2254009404
======================
   8      16 sdb 31066038 514760 2673783490 63080060 58267528 381730787 15286158232 2191001032 136 19474928 2254148116
======================
   8      16 sdb 31066042 514760 2673783522 63080204 58269448 381730787 15287141272 2191136804 136 19475928 2254283964
======================
   8      16 sdb 31066047 514760 2673783562 63080400 58271370 381730811 15288124520 2191264460 142 19476932 2254409872
======================
   8      16 sdb 31066050 514760 2673783586 63080540 58273292 381730827 15289107704 2191396560 132 19477936 2254544296
======================
   8      16 sdb 31066054 514760 2673783618 63080732 58275219 381730827 15290094328 2191527648 136 19478940 2254675676
======================
   8      16 sdb 31066058 514760 2673783650 63080952 58277144 381730827 15291080440 2191655784 137 19479944 2254803576
======================
   8      16 sdb 31066062 514760 2673783682 63081180 58279047 381730827 15292053760 2191778796 36 19480948 2254924156
======================
   8      16 sdb 31066066 514760 2673783714 63081460 58280962 381730868 15293032552 2191897532 152 19481956 2255041700
======================
   8      16 sdb 31066070 514760 2673783746 63081740 58282892 381730868 15294020712 2192012884 136 19482964 2255161720
======================
   8      16 sdb 31066074 514760 2673783778 63082036 58284814 381730868 15295004272 2192132612 148 19483968 2255281168
======================
   8      16 sdb 31066078 514760 2673783810 63082276 58286742 381730884 15295990024 2192251728 29 19484968 2255397580
======================
   8      16 sdb 31066082 514760 2673783842 63082584 58288586 381730884 15296934152 2192360016 140 19485968 2255515528
======================
   8      16 sdb 31066086 514760 2673783874 63082876 58290572 381730907 15297950664 2192479236 153 19486972 2255626976
======================
   8      16 sdb 31066090 514760 2673783906 63083164 58292509 381730924 15298941544 2192596716 144 19487980 2255746136
======================
   8      16 sdb 31066094 514760 2673783938 63083412 58294362 381730924 15299889768 2192714612 93 19488984 2255867284
======================
   8      16 sdb 31066098 514760 2673783970 63083704 58296341 381730924 15300903016 2192835344 140 19489984 2255986248
======================
   8      16 sdb 31066102 514760 2673784002 63084000 58298268 381730924 15301889640 2192954664 133 19490984 2256105936
======================
   8      16 sdb 31066106 514760 2673784034 63084304 58300194 381730947 15302875432 2193070504 128 19491980 2256220080
======================
   8      16 sdb 31066110 514760 2673784066 63084560 58302127 381730964 15303863752 2193186696 12 19492992 2256334508
======================
   8      16 sdb 31066114 514760 2673784098 63084852 58304046 381730964 15304846280 2193302676 141 19493996 2256455420
======================
   8      16 sdb 31066118 514760 2673784130 63085140 58305956 381730964 15305824200 2193419628 150 19494996 2256572016
======================
   8      16 sdb 31066122 514760 2673784162 63085452 58307862 381730964 15306800072 2193540104 143 19496004 2256692412
======================
   8      16 sdb 31066126 514760 2673784194 63085696 58309784 381730987 15307784136 2193658392 3 19497004 2256806632
======================
   8      16 sdb 31066130 514760 2673784226 63085952 58311714 381731002 15308769576 2193769660 132 19498004 2256922904
======================
   8      16 sdb 31066134 514760 2673784258 63086232 58313638 381731002 15309754664 2193888352 139 19499004 2257042184
======================
   8      16 sdb 31066138 514760 2673784290 63086516 58315558 381731002 15310737704 2194007464 142 19500004 2257160776
======================
   8      16 sdb 31066142 514760 2673784322 63086756 58317483 381731002 15311723304 2194126840 22 19501008 2257277488
======================
   8      16 sdb 31066146 514760 2673784354 63087068 58319410 381731025 15312709608 2194241404 127 19502012 2257391248
======================
   8      16 sdb 31066150 514760 2673784386 63087356 58321315 381731042 15313683592 2194354868 147 19503016 2257509908
======================
   8      16 sdb 31066154 514760 2673784418 63087652 58323236 381731042 15314667144 2194474028 146 19504020 2257628392
======================
   8      16 sdb 31066158 514760 2673784450 63087852 58325156 381731042 15315650184 2194593576 33 19505020 2257745844
======================
   8      16 sdb 31066162 514760 2673784482 63088152 58327078 381731042 15316634248 2194710428 151 19506020 2257866120
======================
   8      16 sdb 31066166 514760 2673784514 63088440 58328950 381731065 15317592712 2194825148 15 19507020 2257977168
======================
   8      16 sdb 31066170 514760 2673784546 63088448 58330924 381731065 15318603080 2194953900 131 19508024 2258109564
======================
   8      16 sdb 31066175 514760 2673784586 63088512 58332840 381731065 15319584072 2195096808 136 19509036 2258252508
======================
   8      16 sdb 31066178 514760 2673784610 63088548 58334688 381731065 15320530248 2195236624 141 19510040 2258394720
======================
   8      16 sdb 31066182 514760 2673784642 63088616 58336671 381731065 15321545544 2195378852 144 19511044 2258534972
======================
   8      16 sdb 31066186 514760 2673784674 63088708 58338596 381731065 15322531144 2195518480 147 19512048 2258674868
======================
   8      16 sdb 31066191 514760 2673784714 63088872 58340518 381731065 15323515208 2195652096 153 19513048 2258806900
======================
   8      16 sdb 31066194 514760 2673784738 63088968 58342436 381731065 15324497736 2195788612 153 19514052 2258945148
======================
   8      16 sdb 31066198 514760 2673784770 63089124 58344363 381731065 15325483848 2195922448 134 19515056 2259079100
======================
   8      16 sdb 31066202 514760 2673784802 63089304 58346264 381731065 15326457160 2196055220 146 19516056 2259211496
======================
   8      16 sdb 31066206 514760 2673784834 63089496 58348184 381731106 15327439520 2196183900 48 19517060 2259338580
======================
   8      16 sdb 31066210 514760 2673784866 63089716 58350085 381731123 15328411960 2196307756 154 19518064 2259465188
======================
   8      16 sdb 31066214 514760 2673784898 63089956 58352008 381731123 15329397048 2196430580 145 19519068 2259588188
======================
   8      16 sdb 31066218 514760 2673784930 63090216 58353938 381731123 15330384696 2196554236 152 19520072 2259710460
======================
   8      16 sdb 31066222 514760 2673784962 63090476 58355860 381731123 15331368256 2196674112 55 19521076 2259830192
======================
   8      16 sdb 31066226 514760 2673784994 63090772 58357788 381731178 15332352808 2196789496 130 19522072 2259947488
======================
   8      16 sdb 31066230 514760 2673785026 63091072 58359715 381731195 15333338560 2196907608 128 19523076 2260066076
======================
   8      16 sdb 31066234 514760 2673785058 63091360 58361638 381731195 15334323136 2197026556 133 19524080 2260183724
======================
   8      16 sdb 31066238 514760 2673785090 63091596 58363534 381731195 15335293888 2197144972 69 19525080 2260302416
======================
   8      16 sdb 31066242 514760 2673785122 63091916 58365450 381731195 15336274880 2197260336 152 19526088 2260420556
======================
   8      16 sdb 31066246 514760 2673785154 63092236 58367402 381731217 15337273472 2197375148 148 19527096 2260534616
======================
   8      16 sdb 31066250 514760 2673785186 63092540 58369330 381731233 15338259728 2197491116 149 19528104 2260650036
======================
   8      16 sdb 31066254 514760 2673785218 63092784 58371262 381731233 15339248912 2197609744 25 19529104 2260766276
======================
   8      16 sdb 31066258 514760 2673785250 63093092 58373116 381731233 15340198160 2197720916 139 19530112 2260886440
======================
   8      16 sdb 31066262 514760 2673785282 63093368 58375082 381731233 15341204752 2197842896 140 19531116 2261004020
======================
   8      16 sdb 31066266 514760 2673785314 63093660 58376983 381731257 15342177760 2197957260 150 19532120 2261116728
======================
   8      16 sdb 31066270 514760 2673785346 63093896 58378888 381731274 15343151232 2198073836 84 19533120 2261234672
======================
   8      16 sdb 31066274 514760 2673785378 63094196 58380807 381731274 15344133760 2198190216 135 19534120 2261352388
======================
   8      16 sdb 31066278 514760 2673785410 63094500 58382733 381731274 15345119872 2198306280 146 19535120 2261468800
======================
   8      16 sdb 31066282 514760 2673785442 63094816 58384614 381731274 15346082944 2198425964 61 19536120 2261583532
======================
   8      16 sdb 31066286 514760 2673785474 63095052 58386582 381731297 15347089736 2198541660 72 19537124 2261703392
======================
   8      16 sdb 31066290 514760 2673785506 63095364 58388506 381731314 15348073952 2198659652 150 19538128 2261823100
======================
   8      16 sdb 31066294 514760 2673785538 63095668 58390408 381731314 15349047776 2198776024 149 19539128 2261939264
======================
   8      16 sdb 31066298 514760 2673785570 63095936 58392307 381731314 15350020064 2198899340 20 19540136 2262057952
======================
   8      16 sdb 31066302 514760 2673785602 63096176 58394154 381731314 15350965728 2199005300 146 19541140 2262173900
======================
   8      16 sdb 31066306 514760 2673785634 63096396 58396112 381731336 15351967392 2199120976 131 19542136 2262287756
======================
   8      16 sdb 31066310 514760 2673785666 63096544 58398047 381731352 15352957232 2199237488 129 19543140 2262401132
======================
   8      16 sdb 31066314 514760 2673785698 63096828 58399974 381731352 15353943856 2199360212 15 19544144 2262519680
======================
   8      16 sdb 31066318 514760 2673785730 63097068 58401893 381731352 15354926384 2199473384 127 19545148 2262638272
======================
   8      16 sdb 31066322 514760 2673785762 63097304 58403800 381731352 15355902768 2199591568 147 19546152 2262756964
======================
   8      16 sdb 31066326 514760 2673785794 63097596 58405700 381731376 15356875264 2199702276 137 19547152 2262866704
======================
   8      16 sdb 31066329 514760 2673785818 63097816 58407634 381731393 15357863584 2199825340 23 19548160 2262987252
======================
   8      16 sdb 31066334 514760 2673785858 63098136 58409572 381731393 15358855840 2199938044 130 19549164 2263103720
======================
   8      16 sdb 31066338 514760 2673785890 63098436 58411493 381731393 15359839392 2200052300 133 19550164 2263218600
======================
   8      16 sdb 31066342 514760 2673785922 63098736 58413423 381731393 15360828064 2200170636 140 19551172 2263337128
======================
   8      16 sdb 31066346 514760 2673785954 63099016 58415359 381731416 15361817960 2200292008 107 19552180 2263454172
======================
   8      16 sdb 31066350 514760 2673785986 63099248 58417264 381731433 15362792448 2200404632 93 19553184 2263570924
======================
   8      16 sdb 31066354 514760 2673786018 63099556 58419106 381731433 15363735552 2200516384 128 19554188 2263685536
======================
   8      16 sdb 31066358 514760 2673786050 63099840 58421087 381731433 15364749824 2200636368 140 19555192 2263803896
======================
   8      16 sdb 31066362 514760 2673786082 63100112 58423003 381731433 15365731328 2200760744 49 19556200 2263924280
======================
   8      16 sdb 31066366 514760 2673786114 63100352 58424944 381731456 15366723784 2200874184 95 19557204 2264042400
======================
   8      16 sdb 31066370 514760 2673786146 63100664 58426864 381731473 15367705448 2200988552 147 19558204 2264157704
======================
   8      16 sdb 31066374 514760 2673786178 63100956 58428784 381731473 15368689000 2201103848 137 19559200 2264272916
======================
   8      16 sdb 31066378 514760 2673786210 63101240 58430685 381731473 15369661800 2201226644 84 19560200 2264391244
======================
   8      16 sdb 31066382 514760 2673786242 63101476 58432511 381731473 15370596712 2201333940 149 19561200 2264510176
======================
   8      16 sdb 31066386 514760 2673786274 63101764 58434509 381731496 15371618864 2201449740 129 19562200 2264619572
======================
   8      16 sdb 31066390 514760 2673786306 63102056 58436435 381731512 15372603592 2201568060 150 19563204 2264738144
======================
   8      16 sdb 31066394 514760 2673786338 63102324 58438359 381731512 15373588680 2201692272 7 19564204 2264857728
======================
   8      16 sdb 31066398 514760 2673786370 63102564 58440279 381731512 15374571720 2201805520 128 19565204 2264976244
======================
   8      16 sdb 31066402 514760 2673786402 63102876 58442201 381731512 15375555784 2201922388 142 19566204 2265093692
======================
   8      16 sdb 31066406 514760 2673786434 63103168 58444117 381731535 15376535952 2202033476 147 19567208 2265205356
======================
   8      16 sdb 31066410 514760 2673786466 63103468 58446049 381731552 15377524264 2202154788 49 19568204 2265321352
======================
   8      16 sdb 31066414 514760 2673786498 63103704 58447950 381731552 15378497576 2202272484 132 19569208 2265444424
======================
   8      16 sdb 31066418 514760 2673786530 63104008 58449819 381731552 15379454504 2202389400 128 19570212 2265561252
======================
   8      16 sdb 31066422 514760 2673786562 63104324 58451766 381731552 15380451368 2202508160 151 19571212 2265679508
======================
   8      16 sdb 31066425 514760 2673786586 63104504 58453720 381731575 15381450992 2202632208 5 19572212 2265800132
======================
   8      16 sdb 31066430 514760 2673786626 63104824 58455647 381731592 15382436744 2202745772 128 19573216 2265918652
======================
   8      16 sdb 31066434 514760 2673786658 63105120 58457571 381731592 15383421832 2202861816 140 19574220 2266035196
======================
   8      16 sdb 31066438 514760 2673786690 63105424 58459470 381731592 15384394120 2202978952 156 19575224 2266152412
======================
   8      16 sdb 31066441 514760 2673786714 63105660 58461372 381731592 15385367944 2203100684 35 19576220 2266271540
======================
   8      16 sdb 31066446 514760 2673786754 63105956 58463297 381731614 15386352712 2203208416 152 19577224 2266382436
======================
   8      16 sdb 31066450 514760 2673786786 63106272 58465221 381731630 15387336920 2203324892 146 19578228 2266499500
======================
   8      16 sdb 31066456 514760 2673786834 63106604 58467142 381731630 15388320472 2203443088 148 19579228 2266616708
======================
   8      16 sdb 31066459 514760 2673786858 63106844 58469062 381731630 15389303512 2203565408 30 19580228 2266737228
======================
   8      16 sdb 31066464 514760 2673786898 63107160 58470987 381731630 15390289112 2203681684 142 19581232 2266857164
======================
   8      16 sdb 31066468 514760 2673786930 63107460 58472904 381731654 15391269800 2203793616 133 19582232 2266969024
======================
   8      16 sdb 31066472 514760 2673786962 63107760 58474812 381731654 15392246696 2203914016 141 19583232 2267088648
======================
   8      16 sdb 31066475 514760 2673786986 63107984 58476737 381731654 15393232296 2204037160 36 19584232 2267210340
======================
   8      16 sdb 31066480 514760 2673787026 63108280 58478659 381731654 15394216360 2204152460 133 19585236 2267329008
======================
   8      16 sdb 31066484 514760 2673787058 63108584 58480584 381731654 15395201960 2204269760 143 19586236 2267446664
======================
   8      16 sdb 31066488 514760 2673787090 63108876 58482509 381731677 15396186736 2204384448 135 19587236 2267560952
======================
   8      16 sdb 31066491 514760 2673787114 63109104 58484435 381731677 15397172848 2204508224 20 19588240 2267681600
======================
   8      16 sdb 31066496 514760 2673787154 63109428 58486333 381731677 15398144624 2204624940 128 19589240 2267802256
======================
   8      16 sdb 31066500 514760 2673787186 63109724 58488234 381731677 15399117936 2204742156 142 19590244 2267919920
======================
   8      16 sdb 31066501 514760 2673787194 63109732 58488596 381731742 15399296728 2204774228 0 19590476 2267946836
======================
   8      16 sdb 31066501 514760 2673787194 63109732 58488596 381731742 15399296728 2204774228 0 19590476 2267946836
======================
   8      16 sdb 31066501 514760 2673787194 63109732 58488596 381731742 15399296728 2204774228 0 19590476 2267946836
======================
   8      16 sdb 31066501 514760 2673787194 63109732 58488596 381731742 15399296728 2204774228 0 19590476 2267946836
======================
   8      16 sdb 31066501 514760 2673787194 63109732 58488596 381731742 15399296728 2204774228 0 19590476 2267946836
started
======================
   8      16 sdb 31066501 514760 2673787194 63109732 58488596 381731742 15399296728 2204774228 0 19590476 2267946836
======================
   8      16 sdb 31068348 514760 2674258658 63110480 58488596 381731742 15399296728 2204774228 1 19590928 2267947580
======================
   8      16 sdb 31072463 514760 2675312098 63112176 58488596 381731742 15399296728 2204774228 1 19591936 2267949268
======================
   8      16 sdb 31076528 514760 2676352482 63113760 58488596 381731742 15399296728 2204774228 2 19592932 2267950856
======================
   8      16 sdb 31080634 514760 2677403618 63115392 58488596 381731742 15399296728 2204774228 1 19593944 2267952488
======================
   8      16 sdb 31084684 514760 2678440418 63116988 58488596 381731742 15399296728 2204774228 2 19594940 2267954080
======================
   8      16 sdb 31088768 514760 2679485922 63118572 58488596 381731742 15399296728 2204774228 2 19595940 2267955664
======================
   8      16 sdb 31092754 514761 2680506090 63120168 58488598 381731743 15399296752 2204774228 2 19596944 2267957260
======================
   8      16 sdb 31096769 514761 2681533930 63121784 58488598 381731743 15399296752 2204774228 2 19597948 2267958876
======================
   8      16 sdb 31100833 514761 2682574314 63123392 58488598 381731743 15399296752 2204774228 2 19598952 2267960484
======================
   8      16 sdb 31105086 514761 2683663082 63125096 58488598 381731743 15399296752 2204774228 1 19599996 2267962188
======================
   8      16 sdb 31109205 514761 2684717290 63126720 58488598 381731743 15399296752 2204774228 2 19601008 2267963804
======================
   8      16 sdb 31113304 514761 2685766634 63128384 58488598 381731743 15399296752 2204774228 1 19602016 2267965468
======================
   8      16 sdb 31117381 514761 2686810346 63129988 58488598 381731743 15399296752 2204774228 2 19603008 2267967072
======================
   8      16 sdb 31121390 514761 2687836650 63131620 58488598 381731743 15399296752 2204774228 2 19604008 2267968704
======================
   8      16 sdb 31125394 514761 2688861418 63133248 58488598 381731743 15399296752 2204774228 2 19605000 2267970328
======================
   8      16 sdb 31129437 514761 2689896426 63134892 58488598 381731743 15399296752 2204774228 2 19605996 2267971968
======================
   8      16 sdb 31133521 514761 2690941930 63136548 58488598 381731743 15399296752 2204774228 2 19607000 2267973624
======================
   8      16 sdb 31137603 514761 2691986666 63138192 58488598 381731743 15399296752 2204774228 2 19608000 2267975268
======================
   8      16 sdb 31141683 514761 2693031146 63139736 58488598 381731743 15399296752 2204774228 2 19609000 2267976812
======================
   8      16 sdb 31145760 514761 2694074858 63141380 58488598 381731743 15399296752 2204774228 2 19609996 2267978456
======================
   8      16 sdb 31149767 514761 2695100650 63142976 58488598 381731743 15399296752 2204774228 2 19610992 2267980048
======================
   8      16 sdb 31153780 514761 2696127722 63144592 58488598 381731743 15399296752 2204774228 1 19611996 2267981660
======================
   8      16 sdb 31157820 514761 2697161962 63146272 58488598 381731743 15399296752 2204774228 2 19613000 2267983340
======================
   8      16 sdb 31161891 514761 2698204138 63147916 58488598 381731743 15399296752 2204774228 2 19614000 2267984972
======================
   8      16 sdb 31165980 514761 2699250922 63149560 58488598 381731743 15399296752 2204774228 1 19615004 2267986612
======================
   8      16 sdb 31170065 514761 2700296426 63151208 58488598 381731743 15399296752 2204774228 1 19616008 2267988260
======================
   8      16 sdb 31174147 514761 2701341418 63152868 58488598 381731743 15399296752 2204774228 2 19617008 2267989920
======================
   8      16 sdb 31178236 514761 2702388202 63154516 58488598 381731743 15399296752 2204774228 2 19618012 2267991568
======================
   8      16 sdb 31182249 514761 2703415530 63156180 58488598 381731743 15399296752 2204774228 2 19619008 2267993232
======================
   8      16 sdb 31186266 514761 2704443626 63157836 58488598 381731743 15399296752 2204774228 2 19620012 2267994888
======================
   8      16 sdb 31190356 514761 2705490666 63159468 58488598 381731743 15399296752 2204774228 1 19621012 2267996520
======================
   8      16 sdb 31194436 514761 2706535146 63161136 58488598 381731743 15399296752 2204774228 2 19622012 2267998184
======================
   8      16 sdb 31198526 514761 2707582186 63162780 58488598 381731743 15399296752 2204774228 2 19623016 2267999824
======================
   8      16 sdb 31202592 514761 2708622826 63164424 58488598 381731743 15399296752 2204774228 2 19624016 2268001464
======================
   8      16 sdb 31206671 514761 2709667050 63166028 58488598 381731743 15399296752 2204774228 2 19625020 2268003068
======================
   8      16 sdb 31210721 514761 2710703850 63167640 58488598 381731743 15399296752 2204774228 2 19626024 2268004704
======================
   8      16 sdb 31214782 514761 2711743210 63169288 58488599 381731743 15399296760 2204774228 2 19627024 2268006328
======================
   8      16 sdb 31218792 514761 2712769770 63170932 58488599 381731743 15399296760 2204774228 2 19628028 2268007972
======================
   8      16 sdb 31222874 514761 2713814762 63172580 58488599 381731743 15399296760 2204774228 2 19629028 2268009620
======================
   8      16 sdb 31226953 514761 2714858986 63174236 58488599 381731743 15399296760 2204774228 2 19630032 2268011272
======================
   8      16 sdb 31231035 514761 2715903722 63175872 58488599 381731743 15399296760 2204774228 2 19631036 2268012908
======================
   8      16 sdb 31235127 514761 2716951274 63177532 58488599 381731743 15399296760 2204774228 1 19632036 2268014572
======================
   8      16 sdb 31239216 514761 2717998058 63179120 58488599 381731743 15399296760 2204774228 2 19633040 2268016160
======================
   8      16 sdb 31243229 514761 2719025386 63180708 58488599 381731743 15399296760 2204774228 2 19634036 2268017748
======================
   8      16 sdb 31247246 514761 2720053482 63182372 58488599 381731743 15399296760 2204774228 2 19635040 2268019408
======================
   8      16 sdb 31251336 514761 2721100522 63183976 58488599 381731743 15399296760 2204774228 2 19636044 2268021008
======================
   8      16 sdb 31255423 514761 2722146794 63185588 58488599 381731743 15399296760 2204774228 2 19637044 2268022620
======================
   8      16 sdb 31259508 514761 2723192554 63187220 58488599 381731743 15399296760 2204774228 2 19638044 2268024240
======================
   8      16 sdb 31263589 514761 2724237034 63188832 58488599 381731743 15399296760 2204774228 2 19639044 2268025852
======================
   8      16 sdb 31267681 514761 2725284586 63190460 58488599 381731743 15399296760 2204774228 2 19640048 2268027472
======================
   8      16 sdb 31271717 514761 2726317802 63192068 58488599 381731743 15399296760 2204774228 2 19641052 2268029076
======================
   8      16 sdb 31275754 514761 2727351274 63193708 58488599 381731743 15399296760 2204774228 2 19642056 2268030712
======================
   8      16 sdb 31279842 514761 2728397546 63195292 58488599 381731743 15399296760 2204774228 2 19643060 2268032288
======================
   8      16 sdb 31283914 514761 2729439978 63196900 58488599 381731743 15399296760 2204774228 1 19644060 2268033892
======================
   8      16 sdb 31287992 514761 2730483946 63198528 58488599 381731743 15399296760 2204774228 2 19645060 2268035512
======================
   8      16 sdb 31292093 514761 2731533546 63200208 58488599 381731743 15399296760 2204774228 1 19646068 2268037188
======================
   8      16 sdb 31296197 514761 2732584170 63201844 58488599 381731743 15399296760 2204774228 2 19647072 2268038824
======================
   8      16 sdb 31300223 514761 2733614826 63203500 58488599 381731743 15399296760 2204774228 2 19648076 2268040480
======================
   8      16 sdb 31304242 514761 2734643690 63205116 58488599 381731743 15399296760 2204774228 2 19649080 2268042096
======================
   8      16 sdb 31308327 514761 2735689194 63206752 58488599 381731743 15399296760 2204774228 2 19650080 2268043732
======================
   8      16 sdb 31312425 514761 2736738282 63208372 58488599 381731743 15399296760 2204774228 1 19651084 2268045352
